pose_0_x,pose_0_y,pose_1_x,pose_1_y,pose_2_x,pose_2_y,pose_3_x,pose_3_y,pose_4_x,pose_4_y,pose_5_x,pose_5_y,pose_6_x,pose_6_y,pose_7_x,pose_7_y,pose_8_x,pose_8_y,pose_9_x,pose_9_y,pose_10_x,pose_10_y,pose_11_x,pose_11_y,pose_12_x,pose_12_y,pose_13_x,pose_13_y,pose_15_x,pose_15_y,pose_17_x,pose_17_y,pose_19_x,pose_19_y,pose_21_x,pose_21_y,pose_14_x,pose_14_y,pose_16_x,pose_16_y,pose_18_x,pose_18_y,pose_20_x,pose_20_y,pose_22_x,pose_22_y,right_hand_0_x,right_hand_0_y,right_hand_1_x,right_hand_1_y,right_hand_2_x,right_hand_2_y,right_hand_3_x,right_hand_3_y,right_hand_4_x,right_hand_4_y,right_hand_5_x,right_hand_5_y,right_hand_6_x,right_hand_6_y,right_hand_7_x,right_hand_7_y,right_hand_8_x,right_hand_8_y,right_hand_9_x,right_hand_9_y,right_hand_10_x,right_hand_10_y,right_hand_11_x,right_hand_11_y,right_hand_12_x,right_hand_12_y,right_hand_13_x,right_hand_13_y,right_hand_14_x,right_hand_14_y,right_hand_15_x,right_hand_15_y,right_hand_16_x,right_hand_16_y,right_hand_17_x,right_hand_17_y,right_hand_18_x,right_hand_18_y,right_hand_19_x,right_hand_19_y,right_hand_20_x,right_hand_20_y,left_hand_0_x,left_hand_0_y,left_hand_1_x,left_hand_1_y,left_hand_2_x,left_hand_2_y,left_hand_3_x,left_hand_3_y,left_hand_4_x,left_hand_4_y,left_hand_5_x,left_hand_5_y,left_hand_6_x,left_hand_6_y,left_hand_7_x,left_hand_7_y,left_hand_8_x,left_hand_8_y,left_hand_9_x,left_hand_9_y,left_hand_10_x,left_hand_10_y,left_hand_11_x,left_hand_11_y,left_hand_12_x,left_hand_12_y,left_hand_13_x,left_hand_13_y,left_hand_14_x,left_hand_14_y,left_hand_15_x,left_hand_15_y,left_hand_16_x,left_hand_16_y,left_hand_17_x,left_hand_17_y,left_hand_18_x,left_hand_18_y,left_hand_19_x,left_hand_19_y,left_hand_20_x,left_hand_20_y
0.05477450101814176,-0.4413617458446463,0.11709230592903228,-0.5129359324253592,0.14916311973129381,-0.506729483711794,0.1807113024019094,-0.5001404468119146,0.012083763861557595,-0.5272412050368439,-0.028530240876695298,-0.5299447846947398,-0.06661865760260498,-0.5319809568893941,0.2150903764989044,-0.4558179971559351,-0.1432982909298257,-0.498349757822131,0.10525867704850134,-0.33851342333598916,-0.029760921305368053,-0.3446482183747284,0.49996433219884595,0.005972146093490942,-0.49996433219884595,-0.005972146093490942,0.7123639418268107,0.490646906168238,-0.6605749833897124,0.5059324793970448,0.6321428378628358,0.9738208563568251,-0.622981287138512,0.9651532100061304,0.5931263509887253,1.1349213314159206,-0.5614878259285514,1.1333521322592548,0.5270836975283997,1.0891440999746942,-0.4948091032864568,1.09327128635658,0.5185933083322858,1.0340295296365074,-0.48781128135559454,1.0389372350913262,0.6385082630667892,1.0074933501387373,0.5572108849984815,1.0087380675059865,0.4942501556567499,1.0617472602779332,0.44928429190928115,1.1137988400425824,0.40685062659290383,1.1540043861902844,0.5614617923040987,1.135129437191326,0.5210161492186542,1.193745407603238,0.4879103560267092,1.2232156337039024,0.46411301175349184,1.2425049988312957,0.6057264620036127,1.141846275520337,0.5600225164393724,1.2013521225499046,0.5225389938339747,1.230822348650569,0.4930436318200458,1.2471562853267717,0.6376240991566936,1.1346081118214082,0.5908397989827205,1.1838361450693984,0.5551391307967384,1.2142029398165746,0.5240613487886473,1.2343529651429588,0.6555097704264496,1.1193231914734654,0.6146196786928254,1.1616943434471132,0.5862557592162385,1.182650676640559,0.5637026426496223,1.1947116712819839,-0.6308858789793863,1.002187387356868,-0.5315946962482198,1.0074300206949276,-0.4604774446622111,1.0641926255541103,-0.4125409729834633,1.119007360355497,-0.36210102963164087,1.1560438227892587,-0.5353083642128587,1.1434363668646512,-0.4945245288398532,1.2053670134231795,-0.45955084349595443,1.2396923880691089,-0.4292423183658918,1.2623449057472718,-0.5871031985777331,1.1509769776238359,-0.5396862568465272,1.2118297178758715,-0.5021416898803439,1.2464307714666323,-0.47620420213487763,1.2704993877388489,-0.6289108327556258,1.139519408120979,-0.5827693754023857,1.1924683726332201,-0.547910923530986,1.2255877131030937,-0.5249425747348547,1.2459014483061301,-0.6633648249317666,1.1192962601378247,-0.6291653746824845,1.1575252094697142,-0.6017966088628761,1.182470318301874,-0.5822484580830078,1.1982040942438288
0.060132470259113974,-0.4292676921668601,0.12107501073392977,-0.49946272818284776,0.15258032221342382,-0.49235025684552225,0.18298747398991147,-0.48549002511389244,0.01905132876067543,-0.5187335517754659,-0.020707843312676617,-0.5230680000597506,-0.05915972465262455,-0.5259980927455777,0.2137170730704987,-0.44787555506920856,-0.13799825180926983,-0.4921468117918476,0.10555189101906202,-0.3304678380173845,-0.02767788294939188,-0.3403196597008184,0.4999720465233652,0.005287030852748911,-0.4999720465233652,-0.005287030852748911,0.704840933291174,0.4916804810484,-0.6408453888991559,0.5304340918033171,0.626175243696481,0.9674018771737506,-0.5987144343779377,0.9501271098154233,0.5873722028862857,1.121811551501128,-0.558285891404755,1.117406653561983,0.522387537852475,1.0730199029575354,-0.49100465633987017,1.0757827230799053,0.5142434448376264,1.0197896438752199,-0.483123811949479,1.022016611099031,0.6854478113362766,0.9284719937432244,0.5587158480276052,0.9816874702667816,0.49211201038821606,1.0442898320318348,0.4477052580500474,1.1017078734598396,0.40418487286346805,1.1477544453545243,0.6102885343159098,1.0811788943985712,0.5255513604750907,1.1847553944781763,0.49053880950933515,1.2137348418581733,0.46543034282157497,1.2292895772166645,0.6557385689923858,1.0835145515051168,0.5642122921932842,1.1897563118213472,0.5243660964478153,1.2179544011517902,0.4921421742931018,1.2322316064210026,0.684514768572909,1.0725341484100155,0.5921421324658394,1.168684485346239,0.5545022569932437,1.1977602313958444,0.5219333049318425,1.2164652398153986,0.6973584514484569,1.0540632608903202,0.6110118325799835,1.1429083801433875,0.580009467920991,1.1623132879388733,0.5560099683246187,1.1726446673186994,-0.5952067712550715,0.9822056701950094,-0.5292631338190801,0.9936725413732853,-0.4563385063673882,1.0499596783245306,-0.40524552931574753,1.1044773070586815,-0.3561615973729412,1.1417968321831322,-0.48686933364874135,1.1309302751135661,-0.48416664427614414,1.1942997701578015,-0.45023459019208495,1.227683147651118,-0.42314546795302993,1.252042839758773,-0.5415187126771439,1.143564193292325,-0.5285169401078421,1.2053376623900318,-0.4896241334523584,1.235349618621225,-0.4650732957442241,1.2592845964959165,-0.5828149147110491,1.1365485232696544,-0.5678839007655273,1.186255524507254,-0.5301576468380316,1.2146244350958466,-0.5077922404953764,1.2351375034611995,-0.6129979703359673,1.1200196474648587,-0.6088007538301363,1.1508184206128391,-0.5785820861331085,1.1676369751947522,-0.5611010547738383,1.1787260008914144
0.05995240225582788,-0.4221220876195824,0.12090974085216707,-0.4920201461289317,0.15224478649767806,-0.4851644013293542,0.18257301021810332,-0.47833401162447925,0.019377350294647454,-0.5118020546118388,-0.02019737899040582,-0.516867176085693,-0.058402291260391884,-0.5206722456380023,0.2126817037514841,-0.4438468302340693,-0.13681227972676954,-0.4867606489686318,0.10496764482032302,-0.3254333225266567,-0.0283337967853844,-0.3365279015682959,0.49997482566599516,0.005017339958362646,-0.49997482566599516,-0.005017339958362646,0.6864115798452001,0.5016334708620502,-0.6610150618268134,0.523391499307205,0.6101118522720702,0.9631637006855033,-0.61108414039569,0.9458449282672114,0.5845592611182825,1.1161215600498333,-0.5560842059651014,1.1108497865303895,0.5201504201367436,1.0648363877060867,-0.488349915933102,1.0692724059520453,0.5121130155913312,1.012968529610031,-0.48029373577958706,1.0158530728206487,0.617590093052605,0.9629696853689831,0.5494899556390539,0.9791714721738499,0.4838156065763505,1.0419423419425502,0.44249787500578264,1.1010967407352015,0.3985236356016367,1.1425364335207941,0.5339385811312344,1.1182512965972295,0.5213315182190883,1.1813241117807305,0.4877692361218297,1.2065489005535026,0.4635963628286458,1.220197644317033,0.5776546325940278,1.1236390793778641,0.5577969586597842,1.1836341534784687,0.5183867967773729,1.2110922767637395,0.4864846314819969,1.2247098883223821,0.6046280650246613,1.1145019487683212,0.5835153694028407,1.1652277990019935,0.545983570707093,1.1932899512522026,0.5137659110054821,1.21146891225277,0.616180951736685,1.0985220757660294,0.6013459385641728,1.1400172925294016,0.5690624839965617,1.1619284271850085,0.5424394740836442,1.1739140051162809,-0.6614699475308402,0.9334253626046053,-0.5304517297360525,0.9863700724154015,-0.4552832617471643,1.0426274109253668,-0.4026115829589261,1.0985097186991308,-0.3537020867036348,1.1358097910863316,-0.564337601609958,1.0922553759028666,-0.48327769342797827,1.1885880254624335,-0.44989634721222016,1.2204197421086045,-0.42207546954989206,1.243853787199191,-0.6194775748754675,1.1020802513145265,-0.5258659880511228,1.198692993553081,-0.4843325777003007,1.2283833280238703,-0.4570853991744376,1.250047972644901,-0.657125205467219,1.0947581187632403,-0.563795925923813,1.1838686078668255,-0.522866865488495,1.2135438576610196,-0.496139065215826,1.2325192574907549,-0.6826376216766826,1.0808414055873192,-0.5995637000719826,1.158664038979702,-0.5625455025192436,1.181217235242301,-0.5364437965629154,1.1960133772787613
0.06367703540473532,-0.4192496733913063,0.12394560904116869,-0.4878550668015959,0.15505248551787282,-0.48070217882775323,0.1846730102251151,-0.4737521169386556,0.024036510292515263,-0.5083814024222825,-0.015306072776826874,-0.5138588261920399,-0.05438757673452209,-0.5182644262519919,0.21239617347411596,-0.4405557279760569,-0.1344154811405188,-0.4842890379920994,0.10607868202542957,-0.32376592555729905,-0.02652735694727839,-0.3355146455073595,0.49997853323151337,0.004633174685295598,-0.49997853323151337,-0.004633174685295598,0.698551707216311,0.4960928924130574,-0.6608537226429083,0.5266880058531489,0.6216908163772019,0.9623061401001001,-0.6085342682986099,0.9420328073306389,0.5828732701982345,1.1122367172327123,-0.5547600475597655,1.106547191673171,0.51878102704856,1.0600383268317624,-0.4867692895527451,1.0646542694960597,0.5108016817520752,1.0086047023186506,-0.47862178212094836,1.011362625308146,0.6461634847139678,0.9521615573808969,0.5491802312011982,0.9758884910177488,0.483041095831022,1.0380390732213252,0.4416616958759615,1.0972187110714162,0.40153723484224463,1.1415490646363444,0.5676974171253333,1.1159270085045363,0.5229454987589954,1.1800830621078384,0.4892161565715494,1.2043934056064287,0.46542237388804,1.2163250008791038,0.6113602397793798,1.117793184402734,0.5584952780232421,1.1803613332589966,0.5190980002793619,1.2068257193638794,0.4862610448870092,1.2201353965385828,0.6368567540412688,1.1063787896489357,0.5838822430101062,1.1595979873819788,0.5459780339255434,1.1865514270387245,0.5136419666052754,1.2025907203099606,0.6467001961986153,1.0879151789176962,0.6009957588803821,1.1324513571789119,0.5685373482091738,1.1541565069692459,0.542187788935631,1.1647925421295462,-0.6304398053029675,0.959768754994195,-0.5264779431192143,0.9812768760154331,-0.4511340298687893,1.037948874986122,-0.39808275438213475,1.0937679888711065,-0.3485859130736785,1.1316795545493203,-0.5246203232592848,1.1175425804407428,-0.47692656706216896,1.1850059026681543,-0.44497608120479865,1.2164574195648272,-0.4180722185922248,1.2401376548245882,-0.5797100948541216,1.1288199186562984,-0.5209135596147199,1.1930746465700974,-0.48153395368819774,1.2230346940669423,-0.45584808710276203,1.2459108216554258,-0.6186211977132197,1.1222898223091209,-0.5591528935252893,1.17664273509421,-0.5202033284754708,1.2051732045334673,-0.4949303107272275,1.2242603665396297,-0.6467131502004796,1.10836634934238,-0.5964876063056715,1.1497913281928889,-0.5609726908982942,1.1701070413388195,-0.5362407026353198,1.1830415322373065
0.06385125630332837,-0.4145938611073578,0.1237389905658541,-0.48316353723403876,0.15454079566135095,-0.476187633291055,0.18396671361494907,-0.46944565087378837,0.024933692638085998,-0.5038787560713842,-0.013974232169805189,-0.5096144338151889,-0.05288733487627346,-0.5143599380310986,0.2110893429615034,-0.43732758413000733,-0.13338509697505174,-0.47983259507939974,0.10566334493313959,-0.3206342796479605,-0.026179017075864085,-0.3327450259498617,0.49998103317249964,0.004355050833208404,-0.49998103317249964,-0.004355050833208404,0.69529853689819,0.4958181620364792,-0.6592738651679653,0.5271280384723553,0.6187672840893935,0.9588084869242262,-0.6063766524544063,0.938108841612601,0.5801513131012718,1.1079096611504147,-0.5531085827127609,1.1019230544755667,0.5164199848949865,1.055242944583514,-0.48515089436790226,1.0596779342047549,0.5084398076079826,1.0040778186039683,-0.4770231071414623,1.0066154668666087,0.6433245435009254,0.9450373478686099,0.5455263070164114,0.9707456939638169,0.47939546094952656,1.0330512678819073,0.43788544295670473,1.0925128212615498,0.3968170598825192,1.1357342542240656,0.5641884094079643,1.111534668114243,0.5162229061091449,1.1752953111924724,0.4826189816236856,1.198796279294279,0.4592083479370548,1.211363756080668,0.6075723487258224,1.1127598385775597,0.5531147165310752,1.174777521334764,0.5141766005914807,1.2009668543777932,0.4818188768035588,1.2150054916398993,0.6331027344299339,1.1008701088849218,0.5797544470903327,1.153928911864075,0.5425379425976301,1.180937308802021,0.5106317315656299,1.1973725961655148,0.6428014960846616,1.081763822455433,0.5970806516489977,1.125969056147595,0.5647300972591056,1.147606299401563,0.5382026872689818,1.1582993769030474,-0.625773697803993,0.9543304809148065,-0.5216444048992875,0.9770358051552602,-0.4463787101627088,1.0341391045429638,-0.39358557321054927,1.089399868637006,-0.34350995675160034,1.126539899550724,-0.520641326454939,1.1140782112152636,-0.474360631693125,1.1807257319001634,-0.4430389655804888,1.2109751747074524,-0.41582735603838666,1.233893191089457,-0.5762544266321573,1.1252240760323196,-0.5187753711277137,1.1894829126136426,-0.4792002143431814,1.2182175412772107,-0.45280312807724393,1.238791642463336,-0.6149706098727401,1.1182372586723348,-0.5564910250432473,1.1722123107196978,-0.5175180976932192,1.2004809285113283,-0.491097113433849,1.218496191880636,-0.642279245268179,1.1037385053766708,-0.5926191352550466,1.145028661829912,-0.5569882626266037,1.1653857692356684,-0.530932997326732,1.1779750728560594
0.06569943705485844,-0.4131859119224271,0.12513470108941158,-0.4815738976315483,0.15568889577766828,-0.4745745851369629,0.18480680456997844,-0.46773630281568157,0.027610698139391668,-0.502249615922656,-0.01099413156084953,-0.5080833955969022,-0.05019376025880937,-0.5129741460416901,0.21084421210370735,-0.4356363375982355,-0.13187302953986513,-0.4781466354670998,0.10634003760695224,-0.31980254870362146,-0.024484369798198097,-0.3320135997788314,0.4999826049477085,0.004170701344331667,-0.4999826049477085,-0.004170701344331667,0.6931657583352054,0.4956082629797755,-0.6571355846783673,0.5257875810130407,0.617296282976318,0.9557696746740233,-0.6041697227481233,0.9347479897072496,0.5786901825077547,1.1044038206890587,-0.5513793062693363,1.0983765665377874,0.5152235648176798,1.0509770669730274,-0.48331385744494404,1.0555186341098344,0.5072922231819237,0.9999563542286731,-0.4751989692096782,1.0020953750066885,0.6398498791552691,0.9409822202489677,0.5418793599861046,0.9683729960456323,0.47635060300149557,1.0300562492418128,0.43554384949129954,1.0891083766272813,0.3947491682801626,1.131699924245734,0.5614868386565266,1.107226991362434,0.5143257669981831,1.1713396358982082,0.481726429541699,1.1945089193291711,0.45954072079196834,1.2066655656355951,0.6060129721991921,1.1076754137340616,0.551510354252543,1.170299035488526,0.5132209927882396,1.1961337554748952,0.48180807640638784,1.2097690995700128,0.6323901514130171,1.0948937082592511,0.5791849879231356,1.147768313139371,0.5424553357280536,1.1748366314743268,0.5110962681538467,1.1907436327910692,0.6425731356693266,1.074567610102735,0.5975239221161157,1.1180363055554519,0.5653131220740848,1.1395116548131814,0.5391511792447994,1.1498309289720259,-0.6236031061584306,0.9502573993852446,-0.5192051996626031,0.9729579281514277,-0.4441683952467097,1.0308123563934062,-0.39140077317469857,1.0865212511697186,-0.34040078983859695,1.123176881110044,-0.5181773863591612,1.1110351663314035,-0.4726494108406348,1.1779408007929053,-0.44131583805588814,1.2078583405518375,-0.4146650465377313,1.2303574525389827,-0.5741281242317555,1.1211774860014088,-0.5167434037307983,1.185920431624898,-0.4774418752980176,1.2139405554330356,-0.45150692346025045,1.234879005074718,-0.6132364958795913,1.113654537535137,-0.5544864142396595,1.1683620668737094,-0.5154696967570482,1.1960008013392054,-0.4893563608160796,1.2140444407433595,-0.6411065101796922,1.0991909701861524,-0.5905049127125392,1.1405999090349388,-0.5546095199208537,1.1601273293010745,-0.5289303896309102,1.1719847096676663
0.06791245120215203,-0.4127114215796103,0.12695335148568118,-0.4809373500973817,0.15750266450101932,-0.47382322492970746,0.1863032043426189,-0.4668981069761354,0.030024165083841658,-0.5018058977713511,-0.008353348863327132,-0.5077334291396135,-0.04783545558001804,-0.5127044935096745,0.2108906535159025,-0.4348398321242291,-0.13092361432201957,-0.4777636006530221,0.107179434210226,-0.31954594750126003,-0.022908888885254136,-0.3319532272411035,0.4999850065572884,0.0038721076829417566,-0.4999850065572884,-0.0038721076829417566,0.6929822494749612,0.4950860602275515,-0.6571064019909693,0.5253375340714023,0.6171186751775862,0.9558878708891073,-0.6035604042151997,0.9342427742558961,0.5783667189671162,1.1038852030362278,-0.5510476749830511,1.0977887082680426,0.5150736723456624,1.0499164593895212,-0.4828175789395593,1.0545385232485363,0.507187761105284,0.9989322992101873,-0.47458905739423957,1.000970973411184,0.6391211470640054,0.940892240151102,0.5403225276961403,0.9679651222826132,0.474780287288726,1.0299269421167954,0.43427034965721134,1.0892240856960498,0.39316251100233773,1.1315670995930194,0.5604400078538443,1.106784848360346,0.5128240022710482,1.1709310867235767,0.4804100191762221,1.1941968348826637,0.4583789699705771,1.2067549790535872,0.6053167186259563,1.1069334504203205,0.5510142553958453,1.1696740022034076,0.5129857816504435,1.1957339771312463,0.48198018410479904,1.2096204903575187,0.6317274007658502,1.0938774258433286,0.5787971251472347,1.1465071633214188,0.5426147462238241,1.17379008874924,0.5118995259940914,1.1902060122527711,0.6416613532174159,1.0735319621833561,0.5968652939906748,1.1168942337993817,0.5653273644930061,1.1379815964190347,0.5397862266720015,1.1480776457757649,-0.620728149358698,0.9504342070406195,-0.517017882630329,0.9733230521116945,-0.44304906397907134,1.030304480256346,-0.39070795742516246,1.0856301702776276,-0.3408108467166038,1.122413625482089,-0.516273125938726,1.110481324602212,-0.4707995461020048,1.1770412350998365,-0.4400259011307436,1.2074663955394267,-0.41355615919778277,1.2305549643193134,-0.5723261881157482,1.1214131017834144,-0.5150172321401913,1.1865414473507074,-0.4765893903586081,1.2152649871932817,-0.4504993298641399,1.236343776617167,-0.6116850154525565,1.1143579967180859,-0.5529263955778251,1.1690521279844757,-0.5140741806057376,1.1975707049430468,-0.4875449025910563,1.216051180997762,-0.6393664357206941,1.1001087103005294,-0.5889159569779033,1.1416334602903315,-0.5534538852618692,1.162009723949914,-0.5276872247633071,1.1747747361594558
0.0700414166079996,-0.4122936622619014,0.12867085196741665,-0.48036561289099994,0.1591913683816854,-0.4731732530510916,0.1876299130283947,-0.46618964558041054,0.03259098776635027,-0.5013458208474195,-0.0053992467838708605,-0.5073376959378505,-0.04509812582127422,-0.5123558427467453,0.21088756015889376,-0.4341545244476961,-0.12959405773406016,-0.4773805015989757,0.10798898065113705,-0.31929896296751736,-0.021149422690365804,-0.3318858901118952,0.4999869079605822,0.003618268648992856,-0.4999869079605822,-0.003618268648992856,0.6768598212556756,0.500390384107002,-0.6565311979520848,0.5246932901884619,0.6021925560634457,0.9536076493467134,-0.6020188320205628,0.9334118698443203,0.5777595383585397,1.1030119073656501,-0.5503931496872158,1.0967471155189459,0.5147742214953372,1.0487396225213814,-0.4820955133185138,1.0535372786059405,0.5069466421549952,0.9978226037211066,-0.4736834749322615,1.0000241798096368,0.6086093217411926,0.9444765844494956,0.5403379795254004,0.9668763339945232,0.4753151062923466,1.0282812558314252,0.43457191021633534,1.0879314522060226,0.39295626882820406,1.1302483809986783,0.5243934379364473,1.1068700466899533,0.5122979044466995,1.1690842529959744,0.4803308737049355,1.1920760422459074,0.45852529282664517,1.2046181574265262,0.5694409284234121,1.109270842221943,0.5500988976774007,1.1686361333583855,0.5123151947265215,1.1943981744139305,0.48155420065894833,1.2079953139165331,0.5964087595527201,1.0974483065859553,0.5780052506837168,1.1461928742701455,0.5418481030474702,1.1730005806888715,0.5113342489428577,1.1889796545199827,0.6075179933339584,1.07770867415089,0.596454613759491,1.116415681261803,0.5647724760687394,1.1371844798564539,0.5390762649776544,1.1472125249003833,-0.6509579165085561,0.9123334012588014,-0.5171512384048137,0.9718887702522842,-0.4428364260316292,1.0291787641179662,-0.3901042451028833,1.0846475680512024,-0.3391890505064428,1.1207071604389118,-0.55187718594957,1.0763819162844626,-0.4713502389148114,1.175626958331194,-0.4406277910673919,1.206023746137562,-0.4144206442762452,1.2292008110465054,-0.6084087705732938,1.084290999379743,-0.5157084517981976,1.1845255832619788,-0.4768801145558697,1.2132983537764404,-0.4512507645009771,1.2349795715411485,-0.647922080751512,1.0746692032052065,-0.5543472304681647,1.1656744194633681,-0.5153058579432592,1.1941007498757077,-0.4894655347492539,1.212976818022319,-0.6756506792497662,1.0580176649749167,-0.5912634055259558,1.1364530534320565,-0.5552948647035476,1.1563430616577717,-0.5298105785100975,1.1687062462361957
0.07036436256096752,-0.41203512206517,0.12884730480595805,-0.4800555471301879,0.1592865181232598,-0.47287547293896603,0.18761440871225032,-0.4658791212273114,0.03345187369661041,-0.5009863198050605,-0.004314605748853524,-0.5070096595147284,-0.04405793431994349,-0.5120581250363971,0.21042309692821592,-0.4338333168330263,-0.12902797647014322,-0.47704455083199676,0.10783931084303794,-0.319177969353708,-0.02061372560101077,-0.33188608139626913,0.49998810886043743,0.0034483326642604367,-0.49998810886043743,-0.0034483326642604367,0.692043355760597,0.4941372788932831,-0.6563084420127414,0.5237427083287619,0.6158339875163864,0.9560270826092323,-0.6010337292993442,0.9325990392497266,0.5764692770205055,1.1021822177714025,-0.5501523095990707,1.0955921395782906,0.5138812843845288,1.0476326878364222,-0.48185929219861545,1.0524260338743874,0.5061754794231156,0.9967723464969702,-0.47334276276515025,0.9989733711217101,0.6384512271618821,0.9397005450396154,0.5404460414085545,0.9656508599214955,0.4748614348897593,1.026918206085845,0.4341542071418499,1.0865114866459944,0.39238291838223943,1.1288975345155825,0.5599065984161202,1.104150588007525,0.5121623678321146,1.1677413083797294,0.4798248341695409,1.1907351058095268,0.4578302778298202,1.202734240054077,0.6046142771704875,1.1051252640906293,0.5500891537585638,1.1672907386066782,0.5121777407719619,1.1931779768900095,0.4812293186327067,1.2065537024285178,0.6306994618648427,1.0927212034408218,0.5773780237945737,1.1451838171705475,0.5412059717855439,1.1718306688630362,0.5105117578474755,1.1874869779520927,0.6406200795516839,1.0729671342209133,0.5950754472371745,1.1158199172229795,0.5634870670453056,1.1366901886629373,0.5378205968568953,1.1465863998267218,-0.6213955050949704,0.9469679834895057,-0.5173137290362151,0.9705489638279049,-0.44319365425599844,1.0283688093685528,-0.39042595898806537,1.0835882508162618,-0.3388120266282621,1.118839352789695,-0.5173347281550787,1.108430763125638,-0.47129911266895047,1.1742808302036527,-0.4404960202806232,1.2048379555544226,-0.41422501319481436,1.2280241524581856,-0.5737889177919689,1.118088455995915,-0.516510057098423,1.1830216936201479,-0.47746065035332846,1.2118854183289718,-0.4515663595357373,1.233567919838183,-0.6137778171908264,1.1095336526967472,-0.5554054174772124,1.1640072688359866,-0.516454112276092,1.1926907973323733,-0.49059706517874957,1.2114849294733612,-0.6421313029322432,1.0935289959604286,-0.5929600039270486,1.1350056631202845,-0.5571490575205151,1.1553689445131123,-0.5315343323306632,1.1680039162284617
0.06968031440047481,-0.4117440363133835,0.12818885274229963,-0.479780077747507,0.1585698683989712,-0.47263146386180094,0.1868742907570747,-0.46562992354139654,0.03294309412655412,-0.5006526964259307,-0.0047756186977336605,-0.5066975069856072,-0.04440771192913317,-0.5117626841819983,0.20958279734276447,-0.43358580570452654,-0.12908482268691573,-0.4766175214074579,0.10710472186547149,-0.3191672000889514,-0.021080293831149222,-0.33187478334847204,0.49998971822408667,0.003206504358083035,-0.49998971822408667,-0.003206504358083035,0.6908878831832004,0.4949671836590553,-0.6556654652518461,0.5221695432066951,0.6142787741015331,0.955289563211537,-0.5999896951075422,0.9314128542238869,0.5744521386984945,1.1002990352809665,-0.5495446489242305,1.0933102323699293,0.5124736452334149,1.0454216870952555,-0.48135908138014455,1.0501862693420159,0.5048992379488634,0.9946586012494841,-0.47282596647626796,0.9968576635524024,0.637055951937724,0.9377567170034884,0.5386962527462532,0.9637046395143216,0.47287865662930234,1.0250347118168341,0.43271562703602034,1.0845655657104762,0.39202585414108243,1.1268286064481192,0.5576476191403476,1.1021537919592517,0.5104154064626305,1.1653881465193279,0.4783490970522979,1.1882365272650248,0.4566011968301868,1.2001198181754986,0.6024807684537785,1.1029281631573005,0.5485094377343583,1.1649925747998506,0.510914617972611,1.190647616009583,0.4801231570998097,1.204258447733358,0.6288820161551328,1.0905168631156683,0.5762337937230204,1.1434500554144922,0.5403176221100467,1.1705483004855655,0.509904960715817,1.186764525782506,0.6393423564763029,1.0708270434356537,0.5944753462236846,1.114254647315438,0.5630788188487709,1.1355061841439489,0.5375429238409452,1.145825068018234,-0.6220348279196685,0.9437800084616254,-0.5181318239944743,0.9674750709156915,-0.4435148140920947,1.025614619957588,-0.39051927969028116,1.0809191856003344,-0.33899645880008167,1.1154590840869025,-0.5168784945584824,1.1050019083394882,-0.471507605049594,1.1716179264150322,-0.44088347101413167,1.2023090702997739,-0.4146268443334183,1.2258539737291265,-0.573089552353583,1.1155894645256423,-0.5160640123880786,1.1806295248707885,-0.4773899938612532,1.209309265676332,-0.45105180029198355,1.23116697660777,-0.6131032931799343,1.108109519767702,-0.5542611296499023,1.1623729406447842,-0.5152569669660011,1.1906297361678626,-0.48914037267398264,1.20927144901995,-0.6418821642583789,1.0935959933800796,-0.5913818962630282,1.134816623522556,-0.5554976077306445,1.1549668886840423,-0.5298965225034489,1.1677387919051498
0.06633931682173216,-0.4110979507803472,0.12629559663169512,-0.47927868008126673,0.15665524104902948,-0.4721774704948261,0.18537361879538483,-0.46516778883763715,0.030959884498429246,-0.500026826272116,-0.006924231908663812,-0.506088272267265,-0.04606440041601746,-0.5111909049871617,0.20846470631276978,-0.4331348291600386,-0.1295038498689306,-0.4757938696209755,0.10482335756027196,-0.3187561373419427,-0.023353159725332737,-0.3314725992020187,0.49999098868705333,0.0030018713734766157,-0.49999098868705333,-0.0030018713734766157,0.7007175347315406,0.4910048804441301,-0.6875203635981478,0.5093863673094656,0.6232219091569615,0.9553209900807498,-0.6252720536379064,0.9340791976846146,0.5718319273778002,1.0974259104392297,-0.5487128960165557,1.0902165565983044,0.5105117669627404,1.0424333729726922,-0.4807469948824826,1.047035739843833,0.5031110688350485,0.9918104948866239,-0.47223391074442933,0.9939875887104792,0.5960289766095235,1.0023051804844734,0.5370001628191785,0.9608780806075818,0.4714822687070562,1.022055206432039,0.43094159263542253,1.0811221773580442,0.3902210971391789,1.1234730461624063,0.5102801992009199,1.163927406257736,0.5086627370232919,1.162542802498227,0.4766240938520269,1.1855028539116381,0.4550067678172881,1.1976116950425941,0.5546792617539718,1.166231797612403,0.5463782431182835,1.1614842518028716,0.5088280319640879,1.1869489873000727,0.47809659233608054,1.2007729805196703,0.5814951794010982,1.154786171627797,0.5740881164885121,1.1396250615376653,0.5383424145733786,1.1663673201112,0.5080718115568168,1.1823755115217358,0.5926769507095268,1.135476946373942,0.5925924667423387,1.1106731869265178,0.5611575368982981,1.1319131921317416,0.5355766055305851,1.1422026837901735,-0.6583605844712959,0.9601140137502636,-0.5167556373170963,0.9652437931174495,-0.4429770219731885,1.0222519184628238,-0.39040099550120094,1.077588938795471,-0.3391499334901783,1.1127639232216098,-0.5619054245240489,1.1239642993187389,-0.47083174549449663,1.168069526464268,-0.44008783375538824,1.198678770978449,-0.41378651956546697,1.2222614806979721,-0.6184899778271697,1.1325902284723894,-0.515628963635157,1.1776316888082328,-0.4767342115418122,1.2062247139442805,-0.450099939347938,1.2277956247807442,-0.6577452826435497,1.1236940950581387,-0.5539307378893138,1.159255375036723,-0.5148789003460245,1.1877609375202387,-0.4884022661639791,1.2066326624896644,-0.6850392229903446,1.1079223462383532,-0.5906399498557156,1.1311961246808386,-0.5549924460811504,1.1513144292610809,-0.5291462060715963,1.1642712160720898
0.06215854571796843,-0.4103607554133418,0.12412048446997312,-0.4786467141012167,0.15460701964768975,-0.47164162524696496,0.18406274781380177,-0.46460685615105907,0.028297843997677624,-0.4990666021112691,-0.009720377681699668,-0.5050702488676377,-0.04804691124715722,-0.5102212883103012,0.2079401671886042,-0.43264738478426884,-0.129780463195821,-0.47480617754635646,0.10238020015823285,-0.31763597538269717,-0.026148489977227993,-0.3306999722135023,0.49999153776950983,0.0029089790100352737,-0.49999153776950983,-0.0029089790100352737,0.6881407779255845,0.4951785298705723,-0.6540230445242492,0.517904371635592,0.6110812530895735,0.9519679335810699,-0.5975246746120865,0.9280690719068521,0.5703582272365065,1.0956786388544855,-0.5480696664819925,1.0883439534787043,0.509454529026241,1.0406313686720652,-0.4802292267468619,1.045094047237906,0.5021959953461779,0.9901063740347434,-0.47174233310543273,0.9922627441016929,0.6338315327693681,0.9333847125303224,0.5355222162207453,0.9587963599610937,0.4700290776157415,1.0197525602721338,0.430047072404238,1.07907063197342,0.3890093492744561,1.1207825262230584,0.5541569933884697,1.0972201194529037,0.5068660020276903,1.1602105002570184,0.4751634046779782,1.18315044968826,0.4536988746432793,1.1955253367384029,0.5988274519655415,1.0981553821009364,0.544614854820661,1.1600386465337624,0.5070911461715525,1.185618521416565,0.47645624920155694,1.199177780181479,0.6251781459795366,1.085941627624342,0.572148186245798,1.138567336948513,0.5362936660078027,1.1651209444871233,0.5060116209943643,1.1809461497755585,0.6356780931425575,1.0665820692035821,0.5907367678713994,1.1098275608533241,0.5591822169860337,1.1310286344003524,0.5333447191823129,1.1414068649813975,-0.6201999062439271,0.9400688763811907,-0.5166015942821369,0.9633326675991921,-0.44264000871975995,1.020568944289584,-0.39003172126386415,1.0760086400841002,-0.3385863632233241,1.111248743845463,-0.516271682432675,1.1000323716196199,-0.47025642905513176,1.1662367323765583,-0.43976303549488155,1.1968000499058582,-0.4139254588591776,1.2201422001151057,-0.5725657592605172,1.1102251893763078,-0.5155914412501164,1.175465277315416,-0.47680839167026584,1.2040809718691345,-0.45066478927599285,1.2255161764061033,-0.6124787864867688,1.102192367957794,-0.5544141433174888,1.156712882828839,-0.5156297535939248,1.1848045023586093,-0.4896643903135428,1.2031297851605063,-0.6410760343564313,1.0870900519547992,-0.5914729009300078,1.1284933978224079,-0.5558094694191561,1.1488416669757728,-0.5301307392294894,1.161668418953303
0.058263738419914085,-0.40937781929495665,0.12205269334828923,-0.47747495943430074,0.15263149111511026,-0.4705714624667317,0.1827830751246477,-0.46353933649533285,0.025897292972301807,-0.49761428240514705,-0.011937598878252761,-0.503563679153803,-0.04939018878296816,-0.5088198581531815,0.20757864984515723,-0.43181048118492804,-0.12975286281676093,-0.47401548927065384,0.09963902048736714,-0.3158943565293056,-0.02863281625252529,-0.32962960975511,0.4999923628211291,0.002763534067887505,-0.4999923628211291,-0.002763534067887505,0.6879974603306622,0.49460720025098814,-0.6535223659394086,0.5153369165606995,0.6107352771395675,0.9512096710907753,-0.5968896748051177,0.9276587050958378,0.5698507157066336,1.0948368561635151,-0.5477696266283552,1.0874921203466674,0.5090817255309632,1.0394096925995744,-0.4799988850484997,1.0441797997308817,0.5019019815266852,0.9889477267724436,-0.4715207957302196,0.9914656247487907,0.633393679976536,0.931670826918206,0.5348436133313926,0.9577573404434618,0.46921201345136976,1.0193547565586525,0.42819586829016876,1.0780598520168228,0.38627817760870975,1.119391640540561,0.5539821908335449,1.0959711551767675,0.5067083332777548,1.1586288052126532,0.47481038893689426,1.1814562970800773,0.4530823697306903,1.1946743947367318,0.5988568121463833,1.09694329891291,0.5448228602490396,1.1583862814308532,0.5073035329683708,1.184078989283128,0.4769795506370081,1.198323912776175,0.62549928662173,1.0846113034167888,0.5726103495382641,1.136198585894883,0.5367946769717203,1.1632221016336426,0.506590459470876,1.1799351261471895,0.6354578898646428,1.0650508700576655,0.5903665887597481,1.10743485565163,0.5588876637403989,1.1283259393119345,0.533378700351788,1.138648091849592,-0.6197612905574695,0.9393846275154144,-0.5161267341009079,0.9628482912523161,-0.44219078269950846,1.0200246516830394,-0.390003021423137,1.0754617431210889,-0.3387848825180551,1.110709635839793,-0.5160343103205145,1.0989302920023931,-0.47037373230739876,1.1650359084747839,-0.4400570776926402,1.1955762554275964,-0.41433813188736374,1.2190923950705015,-0.5723273263335126,1.1096676818142825,-0.5154135818107616,1.1743878082999386,-0.47702595950883403,1.203013021061579,-0.45102690582691735,1.2246118203190657,-0.6119237067045082,1.102351153766728,-0.5536630805943347,1.1566580434094114,-0.5149691124627651,1.1851017179016343,-0.48863574155986833,1.2037711639558215,-0.6400855398817545,1.087829352895759,-0.5902857474991481,1.129091646300736,-0.5549017798710324,1.1496637773071336,-0.5290343887100344,1.1628694257248264
0.05192007247192128,-0.4077404967615273,0.11818549092013848,-0.4760965842568287,0.1489865740985901,-0.46927967811635296,0.18026398135525287,-0.46229050799519517,0.02106009831652721,-0.4958869049314732,-0.01656682699956988,-0.5016661331627219,-0.052586138868891,-0.5067522114461075,0.20717511080539713,-0.43062861666647545,-0.12991731360085423,-0.4722866608467861,0.09539909179354548,-0.31294606098792593,-0.03275326395221787,-0.32730361030837435,0.4999925429262697,0.0027307541306969625,-0.4999925429262697,-0.0027307541306969625,0.7001198516018302,0.4885386567726645,-0.6864440522286372,0.5019766828421935,0.6222196999415276,0.9520555041187259,-0.6232531349056819,0.931825045672419,0.5694938158562193,1.0934732914143057,-0.5469916365515011,1.0863951943433399,0.5087633619280689,1.037860841292469,-0.47931196861288583,1.0429782152487619,0.5016090530045891,0.9875066940690737,-0.470709240835381,0.9903372400624372,0.5923959553519208,1.0017548506405174,0.5341003387137908,0.9557414679713205,0.4675606205815261,1.0166421388675853,0.4241826921882363,1.0748683091131337,0.37997729833015315,1.115949489405667,0.5053696239660834,1.1619153095823647,0.506110433640564,1.1589274630357644,0.4747078436922721,1.181958873820439,0.4529249531112791,1.1931796519405484,0.5500788575431219,1.1654472427611877,0.5437814484581153,1.1598660970292247,0.5065399913547326,1.1859916460409572,0.4753679265140444,1.199427921609143,0.5773563857692394,1.1550345061080547,0.570129806914697,1.1392522080867904,0.5343973129985863,1.1663948074195696,0.5038777727794213,1.182879399625802,0.58868313784767,1.1371767617090585,0.5881147018704158,1.1110582316068323,0.5566691246582061,1.1328113617743436,0.5312557785574651,1.1438573565136878,-0.6545717880807778,0.9598529375380529,-0.5119267836574121,0.9643126245165339,-0.438743013849748,1.0198329590728323,-0.3865837951980637,1.074431350661221,-0.33674502275416757,1.1086148859137404,-0.5593532059644926,1.1203572421520465,-0.473644578125951,1.1618372126692404,-0.44431821003989186,1.1926140466218922,-0.4180559835736512,1.217556737294609,-0.6171985550030461,1.127380964880128,-0.5236964760706269,1.171034125210094,-0.48946278901020335,1.2015942907555992,-0.4649675280459948,1.2261411206902588,-0.6612068260105722,1.1142031070334053,-0.5669208785213528,1.1453952928019155,-0.5319060987039154,1.1737117751109145,-0.5075267301435294,1.1951419496802733,-0.693810251819116,1.0916422094120686,-0.6099209756334301,1.1041736559547495,-0.5811081715080604,1.1180196489614496,-0.5618472791415038,1.1275686476639166
0.045127274012803156,-0.4057550092197609,0.11388167459451178,-0.4745391877452403,0.1448142315826959,-0.4678448542301616,0.17707967608307257,-0.461034437872193,0.015966760368062837,-0.4937038711209529,-0.02136943131820369,-0.4990448226605569,-0.05621938105190802,-0.5036445512219929,0.20662317263475147,-0.4292023273593713,-0.1302656802064014,-0.46962197201844874,0.09065015803948072,-0.30987396395596106,-0.03715772070755039,-0.32428098159158536,0.4999902822094752,0.003117321941881787,-0.4999902822094752,-0.003117321941881787,0.6870360499545864,0.491929939611986,-0.6586959415393556,0.5023426474507742,0.6098196782339093,0.9484841147288617,-0.5999783688095692,0.9255234673110546,0.5690971403554987,1.0920548713042408,-0.5530126449997133,1.0856462801716604,0.508291916626106,1.0364653901382006,-0.48002820293128196,1.0415772835977817,0.5011208213164405,0.9861652899909141,-0.47043970503708465,0.9887015683298389,0.6207861330906291,0.9449976285059706,0.5347726513521647,0.9525350165115789,0.4652886321428989,1.0127405903402555,0.4201307934506903,1.0711662534691422,0.37335054853274485,1.1106789492886167,0.5370046354332433,1.1000425265231342,0.510347342145144,1.152142749481977,0.48215451333100023,1.1807465689916519,0.46071455116315185,1.199207635352532,0.5831511660908953,1.1065890857272822,0.5512099189665188,1.1587190726518608,0.5177179536117518,1.1902471885154609,0.4893542458177662,1.2088890467251792,0.6115005068026413,1.099626682708783,0.5785730563803803,1.1433681296018057,0.5456229945307474,1.173986464377518,0.517068582018927,1.195045489151078,0.6240939358462605,1.0860045212042748,0.5953273784554909,1.119361206405282,0.5659467361801807,1.1435925066048025,0.5415591902836222,1.15822767757447,-0.6276352371042588,0.9345528230998602,-0.5091052439251879,0.9593947218570571,-0.4350210241131053,1.01740593265362,-0.38510461493482856,1.073839423808493,-0.3337943462326754,1.10442015262087,-0.5361399655452292,1.0893831957408069,-0.48211297368949174,1.1591509905152735,-0.45362236543764006,1.1907228488801591,-0.42690576736831876,1.2142390063877997,-0.5996505795557151,1.1003592517037046,-0.5468182819804428,1.1770462366077266,-0.51913911286215,1.21277441933037,-0.49675247170514963,1.2386084573647618,-0.6428214057885707,1.0937015290291139,-0.5877363236640593,1.164543591249291,-0.5533619556214896,1.198941089319519,-0.5271510712181094,1.2182565505796086,-0.6675271593128166,1.0807397696571903,-0.6101816552994032,1.1363716896030285,-0.5774617922964633,1.164030954309765,-0.5528862952567914,1.1800051493295753
0.0399422492888899,-0.40559210871668955,0.11017512092119279,-0.4744985972900131,0.1412925110280974,-0.46787183307363917,0.17414821319095355,-0.4610890422956019,0.012191855760138988,-0.49315808432926495,-0.024820334237190888,-0.49828749686515944,-0.058873996386850785,-0.5026099988486611,0.20593107545753345,-0.4286865564003194,-0.13064558561265477,-0.46819064944510264,0.08701807387108909,-0.30953605470489143,-0.04040852019821566,-0.3241460469223425,0.4999865663534346,0.003665169314316403,-0.4999865663534346,-0.003665169314316403,0.6955695053073253,0.48777915250917186,-0.6728320674298851,0.4959398783610642,0.6176380283744334,0.9474492409399018,-0.6117334502082621,0.9238600840667042,0.5713416653218951,1.0920460660995095,-0.5776596400753803,1.0853243411607523,0.5079863879051725,1.0377771339119146,-0.48779156489648784,1.0419055464023794,0.5004315251668879,0.9866126899038686,-0.4713217974050968,0.9885439904589743,0.6015844265647454,0.9671385764703712,0.5276771916428387,0.9499797922991308,0.46212118473942815,1.0118114514670293,0.41598151952720935,1.06769019399598,0.3671829540882569,1.1052609811039424,0.5262308600483501,1.1327907701595996,0.5169047529247676,1.1554304412117036,0.4950261170573253,1.1879723601179888,0.47889844409377486,1.210457329045121,0.5780680115200665,1.1356365712986491,0.5714910859202623,1.1572695728503428,0.5490448090638651,1.1930042167316335,0.5318430379253153,1.2192676393793704,0.6113795186854837,1.124982460557087,0.6005442697819345,1.141229664827728,0.5743215839078577,1.1734003915107012,0.5543000101508587,1.1994316617340277,0.6265512477646559,1.1078081503844128,0.6155939124494759,1.1114776644202187,0.5934025943193453,1.135263693547028,0.579150228507723,1.151350944306599,-0.6367714770152939,0.943325871858374,-0.509423971346305,0.956554613196967,-0.4362936770268223,1.0141480750558112,-0.387978211975117,1.073531595683094,-0.3372847574216082,1.104578679466346,-0.5519606270608376,1.093053166287921,-0.4887248931393413,1.1506884605588912,-0.46519586744172353,1.188148676424062,-0.4439028816774604,1.2161109326328134,-0.6177141832607865,1.1052503908573974,-0.5660353466617759,1.1779523720763267,-0.5503317136279074,1.2223296606520146,-0.5405662911004109,1.2551694770459918,-0.6656712321439605,1.1024243545029193,-0.6235682538570713,1.1714670462526704,-0.6075568143905664,1.2105592496216915,-0.5946826569928308,1.2349451631297348,-0.6971691134734775,1.0916720124020691,-0.6598706960121571,1.146095114080244,-0.6451609458846909,1.1756314769715834,-0.6311184766925644,1.1930759386188496
0.03895585283154675,-0.4053765397458611,0.1090493086067569,-0.47383308827313897,0.1403576905471064,-0.46715100620390837,0.17336615695630772,-0.4602059936720082,0.011059669841098428,-0.49249470366515785,-0.02599929381224785,-0.4977722621534477,-0.059725157811579783,-0.5022700321059945,0.20566744735436976,-0.42752477504559117,-0.1308384126600028,-0.4672715028947101,0.08620722466234167,-0.3092570174841988,-0.041115122079701825,-0.32527120460369546,0.49997516968114275,0.004982941130747209,-0.49997516968114275,-0.004982941130747209,0.6863804445639871,0.49173634113153114,-0.6571639087642152,0.4908270923664862,0.607890669295168,0.9402092201619731,-0.5943618591074156,0.9134827789457874,0.5813725910353443,1.092836422365099,-0.6004786092308944,1.0856143264150029,0.5099088146550491,1.0402169917581754,-0.501979699948875,1.043107182531742,0.49986666368877314,0.9883574176079619,-0.4746785701107841,0.9893171452477181,0.6199384513146061,0.9093674139888129,0.5260898887084621,0.9373938827976355,0.4596598468437479,1.0018491156012228,0.41615586312623937,1.061912843560008,0.3653226927618177,1.1014105973331572,0.5603864313256335,1.0774540467685632,0.5348389313048029,1.1528531310605241,0.5160257220335893,1.193542563689002,0.5008847329563105,1.223239867525255,0.6127298792997908,1.0815530571991516,0.5972676181320612,1.1580150284511503,0.5841409091363219,1.2044999391126563,0.5752489216891636,1.238411993104692,0.6457197896117464,1.0748948778992546,0.6247040659504913,1.1421193723341878,0.6099308964618393,1.178533511608242,0.6008719041394688,1.2091592493270316,0.6606568188743825,1.062597374842305,0.6378339200474588,1.117864037152924,0.624801721343624,1.1477391964636263,0.6181278165375864,1.1707426241010432,-0.6062214854458823,0.9145139003834215,-0.5031489699579536,0.9525273236319668,-0.4349552339520492,1.011549394064004,-0.3925842729519653,1.0718939795624587,-0.34292170926464416,1.1038345268496572,-0.5257881948731561,1.065342576449256,-0.4930309434245496,1.1445392132190915,-0.4719930467996365,1.1843154657059891,-0.4524245414684937,1.213073956825653,-0.5924674860101975,1.0769102587662238,-0.5804432922499702,1.1724567042703602,-0.574850909128747,1.2232835844323255,-0.5728705961404711,1.2611128620039653,-0.643683808331733,1.0742590956859932,-0.648073504743329,1.1624938098550324,-0.6463551786873541,1.2076194077657516,-0.6432670037914784,1.2409876737554482,-0.6804190624411766,1.0621116139576243,-0.6893514251253505,1.130728287451178,-0.6899964067597041,1.1686162211607218,-0.6867618274016601,1.1999470905748524
0.03527689980114072,-0.40473001398567354,0.10551809726212161,-0.47337404431282937,0.1367619414915236,-0.46671417059653164,0.1698725840068392,-0.45978336715429563,0.008009603505649228,-0.49193208125268123,-0.028639219892458014,-0.49723026255992003,-0.061837850623779146,-0.5017199045673977,0.20429187415698494,-0.42673049149993536,-0.13201215185613327,-0.46612536573244806,0.08332476185580112,-0.30885126976143973,-0.0429704383018899,-0.3248098766597469,0.49996659376581326,0.005779716101183241,-0.49996659376581326,-0.005779716101183241,0.6853415350708073,0.4922333640576055,-0.6796093601234419,0.47223001048500207,0.5993551345460254,0.9323539387753965,-0.6025442342064895,0.9036159163810823,0.5859831811601094,1.0942586406778698,-0.6109518443385402,1.0825569949635874,0.5093989620021854,1.0432257902004383,-0.5087521148220874,1.0426394644318862,0.49435722694329187,0.9906047445539622,-0.4766377539046377,0.9864332531396888,0.5881736925264791,0.9161089497426582,0.5150152545519057,0.9291459987928832,0.45027764917077046,0.9939643518570431,0.4083507133340124,1.0575612584879241,0.35530940196886945,1.0961325220938734,0.5319879952797703,1.0843011169136685,0.5320660801100741,1.146409366486377,0.5163703360395474,1.190050419804889,0.5039288967380985,1.223038288065313,0.5858972971611698,1.0901550751903686,0.6036796733766941,1.1528010256766044,0.5956012848077276,1.2019318196205637,0.591552095439673,1.236932556049644,0.6208701570392131,1.0843161970352142,0.6400765734479377,1.1381653900761979,0.6328393459278683,1.1777123942027523,0.6287141309635156,1.2089201931701414,0.6370013134743421,1.0716550754839045,0.6557487070848314,1.1057481072952373,0.6540868473628519,1.1332879466962986,0.6555143341803015,1.152156460838424,-0.6225147257561487,0.8971106592685311,-0.5053729895605364,0.9360257643477492,-0.4344224559717757,0.996022237252493,-0.3910871577688109,1.055846196588825,-0.3415501069634736,1.090040558007894,-0.5462134602337751,1.0341179891619383,-0.49414906162009453,1.1110568345961656,-0.47080684251319366,1.155642620065778,-0.4511796464369954,1.191285717692566,-0.6137750911842306,1.047086404957468,-0.5882478152527386,1.1391493155471293,-0.5861846568604441,1.1959339824633344,-0.589297456430615,1.243109517696702,-0.6662885587067537,1.0483867956696635,-0.6571124457314719,1.134988842335218,-0.6605015267258713,1.1841349043595932,-0.6620345521816601,1.226910713986902,-0.7036305502422476,1.0406618389277769,-0.7024026484885239,1.1114449901250916,-0.7101086611683758,1.150643976459896,-0.7134120362886875,1.1872721013778516
0.03504038405254101,-0.40366288725110394,0.10485246414297258,-0.47217754304557247,0.13594935911714853,-0.4656184431196037,0.16891162654259553,-0.4586468558749561,0.007543514503984904,-0.4905144363245854,-0.029217733548545975,-0.49582728874799736,-0.0624763457315004,-0.5003533816915604,0.20392868752993523,-0.4252237609264349,-0.13256152630837725,-0.4646123207562397,0.08309283225152557,-0.3088112510340798,-0.043349304824653274,-0.3249176398207982,0.49994566141830277,0.007371270515707529,-0.49994566141830277,-0.007371270515707529,0.6764532808221873,0.4935490575098286,-0.7043428787544657,0.4617681081743433,0.5775216548319987,0.9102139762524731,-0.6081112020442787,0.8857781175196754,0.5903797436185031,1.090549574362812,-0.6098271614953117,1.0634106665886127,0.509357936521544,1.0429683151162055,-0.5092035000087245,1.025114508704589,0.4871742345729567,0.9877468609568235,-0.47753550511367276,0.9664136629466927,0.5293889535808111,0.9187804589085344,0.49724648938608423,0.9140995549352791,0.4356516924838827,0.9771728450653107,0.3945068112914509,1.041198756338194,0.3410561766163076,1.0797347635819232,0.4776603363397117,1.0871713012085016,0.5242695697756687,1.1312139688944407,0.5095306532746566,1.1750537672355745,0.4999729241904638,1.2088227290580864,0.5336288027969729,1.0962293120088904,0.6054264300272058,1.141594151203537,0.6021306287730127,1.193185401781988,0.6025934655466363,1.2303160367590589,0.5704792048267998,1.091950644220796,0.6420809908152684,1.1281619567069128,0.6394834632226096,1.1722122929879721,0.6406675815464122,1.2081194125716437,0.5869603186634392,1.0797595556553994,0.6660416581909515,1.0944248277166353,0.6720134660004402,1.1262021888768878,0.6785937221527824,1.1504299683844375,-0.6623622720643023,0.8373540499089434,-0.502204531800707,0.9037598728137282,-0.4258586841000575,0.9670859345422932,-0.38118161923585164,1.0279611833653781,-0.33084713517753983,1.061901443646497,-0.5876365500554391,0.9616767585686985,-0.4894769144967527,1.0715062916259277,-0.4616232650859276,1.1229524033999838,-0.4413674193409919,1.1651610054715302,-0.6582934915770177,0.9728059495479923,-0.5919556264023766,1.0948298295920906,-0.5899668623291282,1.1556815977616959,-0.5942129996961362,1.206380268331361,-0.7110986473724429,0.9758117591286826,-0.6608045663323743,1.0980324961737569,-0.6669603978539498,1.1517390542130013,-0.6713907559183926,1.1987315636515523,-0.7463008636389215,0.9718321665349713,-0.7083980386705557,1.0822476662690879,-0.7198656982917336,1.123555020976537,-0.7268302334609233,1.1623560917045137
0.03093528569632711,-0.40626510742796296,0.10126864071629112,-0.47539035612111974,0.13262425650639229,-0.4687968673157958,0.16586255697022342,-0.46178284975420897,0.0031280203509357883,-0.4936222484370025,-0.033954319805914734,-0.4987885856553835,-0.06754592163980344,-0.5031622992760049,0.20161163343233135,-0.4280535350830936,-0.1381974545018076,-0.46750870000600764,0.07977637909944314,-0.31074977211942084,-0.047519232935229756,-0.3268527972054696,0.4999488143223932,0.00715423354617219,-0.4999488143223932,-0.00715423354617219,0.6797514583260433,0.4788503519673473,-0.6923047782727287,0.4638911012315053,0.5586520019720238,0.8733049871392985,-0.5770536848392598,0.8510426042919331,0.590722473348584,1.0717163433609078,-0.6178530147921737,1.020818219083903,0.507981930718956,1.0262959001547098,-0.5082050684263607,0.9813751328403071,0.4809004191775988,0.9630595638841475,-0.4759671527910619,0.9298053704212135,0.5730254496931381,0.804846119060598,0.4821855270850596,0.879544396478244,0.41640837704791606,0.9493772809564576,0.37346851314169927,1.017988788453613,0.3180377055205462,1.0576842555229629,0.527441853676218,0.9745088651522729,0.5082400330243871,1.0914726126857457,0.495979855656425,1.137108088169806,0.48959913437659114,1.176447710989242,0.5900050045055052,0.9856726471509053,0.6057369074610793,1.1108593697814408,0.6098516049288212,1.1627123454445483,0.6200038938257652,1.2066461575146605,0.6307409191612862,0.9842046334567904,0.6495707525668345,1.105211633620233,0.6558286209636028,1.1492816486926571,0.6683316433578574,1.1898451913730077,0.6482056240699106,0.975560037715093,0.6754108619482638,1.0792891985034505,0.6909915636187957,1.111329961484878,0.7078103299194438,1.137617140931072,-0.6176029585263698,0.775643247208805,-0.503710130955082,0.8536669385489228,-0.421861821295091,0.9277672522162571,-0.3762181609164927,0.9920599961371893,-0.32253542426666804,1.028354520328509,-0.5228952913713535,0.8975918790301561,-0.4904961352459591,1.0226010957232667,-0.46314412485987044,1.075378726074181,-0.4404819001140622,1.121976363723931,-0.5966796027268562,0.9108983362715559,-0.6008736497355908,1.037095351975124,-0.602333342238197,1.0973860797919541,-0.6067852891469024,1.1487683048216335,-0.6538690381477563,0.9177876273001119,-0.6761553297587416,1.042436512183637,-0.6878942962211241,1.0988793859876629,-0.6967991038859833,1.1478668539125167,-0.6938290467935753,0.9180691797057478,-0.728162984035618,1.0357239450825344,-0.7478963277092499,1.0787410489643914,-0.7624002389580622,1.118368970787554
0.02909044210210784,-0.4064968904425852,0.10002187548185924,-0.47691302397190716,0.1316189531088127,-0.4704165751181111,0.16540809994076766,-0.46346583248986745,-1.548094014453219e-05,-0.4949094572926047,-0.037461082196649044,-0.49984209179582145,-0.07100875828181354,-0.5039537975787449,0.2023510494345381,-0.4297120364645312,-0.14059231248640364,-0.46895849399274564,0.07920080897406884,-0.3101726853934438,-0.04894857817317624,-0.32639978291334426,0.4999531316319612,0.006845887188295589,-0.4999531316319612,-0.006845887188295589,0.711521564748018,0.45246730280579195,-0.7257638301843363,0.4552160474667123,0.5637990823451492,0.8331847970686765,-0.585634230231067,0.808674319289534,0.5859045880929725,1.016541850127121,-0.6120194179422481,0.9616499475156737,0.48856027686683307,0.9682469027824184,-0.4894564158246841,0.9225088641187008,0.4618942776692158,0.9144045121543777,-0.4593139081820324,0.8793183178940246,0.5693380669704702,0.8160641540473925,0.46768287250470225,0.8363312582537225,0.39724299887387,0.9028322700003583,0.34967836887041864,0.9713426120193617,0.2966350820290136,1.0102347235954534,0.5160799621348947,0.9572602231994329,0.48244738027491685,1.0240639910641531,0.46718173691651843,1.066068250401259,0.461253334827768,1.1050356919128994,0.5836193140524617,0.9688921547515353,0.5979631232843156,1.0446174128644963,0.6093470405994634,1.0967934478631653,0.6255081845264285,1.1436668618690293,0.6273033351939099,0.9710478357673312,0.6505142119875171,1.0435096478588963,0.6656111609775365,1.0915817973433746,0.6836654483271247,1.1360687526071644,0.6488684444125644,0.9657431400093522,0.6829683272286575,1.025459510039656,0.7055572532620251,1.0650412416401243,0.7259288937136609,1.0987624000133003,-0.6081204553883212,0.7518500123144783,-0.49885446367366265,0.7803194612402731,-0.4121410896018266,0.8571467388552751,-0.3634228103629654,0.9275478303370854,-0.30893508796714714,0.9711217293269901,-0.5098741001034507,0.8611430557750595,-0.47774380782677683,0.9374709533724095,-0.45121466333198373,0.9854154250000258,-0.42973230532430806,1.0311346311798562,-0.5866334690583342,0.8745953543713737,-0.5955595078302256,0.949435964533601,-0.5996160727387169,1.0037920989381908,-0.6073385881123616,1.0519240974180732,-0.6451255680386513,0.8821905908814591,-0.6734062931322716,0.9551821064816808,-0.6908274978084752,1.008745361395157,-0.7066551232337183,1.0552465944482678,-0.6844431660727361,0.883228133065785,-0.7277895590814446,0.9508276531733982,-0.7558111779242954,0.9916689268318113,-0.7813126752686695,1.028579637666724
0.03673042193898082,-0.41033115503344664,0.10931354829115056,-0.48187346511788137,0.14186517968712006,-0.4751960896363116,0.17694689403435823,-0.46804917023107656,0.006808285286652951,-0.5002793593270142,-0.031776251929537855,-0.5053580176112071,-0.06637098667897834,-0.5095976907645925,0.21488123098301715,-0.4337716509515752,-0.1371165799335326,-0.4742296899637667,0.08862484069117313,-0.31194701072675296,-0.04290752769351911,-0.3293878464690434,0.49998238387040367,0.004197120354278777,-0.49998238387040367,-0.004197120354278777,0.737270563835308,0.4082898957346807,-0.7508041885614218,0.44580307895491744,0.5570225586938399,0.7730370408696853,-0.587550435753203,0.7372621971536942,0.5748449096352661,0.9549904420597398,-0.6089735550817903,0.8760456112772517,0.4698494747097985,0.9139685682987378,-0.48023349568450346,0.8354893391080016,0.4516124911339862,0.8706733102294059,-0.45621176998602897,0.7917387213813732,0.5481700301079293,0.7762550425386484,0.4704919528838918,0.7865423214935399,0.39484177358828987,0.852800321752732,0.3382136302730287,0.9180204726537735,0.2899731435656038,0.9636495912158392,0.47299688936614975,0.8721205743981559,0.46625878254603376,0.9389535235471878,0.4470899455051651,0.9798889098616771,0.4324412155372949,1.0230261495136967,0.5517347404551078,0.8812189384578001,0.5982480550067101,0.9500434251473768,0.6147850400333084,1.004092876965303,0.6316970749454415,1.0562264367585104,0.6056595365362667,0.8854328641727373,0.6693834920521236,0.9565933860872093,0.7000441046927659,1.0114784497003886,0.7261012116512727,1.0648361645166025,0.634170787362782,0.8860651220088608,0.6983449189954929,0.9535315353961991,0.7305870163723648,0.9986189694248438,0.756325485370036,1.0412517531623362,-0.6162774426370218,0.6605993235817522,-0.4945636689767321,0.7190352929419491,-0.39586157763335245,0.7927658410939039,-0.3342632511254124,0.8555593038105602,-0.2869308826063693,0.9012797869307838,-0.5010782046939132,0.7373715061471235,-0.4443807912713146,0.8290738238791951,-0.4154839860572474,0.8803090197073115,-0.3923527396600371,0.9259973138906751,-0.5740226460701887,0.7420695597967555,-0.5621371075318948,0.8294264390511608,-0.5663311796913952,0.8789481429878442,-0.5776054361117822,0.9202997094960781,-0.6375419481544646,0.7515777404172305,-0.6495657553068286,0.841190032339974,-0.6692965168944465,0.8921031762291027,-0.691173045035672,0.9378426800847436,-0.6860284459451038,0.7571078493171077,-0.7079792466250989,0.8448672119502513,-0.7358514519676522,0.8865289627591356,-0.7674330258573427,0.9286948443417707
0.031271508852540715,-0.40503404764711315,0.10634545781028241,-0.47800864511203767,0.13960679145441932,-0.4721016982680029,0.17572915301566777,-0.4666302908732847,-0.00018629891447758063,-0.4977470544394501,-0.039794880882453657,-0.5034177631623258,-0.07484839434845979,-0.5081273699058673,0.21655408179712785,-0.435869023235279,-0.14415159053411977,-0.47599385071710076,0.08566764479897619,-0.3048327272081221,-0.048984026183531426,-0.3227512541189141,0.49998483608810157,0.003894057261292999,-0.49998483608810157,-0.003894057261292999,0.7487922103358344,0.42770774249582644,-0.791216376043655,0.4466271540597076,0.5237814048870731,0.7106544616080486,-0.5776497437208515,0.6719805157923194,0.49376438200212197,0.8693692468700489,-0.5592176214697027,0.7736078780221037,0.40322766455170184,0.8246094730009432,-0.46786282859042744,0.7339977225136186,0.40326178553537145,0.7868767997735013,-0.45944455250293376,0.7022357245208274,0.49741800691082894,0.7234376974406689,0.4456029448241689,0.7404775623298243,0.3607051340147577,0.7964382944497697,0.3030925156320118,0.8523354224059815,0.26798401106611097,0.8960579846258685,0.4022168872073307,0.7896479577204985,0.43869261745185983,0.850001613377318,0.42683342236071437,0.8860171398197952,0.413838959201261,0.9230950545596355,0.4799703296243284,0.7936619443653873,0.5537482431140619,0.8512705495709725,0.5640854104433629,0.8956498579085778,0.5715229567041202,0.9340901274575562,0.544023073422804,0.7960785447394354,0.6465465523655729,0.84927496893383,0.6910608539152691,0.9081210774398163,0.7252368286847629,0.9614513467361844,0.5912225498187387,0.7962509038408674,0.693243437419222,0.8448523262883836,0.7391836979417901,0.8919414370183901,0.7737272186470258,0.9383623727575076,-0.6196236462378463,0.677208803882502,-0.5163410443182257,0.72707712571904,-0.4417280599117097,0.7447261217042186,-0.3949628500727998,0.788152692672564,-0.3637819854353716,0.8435724581290875,-0.5375718835649687,0.5980004789787895,-0.4693843594447427,0.6463187202634489,-0.43949321829927246,0.68112212360644,-0.4169202827896375,0.7198782607081268,-0.6091181732913338,0.5980663084150349,-0.5356460674622813,0.6541836069992916,-0.4953985452297155,0.6985635778802691,-0.460666116845474,0.7435048886333645,-0.6737984290767788,0.6222480024916007,-0.6442973004347897,0.6882608628063238,-0.641251837006435,0.7228390014027583,-0.6400666297314456,0.7511781346987909,-0.7292645034725298,0.6524732752871584,-0.718115315612557,0.7303459490817562,-0.7251970760824294,0.7618199063434725,-0.7297419165710907,0.7895750076568886
0.03569352659406539,-0.4034087773507136,0.10979250154101748,-0.4758475272290356,0.14346512730497493,-0.46995397612967865,0.17984950817613699,-0.46439447819602914,0.0029727315389820198,-0.4959343798950621,-0.037411704762408515,-0.5014447989275888,-0.07318297433567197,-0.5061723303276873,0.22055249904288035,-0.4336073001867986,-0.14361303061481048,-0.4734258292607254,0.09065589639350626,-0.30211946623811486,-0.044409072845084656,-0.3215304632725492,0.4999922634362911,0.0027814571458961014,-0.4999922634362911,-0.0027814571458961014,0.7941440325534003,0.4336246319549371,-0.8284148959584644,0.45921815399211413,0.5056000903387883,0.6598888651833371,-0.5492336498854845,0.5908627654492236,0.42461957018277774,0.7871707039664354,-0.49093049845154413,0.6510616623491181,0.35181314517507584,0.724375874832954,-0.42665530300677346,0.5997087999161315,0.36958704005269943,0.6857360309811561,-0.431067987839991,0.5781915764238306,0.6030312915356965,0.6970381769752262,0.4957938092563621,0.6813870903913324,0.3800182646978111,0.6937113107507223,0.29809866268160523,0.7350629097097249,0.2461453544735905,0.7777118915048623,0.5019734178558123,0.6822478459916711,0.42664455397749523,0.6961634226390833,0.37730834275839037,0.7298387148289082,0.3465709519196538,0.7640276273014521,0.5629025821401568,0.7125261116263548,0.48106763914524275,0.7145510954210723,0.4332172937407787,0.7362947984604904,0.4000792863632466,0.7572330742363195,0.6061533429232562,0.7529401285897125,0.5298074042281207,0.7638274787097761,0.4858190433894359,0.7686160462644969,0.4598022262457999,0.7694189737538351,0.6439604286463236,0.793264986938127,0.6134800146005633,0.8406162107505263,0.5874312003465179,0.8592648599642927,0.5662797771529088,0.8639511034263497,,,,,,,,,,,,,,,,,,,,,,,,,,,,,,,,,,,,,,,,,,
0.038332516575007046,-0.40308753529746116,0.11195003068081699,-0.47579105414736095,0.14667521294387806,-0.46951898907874373,0.18261983972082252,-0.4640608952413861,0.003951053996822457,-0.49635327981795474,-0.03723926784862901,-0.501883713584102,-0.07375639668686612,-0.5064313829518137,0.22196351894737887,-0.43330151222195656,-0.14608876381152955,-0.4727371917063814,0.09186944106340192,-0.3009567047417163,-0.043477137387609284,-0.320382454167509,0.4999970361497966,0.0017215810811442727,-0.4999970361497966,-0.0017215810811442727,0.7878093519358946,0.46795346640395846,-0.8752641975788479,0.5016749276107659,0.505242969946012,0.5329531985112421,-0.563563249023355,0.513830892276446,0.42838907653503416,0.6603974692993889,-0.510400626953959,0.4809779782748826,0.3478623850725556,0.6064604487123918,-0.44080314603374776,0.42518162827543954,0.3678428246375696,0.5786805717611441,-0.44077365554012965,0.4326176016292178,,,,,,,,,,,,,,,,,,,,,,,,,,,,,,,,,,,,,,,,,,,-0.597486437187149,0.4301697042375365,-0.48771067477159447,0.5047048027698994,-0.4124489186141999,0.4750849206612831,-0.3548897764591976,0.49245557756884595,-0.30764222485048925,0.5250103939312155,-0.5030303525460829,0.35376903546795013,-0.43201951593457266,0.38090438270912613,-0.42538423888900095,0.402617283751078,-0.42383115691028145,0.43351013015829204,-0.5734342483260729,0.3363603801827754,-0.5365203823570587,0.34873361491179455,-0.5346478620400599,0.3294747262276701,-0.5308373709943004,0.32451175341279526,-0.6395274942154137,0.3396200540310185,-0.6235375869890292,0.3567616666374438,-0.6347535526729449,0.32667859053647264,-0.6436495155070697,0.3023953955322277,-0.6973312108270947,0.35754784626859154,-0.7056869277485058,0.40325246361362166,-0.7278792383533775,0.3843782116240375,-0.7424156991890905,0.3658957379015223
0.049877914552450824,-0.40137206918771867,0.12291112144770833,-0.47351842651157783,0.15850342426363961,-0.4667673756610792,0.19256586184574953,-0.46123667924776085,0.014304400743042454,-0.49598576191960264,-0.026628042413295652,-0.50206497883416,-0.06489286981920137,-0.5065675272689176,0.22869762920031644,-0.43023761144536793,-0.14164985468290725,-0.4718874645737401,0.09837115549581034,-0.29774566242151274,-0.03465077892825449,-0.3171693057255709,0.4999990344682837,-0.0009826142600501317,-0.4999990344682837,0.0009826142600501317,0.858862918978292,0.46056791879830916,-0.906318494515465,0.5267864448963661,0.484481545228328,0.4921721883863081,-0.5660383299084591,0.4550021144887313,0.3788688484699384,0.540581638172088,-0.5016615230049043,0.36942639938777794,0.31861690557948114,0.4892499030811349,-0.4494131044470603,0.32317565176347857,0.33696682486888585,0.47589362776860167,-0.4457452703223581,0.3470348124519964,-0.5115831352001374,0.4605314375655137,-0.5944684665622473,0.4677871024407703,-0.6745615157057461,0.4169461666688552,-0.7416283666783305,0.36278448558192483,-0.7859187099869072,0.2881590373365964,-0.6198925833967134,0.36757512877073106,-0.6572941648056868,0.2926426698120845,-0.6823933999247176,0.23843410084401132,-0.6995056992033805,0.1927426223868447,-0.5314131977539144,0.3401880678081203,-0.525012195625,0.2471789445826349,-0.5157537010729186,0.1822052904989014,-0.5073090582628392,0.12623884916379627,-0.45970068460875235,0.33835105901083073,-0.41833227907574333,0.26912585836404057,-0.39322965855013187,0.24347277072840617,-0.37682152384025597,0.2145891588631324,-0.4029230848995123,0.3610570023790988,-0.3479886084385283,0.3473287503783663,-0.3156752411663405,0.3533252364196076,-0.29560274237350764,0.3584656377717527,,,,,,,,,,,,,,,,,,,,,,,,,,,,,,,,,,,,,,,,,,
0.030902192262752322,-0.4028121693750259,0.11080689784581989,-0.4760388282455024,0.14827001332773587,-0.46927919660495876,0.18392339570624933,-0.46372198157272276,-0.007202753128806011,-0.4982362076980583,-0.04552511594616492,-0.5040778166833356,-0.08166903304332157,-0.5081820511348186,0.22316258516945964,-0.43360441420084095,-0.150732169567028,-0.4741191904197846,0.08775928384305566,-0.29858776563246187,-0.04900943308907353,-0.31691532847887727,0.4999933163872003,-0.0025852597797945444,-0.4999933163872003,0.0025852597797945444,0.8916344588236509,0.48087719890469366,-0.9436663358483283,0.5335175030046369,0.4780542322536653,0.42497093480932563,-0.5547636278260377,0.379636966796453,0.37836479721047683,0.4282843080351313,-0.4749520401188533,0.27446562259955243,0.31147301577972647,0.3598473678694281,-0.43184965481590704,0.2346142471743433,0.3235643292485323,0.3641479614380831,-0.42686451671564496,0.2599605058435186,,,,,,,,,,,,,,,,,,,,,,,,,,,,,,,,,,,,,,,,,,,-0.5200610729324596,0.3817634715363461,-0.5328191616501351,0.4245697590798327,-0.5521845189518061,0.46034761186675144,-0.5339015501707219,0.5186071953446454,-0.5293771319829716,0.5505801150361881,-0.5542589972821461,0.28149918311075606,-0.5653665075778598,0.20750609577836598,-0.5774394537592208,0.16019666192886756,-0.5855606994041348,0.1164470646739114,-0.516273738261333,0.22648838835025706,-0.4899610185555833,0.13575620953307677,-0.4668478803227252,0.07409030581198182,-0.44748576933232354,0.018223595456553186,-0.49174811290934456,0.20638577667347452,-0.5003807380084205,0.11967364178788471,-0.4985663917258458,0.060811782140287776,-0.4946791902685657,0.0035449719060985526,-0.4782681470804647,0.21420708024295207,-0.4985486224431085,0.14740141149008268,-0.50982348862768,0.10987524922614672,-0.5152338935042232,0.07435983507657941
0.019949465463539005,-0.3982290178340603,0.10367617912151081,-0.4732839294912133,0.142163342519329,-0.4667384891608096,0.17847969129067118,-0.46139134777240465,-0.018653893498963257,-0.49419694281315174,-0.056118982173452486,-0.4994580531427711,-0.09143840046109085,-0.5030355721239749,0.21896277525231678,-0.4313962436795184,-0.15705070615731245,-0.4708212099804885,0.08040771693571246,-0.2943924905496158,-0.05672604821819044,-0.3104527514404203,0.4999959081661518,0.0020228240420611557,-0.4999959081661518,-0.0020228240420611557,0.9079295297890463,0.5082457932587215,-0.9599763248443199,0.5341983013331446,0.46298736336471963,0.3804678306583069,-0.5458506877753596,0.3247588173271898,0.35469344034522654,0.3347462490194011,-0.4555069949845001,0.21283590498598007,0.29371428261187704,0.28336257937289483,-0.41416926432515233,0.17758934492169234,0.3005406433122905,0.30053051696322647,-0.4081455455128409,0.21275618144123004,,,,,,,,,,,,,,,,,,,,,,,,,,,,,,,,,,,,,,,,,,,-0.5240369912207995,0.388536856432007,-0.4302662117771846,0.33646858652546424,-0.35541086643145914,0.28105729026350895,-0.2920661763934444,0.2520253907629522,-0.24156753249183252,0.2231192982770387,-0.3595138103561355,0.15475061695987288,-0.29051615845450507,0.10667014578376946,-0.273246442474428,0.1519744875146295,-0.27468043648171825,0.20114778112009596,-0.42620128449866723,0.130601841701165,-0.3922566172992091,0.042498098700615,-0.366361568962535,-0.01385820905196143,-0.34749043094954096,-0.06451990433680801,-0.5039565369960133,0.1377368283293397,-0.5079965820919249,0.04702080080547499,-0.4981293130941847,-0.007761975282369321,-0.4850196386160467,-0.05900516328974126,-0.5841435404658217,0.17350328502931428,-0.6320102031525557,0.10146374348405122,-0.6506695460003797,0.052120275724398264,-0.6561926970661608,0.006021787940667854
0.01698624297557996,-0.3822184042144459,0.10168773237371961,-0.45808519022102434,0.14025326770951765,-0.4515176355210052,0.17683446278230613,-0.4464003705435549,-0.02149941025284214,-0.4786132598165968,-0.05899615734984579,-0.4836709997398412,-0.09420930691276702,-0.48713702425256566,0.21841129588195962,-0.41759608515013985,-0.16044978361211043,-0.4555752171020072,0.07803799027453029,-0.27888346842873885,-0.058848847872265436,-0.29373342334781677,0.49980606879817185,0.013924567947234193,-0.49980606879817185,-0.013924567947234193,0.9179466406995548,0.5309109159366443,-1.0075685096781262,0.49939851727815177,0.45986432795229076,0.3567601913305828,-0.5026800262538825,0.31505661821533093,0.3588777113865884,0.269647894289733,-0.4193553382493014,0.16430091718765216,0.30196128040753817,0.22287193852625364,-0.3837006038325955,0.11383681311609972,0.3067401201128797,0.24430774372478192,-0.3826384294887129,0.15250722592835583,0.3819343895038408,0.41297432069059803,0.31762229640069917,0.3455433691391755,0.2420292569276768,0.2912602990718795,0.18106409152575328,0.26010851045848127,0.1217051577452599,0.24201985145374383,0.2810218565160451,0.23905793086101235,0.22194895660710512,0.13727491057811236,0.17705383794600305,0.15869688672364332,0.1462246699727167,0.18821727655705106,0.3432176804774541,0.23061667576073128,0.33661774616626217,0.09002352743363752,0.3155508588722281,0.04713662777301866,0.2986175700033119,0.013997922054437471,0.40849188999700686,0.25374305809102754,0.4481613415374987,0.11828684776011318,0.4678582077426659,0.06026890264666615,0.4840615631185921,0.010210823006905175,0.46590026008463586,0.29843557539451937,0.5379637759126571,0.19146856422199077,0.5763171512428438,0.15895646062524554,0.6086204447288031,0.13144008095010445,-0.5362559668181546,0.3149664196414995,-0.40479824144323234,0.2779540014567872,-0.3187530147463947,0.23106363390080814,-0.2559040059262249,0.19876609536236947,-0.2012521038491738,0.17055010303714557,-0.33545626753896296,0.11678061576567737,-0.25128647654093933,0.06691457861190937,-0.23458982767828193,0.1079025173801979,-0.23567003991737845,0.1478584308580328,-0.3942491011834437,0.08302282395376434,-0.34458517037699027,-0.011164941768982488,-0.31322491523176255,-0.06872068729125756,-0.28924602449228876,-0.12336176663118033,-0.4711310593476132,0.07998293199020114,-0.4584060929663539,-0.01118383861158755,-0.4463209608572441,-0.06342639325649349,-0.42828925006453916,-0.11256874908256106,-0.5530226274398661,0.10506950314732859,-0.5890386774740485,0.03917873787833224,-0.6045893187274481,-0.004941008972788564,-0.6059568488688807,-0.047992139374593214
0.010049075426456241,-0.36600551825578764,0.09814420063743694,-0.44744051483926445,0.13757277864651685,-0.4413722417799144,0.17446508019748003,-0.4365061672253873,-0.02939881257409379,-0.46564542060920444,-0.06741221932489437,-0.4699461367139178,-0.10358814616988282,-0.47276574183611636,0.21653020807329731,-0.4088148601302148,-0.1699536427284503,-0.44530325381027036,0.07330618290967322,-0.2638841954065695,-0.06398344025654176,-0.27600597760802437,0.4996553812136636,0.018560711845952347,-0.4996553812136636,-0.018560711845952347,0.9301758840427615,0.547954605618182,-0.9942299832815438,0.5287990940798157,0.4574527454165254,0.3291188884736195,-0.4940095033937364,0.25123363982882607,0.34168856722610236,0.22897311629881933,-0.38969580377753876,0.14033194262949503,0.2931267962111022,0.18265598025641402,-0.3576261509482674,0.08184847285822952,0.30125136688229576,0.20500067110350131,-0.3647905041512446,0.11553531582515159,0.3892484700737958,0.3406068613362152,0.27887065380896825,0.304010963824724,0.18936165621805823,0.24211516744420597,0.11903172315959464,0.2044821588661779,0.05943935764498181,0.17327989699904223,0.24452934933742188,0.14679568085047764,0.16715100961669183,0.10069104130613374,0.11024333905965669,0.12189964655641354,0.0684050819356409,0.15340714483580123,0.3108750163531792,0.1222602151863759,0.2817061918389269,0.03354985459694115,0.25061121732350194,-0.016308543378927502,0.2205965632277241,-0.05442265649779874,0.3815790263764453,0.13089593778424283,0.41020318790259397,0.04459516971785396,0.4316868089955156,-0.007440061780739043,0.4460743978866704,-0.057861913184841414,0.44999614458479625,0.1669055216085402,0.5164538615062143,0.11835206341498015,0.5619906314359345,0.08395629264462343,0.598481146617295,0.04757600893923361,-0.4635974791147459,0.2731671057903007,-0.35616430666127774,0.239539491676139,-0.2740357090388964,0.19558518853617926,-0.21709660562579106,0.16455004901674466,-0.1643410161942833,0.13892543056021575,-0.28298359540021534,0.0764732812864441,-0.20312725556333897,0.03302147088415767,-0.18204360241033,0.06155410478257575,-0.176282297601032,0.09848251515166917,-0.34551341759931753,0.04285397999372249,-0.2978108979087931,-0.04784245218476536,-0.26591546796220283,-0.10167507154410022,-0.24047598296649517,-0.1454270094371286,-0.42420578925080626,0.04251003700664022,-0.4138704410360081,-0.04769784372846441,-0.3990896383723607,-0.10005147360658952,-0.3760287460030787,-0.14418147169136042,-0.5065216851312588,0.06945665384780784,-0.5528855807942645,-0.00097545764085643,-0.5627464920437495,-0.0436611895923078,-0.5544617263760548,-0.08056275647550105
-0.0065396603731334895,-0.35028839082353186,0.08779425022363302,-0.4413047707229987,0.1302264652164109,-0.4356472158057655,0.16854917943665945,-0.4308307474451289,-0.045736028474560646,-0.4571636418238096,-0.08376944219464988,-0.46091556576217135,-0.12056202314853114,-0.46343630323426926,0.21482221477416497,-0.4033033048403391,-0.18246631230743188,-0.4398739323973407,0.06339760718878402,-0.2475021532706727,-0.07487643862780677,-0.258974834087254,0.49937160246742757,0.02505998102779614,-0.49937160246742757,-0.02505998102779614,0.9376794713435632,0.5735232853760374,-1.0245838725218912,0.5365591949791128,0.4306172013738886,0.30529419821394077,-0.46470191548657225,0.23304234965441942,0.31298225502033133,0.17417522900728613,-0.34906623117005975,0.11878891817118573,0.27075694873644685,0.13507691687226353,-0.32540332641811714,0.06442015923194429,0.2805498016411976,0.17208853078359182,-0.336372054436241,0.09920356635434278,0.3621433394622111,0.32179255705233234,0.24369828090967605,0.28376471871661446,0.14812911293107295,0.22019259314718984,0.07654772646675105,0.17968344327171454,0.007870141780106652,0.15752589230004418,0.1943271018249764,0.1148167665501545,0.11818274999258638,0.06782238267279012,0.06811137342937326,0.09467741622275869,0.027877983834869637,0.1329911036302155,0.2597336173507493,0.08995099474462806,0.22443860233865331,-0.00431477226537715,0.19103143017433913,-0.048016493429701525,0.15805577506073676,-0.07896270863212201,0.3336510013685143,0.09813096859908706,0.35632033722621137,0.0026605645722055137,0.36241201989001276,-0.052364054265072256,0.35974787114213996,-0.1044346043671655,0.40879231500304386,0.13319376442720687,0.4732517231709994,0.07440452216494364,0.5171207943646298,0.035157533113350944,0.5496907738915908,-0.0045638061006320705,-0.432638499453925,0.25519715718298636,-0.32816030974068167,0.22624781456716575,-0.242937550686559,0.18278371097485965,-0.18360793863109517,0.1497848693421255,-0.1295219313278308,0.12858486851169834,-0.25402539723426826,0.06928277938543287,-0.1654007687319583,0.019175118574723475,-0.15007102815744064,0.04941361395463736,-0.15771532262142415,0.09313268075922825,-0.31361280444328493,0.03633084177995,-0.2517789598234257,-0.06081916891335056,-0.21925880476314852,-0.11961531403245455,-0.19879422368075558,-0.16707298580163113,-0.3905893045176444,0.034689908811472124,-0.3666211695959099,-0.06438228201748476,-0.3475197257432368,-0.11926486130053932,-0.32351105866210406,-0.16326632574844877,-0.4746289316088946,0.05667966726301334,-0.5140309694449103,-0.016605397368505588,-0.5241620623348581,-0.05996055972015822,-0.5186448212576379,-0.09672384778154859
-0.021616430866938974,-0.35408458026110695,0.07886603086027966,-0.4485195848693018,0.12349527749642096,-0.443123565025553,0.16280288545779056,-0.4383468127150902,-0.05996130931805359,-0.46346206652323,-0.09892232011573501,-0.4672381944578747,-0.13673358069973454,-0.46989297060926544,0.2134667758411465,-0.41010727718497886,-0.19512793278300178,-0.4478965914619436,0.05502825204651487,-0.2457562001752288,-0.0902583906482818,-0.25870456676324427,0.4992176896816375,0.02795886816250492,-0.4992176896816375,-0.02795886816250492,0.9337187603173315,0.6058617281200529,-1.0620318695260726,0.5380908243762024,0.3882194296667817,0.2573050474234057,-0.45585678510464556,0.21865819067334738,0.2444053436366277,0.14868463984860583,-0.32279482611558047,0.10431184239860192,0.22014645017773155,0.0997015730466805,-0.29937089194875743,0.05270112562603069,0.23279552002777976,0.14153359700440396,-0.3123864605825378,0.09052492695690724,0.3189523679260646,0.29615841690173417,0.21255838956735865,0.26416492609097086,0.11554517097620702,0.20055325980695235,0.038693474864304925,0.15813709149469624,-0.032398474306925974,0.13899945738547154,0.147143010567523,0.08392303077911714,0.06976308437715326,0.04945434443456478,0.018590839370391,0.06762488703462075,-0.021491568648032956,0.10105270221021372,0.20953312210880382,0.055540919969995814,0.16712308188194777,-0.034163811617310455,0.1285900922276778,-0.07875098313892957,0.0929431101047159,-0.10633771826910543,0.28286250349075626,0.06088972195078256,0.2999448583058247,-0.03216565261490471,0.30024292823159743,-0.08898259684098808,0.2941513967485493,-0.1393713177928685,0.3566266336386607,0.09546692204750828,0.4202733245908651,0.03919446861454427,0.4591988941473723,-0.001976258132859637,0.4858574322586937,-0.04204376265499496,-0.41793585899038643,0.2125657055304086,-0.30786970158232985,0.21596829134320322,-0.2198117576360788,0.17641732019243747,-0.158244687467902,0.14293170853123735,-0.1151960293131525,0.10648593535719547,-0.22449989248331018,0.032421863555371765,-0.130457845637558,0.007492641884134689,-0.10654991134126376,0.03529384196090312,-0.1081394055704378,0.0797114407747503,-0.28351504428300783,-0.0032853657767061015,-0.2160241794542856,-0.0766403209145401,-0.17693476231358074,-0.13226434931269096,-0.15071524121793256,-0.17488325969945898,-0.3611427949724069,-0.007478004694697756,-0.3340283364431403,-0.07866074428640142,-0.3116351971446222,-0.13609600185850848,-0.28442441179582495,-0.1807087092487685,-0.4484775272602087,0.01171813631145243,-0.4835502983332309,-0.035387261437639206,-0.48892909736876816,-0.08099759432946417,-0.47777801064568265,-0.11741010726178873
-0.029826587880214236,-0.3619310550227885,0.07276843034767798,-0.4572712319408873,0.11815970273009574,-0.451752046340076,0.15807063782306785,-0.4468573900729911,-0.06788176546925688,-0.47289550541058395,-0.10769578765230606,-0.47678417056599026,-0.14620892262408272,-0.47976514330958264,0.2123522146114761,-0.41741378833966486,-0.20465452102931322,-0.4574658430417001,0.04812686792033298,-0.25136857610408236,-0.10283914822262182,-0.26584486118607414,0.49927762000470505,0.02686741823170464,-0.49927762000470505,-0.02686741823170464,0.958989782348904,0.5980212970196207,-1.0881949393003052,0.5263933184215968,0.3521131952158197,0.25509223987043017,-0.43867430379012196,0.20141038823562857,0.21004847741239285,0.12468266217867895,-0.30826689384640593,0.06911876776421698,0.19419411661937583,0.07073635417016613,-0.2836730949790516,0.01930913511767685,0.21173747819333766,0.11103337034089605,-0.29777387717984055,0.06198398205637292,0.2975585505595812,0.28698869537186084,0.18844733811713918,0.2470701790559132,0.08858879309412528,0.1791285936541729,0.013992274848353812,0.13877864030767,-0.053344274664839965,0.11744154018930839,0.11656699601709637,0.07985551732948767,0.0386020564930358,0.023913560777971563,-0.012852693586295276,0.04352793922680701,-0.05399818274533046,0.07752302944465499,0.17139487415001317,0.05110677540044977,0.12661302137446995,-0.06072392945538254,0.08262730953692114,-0.1080141036019147,0.04181413280590577,-0.1399807668890973,0.24049236637992727,0.05492586621119218,0.2515442018826939,-0.05446699548260781,0.24429725957556817,-0.11802846842261668,0.23153635147641155,-0.17626388868668924,0.31263412615475766,0.08444790561441502,0.37332908490728056,0.010280344103512399,0.41163934023159227,-0.031338530899607746,0.4381857171268029,-0.07289439865337856,-0.4055157172648169,0.22516763899536804,-0.3003391591339208,0.2071392885877806,-0.2103270211906747,0.17106708401931553,-0.1473791760368509,0.1340822905812425,-0.12123855843657022,0.08717126856275964,-0.2079112192344547,0.045965862411250405,-0.11633092193703139,-0.013295361086672534,-0.0951004352581846,0.02215998218574351,-0.09825375407752646,0.07337184948129251,-0.26657318343169534,0.00939255525766141,-0.19365855499990658,-0.09368401935877232,-0.14877688377205023,-0.1502555678328429,-0.11391613677061989,-0.1939704039297873,-0.34374196538941143,0.004047506302278986,-0.3085612356300232,-0.09393115189837561,-0.2820814690380103,-0.1550455969593294,-0.24910733646321126,-0.20206166185539318,-0.4300959707666466,0.02305932417932612,-0.4620646331562319,-0.05008808403882586,-0.46731566840332417,-0.09802329721022163,-0.45472761450289567,-0.13916435184144338
-0.03798634391341157,-0.3658348529465537,0.06695059483151336,-0.4599510837469626,0.113771023536172,-0.4544388841716546,0.1530910330389924,-0.44945028087094785,-0.07354938228150042,-0.4755636061851857,-0.1131939454073182,-0.47984839955315123,-0.15176107690216123,-0.48367350253206237,0.21316557057911256,-0.4205683422359934,-0.207341823942377,-0.4637958609110641,0.04672703501887424,-0.2526321738913944,-0.11140166939606108,-0.27095536706196915,0.4993300218951623,0.025875262977924696,-0.4993300218951623,-0.025875262977924696,0.9711645013174969,0.601619209736268,-1.0938980318322564,0.5359912930017183,0.34076886104680604,0.2293635291532632,-0.44916207049219237,0.18536162703628387,0.18861369002459027,0.09176368658463725,-0.3212043629604966,0.052198008019964666,0.17369136054129167,0.04003954939269476,-0.29700342479287856,-0.001121099870180106,0.19285955761803833,0.08361444186737983,-0.30828485613855927,0.042851690087328975,0.30223487984968234,0.24549946004570383,0.19476837617736828,0.223791180100082,0.09482163720641139,0.16299541228663442,0.016711647323512775,0.12048555529760126,-0.055816414666637025,0.10524618500665245,0.11448248714954815,0.051382398003838495,0.03455909146222854,0.004309632613707091,-0.015065495570757953,0.020028508344188456,-0.053088699234466526,0.05255665104259977,0.16992424710584145,0.01770723622229937,0.11555832230726161,-0.08432355772596,0.07109203429163588,-0.13160114124449337,0.031920027251154545,-0.16218355867818182,0.2427001380922557,0.018280839674055117,0.23968036196346432,-0.08146680969020201,0.22887054760120168,-0.14232070791239826,0.21646069139037738,-0.19654623697417803,0.31908593685298087,0.04800792308046928,0.36834464977856063,-0.016788512815533417,0.4009455728756475,-0.05955568373020683,0.4238023744674666,-0.10019503751818057,-0.42188106585262203,0.20622997422609307,-0.31257974485214757,0.18453897375576972,-0.22071735865588699,0.1448688670577716,-0.15810696420552448,0.10742997260768848,-0.12124054628489503,0.06028010695005684,-0.22848166549679425,0.01987111486266543,-0.14189477823731014,-0.037242997789905904,-0.11340505551857341,-0.0036323523101605233,-0.1081746334738799,0.04544952772418542,-0.2862991654862435,-0.01416738545110077,-0.21621990565850088,-0.11602416381388152,-0.16614802438178278,-0.17388101217371155,-0.12721398576742277,-0.21728085605080777,-0.3626483392721513,-0.018443679946704834,-0.330146491427455,-0.1165526903735543,-0.3047269746105275,-0.1788108276943268,-0.2737500404609213,-0.2251278038605338,-0.4483987684529208,0.0033358778345231807,-0.4796360216543062,-0.06836699529993281,-0.4842503928405325,-0.11833266414968042,-0.4734544771866621,-0.16149294312739404
-0.03891599622123107,-0.36633610773827063,0.06550801412643871,-0.4604373378562494,0.1124286147429561,-0.4549422894269863,0.15197537130959515,-0.44994225442433766,-0.07350444269484027,-0.4760297204382319,-0.11338481058838612,-0.48035374612254134,-0.1522068317879533,-0.4841799861170972,0.21611388744532609,-0.41998212475518554,-0.20455439593053834,-0.4642014133739746,0.04801587949400996,-0.25306096600016625,-0.11262483458819028,-0.2715715079423665,0.49933787518641676,0.025723265817435857,-0.49933787518641676,-0.025723265817435857,0.9732871765950536,0.5998458054188199,-1.0743161936851637,0.554411824905772,0.3461828354298749,0.21720385673409465,-0.4488819092908403,0.12985284795317426,0.19075284834889367,0.07287382331196478,-0.3102890759053543,0.010924079405807382,0.17531256433947418,0.02222448178586779,-0.2818968724851533,-0.03831244164459477,0.1938557156141918,0.06634114968099987,-0.29485217499671473,0.004109480709850822,0.33041201056281916,0.2019867218287127,0.21431276218011608,0.1992773695515354,0.11231264956622286,0.13686789983939832,0.026838232461967013,0.09527173600031326,-0.04910937284609092,0.08668918522179404,0.13822666023404154,0.013103642898309087,0.04420350081514951,-0.00872186874813592,-0.013201892968407437,0.008431579906216182,-0.057028647921706435,0.04043092055796371,0.18865936248920365,-0.021472129610609538,0.13496401288799884,-0.10452244918286269,0.08724481253738177,-0.14925192819426497,0.046844386873947985,-0.1746140010159357,0.2577543888269568,-0.020894284421459276,0.2574040686138735,-0.10429794285610768,0.24605132214674633,-0.16194081151940926,0.23422757287103974,-0.21233792408736038,0.3305721776884406,0.010054792715685108,0.3818608283046551,-0.032536548863089126,0.408274951493853,-0.07753761568710002,0.4258103146362472,-0.11918227063736363,-0.4272279760178142,0.180180118472461,-0.32544301802376396,0.1598944114476565,-0.23159552046427767,0.11704095579373036,-0.16451586807553217,0.08039934304680862,-0.129701505649843,0.03395886081597201,-0.24674293487736426,-0.012474323879524877,-0.1626610830729521,-0.05850964727561842,-0.12884811847811325,-0.026375358492761552,-0.11755109919883276,0.02168233988588884,-0.30861326986578624,-0.04467452224513059,-0.24986849355171165,-0.1443368466112005,-0.21170824445470152,-0.2058064721316771,-0.1837633621376206,-0.2531097390364098,-0.38671880260277014,-0.0444976978887711,-0.3636923554413114,-0.14199846614713807,-0.34603792594646915,-0.2025180041985928,-0.32210568307941445,-0.24927997497854157,-0.47200581126585206,-0.01709181349389999,-0.5059249603549251,-0.08873483349337348,-0.51240059114774,-0.1377718455727832,-0.5033969382971449,-0.17986466740136187
-0.039680947796557196,-0.3651738330774659,0.06405560986789838,-0.4597447655057095,0.1110169524743364,-0.4542280754328964,0.15108085024701018,-0.4491705191437327,-0.0745822000229312,-0.4750907253774398,-0.1146795374333813,-0.4791623318945964,-0.15376150007982622,-0.48254790629494326,0.2169244416511529,-0.4184187103314862,-0.20589427322214932,-0.4622834858024833,0.0472216805773747,-0.2514803398783453,-0.11409339914975937,-0.2698189584065505,0.49914553825807284,0.02921868643622971,-0.49914553825807284,-0.02921868643622971,0.976318967403006,0.6042094795101925,-1.0935918243157452,0.5478405466049321,0.36131906466346064,0.19554281608530105,-0.4486543301589056,0.11872280527445626,0.21693615497059998,0.03879215245238333,-0.33350739349468445,-0.025582078596926305,0.18866227999493218,0.0059905127368981214,-0.2995985617046895,-0.06013986606919081,0.20053958591426962,0.053528641863851145,-0.30543075570454487,-0.013261744708179212,0.35539817060746975,0.20757702380787718,0.24286320971769346,0.17774395487419747,0.13846522735349237,0.11131214701685349,0.047368097070463175,0.07187746231544576,-0.03225262509753021,0.06629162587299348,0.17256969047070422,0.012912045445331762,0.0799403824341943,-0.028805980850227408,0.015470272197475113,-0.01592473009957103,-0.03493176353428856,0.010192382701776661,0.22038912818889436,-0.015517219937517032,0.1784452426449645,-0.11874377589475668,0.13063166158649792,-0.16479412452742354,0.09053678019464155,-0.19406136456200646,0.28202896038308645,-0.010252838544084162,0.2815230205527755,-0.11496811961814601,0.26715002189318154,-0.16966365370078554,0.254282940480566,-0.22017942198589022,0.3463037226793495,0.024132366390843152,0.3923516152934226,-0.039777393757488386,0.4157907232050552,-0.085284773356431,0.43353583539385726,-0.12842502334227412,-0.46680449649116795,0.16932160588048012,-0.3623539931139622,0.14234110808117845,-0.26891504910179975,0.09417508835450986,-0.2004836642601352,0.056222988723439976,-0.15082183474762398,0.023195300835076885,-0.2902958245073692,-0.02812670278455047,-0.20969156135483563,-0.08855071131258654,-0.17045704216881788,-0.05851700455224883,-0.1488126226134356,-0.009339105164958445,-0.35297011284079477,-0.056913980108563994,-0.3006999915817293,-0.16311458565831827,-0.2703677840999983,-0.2257362585164856,-0.24963350835810474,-0.27255779698758753,-0.42860150511452194,-0.054318440766246485,-0.41514573493743706,-0.15949809827903283,-0.40684987090129743,-0.22370607576199683,-0.3922666937274313,-0.2739470533513632,-0.5095210832695906,-0.025446997574270484,-0.5506262384637574,-0.09918678321954809,-0.5639761164545505,-0.15054014830737247,-0.5627897650115194,-0.19561167906817944
-0.028032796353125278,-0.35487705639672595,0.07153116787297409,-0.44962882012482186,0.11826605440203902,-0.4439799066707151,0.1586552007664272,-0.43881429688008616,-0.06943420012594999,-0.46435670133998175,-0.11043943317090327,-0.4672606905482042,-0.1495954590770351,-0.4685069756565141,0.22621940497163662,-0.4073159300777837,-0.2040821461642694,-0.44417529280784124,0.055872432247370846,-0.24111449618441952,-0.10624473999915415,-0.2579531254097891,0.4983410560338773,0.04069633731725718,-0.4983410560338773,-0.04069633731725718,0.982070723799112,0.6155814516031447,-1.0785924728645746,0.5686672815663286,0.3817454441880976,0.17417149298425644,-0.46159524533106344,0.1176228251742474,0.27741151999582137,0.007154703174983721,-0.35370426602540583,-0.03570608255953624,0.21838577522176728,-0.01488187920787301,-0.3074982385315869,-0.07052724491924772,0.21553292925835735,0.03542327935766577,-0.31126938986851865,-0.02149725792436666,0.39238684830727616,0.20093338950132433,0.28376275332382983,0.1710237209757612,0.18193390103023876,0.09677679944838839,0.08630398884677012,0.058437928942704775,0.0044787749547398874,0.04625276673699475,0.2500065767552408,-0.02377993310378076,0.1585182505219849,-0.05594895769516432,0.07974496240928282,-0.03364510450330611,0.012209549956708572,0.0032348575892453555,0.2866790461727893,-0.03582162062087011,0.2423376721228512,-0.1320971767032972,0.1966192102295779,-0.17983693328321468,0.15556406516607615,-0.21580602471468469,0.3335875179262316,-0.0203431795294502,0.3311994388233771,-0.11217224207292001,0.3204911798761962,-0.1694666933003592,0.30733315950249773,-0.22470802737771536,0.38023487474871687,0.019448833296794903,0.4150145037774631,-0.035325633643958985,0.43963959731581936,-0.08416260224452927,0.4570692151479108,-0.13272784867960513,-0.4895386610867215,0.1604607544077811,-0.3923263185718104,0.1284207350789812,-0.3014008272333885,0.07370058855014919,-0.22796651504025833,0.035416744387495286,-0.1725677734205349,0.00738835203600664,-0.3458032258543043,-0.04905096477021346,-0.2675745904047049,-0.11316801999136142,-0.21586299260682304,-0.08398909405101732,-0.18316531671366804,-0.03767576045280483,-0.4060997385770526,-0.07226537727910519,-0.36792312989011267,-0.17587712019875248,-0.3433805285114446,-0.2403643005507906,-0.3305947173083259,-0.28932041396983144,-0.4753178534164716,-0.06385235749951358,-0.47432030517172175,-0.17396237393880098,-0.47084445871872577,-0.23929521731478465,-0.4611671149933667,-0.2896045431076785,-0.5467183662780503,-0.029398695518918192,-0.5933867040002198,-0.10237698475535442,-0.6088238188983023,-0.15144665511982147,-0.6088611345250728,-0.1943851975283989
-0.022220655561715916,-0.3545990026737019,0.07801512311479855,-0.4483353394073255,0.12544260251492953,-0.4426754357122328,0.16685429632738735,-0.4374298700117548,-0.06524663345023744,-0.4628221145095973,-0.10639429815309942,-0.4654173367607924,-0.14647374548040065,-0.4656983262390306,0.2356514590850479,-0.40539959449130025,-0.20661178249939288,-0.43430549378721417,0.06098443564062334,-0.24092632429877045,-0.10223529179988816,-0.25586226332115586,0.49791783373770865,0.04558322987621106,-0.49791783373770865,-0.04558322987621106,0.9901627186243916,0.6197124720641954,-1.0712953966204395,0.5788650520437876,0.422429936785859,0.1688964720889708,-0.48918505426330683,0.10371041509841139,0.3345845289970751,0.010525957326454774,-0.42609467442193033,-0.08196303004819402,0.27157466326526497,-0.0196557809364343,-0.36961979118078425,-0.11612454739791046,0.26780850859695576,0.023339896967658688,-0.3504143652015873,-0.06209729308758274,0.4302707811745894,0.2092967112756728,0.314935274944079,0.14798574328827557,0.22372107842373648,0.06706992072077914,0.13181684263537047,0.0253682808309124,0.05104165773144799,0.009596567238039859,0.31239325131701723,-0.027487389667548413,0.21480697545761296,-0.07207866059956802,0.136423393098207,-0.058726276895453226,0.07578721671257203,-0.033308972976526734,0.3509382683043791,-0.037556770086866774,0.3201301024630847,-0.14158644374675067,0.2846676867253091,-0.19647591365171305,0.254778753028926,-0.24112846711941552,0.39213835414163856,-0.02105814855716999,0.38364782642446743,-0.11900571384177865,0.3712276912978646,-0.17856566908238117,0.36133903411559304,-0.23549462331659074,0.42756789249683413,0.01747947493141179,0.443687340852582,-0.04044738251557416,0.45588413269773675,-0.08255883445898533,0.4641766095682258,-0.12600796401683745,-0.5198261007731652,0.14885111025234912,-0.4198938493067093,0.09662822251160559,-0.32878579801483654,0.041316744332951405,-0.25613272403122,0.006243178395342041,-0.20741654246317723,-0.019405472574504222,-0.4059846320477419,-0.06778754798778033,-0.32901219035132145,-0.13405508723983126,-0.2715108236754313,-0.10840395891276758,-0.23196248362235855,-0.0639500704373088,-0.46386186171147736,-0.08502901671059043,-0.4455098182178795,-0.1955149849002609,-0.42842548643165,-0.26082650605300095,-0.4206731687175301,-0.31156416346897964,-0.5241893845475701,-0.07410789105001744,-0.5387519221866263,-0.18544024007777257,-0.5431080690045628,-0.2488246155227788,-0.5405302835368596,-0.3014400144265976,-0.5813383161386142,-0.04068632825976162,-0.6345457993722933,-0.11566614102971648,-0.6461530754826702,-0.16030059073313777,-0.6413017430701579,-0.20008380330701658
-0.022013710776456433,-0.4042251918552267,0.07801106022794818,-0.4880828411974151,0.12730191637142887,-0.48221145131385035,0.1702028254603318,-0.47659268322014975,-0.06687859086563132,-0.5014978945442142,-0.10933116356643437,-0.5033547319886249,-0.1499556888631861,-0.5031215759188701,0.24113167995040435,-0.44196134073228915,-0.20859778082020783,-0.46576032239206266,0.0629335382567937,-0.2899750648489012,-0.10070520606511751,-0.3031561931098425,0.4991688812125081,0.02881714817696293,-0.4991688812125081,-0.02881714817696293,0.9728174343454947,0.599444015021974,-1.0563914128726568,0.5739636277163067,0.4797656436614878,0.12627378990510765,-0.5342149636974649,0.05464830295265094,0.3990441381147021,-0.027920956035827622,-0.5106727853526161,-0.14564434427174675,0.3466947126752176,-0.06266837189174793,-0.44885917485944965,-0.17680997150052527,0.34601028834347,-0.018593079086417878,-0.41049594141382595,-0.11197489673832901,0.4542573795220835,0.16424299872491202,0.3518382768807167,0.09453380377433585,0.280617196271471,0.015071658223368452,0.2101462908707869,-0.031415076827217454,0.146606719861254,-0.06541760446028486,0.38275829959157176,-0.08518660529533603,0.2957348993340118,-0.13404085254628895,0.22467569661446596,-0.1335507009075837,0.16501792663929177,-0.11805810249478786,0.4237370529308081,-0.0872467994355068,0.40294324201138026,-0.19912854909834937,0.35492299272422545,-0.2544399361858873,0.30296268943290316,-0.29205856978969674,0.4652035547334275,-0.05940755136063219,0.46276923425910477,-0.16560886745100786,0.43665498543046777,-0.23269408333083744,0.40624270560167614,-0.2909266742129652,0.496310256103307,-0.00875121099910719,0.509731701896463,-0.07039198512310477,0.493296481995308,-0.1217942711046244,0.46432802990006267,-0.17222365558872577,-0.5638056459471207,0.10534501665958802,-0.4667546602133545,0.04430984271677166,-0.38201706419520853,-0.018773797870643382,-0.31066457795934777,-0.05844666573982466,-0.26448083525337823,-0.08907378944241634,-0.47021234886686053,-0.14279946532538834,-0.3974696737706438,-0.19434325026987603,-0.3370666310645652,-0.16779027775442776,-0.29378063716204134,-0.12581487954559034,-0.5199655759423225,-0.1537540035868534,-0.5232349517775851,-0.254464640828199,-0.5108309142888134,-0.3158747101212704,-0.5039482201661825,-0.36193151710672405,-0.5688400098659814,-0.13708221510698615,-0.6036568294252054,-0.23683350475973036,-0.608735892405058,-0.29855118049403667,-0.6060693290676029,-0.3506898955212752,-0.6117140995182891,-0.09980790846333401,-0.6693582008275294,-0.16456271716977056,-0.6731314744643399,-0.2064306453782015,-0.6580082921620646,-0.24456778808951754
-0.022583206747771045,-0.42752895166395144,0.07440234840680912,-0.5097363539576079,0.12394352405694864,-0.503972639024805,0.16786794875811828,-0.49839543104276285,-0.06821006534287538,-0.5229473438347739,-0.11058867541053047,-0.5248364787553804,-0.15145834526781823,-0.5246011617129276,0.24149646798759145,-0.46232181362452973,-0.21031623207793054,-0.4825153636764483,0.0627828295212912,-0.3147531377710114,-0.1010054009863854,-0.3274227043746248,0.499665560844274,0.018284619388359367,-0.499665560844274,-0.018284619388359367,0.9572507404746851,0.5886029293873971,-1.0304384335745373,0.5838422028909265,0.5094393764975569,0.08437845762143545,-0.5964232708789865,0.031099354773626117,0.45182623686033524,-0.09083524100646533,-0.5719734905352977,-0.16761671749093882,0.4075062854519336,-0.12480764705201751,-0.522913720183141,-0.1998617508879541,0.396794653679483,-0.07828968891017342,-0.48878954677495123,-0.1358151475512469,0.5155246243406951,0.11828270386968116,0.402942978549507,0.04620651482318338,0.3481312833761591,-0.035240061379194214,0.27883279180372844,-0.08531407244381134,0.21448575895632688,-0.12270949237493955,0.5152020989728833,-0.11445932196128829,0.41273216751554276,-0.17741425172116046,0.3204335456188881,-0.1867362029307384,0.24398199818362673,-0.1796710634557272,0.5436459361390337,-0.11559891612834931,0.4939950508678737,-0.24246121934267004,0.42824717809269963,-0.29749653848481483,0.3706854272562128,-0.32843165651850226,0.5475192061462324,-0.09095976558101627,0.5031007044743063,-0.21829352833605764,0.46230944128518425,-0.2720891390757878,0.43723056387501247,-0.307913320429021,0.5139077597781949,-0.053539587536733,0.48246034315559444,-0.1340122793732138,0.4643035712738048,-0.18257007238078982,0.45500151284513524,-0.22375142815162744,-0.596925026190675,0.08034635231965692,-0.5041369728026994,0.006339150009810979,-0.4312014986524831,-0.07322178463836354,-0.36474418138354725,-0.11902835752733285,-0.3076675232873579,-0.1442165967135229,-0.5587605555603,-0.18165873720099088,-0.47740631531144256,-0.24477188714262288,-0.4055059450341515,-0.21338593076698262,-0.3550684297876671,-0.17307811067291198,-0.5997323644982278,-0.18755775061655258,-0.6014896225435059,-0.29352060232794147,-0.5966861467008441,-0.35657552627687705,-0.5982674772261267,-0.4117261265103348,-0.6345327165663663,-0.1645982991905129,-0.6577049717453403,-0.26102001947472026,-0.6636744556631001,-0.32310039123505657,-0.6685943770525428,-0.37757672323367586,-0.6593720306560998,-0.1212580139724916,-0.6811616656509004,-0.19312149448846125,-0.6838806691682311,-0.23910904316471895,-0.6786377084244275,-0.2794001727304177
-0.02079725581256046,-0.43100530420285377,0.07335945989635968,-0.5131684915380647,0.12204232031215166,-0.507383193312354,0.16690506218874207,-0.5018141743111434,-0.06732572886961935,-0.5262839256314517,-0.10962419858514828,-0.5282450983372989,-0.15050067882192716,-0.5281204421462237,0.24267452549068508,-0.4651832855479811,-0.2084983033077995,-0.4859878223375977,0.06532634325063179,-0.31968776536316507,-0.09869413265219636,-0.3319695031508148,0.4998247572781924,0.013236767422450111,-0.4998247572781924,-0.013236767422450111,0.9143682121476674,0.6043642440004081,-1.011401330977335,0.5869038207073489,0.5580921199744668,0.07680204267223399,-0.6280044518861944,0.05437485608763176,0.5252567703447394,-0.0951416022362125,-0.6277872937868736,-0.16149661560770917,0.4864437874175364,-0.14152318524608504,-0.5897602654567914,-0.19744793022375884,0.4615340500743187,-0.092312087501589,-0.5601785841244211,-0.13433456420763407,0.5536448730670408,0.16080820095074283,0.4929605062108735,0.026926665719005014,0.438347314415662,-0.06041652143390009,0.36060016182904636,-0.11217429971704009,0.2893011207083395,-0.14950421114320994,0.6216775038567057,-0.07093190839449381,0.5571161758552368,-0.22531169189582193,0.48090301274342945,-0.22050272871428406,0.4293482222367406,-0.18992057272253482,0.6105632995505736,-0.05939580087157501,0.5721231980146861,-0.25275853211658966,0.5258263479861247,-0.30659910962834697,0.48902369657630235,-0.33693190437232773,0.5671740214507273,-0.03477616613644628,0.5332093564522893,-0.22127109168898737,0.5140954723082327,-0.28832483452978463,0.5071802055359029,-0.3426549478009274,0.4925003760449108,-0.007452889313575662,0.45888787913778006,-0.12812872847490894,0.45367665419029474,-0.17894300940905558,0.4572897779723834,-0.23313752059072998,-0.646799356954346,0.05997449172699112,-0.5529411951993795,-0.00974385306021454,-0.4948018604218103,-0.09895996161317232,-0.43101356249226647,-0.15157357232692498,-0.37188127836046364,-0.1784760495651059,-0.6453097954982965,-0.19030143663420165,-0.5798974246171694,-0.250965848061008,-0.5026029631140981,-0.24023730393597242,-0.4489884868160239,-0.2130732979111843,-0.676154212557459,-0.19468235746301327,-0.6666831528019103,-0.2891277454962912,-0.6626792018084455,-0.3587307098878594,-0.6670599067153523,-0.4165991825458164,-0.6959665029185492,-0.18215178260263346,-0.681698775310097,-0.27649539690073666,-0.6776870058177801,-0.3482832896621794,-0.6790829010566108,-0.40161512722674547,-0.7022027076739671,-0.16197609548376923,-0.6977387188991623,-0.23830672110688453,-0.6991514239105253,-0.3040911795246394,-0.6953059929812896,-0.3554935093037097
-0.01849825104973792,-0.4327201143100279,0.07550448107164974,-0.5143727832623517,0.12408805814440434,-0.5088768777914795,0.16893448219758803,-0.5035218037961391,-0.06554772024398728,-0.5277731308372854,-0.1076746027811465,-0.5303350390704364,-0.1488936978732435,-0.5312174033726114,0.24385721905935437,-0.46513178036938446,-0.20723633287444454,-0.4885281746305463,0.06743667445597142,-0.32317786573145596,-0.09628160582736572,-0.33528320053469146,0.49986346741800486,0.011683918043583538,-0.49986346741800486,-0.011683918043583538,0.8491866598432798,0.6157621875064546,-0.9379049051541066,0.6207639336990088,0.5839518596014033,0.08461453857598493,-0.6693911562829631,0.0446007649749953,0.5737128480043447,-0.09311213836255555,-0.656701236147903,-0.14912152646200802,0.5400590728232288,-0.14370429067798943,-0.6287447921863154,-0.1892235707826179,0.5118385024908354,-0.09462449696275259,-0.599335457245851,-0.12886305341513724,0.5752031634170672,0.10128575227811162,0.6361995042810354,0.00861374289213087,0.6560748177447379,-0.07192589204731227,0.6301236180552778,-0.1354974650266384,0.60306183359599,-0.17181611461884186,0.6875485706694837,-0.11301880213733284,0.6639165102417885,-0.23980288906445546,0.6229326404524753,-0.29314328802449174,0.5895085062999831,-0.3194490401382643,0.6438981609838069,-0.10842431607958583,0.61466615124036,-0.24859126298624568,0.5843082734504359,-0.31268883540357517,0.5601961613844065,-0.35651108398183107,0.5802096121562826,-0.092151055388666,0.544446156979271,-0.2214060366771004,0.5397473331674779,-0.2894399835439095,0.5431858744740605,-0.3407912542511051,0.5011451073226352,-0.06995660266319874,0.42755201552933253,-0.1451433679260489,0.3904116938778006,-0.18212399893054307,0.36511630350813845,-0.21342610890215388,-0.6841638147403389,0.05060190030278371,-0.7449790095881276,-0.05936764321876673,-0.7390749622549492,-0.16258903228144744,-0.6748960749682692,-0.22395844184720687,-0.6150915357737573,-0.24331373202595455,-0.7785888943337386,-0.17329673102907558,-0.7423238341795287,-0.2948637832993094,-0.7284810063546896,-0.35271818619038015,-0.7150190848094105,-0.3980155648744316,-0.7162878906804444,-0.1650903952263351,-0.7026044595934767,-0.2919414444585193,-0.7004330586726523,-0.36485751648718745,-0.6985734953773008,-0.42577714705874437,-0.6402511401085763,-0.14799644217330796,-0.6060752842783415,-0.2583683473435602,-0.5879345247445794,-0.2692385778601672,-0.5805062644748288,-0.2648247479699892,-0.5613355492525346,-0.12572625885265043,-0.5046477208274771,-0.1755195660540073,-0.4676368171788512,-0.18624901407994363,-0.4318866858840464,-0.18966766753293812
-0.021707840046649083,-0.43867160527741833,0.07422785512317341,-0.5177912118868067,0.12278886122736449,-0.5119718645983741,0.168641707244031,-0.5061399474564542,-0.06585207676608087,-0.5317932863573185,-0.10765634123241509,-0.534560831579428,-0.14890109875573432,-0.5358999168767076,0.24267180986903636,-0.4661703372355114,-0.20687989437853604,-0.49272514247937593,0.06635081292137056,-0.3284068214959693,-0.09712290298540092,-0.34345011532620473,0.4999272231390081,0.008530625095522925,-0.4999272231390081,-0.008530625095522925,0.7637766312546403,0.6447868737188456,-0.9023506371418647,0.6316615146269717,0.6300044222125517,0.08777140302870884,-0.6738218424627552,0.06030466390643536,0.6054011606754245,-0.07878284340867929,-0.6763988603780712,-0.1306658539415552,0.5721979421767086,-0.13464970569518983,-0.6496646625401479,-0.17311899997845484,0.5358257349460885,-0.0831059822312429,-0.6123353648904662,-0.11094226919183954,0.565782577245362,0.09071616837018986,0.6349781249059318,0.01096581151440511,0.6815877354876598,-0.06558420032149037,0.6949373157919189,-0.12427759706379825,0.6917895077580167,-0.1590671904577281,0.7120167544697328,-0.09878799781625788,0.6922503364023963,-0.25280672437537305,0.641775743311428,-0.30399710628853926,0.6105736058977779,-0.3204175413898008,0.6630506745182673,-0.09764020865285508,0.6598119984371352,-0.25541600821381355,0.6282290043603467,-0.3132613852342477,0.6093423541073822,-0.3406069530327236,0.5906680875771818,-0.08525827784437241,0.5842632199703428,-0.21708290383919684,0.5842418413218922,-0.2962809483138496,0.5929793741238317,-0.3524248917408113,0.5048192407522791,-0.06850722722666856,0.45319369557644607,-0.14511396026041248,0.4245443271481565,-0.1929245362138978,0.405497139081364,-0.23748822993394827,-0.6945558243228225,-0.019395669710837796,-0.761062960077988,-0.03696640498975514,-0.7710863789941413,-0.15753891401918316,-0.7024925895394953,-0.2341869113271439,-0.6292422137315911,-0.24796792463416303,-0.8010787325580674,-0.24098858654983293,-0.7573188263176281,-0.2637375976355973,-0.7036126921529928,-0.2583073714415329,-0.6614140114177899,-0.2585669834548936,-0.7279112641786855,-0.22524088988872226,-0.7281514215653088,-0.27189414587084687,-0.7184328463400251,-0.3390973334239608,-0.7087526735017731,-0.3962401348146422,-0.647001873343125,-0.2089894800502379,-0.6734100065544082,-0.25279138321560524,-0.679121866749242,-0.3162028794130791,-0.68477661823965,-0.3631378710447208,-0.5667640486504542,-0.19483036462575215,-0.6002101081109011,-0.20056601738184682,-0.608421290669969,-0.23875758718570264,-0.6000954948011521,-0.2774821385724588
-0.022499639133957836,-0.44113416685620865,0.07331985600004387,-0.5183914634578795,0.12189006391452281,-0.5119483469918356,0.1681917471683049,-0.5055580253179259,-0.0672481046073925,-0.534891362294808,-0.1093623351443787,-0.5382914469931753,-0.1516755344903945,-0.5405517146484673,0.24221474973164736,-0.46370561691596063,-0.21168054391415064,-0.4971371308663517,0.06518795673764115,-0.3290039333727361,-0.099806327640687,-0.3453616115468724,0.49999985966145943,0.00037461783309751843,-0.49999985966145943,-0.00037461783309751843,0.7582693805750258,0.6415730231026427,-0.8481335230713567,0.6472011981564515,0.5881532507228089,0.09940103378144885,-0.6742096626660553,0.07573585578151797,0.6074240004037943,-0.07631674862236701,-0.6849940123192544,-0.1133573746140119,0.5804092805870655,-0.13635748836042075,-0.6664256585647125,-0.16159129721745485,0.5432423474339542,-0.08355038578163047,-0.6269834950616663,-0.10082954575895377,0.5562143531373389,0.10431350161525209,0.6332657250284571,0.012786047933175039,0.6779848656220901,-0.10045422733145826,0.6500209404809968,-0.2034517124125401,0.6086028005208722,-0.2654506635354374,0.706006239503819,-0.0879282000048521,0.6873357991369984,-0.23739801311808398,0.6267830249789267,-0.2836151746619941,0.5836728494627385,-0.2947961107869133,0.6297851720592348,-0.08019714082301459,0.6342081245786699,-0.24280239830419134,0.6279414077735489,-0.30900436534801135,0.6304707537201266,-0.34463244290593414,0.5407204077710123,-0.06778260809060312,0.5386984923384085,-0.1963121550724355,0.5695264473784917,-0.2415438305106564,0.6053062036235797,-0.2704079694107121,0.44837125694500507,-0.05505390881314939,0.4193306182991125,-0.1330079465436228,0.4017905369509943,-0.18101767893970847,0.3888045193596497,-0.23533065913452472,-0.6954884159765988,0.05839053967604147,-0.7577219160954523,-0.01606783226319578,-0.7945178344723701,-0.12015334044435859,-0.754405602470102,-0.20430783876688585,-0.7010461312509523,-0.23542153623643564,-0.8374529614739745,-0.13434257887179685,-0.7771667134418817,-0.2255855912282893,-0.7292267402308532,-0.20964666833432397,-0.6982682744629155,-0.18713606990228326,-0.764682721779155,-0.12909943048214156,-0.7662892848186638,-0.2668940381226711,-0.7663382263416092,-0.34500425836143966,-0.7638680305792048,-0.40683546716847496,-0.6791503544456062,-0.11995897554137291,-0.6940309794589482,-0.2565726312391736,-0.6975043263143627,-0.323998336526457,-0.7038102764057712,-0.3711155617019583,-0.5912435726123499,-0.1091612145096981,-0.5908092040855951,-0.19371755376193053,-0.5859204563764095,-0.23609811025506752,-0.5743160109379044,-0.27777321823188394
-0.018817073316488034,-0.4441050343907216,0.07901707209362986,-0.5188529034058477,0.12689530120602582,-0.511984486191248,0.1719710685335636,-0.5056829569932951,-0.06165004920345369,-0.5381730083876819,-0.10467359168982611,-0.542454942638266,-0.14856325485945704,-0.5456585365891032,0.24418668737282723,-0.4615875901613903,-0.21141444503823523,-0.5017051173136213,0.06712856326141217,-0.33308700845057737,-0.09857736517234922,-0.3515265574044321,0.49999863902761327,0.0011666064179885435,-0.49999863902761327,-0.0011666064179885435,0.6930681668162757,0.6539278824280198,-0.7775198454610044,0.6546249892835035,0.5866365706794235,0.10797542618112559,-0.651959412659871,0.08260169899783122,0.5971336726732583,-0.060823475350003674,-0.6635568087068823,-0.10281198357079227,0.5798824332771984,-0.1254802865642972,-0.6435782916130525,-0.15577025107957815,0.5463830104522872,-0.07489522982581942,-0.6041057436825905,-0.09835978242431535,0.5055097328566434,0.11341023322312334,0.5940364892670136,0.03438464026629012,0.6456209931365199,-0.08667898216336059,0.6242352304232939,-0.20515737469711384,0.5979787418121322,-0.27980093832208597,0.6803562418622657,-0.07332388240567159,0.6777049502151798,-0.22434214832218896,0.6378858537659651,-0.28726060319754887,0.6038519222045801,-0.31682669532234264,0.5979651084310068,-0.06830810134237993,0.5856782241826699,-0.22522881932258496,0.587498882035603,-0.2598231229464023,0.5985822194178284,-0.2765012591079497,0.5067780382831002,-0.05971676558806223,0.5001008893860535,-0.19114526626372158,0.5184634498347297,-0.18256044646361821,0.5364919924458345,-0.16343501814461822,0.4134537351528937,-0.05128842893455222,0.37825274606899756,-0.13794570795810662,0.3560265255075725,-0.18153182790679928,0.3359607948727201,-0.22990296389414688,-0.6494134789801584,0.06998430550265373,-0.7332941595448129,-0.0038096779382193434,-0.7750549101044484,-0.10503773328495765,-0.743244121875543,-0.19294808042665226,-0.6939991463053291,-0.23028159095672412,-0.7991081039821218,-0.12030481450002972,-0.7664119479436633,-0.2292971806431132,-0.7195897043957865,-0.24319119993705193,-0.6841690775321427,-0.24849017439504328,-0.7224702573857672,-0.12056003941433252,-0.7329578360619041,-0.24565673676630462,-0.7386546847087674,-0.32505960347214746,-0.742979072907194,-0.3856678518421794,-0.6319872110293565,-0.11574504998629165,-0.6519858774585261,-0.23368051316581712,-0.6683054356473865,-0.3043548582197683,-0.6841793025679868,-0.3536924104625504,-0.535466581743398,-0.10743861179931431,-0.5334924481073552,-0.18497906842252773,-0.5406647092792414,-0.22730359938987682,-0.5450954578995357,-0.26522299444926634
-0.018720966549373982,-0.4424600700494901,0.07901024041733727,-0.5168849606664087,0.12672968168943757,-0.5100135449738133,0.17171519663865714,-0.5037953195751214,-0.06152070229648963,-0.5362189127108202,-0.1045416395397317,-0.5405286869035704,-0.14863744181666366,-0.5437809196745952,0.24563715175793197,-0.45886963617589527,-0.21270937141852267,-0.4988143305211058,0.06689332514468832,-0.33203466097211776,-0.09878208931216112,-0.3514142251856038,0.49998502617127055,0.003869574203174884,-0.49998502617127055,-0.003869574203174884,0.6225819249058048,0.6599484051628455,-0.7457177582044641,0.6562002965163937,0.48072397348818996,0.11111775273704555,-0.6140708243339328,0.0862273272573425,0.5450464445763814,-0.050632011084835976,-0.6529873673158666,-0.09765900856077774,0.576678358658945,-0.11761641036294529,-0.6328568295305381,-0.14683453446627517,0.5079663045991838,-0.06650634769707377,-0.5937464223129769,-0.09091661872954902,0.44871053939646305,0.12907122319449515,0.5379736043435152,0.04350329469314744,0.5905350452279726,-0.08453562147392929,0.5684203029855391,-0.21456695328990935,0.5552942122135863,-0.2873774434901008,0.6318715866512317,-0.04807642784235412,0.6190947719401613,-0.21308172893927688,0.5686774534799043,-0.2607532549031398,0.5361228818213746,-0.27074732675472396,0.5415370613109913,-0.04317434633879013,0.5515164631674725,-0.20727811865815465,0.5508329315185096,-0.2348938587229988,0.5615980042390053,-0.2395415935537873,0.4457146560279206,-0.03973365670234656,0.4595787526968637,-0.1710946007707334,0.4974964342374843,-0.19700641840095232,0.5356704651805873,-0.2140051876071256,0.3451113343885529,-0.04184353244855919,0.3085082446275374,-0.12909765922662614,0.2890144747525158,-0.16953847978847691,0.2757546016361425,-0.2196664038060877,-0.6049414811015427,0.08545197045131855,-0.6900251495597635,0.02034292727074461,-0.7296378413878136,-0.08667864239679102,-0.714023859637472,-0.18614611588289387,-0.6827371160198915,-0.2431489103018444,-0.7444628477701244,-0.1002907956686069,-0.7264121447854051,-0.22215669806012484,-0.7015152104341547,-0.22601786079853076,-0.6956275856418281,-0.21520462242858432,-0.6622269608186212,-0.09775333712997243,-0.6610977216733892,-0.22954306562860524,-0.6629328229038159,-0.29590611801515077,-0.6685484770019462,-0.342766788788935,-0.5752013455001108,-0.09165031875766957,-0.5813237903505706,-0.21275217976600752,-0.5910563557706772,-0.2833451474982408,-0.605086278459351,-0.33416176019380966,-0.4888267174728263,-0.08312029239006744,-0.47850404774458355,-0.16603750798785583,-0.48167366791519906,-0.21329431869766366,-0.4862951669868272,-0.25435177973626705
-0.013510621850945235,-0.42852390463962137,0.0856473712813754,-0.5019166886002258,0.13253509215363954,-0.49465204572235766,0.17625495984600395,-0.48821152507010385,-0.05337221191425021,-0.5215600880032782,-0.09727322173135824,-0.5256505253198858,-0.14211944604377225,-0.5285754495407116,0.24940580740712204,-0.44301537387506873,-0.20867900315127458,-0.484721040396243,0.07022498040868408,-0.3184834881884574,-0.09403420202902503,-0.3396207393988817,0.4997533553509933,0.015702987468116082,-0.4997533553509933,-0.015702987468116082,0.5818048817582803,0.6754953604021069,-0.6615219080154469,0.663009556325396,0.3748206741028945,0.09390090127640548,-0.4806563103729552,0.09871342569301837,0.43532591549369226,-0.06652551231364641,-0.5313799762835569,-0.07560475262963105,0.4781020575301322,-0.1239758538056175,-0.5386707234785799,-0.13132645234377494,0.42063722466818165,-0.07627314225594528,-0.49743106368380086,-0.07386142096990683,0.3779301647790412,0.14871758515854266,0.4755791695702785,0.06724104852037335,0.5350987992905536,-0.0660017386192508,0.513618618742601,-0.19406128033627992,0.4777659768537586,-0.26122237818186916,0.5613835637784179,-0.03043753454657552,0.543257242077088,-0.21283187246594445,0.487133357218034,-0.2066198390307645,0.4708913106378727,-0.16862048926578257,0.470718605269624,-0.023193437652171453,0.46840574291851417,-0.20842967218286035,0.45003366346328555,-0.19846387764319906,0.45569462781540987,-0.1644446918246383,0.37289709362205553,-0.020524147153141412,0.3765157673666596,-0.165617599489348,0.38946152355628105,-0.14281781096963306,0.41501576418764524,-0.11088240474935576,0.2729439610040795,-0.02366271982520585,0.24691150516339225,-0.12463739477077702,0.22644512497825126,-0.1570356315267691,0.213533711350362,-0.19222941236133853,-0.5173551093102574,0.12306726475909531,-0.6183418934827978,0.0569130689871836,-0.6645381973463145,-0.05401151954464669,-0.6484872184867732,-0.15399472671812806,-0.6091788811376166,-0.20310399445943955,-0.6503912455437357,-0.07456683306883988,-0.6371301531731223,-0.1965828779686697,-0.6115492126888507,-0.19861325786113831,-0.6030286841647464,-0.18171582418526083,-0.5601398866151098,-0.07222359839434833,-0.5563546613717004,-0.2049192866892674,-0.5589125866849977,-0.269409456312507,-0.5667808050481074,-0.3110893162844028,-0.47148138731272243,-0.062039341489448306,-0.47439445044647593,-0.185632166550197,-0.4819640076296659,-0.24920565776627518,-0.4952436608645682,-0.29093727972066613,-0.3901642557443275,-0.046119777519310005,-0.3809052628870219,-0.1358042856674369,-0.38011320033608825,-0.18089646624566713,-0.3813547931242624,-0.21680330188799443
-0.01855640420726472,-0.3937789555358799,0.08362911761995412,-0.46759870835341766,0.13018528804056784,-0.46046556790812043,0.1741012052488535,-0.45435474756852073,-0.059076722188170394,-0.48624583284440775,-0.10450899844269525,-0.48939203533627373,-0.14942816960917235,-0.49132415165949056,0.2455494078648857,-0.41011004737326623,-0.2167795037638604,-0.4500102112918394,0.06015364735612085,-0.28715851332717757,-0.09861722268439335,-0.30734466492894813,0.49902332136047206,0.031236592937819413,-0.49902332136047206,-0.031236592937819413,0.5165989475718448,0.7083274545351352,-0.6430815609513956,0.6754011302777845,0.2939939433231293,0.11432840058724955,-0.4143152614990278,0.11821923939418293,0.2960382953811615,-0.045019448536735784,-0.4235431808408494,-0.04881682960299704,0.35350203109542966,-0.09790884566747982,-0.441854174434119,-0.10253754918545452,0.32955072357847237,-0.05731860247053169,-0.4165647787513824,-0.048894054704230736,0.2749712109237133,0.17678400910775682,0.37501364014057625,0.10072535268672805,0.4273532406550744,-0.040315536991067075,0.39037759324124366,-0.16159333222926056,0.34787612483988256,-0.22155559772691358,0.46011416488217083,-0.00043232609533936793,0.4405237703580147,-0.1800899926393022,0.38144714422096526,-0.15156040844286234,0.370315203508801,-0.0975451961236107,0.37275029152680667,0.007152158567242838,0.37236090028252633,-0.19110436677943907,0.3293465188953594,-0.14732407375391704,0.32352313153516493,-0.08070647411207003,0.27587178623362263,0.007154079589661587,0.2698826146386902,-0.1527792971675583,0.2516774693806937,-0.09973708270340284,0.2557118085623076,-0.04082374347194701,0.17448425711915197,0.0038866125576121273,0.1727534159198595,-0.08033004976911624,0.16505434226999893,-0.03888101349986657,0.16199492196589996,-0.005374828625416652,-0.4360143623322443,0.1612294905831496,-0.5332794733872015,0.09203877746250978,-0.5781541728846845,-0.010768675372778915,-0.56135502393497,-0.10401106943175562,-0.5099196486729768,-0.13220783649414727,-0.5537300056993523,-0.035743887838929206,-0.5426829741780966,-0.15417895410185853,-0.5228145116588266,-0.15789325094850892,-0.5103165319046903,-0.14602296526969863,-0.4684106765042622,-0.030014438475011566,-0.46682458434422247,-0.15031894770474608,-0.4649277668079501,-0.1944215882921341,-0.4651025798480562,-0.2153247134861421,-0.3865205644288802,-0.017507622017748935,-0.3901229617196385,-0.12969302604576352,-0.3896522151759242,-0.1702682852678454,-0.39267110190698756,-0.18285837804696078,-0.3155777828112208,-0.0022795812532080025,-0.3081741624093638,-0.0928328320792995,-0.30056902675578,-0.12690360544261964,-0.29289627111305633,-0.14259614942801396
-0.029333320410774973,-0.36882160162117417,0.06267655084988813,-0.44444290164015204,0.10492176711089278,-0.43795581526721655,0.1457833532122138,-0.4325751366119902,-0.0742452513944158,-0.4611314850573616,-0.11957506937344706,-0.46304677036744424,-0.16355203461513337,-0.4630792175326371,0.21370470175154851,-0.39207416983898075,-0.23172384458259085,-0.42702640059490277,0.046802440920022656,-0.26988626879608285,-0.10551366838859698,-0.2827318713421842,0.4990513001469639,0.030786357719369023,-0.4990513001469639,-0.030786357719369023,0.42548531819689117,0.7019876948475317,-0.6312160501279745,0.6437378579449262,0.16350519155884663,0.10683556319086224,-0.37815289186932366,0.10783217403386464,0.10378868863570243,-0.04439413018611278,-0.3637499607785217,-0.050036146162106485,0.16398968775566214,-0.09493092843535332,-0.3729254234030121,-0.09881736774885477,0.16994281744075104,-0.057023974878546546,-0.36206532562323823,-0.05015248662367414,0.17430581039046447,0.17405787614071555,0.27609387631778154,0.09647819339474384,0.3312549597093176,-0.026373994534995004,0.2947356075924963,-0.13302371985900868,0.21645517438600376,-0.18045416460493338,0.3244230940010924,0.008068919522225484,0.31819540443695865,-0.15575866779202818,0.27889705867260567,-0.1341249378354144,0.26451019321575175,-0.0852455173175679,0.23215003516406676,0.011338005261543237,0.2573947419914322,-0.17296333713572642,0.2285087321528289,-0.14618264739528233,0.21358971513553826,-0.08852471177038106,0.1378081198025618,0.00948052915676247,0.1685541329243197,-0.1633679116193242,0.14762061189000375,-0.1375245342864675,0.13465726990859211,-0.09262153868350563,0.04984462214391675,0.009305070772520789,0.06054252922591163,-0.09900816971608055,0.03318112999770469,-0.09846392380199756,-5.7403051634624256e-05,-0.0881788493586454,-0.3803226550160161,0.1701525732457807,-0.4703952635403811,0.10050525213347601,-0.5070507222639085,-0.0019107273633726344,-0.4830682507779113,-0.08769615828923978,-0.43069572820917923,-0.11795839726514613,-0.47213197662143996,-0.017657124528988124,-0.46516274071732183,-0.13157402203612292,-0.4545672746158384,-0.11928552693690009,-0.45362093657120156,-0.0913332192510644,-0.3887339169515279,-0.010185250897585029,-0.384413344495947,-0.13393052561336885,-0.3827426088217198,-0.1754323001506087,-0.3817760533500921,-0.192925248341667,-0.3089369059516131,0.0052660079365128174,-0.3102243228203494,-0.10995861412271958,-0.30964361333258655,-0.15721143433151075,-0.31086270612885836,-0.1813126832010789,-0.23864795230146166,0.026154942323804387,-0.23572147974454175,-0.06333307568886652,-0.23674733365158443,-0.09927523831637435,-0.23626175437832297,-0.1206182525036247
-0.020284056471689044,-0.3656769388469002,0.068574633914372,-0.44529402158663844,0.10970105542815077,-0.43968466511800713,0.14895141980073084,-0.4349454016366641,-0.06451200708849962,-0.4603207235210423,-0.10859496413628078,-0.4626239985557424,-0.15140131113950397,-0.4631604221319066,0.2145225465802443,-0.3961140099092559,-0.2187813927732787,-0.43182317169740064,0.053711258069219676,-0.26734086179845395,-0.09506898511326499,-0.28251979382302755,0.4993828944862705,0.024833942387675452,-0.4993828944862705,-0.024833942387675452,0.41238710393024397,0.674724766585401,-0.6053656499217159,0.6187783006379041,0.13634092648851975,0.0879417573710283,-0.31198103097403873,0.09350896658623027,0.07801825014476912,-0.06308838602053372,-0.2820611299558437,-0.06328504396473456,0.12086827942105743,-0.10898757830142036,-0.28795841225045143,-0.11203112751992196,0.13319878515169445,-0.07174756335932153,-0.2866568910300893,-0.064774977880968,0.14377708789689175,0.1578523408033088,0.22578134545885375,0.07722846061328638,0.26051541891662,-0.03950495834360725,0.2060118714267964,-0.1415423624533571,0.13736561788198726,-0.18748374584537691,0.2650104827027556,0.0013251605227538438,0.28254444185260846,-0.13919413327217933,0.22282831854116184,-0.15093843693274758,0.1879516198303757,-0.12464100682427873,0.18654255952009818,0.009352611494844761,0.21898357678816852,-0.15953428374713172,0.17743734933284416,-0.16053187107960099,0.16186716273195126,-0.12035733717084786,0.10376886240125403,0.015318574953729599,0.11695090931043776,-0.14286774226463034,0.10128791980813343,-0.14469476649289048,0.10261084358798936,-0.11692678757330341,0.025386900318202687,0.019428568099793084,-0.0003717817557962712,-0.08132880506449612,-0.03395888854167576,-0.12374648509592898,-0.06294900623760102,-0.14749192313099058,-0.3148764288688315,0.16459107700457068,-0.4074170612110809,0.09901898535557187,-0.43672383152902444,0.003920133145964151,-0.3908725318607755,-0.06955941479730812,-0.3290477301467472,-0.0942042866235541,-0.4185598126052222,-0.011768381539998731,-0.41208220517286565,-0.12998927838170848,-0.3927564833886727,-0.1053644056684321,-0.37882903094433346,-0.06800571177963222,-0.3290161525999531,-0.007276650939358067,-0.32879326774883166,-0.13738359954057833,-0.3179892732594645,-0.19477096649137024,-0.3065096946995199,-0.2289243200920528,-0.24096777715079096,0.006583611502636033,-0.24091698992969715,-0.11845075506774824,-0.24211193692962935,-0.1248146833316461,-0.2472293415338314,-0.1042630510085812,-0.16280133182460912,0.021142878029079937,-0.15709360252617355,-0.08612648700740819,-0.15602294825903912,-0.12814102702477012,-0.15272160345712707,-0.1508722117998878
-0.010968337328160152,-0.36776368501931606,0.07487260220715902,-0.447098627524921,0.11590587602887856,-0.4423349569277772,0.15371737505725264,-0.43779755138103954,-0.05579875786346415,-0.45783637980832886,-0.10003139383459478,-0.45895187933849785,-0.1400576384792323,-0.4587923389532398,0.2182914529210079,-0.3993325355842049,-0.20139719542770995,-0.43399326170650654,0.06598145503172614,-0.2684634823069697,-0.08370018986181617,-0.28585992844994995,0.4996260803628336,0.019333386182232657,-0.4996260803628336,-0.019333386182232657,0.4203171433677479,0.6333475275307096,-0.5733437470518322,0.5858135604347107,0.10964932659348746,0.06857918311705144,-0.2520117889869332,0.07566320394472205,0.0365083149913653,-0.08365861526276233,-0.20023575853191974,-0.07812833814417604,0.06695854365393399,-0.12272111621822164,-0.20550555282310076,-0.12273865282893366,0.0884702335199261,-0.08430225164811445,-0.2157009961132949,-0.07665261096664955,0.13226265778996396,0.14566037174061408,0.2053608971708373,0.07207016627093692,0.23999749976035462,-0.01402877530295509,0.2166833884909376,-0.08755807312957395,0.17678973773217138,-0.13018136150399678,0.2525153891199167,-0.008173087125107842,0.2529331881770751,-0.13377953184433178,0.20354735498988769,-0.16528785971615356,0.1721841960369844,-0.16100961105796247,0.17913690614542116,-0.00780687136677552,0.19180124759053915,-0.13501864309390985,0.1693090473246393,-0.19379049805637888,0.15739356192914547,-0.22402314442945484,0.09867483006546747,0.0009274728455592222,0.10255409944384966,-0.11076927443466633,0.09426313207698009,-0.1693551557791455,0.09189218230871599,-0.20970535722752154,0.02084683845890059,0.014226554054009594,-0.019901572369301866,-0.05610380934541068,-0.05392935516156361,-0.09245386711815538,-0.07863228045492952,-0.12322257774014271,-0.274326227901323,0.14909857397347853,-0.3556672731279397,0.07018057508060693,-0.38273473235638245,-0.013514139936889394,-0.3378904536213938,-0.07629263995261956,-0.275172861248722,-0.08982405986689347,-0.3581991319925419,-0.02605059244047346,-0.34616448318864884,-0.13669616961128822,-0.33158976325367395,-0.11807896150164567,-0.3271620684544395,-0.08317640124040324,-0.2705341283098459,-0.01370353533257913,-0.25938110053033336,-0.1383411892405175,-0.2470823760324502,-0.19535963976511275,-0.23785426929801917,-0.22955919579790973,-0.1883104355255387,0.0065374773845533005,-0.18048927823686606,-0.1082122655039699,-0.17450356250642243,-0.16469366801856508,-0.1779118241844127,-0.19997202501569958,-0.11446556425054609,0.03052028956097423,-0.09773615089794106,-0.055430232405184396,-0.09531678297522331,-0.09887680049420436,-0.09804009030213512,-0.13275171536772284
-0.004652390082052645,-0.3609667287504766,0.07796408909151052,-0.4413234961012325,0.11767436759327554,-0.4375047000467292,0.15349172652866885,-0.43374263633843946,-0.04823937890841405,-0.45171619498480453,-0.09190319278693972,-0.45401735856652675,-0.13088371771627855,-0.45531806579586165,0.21068958190450932,-0.4000898865651248,-0.19023368763032916,-0.43633392002099963,0.07194066730929574,-0.2619180040924856,-0.07818097212338962,-0.28259673322950923,0.499821087840364,0.013374608408290398,-0.499821087840364,-0.013374608408290398,0.4467922530322164,0.6116006440470265,-0.5902167652941732,0.5644017968031996,0.07969215630277156,0.07106362228268645,-0.18262627123576447,0.10130434054226067,0.032371713134259246,-0.0918958901858274,-0.15154011693429398,-0.08348413793578092,0.0562372889543845,-0.12973349472373796,-0.1605700997964271,-0.12210814396919704,0.07688988913135886,-0.09281483600209986,-0.17409434821016934,-0.0741916835492756,0.11328361898375837,0.18530230455532043,0.19068433832093665,0.06430261087305073,0.22306263645966712,-0.023960171942048383,0.1983264892791926,-0.10291268708931618,0.15689566730148521,-0.14677489533332097,0.23764809029015618,0.037078670768046676,0.2422263502410713,-0.13915604516011704,0.19730344973839428,-0.16788262062701786,0.1670129357095782,-0.1646106332130287,0.1706943044235789,0.0365888203452841,0.17961663426749727,-0.13952320137095478,0.1590780053217556,-0.1991354739631091,0.14544957876035328,-0.23225855299216164,0.09958818250251127,0.03868133396618956,0.09631717193788042,-0.11926696780926745,0.08751994365686472,-0.1802186134262415,0.08345311243394535,-0.22221127136235894,0.033993507396904425,0.04084535348896597,0.04611005861645042,-0.09142269851837612,0.04949660822361199,-0.1392167453936402,0.055794405192127694,-0.1798019852587353,-0.24872152768083655,0.17864590249989085,-0.32097295736391207,0.05955465380303111,-0.3494741230623749,-0.024963118776896054,-0.30692334378575425,-0.08366505671247103,-0.24385301519173166,-0.0949926995962552,-0.31190490300519624,0.015502950067910203,-0.2980366269824373,-0.140228641080718,-0.2921447364433785,-0.12396815446291454,-0.2883069451836697,-0.090904340474103,-0.22992003237468053,0.030595629163376974,-0.2204462791062358,-0.13703845968381365,-0.21244296597967358,-0.19702523329948515,-0.203873595737989,-0.23343380744400627,-0.15423212482841964,0.05151890327924362,-0.14894630055770647,-0.09713637182104072,-0.14578676475853355,-0.1609183874367608,-0.1468710954947948,-0.2020441042073016,-0.08434193678451682,0.07314614297175355,-0.06339434458326043,-0.06493477130228804,-0.05951738098926131,-0.1139206195637091,-0.05842688736420009,-0.1490823484385446
-0.008369427961599455,-0.35878422045032216,0.07394630423252752,-0.43803661667272664,0.11322401961079777,-0.43441064774200916,0.14873554914880266,-0.43072129538815074,-0.04867682974577592,-0.44926266994622954,-0.09126443756801313,-0.4525190143258188,-0.12915124827879015,-0.4548792902717599,0.2033429741344741,-0.398571272911896,-0.18693667102552658,-0.43774222841299254,0.06860410722907091,-0.2599553832386262,-0.08217454856128188,-0.28356528804414666,0.49985583948727375,0.012005820691348095,-0.49985583948727375,-0.012005820691348095,0.4267856807821817,0.5997563525211344,-0.5461778573753104,0.5611891367348896,0.09104251152412444,0.05349035519998408,-0.1970594408281897,0.07661269521211272,0.028898343587360834,-0.09733268579914645,-0.13377731347622873,-0.0860070600260276,0.05285105688037295,-0.13268130144584214,-0.1417082273439095,-0.12236182446791406,0.07292460380168547,-0.09464805317125674,-0.1558343244147963,-0.07427978173862843,0.11626558329260842,0.12537623583450652,0.183761195151324,0.05917502443935072,0.21384663291625072,-0.03922227589874578,0.18839474194645428,-0.13424066815574176,0.14934937641110385,-0.19064468534216655,0.24303932273189802,-0.0228911250182969,0.23827177968148042,-0.14342067258635507,0.192565438439444,-0.16974555672500907,0.16244822490005137,-0.1666169879464466,0.1792816515805892,-0.019450766960649925,0.18240004874880678,-0.14105968210580302,0.15866455397754026,-0.1987654972905839,0.14173512747044148,-0.2291596980703603,0.11056073895834281,-0.01732431195829842,0.10633220719330938,-0.12888367608269258,0.0931767003128539,-0.18687177447026823,0.08374164905755943,-0.22235228479986593,0.043186177669021046,-0.016740495149659453,0.0603185320056453,-0.10148665377594909,0.0687350772201234,-0.1475094077563177,0.07812944203403827,-0.1854216054615093,-0.23514144558211428,0.13272535040303823,-0.30987041740237875,0.060254139827759415,-0.33897030178149073,-0.026069795282525145,-0.29550390045061253,-0.08670419361768245,-0.23126194295883304,-0.09629913250005126,-0.31082242969292395,-0.02814093689969531,-0.2895603174933758,-0.14302044914129675,-0.2800995429920851,-0.13071036280000353,-0.2723919001746196,-0.09387442234477664,-0.22606643570787102,-0.015015608598692873,-0.21562195720446473,-0.14724217181180177,-0.20333011251147604,-0.2075841153338194,-0.1877579655137055,-0.2406467666341186,-0.14733169879541594,0.0024921706288430594,-0.14002192566193722,-0.11562603278431105,-0.13325864541153437,-0.1736000086054574,-0.13012242690948936,-0.20816372899768776,-0.07511267690637426,0.023247467631949972,-0.05784666256604433,-0.07423522840405986,-0.05735909777265254,-0.12117712608286742,-0.05850848974162598,-0.1533736353402852
-0.005695953147505522,-0.36193954036376247,0.07621538685148974,-0.4401294807420515,0.11528740198669293,-0.43628023655085457,0.1506388552768812,-0.43232681495244585,-0.04582917875086463,-0.451788805037722,-0.08826553350714664,-0.4551644546306332,-0.12603556144051742,-0.4575367840556566,0.20459613378463276,-0.3998398843059133,-0.18400687461794252,-0.44020517377575946,0.07092164981337212,-0.2634105844177712,-0.08014179018385441,-0.28689737459035397,0.49985827976466285,0.01190378724238869,-0.49985827976466285,-0.01190378724238869,0.4250219554786041,0.5914641925081174,-0.5442175810651607,0.5546831587783134,0.09195585164970603,0.05007008307773923,-0.18561783349472233,0.07273308841307743,0.029607076707726235,-0.10057748506633138,-0.1220428900509718,-0.08921372803454765,0.05914403159009157,-0.13508253357561026,-0.12972948201854936,-0.12469336100550316,0.07732644497327736,-0.09779297000119377,-0.1457058644514327,-0.07675047418551609,0.12689076286618536,0.11857910645533698,0.20073532828889604,0.05361320403133913,0.23297360711025397,-0.03530512429445998,0.20689867649457175,-0.11651415693144758,0.16603348626973335,-0.15926074002621393,0.24666989922172486,-0.026573072041722726,0.24788299842271147,-0.15033733980558625,0.2035043445037448,-0.17859392209895444,0.17340809056987486,-0.1713202697696133,0.17706967300622303,-0.02126517659442232,0.18639411645027082,-0.1431911969364593,0.1660237680717144,-0.20560657504589658,0.1537895620966813,-0.23880360436836576,0.1029392585176445,-0.013751166419250303,0.09653111225497411,-0.11975618130159818,0.08911461917026815,-0.1800261834207823,0.0875166458167033,-0.22127608024306067,0.032324821050268106,-0.006815640358913416,-0.0009859782110781521,-0.0800319577907264,-0.028058699675085702,-0.12277259267808462,-0.04587190531112038,-0.15988848535169686,-0.2330020914837578,0.12628630770492028,-0.3103364115485333,0.05557284515083349,-0.34213343391328926,-0.03350499566658707,-0.2996515041594011,-0.10347585384791518,-0.23535221985296204,-0.11983434577359545,-0.3113736616319183,-0.03259760081535184,-0.289773793648826,-0.14828319758811448,-0.28428895997552533,-0.1330649183782787,-0.2795363422564114,-0.09765733411677406,-0.22589364852073884,-0.020106113925523836,-0.21385238228740963,-0.1495267080466949,-0.2027688612243621,-0.21010032007640222,-0.18970232510003326,-0.24509680780619128,-0.1466476918835799,-0.0035311407612144646,-0.1393640700235124,-0.1184838513592374,-0.13501559529787627,-0.17821139371831185,-0.13552404136491963,-0.21401290010986063,-0.0735869493976393,0.013845583739658586,-0.06245157001930097,-0.08318467527218558,-0.06586961106219141,-0.1279001987966196,-0.07033989837334097,-0.1581875493656726
-0.0027101601936010103,-0.35877919552219817,0.07858788742230487,-0.43558438032689123,0.11735788351625524,-0.4314484501812129,0.15250598923833708,-0.4272740150273195,-0.04276145945366023,-0.44863891306333964,-0.08497696544847869,-0.4526116036671483,-0.12260132282563277,-0.45557786596847677,0.2059939928277575,-0.39533100277886457,-0.1806445982103286,-0.4393975025055398,0.07330731977347833,-0.259445994443083,-0.07719469863102496,-0.2849400227154216,0.49985954319501497,0.01185061504188777,-0.49985954319501497,-0.01185061504188777,0.42438288546683106,0.5859877374698249,-0.545698691685586,0.5510013277519054,0.09886613491229375,0.04871062923321629,-0.19153229602619162,0.07391818525050288,0.036832772836654135,-0.1006624373486251,-0.12763650969621315,-0.08409877592742127,0.06811786256662554,-0.1355428018543207,-0.13510648128994185,-0.1218371047915132,0.0848906942058039,-0.09879066843357098,-0.15011492417782085,-0.07479491466832353,0.13780366742335337,0.11733181024417026,0.21202980930510634,0.050295884175982984,0.24450300589744606,-0.04025988543673905,0.21440151756842665,-0.12269481115002066,0.16987337491552362,-0.16463665208103517,0.2526635646049263,-0.0285569494079406,0.2553519901189173,-0.14919910571049042,0.21018440568278457,-0.18131545307176627,0.17973165823223633,-0.17516499763171417,0.18329397639204512,-0.022159694803640936,0.19186937128770623,-0.14233219847077844,0.17296495579180135,-0.20787456407946747,0.16276909660675,-0.24209304292932265,0.10888160877175239,-0.011631516121903277,0.102425282562217,-0.11781205905735789,0.09546584649452985,-0.1773634124994489,0.09415091923674022,-0.21814860136353842,0.03755464787690768,-7.542476148742595e-05,0.004172516161067951,-0.0731794564471736,-0.022317677973858238,-0.11853251571161003,-0.040772715410724074,-0.15670336887166525,-0.2332777322132444,0.12313275868657764,-0.30595774991897584,0.05203782905467157,-0.33323781818775317,-0.034817955521633,-0.2853904854225794,-0.09636280877148845,-0.21832176960741803,-0.10421224033783309,-0.3055908051169607,-0.03324446483923105,-0.28172070366454516,-0.1466129708575432,-0.2719722201112367,-0.13522933854800626,-0.26365038257194756,-0.10520335841494496,-0.2231316834071842,-0.019657578462660384,-0.2111993860185086,-0.1475734684839185,-0.199710876579337,-0.2095052073742797,-0.18610596835710122,-0.24913036507538203,-0.14587136356497576,-0.003099674019932922,-0.13814841865616978,-0.12340625688144022,-0.132103424387047,-0.1815799403437963,-0.13212628543201113,-0.2171154323132079,-0.07449484259455193,0.013132669118232666,-0.05751475973022449,-0.0848531069767662,-0.06075368588170887,-0.13104693540216367,-0.0675502578626444,-0.16445952069979866
-0.0007718824175726534,-0.35678058720496947,0.07998875858162952,-0.43243832942669114,0.11843750175679091,-0.4282269086832545,0.15339851073700275,-0.4240740798117261,-0.040720228207888925,-0.44637575140282,-0.08277347348170334,-0.45070107075318105,-0.1202871585789885,-0.45395422954044135,0.20668925288589332,-0.39218508966559357,-0.17823414564008924,-0.43814823001697784,0.07486095098138607,-0.25789817467755194,-0.07525375355203531,-0.2840827533228881,0.49984472262410123,0.012460066807014308,-0.49984472262410123,-0.012460066807014308,0.42500481315242816,0.5870305923758078,-0.545311932056836,0.5491811579713638,0.11212438349872551,0.048511658067328524,-0.1939264544766848,0.07573537957080088,0.05517025629119468,-0.0999996501587571,-0.1322201896269081,-0.07974241489874512,0.08289614631501006,-0.13489861579412363,-0.13775102946457823,-0.11806923375280301,0.09699013209364729,-0.09800985521851081,-0.15155974892576324,-0.07209012514108323,0.1443563169859701,0.11931509073106379,0.21608108500385576,0.052803876544702415,0.2507556633142992,-0.037129947841097216,0.2238800831533502,-0.12050023505284058,0.1800548599904287,-0.16367965852042196,0.26077125560161785,-0.026121079860095753,0.25747597221092033,-0.14567827270489234,0.2150012313986663,-0.1791135643108589,0.1868382102481661,-0.17671732724426012,0.19126757279477577,-0.01973003316487212,0.19459080064106044,-0.1385992601268801,0.17490576137640454,-0.20350175525246056,0.16305864289581093,-0.24000507362742252,0.11516766778100312,-0.008935821850151772,0.10771331791708362,-0.11403042824023289,0.10119094891420485,-0.17363877972040823,0.09906949899421312,-0.21588405995836177,0.03957941244214772,0.002821891006167453,0.008531458924363793,-0.07249074550585509,-0.014840002941187248,-0.11906500448716324,-0.03090282531838039,-0.1593734678152545,-0.23461058776277363,0.1232354649794788,-0.3094855941399759,0.0521970826519527,-0.3341950631528072,-0.037728508099611424,-0.28756075685919574,-0.10730404807796337,-0.22294602309174494,-0.12383469058217367,-0.3051729163290471,-0.035267815815512506,-0.2788237897510347,-0.14860936332470842,-0.27365697634820085,-0.13294491577567744,-0.2676173977164038,-0.09908463557432284,-0.22208706375453016,-0.02090602900416501,-0.20581141440755268,-0.14451367088469302,-0.19418743573154343,-0.20469463420033734,-0.18031434422088088,-0.24286172886702875,-0.14445054635555415,-0.0037366560865339667,-0.13392538359388279,-0.11670719104699681,-0.12717205699229708,-0.17769696338223967,-0.12602059571966553,-0.21742499708073934,-0.0732120617656986,0.013600466732642605,-0.055762662116037906,-0.07984812145544534,-0.053612519228255794,-0.12823569283308328,-0.05438365313362522,-0.16573224531771677
-0.0008945104483066354,-0.35918702030292815,0.07976409035505286,-0.4337224068997253,0.11800553452351271,-0.4295060348674534,0.15288828236840887,-0.4254108516229122,-0.0406529971088054,-0.44848810700071184,-0.08264775989007074,-0.45340446380794835,-0.12014377868494173,-0.45713105021131617,0.20584649380658285,-0.3934315210571753,-0.17792334988748273,-0.44062929474221346,0.07384109748698492,-0.2604128368050352,-0.07768321858712927,-0.2898476185704092,0.49982746073547385,0.013134286989720462,-0.49982746073547385,-0.013134286989720462,0.4317171170241154,0.5905337137579608,-0.524634512409549,0.5524481425043276,0.12112576124624508,0.06477418060321498,-0.22081642445588007,0.07455633876180079,0.06754892573896891,-0.08679520190173973,-0.13989908933037973,-0.06405369974854153,0.09333274456748701,-0.12355327867869649,-0.14518183954628544,-0.10710644272540584,0.10470145850837469,-0.0835698756059771,-0.15752280768609944,-0.06235107003577196,0.16185126454195806,0.09619476517785268,0.22805060787394674,0.05646358153296029,0.2604934491753302,-0.028790381693392583,0.2320741587750025,-0.10178610943433423,0.18862712610248195,-0.13546985740336298,0.26668699718447136,-0.0523623024454207,0.26339582709953463,-0.14275523674619425,0.21885605820172627,-0.17683560256597805,0.18831116219622007,-0.17118359032172786,0.19569428169645642,-0.04477525759026018,0.20123541633667277,-0.13853578822325613,0.18034754138407874,-0.20393740662559007,0.1671284430300459,-0.23752669801632578,0.11897788924926339,-0.031609144913943614,0.11442217123291755,-0.11278464671451721,0.10810372459164397,-0.17127272540265226,0.10722517863544319,-0.20993265545011633,0.04423615093343628,-0.014570089813943551,-0.0009618606493782448,-0.06170467440227728,-0.027941852308286688,-0.08319786968055194,-0.04257713414954381,-0.09428071943466901,-0.2359085534334521,0.11803147818132793,-0.3129314842457214,0.05495161109310086,-0.33720906987373067,-0.03622201906546457,-0.29223185726254236,-0.10892955446453684,-0.2294655441352252,-0.12511896298262043,-0.3077399419439254,-0.04268324573879859,-0.2802179117657094,-0.14465725631349435,-0.27562629102055336,-0.12667882689879748,-0.27116537955451403,-0.09130550351523156,-0.2253681371564618,-0.030598766140949446,-0.2075665846825932,-0.14137938023121657,-0.19428753633476697,-0.2019613849855076,-0.17985621750984154,-0.23929069124562727,-0.14881548706747227,-0.014751397326712667,-0.13731159438328414,-0.11096195071736813,-0.1275870568325076,-0.17100914498611275,-0.12422910884451135,-0.2058787553843801,-0.07985848739412116,0.0017938659346028619,-0.064936070530976,-0.07083337054456106,-0.060524050322010886,-0.10730333812804481,-0.05827937621320944,-0.1282143283348338
-0.004513386833739311,-0.367730558854274,0.07928310075643655,-0.4414918458117535,0.11794865075270368,-0.43666792577196,0.15333628976496216,-0.4315290764108858,-0.04214982718934159,-0.45652421529193543,-0.08394499254930678,-0.46126314377068134,-0.12103145795617946,-0.46447682960461756,0.20651253690118815,-0.39701061218057204,-0.17752053379164254,-0.44533363184216057,0.07015475589334144,-0.2668962358853057,-0.08615393578126276,-0.29579215247632706,0.49982569906735386,0.013201157215601037,-0.49982569906735386,-0.013201157215601037,0.455723924094896,0.5964817611461631,-0.5600719880498171,0.5559313917872934,0.11697197963085007,0.10680892578811754,-0.20692501811273536,0.13484844811338095,0.061094571750140665,-0.051320416626376104,-0.1504145059820721,-0.0042489919036824125,0.07987578082451025,-0.09449504107668408,-0.15433902271426742,-0.05684871992876297,0.09765953228784649,-0.052564224161155255,-0.16383798102484687,-0.014244836838159766,0.18082415012982533,0.14504205024927574,0.24149841284949952,0.06958028830263507,0.2695056024127588,-0.0144671546653335,0.24265078118756542,-0.08609661881226072,0.20425201258390674,-0.1242175529335983,0.28589530853842365,-0.006841970673645444,0.2699135619057872,-0.1341584673616252,0.2232783992846284,-0.1706524201714804,0.1911358469293533,-0.16993246210065566,0.21760528570992127,0.0015283593305591276,0.21929007608000128,-0.1315408947524158,0.1942189890749416,-0.19629650939550428,0.17604352281103333,-0.23104357161760114,0.1412379884940204,0.01621593100116616,0.13120130531810204,-0.10492145409678379,0.1203066432247234,-0.16624726150784358,0.11763564734856981,-0.2078541894005822,0.06392982801932717,0.03727926086735322,0.02380211694407876,-0.04281405926619871,-0.0013285897570064246,-0.0713319518154966,-0.015943202687369283,-0.09134892981394527,-0.2522759671305565,0.16042362709665903,-0.32495953964953195,0.06228951960425847,-0.34284025685443775,-0.02793718666174616,-0.29864715717553686,-0.09893101441467118,-0.24060336378936392,-0.11918688987486248,-0.32223153790258197,-0.004354537349193183,-0.28705187991833053,-0.13713459550226884,-0.2806752519805022,-0.11982244253333654,-0.2794653573346139,-0.0863041154509562,-0.2428699406048319,0.01200903997001617,-0.21672617794432045,-0.12811979601531218,-0.20071527508246154,-0.18259620469674595,-0.18691281303938986,-0.21588961815058064,-0.1659129038371297,0.03291356606629267,-0.1481540654003188,-0.09356482309473568,-0.1346343782357276,-0.15273494306972743,-0.12789852488224002,-0.19229261138264578,-0.09465106571439509,0.05447102965133092,-0.07335370427432758,-0.04619546736297074,-0.0637344180098315,-0.09151062311875599,-0.056734546536163576,-0.12760256165807973
-0.010394738412712573,-0.3759347364593171,0.07372997130236474,-0.45336922778856975,0.11253479948898938,-0.44904348289634494,0.14827576700780096,-0.44406549432890885,-0.04939586347276949,-0.46545604015826136,-0.09231079005123359,-0.46907594800062186,-0.1298631542265684,-0.4711088469656874,0.20279945135671587,-0.4097559748707034,-0.18575913448702666,-0.45083345068968544,0.0632682729963802,-0.27739782203538654,-0.09427112791522489,-0.30110162425366255,0.49982012895914596,0.013410394746712627,-0.49982012895914596,-0.013410394746712627,0.48829129454001446,0.6047198775337218,-0.6001105184589177,0.5643522381159902,0.11826701906031646,0.15321877119400779,-0.25204051781386044,0.1650133640558158,0.06296971164716501,0.005348898850763251,-0.17415360165440136,0.028862090270194072,0.07914056830573726,-0.05719206579917747,-0.1704566347713679,-0.029657801245248513,0.0986689247078146,-0.018354054699663915,-0.18351500209438965,0.009560922251246076,0.2061060024993029,0.1619996253112903,0.26234215736355737,0.0789305230131541,0.2926241538116136,-0.008989768788989634,0.2614575059979465,-0.08253396669924748,0.20958947308156184,-0.11092080297410187,0.2991152394334406,0.008789532542895065,0.2565374390111924,-0.10601236273687664,0.2035041851383767,-0.15561614983260724,0.16225111994147365,-0.1805887953516553,0.23463179173482274,0.02387117518713027,0.2171999868826478,-0.10951685175179751,0.19257079724201753,-0.17080280638690193,0.17338954599010792,-0.2074156103868072,0.16202551551129435,0.04303345533040117,0.13876610429462366,-0.08365123792222015,0.12861926176055166,-0.1401791362629104,0.12412183136251038,-0.17770858640632706,0.08893850481097991,0.06425137890910788,0.03814617706915478,-0.014360987604176874,0.002819698927707316,-0.04748839761575972,-0.0285052254397649,-0.07592488095977012,-0.2860254505529012,0.18635306382171576,-0.3436661783107409,0.08561446125689745,-0.3560927972871004,0.001251360743086362,-0.31582325326019584,-0.06898702129565958,-0.25923153509727426,-0.0951835307194922,-0.3517924231810157,0.024904264874433646,-0.30472929740683974,-0.11233782368127807,-0.27399988326888514,-0.12836483113947517,-0.2529278849165875,-0.12193201371219792,-0.2788068663259001,0.044058757021680994,-0.23846590583840097,-0.10046827028088459,-0.2104182821027203,-0.15503090848406037,-0.18797288457067587,-0.18926608463870911,-0.20280468531482237,0.06651502780863279,-0.16863598763529253,-0.06757967540195994,-0.14493023348096423,-0.1264095004157919,-0.1283617759352194,-0.16811448124219208,-0.12969402224519538,0.0889932036563144,-0.09041741208051424,-0.012026896419564856,-0.06876942285922191,-0.05756700725478652,-0.05044982407422012,-0.09700001938310839
-0.0063812378343511495,-0.38330230317467484,0.07832740253013286,-0.4614477691305354,0.11733340400131596,-0.4573397741464552,0.15301645930607366,-0.45235724069405336,-0.04590403346632925,-0.47227053090561855,-0.08925559751433489,-0.47538171061421614,-0.1273186146493253,-0.4767583425966954,0.2054066495075358,-0.4185589540088943,-0.1838087851966135,-0.45548290675414776,0.06596017281854215,-0.28588056074185636,-0.09109244974052098,-0.30608914965701073,0.49982417147897196,0.013258868932123068,-0.49982417147897196,-0.013258868932123068,0.5457388768432974,0.6069860994961686,-0.6698426786540863,0.5702972285200277,0.161956166822682,0.17753315200749364,-0.273748284222294,0.18795286748235152,0.07056408961673409,0.045621206739916396,-0.183614805235446,0.046736655805171876,0.0899903726920318,-0.02385902091526979,-0.17172785379271152,-0.011066372490787124,0.10735410789918402,0.015644916744345577,-0.1882488090713621,0.02799440281830409,0.23456056047197918,0.17745309134300824,0.2876731824510463,0.11270355749112526,0.305682374621341,0.020196374092146654,0.2596738937035391,-0.06333158576631807,0.2066955062004722,-0.10222563945611152,0.31381221794302633,0.03359247763223668,0.26004573863130964,-0.07281080272861289,0.2174589510806689,-0.12349014624649443,0.1840823972319855,-0.15993900666529134,0.24892090642619807,0.05476372317748028,0.1982389056485745,-0.05538466477655126,0.1730540835581486,-0.10053253641016313,0.15877774129900005,-0.1290395332045087,0.1839529629671322,0.07510213208874077,0.1443248198440914,-0.02966830501966496,0.13065278988111215,-0.08249822884940347,0.12407770066267776,-0.12174501234043617,0.11862860383041074,0.09298617589699196,0.05225231270807371,0.025300712902400498,0.00854467585463725,-0.01359085496376331,-0.028834911218316585,-0.049789932966810245,-0.31381264653330726,0.1940739081571251,-0.3641299169818244,0.11060706527272686,-0.366959984325133,0.014034874494849407,-0.3136472106848524,-0.06274621716056769,-0.2505419205868871,-0.09239172117728499,-0.33424183086607745,0.05395694483258021,-0.26098100834244486,-0.05182813690699658,-0.21867469027167163,-0.10285815299276871,-0.18761063814299608,-0.13641900066226972,-0.2660866329235416,0.09361697507252527,-0.19251259662257533,-0.01947479949510365,-0.154472123336364,-0.07932846084939714,-0.12988767051152247,-0.11980324121346833,-0.20666027607937637,0.12393253713451284,-0.1350890421613882,0.025526665698528482,-0.10129426991653313,-0.03455131980882531,-0.08200119270056125,-0.07537180109352781,-0.15708506684333265,0.1425104686076563,-0.10072698782063974,0.05736363753990739,-0.08148242702447378,0.006288790910745675,-0.07190360568088128,-0.030403765941811427
-0.003776579748937654,-0.38628360814151,0.08098874948757019,-0.4647949712463298,0.12015670471037006,-0.4606792805922559,0.15588137997332469,-0.45554513804486835,-0.0439267427190591,-0.4749228425593639,-0.0875801047122334,-0.47767124217627754,-0.1261446508631622,-0.47890238091679577,0.20778712938301275,-0.42279902563946764,-0.18278039046071445,-0.4573587658394998,0.06849493608391537,-0.2881175009454675,-0.08918621109614361,-0.3074466073117149,0.4998505503034659,0.012224048483308417,-0.4998505503034659,-0.012224048483308417,0.6266747573813255,0.6087867647486472,-0.7776236190113321,0.5731042738836405,0.20648423412067907,0.2193368731787152,-0.3173514609045775,0.2427270887535284,0.10026925770556942,0.09773010131153814,-0.21550343058315594,0.10360216950588566,0.11741161958186659,0.025633349413040706,-0.20172109904871297,0.042194685775561604,0.1296927891836208,0.06180474884120279,-0.21463443198542922,0.0793082608182988,0.2870352559115838,0.22694013741047966,0.3131172665285132,0.15172449496329551,0.2995874387475012,0.05926998306818241,0.22859609025645483,-0.004460483539341956,0.1687918719199751,-0.03546920138354568,0.3444046596709972,0.07430622430897468,0.28032776445665175,-0.025114825680713777,0.22449697204443186,-0.06770763747323469,0.1859893317854287,-0.09079412538282301,0.29395091445679744,0.11036975220524142,0.23500811874453545,-0.0026026482174732707,0.1878983049284832,-0.05678316976384975,0.1531471422614364,-0.08791172573446873,0.2331595812083369,0.14344851872017417,0.1809018933929121,0.03725695895045602,0.14732690061313916,-0.02479973405522539,0.12123094331770451,-0.06934800791915155,0.16264000924944255,0.17158680351054353,0.09965629257620404,0.10156311345405712,0.05888498586895179,0.06228504834355243,0.02240960050374067,0.02817035354187056,-0.36291405431263046,0.2404574820533234,-0.39232475829008134,0.15335470671746168,-0.3754768262933389,0.05424668217866823,-0.31041247180458037,-0.0036409870412479795,-0.24659281532710903,-0.019538392634433785,-0.3745502330788221,0.07498625402201642,-0.291352527724423,-0.0009138948498284076,-0.2290281790182926,-0.04805177420410721,-0.18127767889708063,-0.08151527964644642,-0.3260832869173603,0.12633947390919506,-0.2395734175991867,0.038615382654986416,-0.17942750563932902,-0.02029555953229454,-0.134799339691126,-0.06673576059887992,-0.273477104320521,0.17713060821636994,-0.1863911166532304,0.09253918200813711,-0.12987676481303845,0.026519738313594922,-0.09267546344069125,-0.024639777705455602,-0.22079903606595422,0.21970439398451028,-0.15454198229317487,0.13949420491090297,-0.11988026776789923,0.07926452678940588,-0.09737850726823362,0.029652231178354607
0.013490107260070305,-0.3898939019723985,0.09371843199209133,-0.46841405856012863,0.13200489652857253,-0.4641866558701505,0.16593726992465954,-0.4590300020736619,-0.03222863067026956,-0.47878051456124265,-0.07696023996229934,-0.4817267586031609,-0.11790178203702,-0.4833104943927281,0.21579299317146144,-0.4265177107565362,-0.1773701216185049,-0.4611926433405925,0.07902951357673155,-0.2906993183246187,-0.07807969729025631,-0.30955216504538174,0.499900346974707,0.009982138777214976,-0.499900346974707,-0.009982138777214976,0.7237350630821483,0.6149351086377745,-0.8745471524089738,0.5593230043788301,0.2830975340486452,0.28143774180237274,-0.32210784876569404,0.31039739775216885,0.1768578143505212,0.17299025892347134,-0.21706612532523129,0.15629818785204716,0.17712264527563745,0.10357375215952341,-0.19861377897631427,0.0977460834403861,0.181118190746772,0.13061514158209095,-0.21310745834137537,0.1270905127002768,,,,,,,,,,,,,,,,,,,,,,,,,,,,,,,,,,,,,,,,,,,-0.42758217543433896,0.2949173797256083,-0.3650719900736263,0.22125543470717338,-0.30044456705413797,0.13921685350078306,-0.2241336054002208,0.09420288515556577,-0.16921719919676603,0.0625601017955591,-0.37939174023065436,0.11621319805002998,-0.2905637356508002,0.05218162774623781,-0.2340134823015349,0.02001213281498094,-0.18869511458367416,-0.007488892718445289,-0.3828523626860245,0.15983430100718302,-0.2767999900151224,0.08202213773970962,-0.2020109384515112,0.04626961575737148,-0.13754092149301922,0.018698911576216438,-0.36846053686625274,0.21453055646770294,-0.2689253483197426,0.13550679090764078,-0.19951482888667046,0.0955666082286742,-0.1390748930179881,0.06258457175652986,-0.3372363429358667,0.2718234390149876,-0.25647760065598907,0.20181326975969768,-0.20914679558056087,0.1610997668957259,-0.16325173509457347,0.1301595837980607
0.01693661973581705,-0.3923810981801095,0.09652863711109824,-0.47047098844279034,0.1349136328775936,-0.4663253794244379,0.168506420960686,-0.46142783992122716,-0.02965489514725798,-0.4805459119877629,-0.07445420862219615,-0.48340846674014404,-0.1154503932056548,-0.4849541570127884,0.21589446980293295,-0.42935815862184085,-0.1742419336081453,-0.46263248049911937,0.08330381534316605,-0.2926423980041203,-0.07296274473086027,-0.31032518314988433,0.49993823690365,0.007858707379074471,-0.49993823690365,-0.007858707379074471,0.8037526565430042,0.6122154115081326,-0.8664648470416301,0.5949234254828438,0.3486207118891849,0.34656093298159396,-0.3675386657209058,0.31260773254843355,0.23892962851990898,0.24461082809320406,-0.22623155254387153,0.2478523606647537,0.2134937712398736,0.19335411056048607,-0.20066279511588114,0.1945763064416796,0.21627141033998995,0.21236698084649774,-0.21524982172713816,0.21303971740757463,0.34004024682232287,0.29591817067076925,0.25922165189338064,0.3451197509466272,0.2030185000867757,0.29284890038665706,0.19183529507314248,0.24122408498817458,0.192125369368679,0.19758342153112202,0.21331452727427164,0.14792091464417953,0.1761534243858752,0.12138603631074892,0.1546525558310046,0.14443298525611495,0.14793594013435624,0.17672685428062299,0.26976606507064727,0.13870550290395947,0.24483098460053068,0.11925512591496679,0.2255768480968029,0.1459951905177909,0.219558109889416,0.1740816818641826,0.3285195842091861,0.1489346793090387,0.30820086141114367,0.1370268145843628,0.291771178149669,0.1675852660212888,0.2866947912849246,0.19699408349733327,0.38448428505775056,0.17356417069616345,0.3663076149455999,0.17151513986796088,0.3522573038046556,0.19146568008240136,0.3470073578425818,0.21577158267982388,,,,,,,,,,,,,,,,,,,,,,,,,,,,,,,,,,,,,,,,,,
0.029434766508120328,-0.3933997989791337,0.1059194825220859,-0.4688029364320181,0.14365865948046075,-0.4646356879141178,0.17634978603442186,-0.45981721867100195,-0.01901626058372475,-0.4793763626299999,-0.06325567853863986,-0.4824155351364296,-0.10379564309694413,-0.48420859306707287,0.22035876809549512,-0.42801856110277886,-0.16239097791309404,-0.4608820872108494,0.09412707950658726,-0.2944135649603398,-0.05992376013591623,-0.3112451718984226,0.49998144280299733,0.004307766548121392,-0.49998144280299733,-0.004307766548121392,0.823785003420402,0.6058238330952258,-0.9394613690070132,0.5602823964105471,0.4079678539278216,0.4200321855092586,-0.41579815076591037,0.42506593026642137,0.2751684924746067,0.3921089818913,-0.2643607413497082,0.39503481686240544,0.2415790420169817,0.3117308736665073,-0.22360811933447572,0.3262379072415078,0.2506627976007859,0.3212196015296226,-0.2506605752961717,0.33080782026085065,,,,,,,,,,,,,,,,,,,,,,,,,,,,,,,,,,,,,,,,,,,-0.47624875497826774,0.358086707363606,-0.4116300475154661,0.3912804041632203,-0.3332791939383518,0.3498722022867983,-0.2670460545829535,0.332954224625152,-0.21231129024794407,0.3225538390306876,-0.3381241328149079,0.2366019948607723,-0.23314086592360309,0.282219865015469,-0.16097331851574206,0.29649141977461846,-0.10826760376675328,0.3179518735409476,-0.33853968934124545,0.24592224883735617,-0.23129643856707,0.296317054335658,-0.1631414330866591,0.3154821238552799,-0.10801964585576099,0.3405728831554165,-0.3361617257803129,0.26873399621598915,-0.22839923713618598,0.320519575576149,-0.166855929776043,0.34058869570747907,-0.11803044435670493,0.3650200288499785,-0.334307704642845,0.30006997411862557,-0.23684621697476702,0.3523128910659726,-0.18375288101710877,0.366233920008859,-0.1403194758511138,0.38379149403312346
0.034318611821716194,-0.4005573015007323,0.10876822254276294,-0.4723661833888879,0.14621436164786084,-0.4682796139350445,0.1786292316910896,-0.46384479178915305,-0.014886391667302028,-0.483050289129675,-0.05833680266461663,-0.48578980342218453,-0.09864899310714756,-0.48727587111174425,0.221085592784186,-0.43142308993363965,-0.15768739318986133,-0.46227831239599504,0.09866715469508427,-0.3025040763716956,-0.05281279444592256,-0.31700292181790884,0.49999988810692747,-0.0003345042002455472,-0.49999988810692747,0.0003345042002455472,0.90372707539165,0.5256252672683024,-0.9554772798912576,0.5375754921764995,0.43018396532014297,0.5112457126948861,-0.49124837900396645,0.5345827340596762,0.3133698828590831,0.5111257702309134,-0.34563114320995003,0.5318822586945072,0.2721495281524833,0.4465791472349085,-0.3053276092252207,0.46321567098833605,0.28358436943947674,0.4407689667053612,-0.32831109875912867,0.46133093947011883,0.49997140259929684,0.5144516903496273,0.41866092511706604,0.48340354898849075,0.31481007980901765,0.4451152723268696,0.23181433868971477,0.4176296609310242,0.16365203208410403,0.39344003827675855,0.35364244985567334,0.4126093597561623,0.2766527532884542,0.41832311109471987,0.2445335606862137,0.4431175825210647,0.22440084638773594,0.4625662669187486,0.39331151198767145,0.44135618720646025,0.33732060425147103,0.4742718346801257,0.31847430747609917,0.5051835362862749,0.31557116915769257,0.5218188718984356,0.4375771218418362,0.47883710196059615,0.39613105094540907,0.5260758123232273,0.38722932683942013,0.5558092172615573,0.392877750422204,0.5693937455692839,0.478842546127544,0.5214416448197275,0.44619796605632095,0.5750350403044665,0.43811877517595166,0.6010668759930414,0.439237325311493,0.6139363129925683,,,,,,,,,,,,,,,,,,,,,,,,,,,,,,,,,,,,,,,,,,
0.03594147028095394,-0.4086132097343899,0.10877576483027081,-0.47821746498177614,0.14647634328601344,-0.4741466932607929,0.17897469069079977,-0.4698425665525469,-0.014370306949184085,-0.48873679842416795,-0.05758734460664254,-0.490925133583359,-0.09790867253507066,-0.49213113391636587,0.22025578715544,-0.4369517526922204,-0.15714191138715064,-0.46517431936881987,0.10060974270087697,-0.3096196553718121,-0.05116109418887869,-0.32174115290449773,0.49999635717490826,-0.0019086151580686467,-0.49999635717490826,0.0019086151580686467,0.905799447590821,0.505092768900007,-0.9744640357241359,0.523322761388835,0.5023230224166962,0.5734289346436723,-0.5842155362548667,0.6223825696988073,0.4107259839452377,0.6788980792783597,-0.45284666539045737,0.6875222268425908,0.33121580736366396,0.6020446902370726,-0.3823452407502278,0.6179512473109261,0.3387678224167563,0.5724137490789789,-0.39854860190913727,0.5976767744492636,0.5337655564352953,0.6104760681378139,0.44557836512428284,0.5731260108867594,0.342460024437041,0.5594993715613432,0.2623718788467671,0.5533339721564766,0.20173851007111093,0.5392658665029445,0.3593899266380635,0.5764469528143966,0.309122432033445,0.6110409478483758,0.29743878852257094,0.6333797900164074,0.29358458518896535,0.6521860516050866,0.39684231840183487,0.6163487432388624,0.37019641718279256,0.6616004867932729,0.3650740818477448,0.6766198614387715,0.3678976304461301,0.683188309231764,0.4434886671760619,0.6523942904391036,0.42765503619183565,0.7027394708781268,0.42964290959999446,0.7166807633315146,0.433982946882678,0.7234469105236597,0.4900148323946562,0.6858488365715188,0.4975512082863367,0.7401945824960567,0.5022693052970642,0.7650299107999033,0.5064051835269686,0.7830870225587762,-0.6533956217466766,0.6019027478481713,-0.5621907522467096,0.5856159211647702,-0.4517636534626842,0.5964623595674535,-0.369000531307438,0.6207822755082475,-0.30969836115152627,0.6375651355938213,-0.44403773773432703,0.5605930929148659,-0.3523690481048781,0.6133128760252222,-0.30814166962294626,0.6594188237763146,-0.27808065152602557,0.6958845884440578,-0.484051977129162,0.5897404100053856,-0.41680817281194,0.6747265029626236,-0.4383160145390802,0.6871664359204703,-0.45467279247162257,0.6738092321476394,-0.5322295187992322,0.6322187522724597,-0.4779960518541785,0.7239534833606969,-0.5095091320900159,0.7161546415427126,-0.5276722331656313,0.6849701536874097,-0.583933521376798,0.6759116794122288,-0.5408838397455352,0.7510367711266174,-0.5663141361465731,0.7361171811305619,-0.5839674345583379,0.7032446837880847
0.030259032955390747,-0.4171630968265854,0.10373169408925603,-0.4856315302026513,0.1427454625736518,-0.4804938092176225,0.1759780752742983,-0.4754481657506412,-0.018264242531722773,-0.4980193863847589,-0.06054320507581991,-0.4999961769318644,-0.09983316350560385,-0.5009073225338668,0.21943712987755465,-0.44085475726383905,-0.15742281495069016,-0.4692357667645973,0.09841684851259215,-0.31598920625810234,-0.056829426050822925,-0.32799141060501896,0.49998935953117596,-0.003261955794374358,-0.49998935953117596,0.003261955794374358,0.9103675661489106,0.48419795866414717,-0.9755380393332165,0.4758014775413167,0.598367860164896,0.6787807204170444,-0.6771447999043582,0.684531197897696,0.5166996607934903,0.8020720483863246,-0.6029959378397138,0.81607771636054,0.43831761898890276,0.727733066059983,-0.5043373272552099,0.765449142323345,0.4420320797539686,0.6778153764795692,-0.5002502103250153,0.7224209474435945,,,,,,,,,,,,,,,,,,,,,,,,,,,,,,,,,,,,,,,,,,,-0.7035499136418513,0.6599106666166501,-0.6012551997914436,0.6606150745427773,-0.4845202512816905,0.6971963944615579,-0.39928910787551836,0.7414389388389268,-0.3435218328519456,0.7856296709710638,-0.5311245989100413,0.6757481701558341,-0.437280181039148,0.7397310095314694,-0.40024558919209857,0.796516719000378,-0.37671302984341015,0.8400749667836503,-0.5913385235326122,0.6951590142658344,-0.534406495601429,0.7804816812762482,-0.5241071075114535,0.8285193021818229,-0.519208549464324,0.8555320593644226,-0.6545902819019269,0.7249398065629351,-0.6082697937947388,0.8034599007314623,-0.5955223623350733,0.8446308652286799,-0.5892190788761024,0.8666198798440098,-0.7144880495675742,0.760601799998887,-0.6863432630006684,0.8222551335593016,-0.6710382836727558,0.8562697021189057,-0.6636376543554808,0.8744847741481635
0.028490341846274303,-0.42298219687644606,0.1021072693242053,-0.4911217625048623,0.1413701668534875,-0.4856939856085107,0.1747838367757957,-0.4804435423022038,-0.01876407573579535,-0.504721173908546,-0.06065116813749249,-0.5069854393495868,-0.09997130869294592,-0.5081932329757752,0.22004860998184186,-0.44510110754515886,-0.15757182569130085,-0.4741889929987079,0.0966677272318918,-0.3215223555903942,-0.058215130835407206,-0.33379396836907765,0.49998446323173407,-0.003941640124968757,-0.49998446323173407,0.003941640124968757,0.8985992279697502,0.47928653154004025,-0.9770693201732511,0.4745558104175362,0.6790825759755116,0.7742005488127645,-0.7378537085808151,0.7629374486319395,0.6126190587725694,0.9312894452967253,-0.7065125527966334,0.9274333702332981,0.5300258429485704,0.8571281528972676,-0.5840256110271377,0.87011744262963,0.5228688389409968,0.8091511383704804,-0.5633139889255973,0.8242081933800536,0.648501794110718,0.8251117604299314,0.5690382059776592,0.7960891183358076,0.4744604053739174,0.813724248649625,0.39669990422577983,0.8475597543253326,0.3470752488739503,0.8654000696567264,0.5201427360802859,0.8322538761167968,0.4657081263589649,0.8839692281823304,0.440534371863099,0.918116532942295,0.42341297417877655,0.9429415242473179,0.5826463022350894,0.8720886905174221,0.5410923146179731,0.9397644935122835,0.5199334439397555,0.9855996434185651,0.5072232674381413,1.018209857412999,0.6409760046879006,0.9093428626619571,0.610735942898165,0.9798868065196882,0.5989876888183999,1.0219439166986681,0.5928417215780002,1.0497458876248416,0.6952006377481988,0.942275143548033,0.6868217646618132,1.002825259347845,0.6875523191572542,1.0342491993290681,0.6899912656714319,1.0570088211786035,-0.772448261917457,0.6947823101623227,-0.6627957799014644,0.721310730712513,-0.5535673583304714,0.7886297274007465,-0.47325256896519824,0.8488249193252846,-0.4168544122116239,0.8964009759736886,-0.5717966524316327,0.7758846403540235,-0.5133898558583726,0.8612419499260577,-0.4950337543360069,0.9262180040991632,-0.4902615341586552,0.9781293001556266,-0.6291243880137934,0.7811022266766984,-0.5880061832551078,0.8788702350349518,-0.5828911894412211,0.9497939166358039,-0.5877701092503149,1.0050817811508164,-0.6940177863374498,0.7924041733954633,-0.6648193080418584,0.889900427118261,-0.663883568528841,0.9548651867032429,-0.6718371832593656,1.004742601246866,-0.761373062611777,0.8071733875380112,-0.7486250663529614,0.8843582069520978,-0.7469520127046414,0.9401529588916818,-0.7517308641742625,0.9843810258120916
0.029425826494499444,-0.4294289349508436,0.10328544346427167,-0.4978424554260711,0.14261266257979355,-0.4923786292715605,0.17603251353894742,-0.4870523045719424,-0.01823373179954699,-0.5121884977918,-0.06033012632852358,-0.51487576475195,-0.10001691840257795,-0.5163566850421237,0.22177280394497206,-0.45120061395723116,-0.15745680965395753,-0.4812446603867624,0.09745242826446744,-0.3276489242121948,-0.05917997366555768,-0.3400561660136684,0.49997701204224954,-0.0047945207585602685,-0.49997701204224954,0.0047945207585602685,0.9330143172729297,0.4443546583093132,-0.9852391790341054,0.47255240481803534,0.7507635640980692,0.8782885338053453,-0.7898005438320099,0.810457400708487,0.6855645673629835,1.0367450432457301,-0.7813405768591066,1.0075739571924833,0.5773805004151705,0.9743862660422768,-0.6440747590212161,0.9567117268594734,0.5594030544993913,0.9198568723365736,-0.610056392519099,0.9006119918425096,0.7888293378756974,0.8196451414003132,0.6392000898966601,0.8403036734250336,0.540248324818713,0.8792302794974532,0.46760960743593505,0.9292346175187017,0.4109293011807677,0.9550532953248474,0.6465756677051369,0.8692643597303574,0.5231176096854189,0.9578271929237652,0.48772766295107717,1.008578151395682,0.461372029728823,1.0441252181190672,0.7105975223220995,0.893581552931275,0.5867239024302945,1.0018558198863077,0.5509972209434781,1.063158201272716,0.5223812921848519,1.1067523871726572,0.7708628384572778,0.917133247940194,0.6591208439173639,1.0331754144673282,0.6338192024904643,1.091009822849667,0.6098933483337472,1.1317931922461608,0.8227912807480273,0.9380422983614144,0.7516433964163164,1.0368183659072838,0.7476578718854954,1.0866037662388814,0.7391496956919101,1.1252837883722118,-0.7857775049338768,0.8189099478777927,-0.7124900395837525,0.7877754560606569,-0.6130494853814201,0.8768911663928068,-0.5443490706748325,0.9518985320038547,-0.49023248183651813,0.9953572341099647,-0.580097562037982,0.9463662346469578,-0.6009145848942888,0.974574810029129,-0.5844595715717995,1.0414376935851646,-0.5789723920637261,1.0935780048782304,-0.6470703515340682,0.9614799520382846,-0.6977642047199175,0.9952372047412855,-0.695821926910003,1.0703826298836896,-0.6979281933423619,1.132022776317583,-0.7186882747657919,0.9719256661649756,-0.7776559414002,0.9935603996123124,-0.7778227204049635,1.0593734125530339,-0.7841083356169224,1.110729325911727,-0.7908109853566453,0.9786649729157588,-0.8535123988864644,0.9735187576437543,-0.8586098263780004,1.0279636671586274,-0.8661848557951267,1.0766785909747085
0.02973096217116685,-0.43675296690736576,0.10328744458386875,-0.5052501717118428,0.1425726623919567,-0.4997712030040811,0.17592815921299754,-0.4944974614825706,-0.018551429229856805,-0.5201270161197548,-0.060706562569857486,-0.5230673455847354,-0.10056677737622573,-0.5247609746691799,0.2216393894997744,-0.45882058183090535,-0.15814690117173685,-0.489708239995923,0.0975381619854033,-0.3350221041556617,-0.05957461241215507,-0.34685125825738683,0.4999759146520792,-0.004907623438774087,-0.4999759146520792,0.004907623438774087,0.9147593073314969,0.45333535437553824,-0.9713310102191925,0.4780936140623297,0.7942408346446741,0.9433884451011212,-0.8205873707216902,0.8464135504460175,0.757076731775248,1.111315610237901,-0.8448758176599973,1.0612403486387127,0.6455568716353823,1.053823127945415,-0.6962640972098172,1.0074477125425734,0.6276305754989189,1.001239944591026,-0.6509227656196328,0.9511804928315994,0.8444925389640872,0.8526097367521791,0.6919984477807041,0.8918233086776852,0.6013663073491381,0.9393014604038877,0.5368322599037734,1.001182719844933,0.48336974013569617,1.0446099438244345,0.7090993260977928,0.9121879125107374,0.5869482490249556,1.0148879606111758,0.5481350924106142,1.0721209553162725,0.5201214311220129,1.1192165776586818,0.7706673479862812,0.9489737223853015,0.6514101211148877,1.078478229361216,0.60859741873307,1.1419126337127388,0.5783853304872064,1.1878221743808712,0.8227747110178509,0.9836438772397849,0.7100496760204998,1.1162360791714812,0.6662323614294932,1.1697889899799336,0.6322095862628688,1.20674466226839,0.8627834316203634,1.0122451644076365,0.7630916884201395,1.1284691145329817,0.7305548663450064,1.1712751149175091,0.6987822438070379,1.2021665107348618,-0.8193019424834206,0.8724000181364389,-0.7336195694135452,0.8704336265569598,-0.6400575391666236,0.9538862094299029,-0.5899859722582493,1.0297755024378392,-0.5473757045638119,1.0751411502489612,-0.6425762861643239,1.0444431546843551,-0.662884284167839,1.0944875824266047,-0.6492782845153162,1.1479394477374514,-0.6433649748293258,1.1881863162336375,-0.7176757995448656,1.0636830264772668,-0.7639166785096476,1.1138620255159994,-0.7550884725791623,1.1741987323507854,-0.7494754639255972,1.220768333828958,-0.7884241463284951,1.0705738634729747,-0.8464100165396736,1.109258268915901,-0.8429015639197872,1.1686400270598791,-0.8375424578558691,1.2128400428807633,-0.8513961614824299,1.06735265999149,-0.9128808123173362,1.0864790393570123,-0.9078657850758349,1.1363403525811677,-0.9010969396588407,1.1803362152538281
0.02698773059338808,-0.4403925967418416,0.10096746958613473,-0.5087801426107913,0.14057444743105582,-0.5033098447861559,0.17358314621496823,-0.49807969697641824,-0.021329664324787764,-0.5236720990188278,-0.06354432783174377,-0.5266463271862122,-0.10321512296259272,-0.5283785167800247,0.21935461689816146,-0.4626420437614622,-0.15870797932108185,-0.49344750428670664,0.0961805735160396,-0.33905357349434834,-0.06330661914926079,-0.3505768338132585,0.49997438508218395,-0.0050610534172254905,-0.49997438508218395,0.0050610534172254905,0.8599553120084564,0.48337617037406044,-0.9700057916860829,0.4685905681816238,0.7697909310177811,0.9673105666434981,-0.8494693926668856,0.8905946265449991,0.7819158992015983,1.1394748152296907,-0.8827527789187437,1.1017838978567622,0.6796776946784208,1.0926930612307482,-0.7387668906661078,1.0509085861934964,0.6613301821437668,1.0434737438917208,-0.6812343224903418,0.9911648133059198,0.778579911831548,0.932047220162474,0.7231633929351723,0.9295882422308095,0.639864616981228,0.9906246363863747,0.5878171231157651,1.0638618676819096,0.5403759523824968,1.1166590647506485,0.6726951257915781,1.0640700244428236,0.6763965439130774,1.138086939167136,0.6320831911373527,1.1797137983572639,0.5929261037430263,1.211210755581371,0.7262201822993694,1.0935602661097075,0.7427783424665896,1.170316981401942,0.7043548540476811,1.2232291352461375,0.6726168473704182,1.265102012215037,0.7671984830321263,1.1057172060702047,0.8002593000185012,1.1735191529221505,0.7753971133504434,1.2272132184253388,0.7538131649809887,1.2704833941433058,0.7968965295924354,1.1043107576907234,0.8427359142105142,1.1548009005036097,0.8298508187081394,1.1992367482040012,0.8172089998393688,1.2389494314594391,-0.9277260346174987,0.8015493487314181,-0.7601200260463912,0.9230639740893198,-0.6726099088467132,1.0049651086510507,-0.6324676367470764,1.0831069339373047,-0.5897124536774294,1.1252707149370915,-0.8011450406245925,0.9809000779397432,-0.7156372362350084,1.1313908354879667,-0.6973290420013489,1.1858983358195725,-0.6843370418374466,1.2309502558963306,-0.8817952920978114,0.9987643899471148,-0.8109870286133682,1.1623933586525093,-0.8000260885273085,1.223087452305299,-0.7915111065384086,1.2728251887241055,-0.9482874660017624,1.0038754350063819,-0.8865263507151695,1.1691516520626632,-0.8791791822283563,1.224830820631747,-0.8676334787833884,1.2696387787886094,-1.0006284801643377,0.9988406057713747,-0.9428478466916763,1.150325467053157,-0.9354160025174273,1.1951928737958366,-0.9241222274454981,1.2340508337237734
0.020484732382128484,-0.4413475399581193,0.09616237938633165,-0.5094538487236429,0.13647854336141732,-0.5038871460462003,0.16978733143051206,-0.49861847987107627,-0.025986957853746762,-0.5244789140014894,-0.06754251700745348,-0.5273969766452362,-0.10570773504221283,-0.5290522753876162,0.21590712622825142,-0.46333303047819197,-0.15766049949700212,-0.49392703820523565,0.09381595493310968,-0.340552567149358,-0.06849756429689734,-0.35215398661397895,0.49998414291110305,-0.003982064470810329,-0.49998414291110305,0.003982064470810329,0.87349360269142,0.4626939726696723,-0.9532745074329364,0.47109221401558565,0.8165629591425352,0.9891773090141257,-0.8577971130711777,0.9142162459825879,0.8240054709005303,1.1700984722360692,-0.893840468138079,1.124545326321261,0.7269051869739224,1.1282398019851412,-0.7547065896891867,1.0783794763765044,0.6994907754245673,1.0765086139598907,-0.6978165428995247,1.0149907071934647,0.8396149248216408,0.9533303706205222,0.7413977182925541,0.9837308614427839,0.6706153922670525,1.0437321892753921,0.627325430391598,1.1174997417007075,0.5733467511919035,1.167070943330847,0.7698176672184536,1.1117605880838781,0.712372058896068,1.1919615328236541,0.6697874230684526,1.2307200093818438,0.6342258560117378,1.2579022688753079,0.8233581402230095,1.1377878868349196,0.7743042914110311,1.2235959604367423,0.7339574240046006,1.2699366493655462,0.7015944721955463,1.3051894763626264,0.8648756612367723,1.1484508473917538,0.8312132719833558,1.2333052383010814,0.8056565886049837,1.2797349671807852,0.7855634102598115,1.3158150810779912,0.8905493588034921,1.1466772125077322,0.8816770905925378,1.2141768299986122,0.8780997996916239,1.252851042695222,0.8770260324676465,1.2855803887849917,-0.8886892425878491,0.9174288483489722,-0.7687776737689556,0.9595955763610603,-0.6918114208086703,1.0331069257092647,-0.657410358169482,1.1128099631373982,-0.6166080565314359,1.1599700925338727,-0.7785268660940429,1.0793713677835621,-0.750803629197744,1.1716022580734933,-0.7288522109577332,1.2276989623121277,-0.7085170725161016,1.2732057119306812,-0.8558932871095228,1.0993821585879588,-0.8361326013396229,1.1991437477136924,-0.8217993440710926,1.2613076205606906,-0.8085558027533771,1.3130896398222787,-0.915937002734849,1.1063445027946441,-0.9045706350946349,1.1982942861131511,-0.8938155216001114,1.2537080095789808,-0.8800265679394781,1.3001803821133304,-0.9611807262915483,1.1038015763808149,-0.9546174840486916,1.1804062964370146,-0.9464766824458741,1.2244157420536501,-0.9357080509128279,1.2626374202871604
0.020662660280444962,-0.442867637143448,0.0955204148926194,-0.5109431115953272,0.13557845907455865,-0.5053778879158705,0.16844532001385956,-0.5001219354633148,-0.026182086474493705,-0.5259393855057066,-0.0675886263456244,-0.5288419765516362,-0.10567359409030065,-0.5304592613822058,0.21337244058313418,-0.4649750231126001,-0.1578587443711657,-0.49511725259411676,0.09382339906377692,-0.34251505600029375,-0.06828056384103698,-0.35385909738818083,0.49999155933493883,-0.002905270007471596,-0.49999155933493883,0.002905270007471596,0.8615751659286062,0.4604895059809568,-0.940180022320418,0.4766268899386196,0.8257117801966102,1.0008595218028946,-0.8408712156218555,0.9407567219463266,0.8443132984944997,1.1855328427116543,-0.8929996824783484,1.1499720520643042,0.7609038734083552,1.154068907156366,-0.7677530425608016,1.116065413861125,0.7349977199726847,1.103232082471896,-0.702380937967167,1.052907407197133,0.8535068141353673,0.9847177154325276,0.7570767854912502,1.0129078749371263,0.691251213502638,1.0728856565884024,0.6560556120889778,1.144998538700031,0.6070532382127735,1.194260474183413,0.7943606161652792,1.1412131235180234,0.7440202923532551,1.2275738287130429,0.6983826941737694,1.2639828721356199,0.6599881575397984,1.286283738660581,0.8477503636296525,1.163531509601005,0.8004259551891034,1.2528127081087665,0.7590774169615164,1.298074231115598,0.724417097577862,1.330187070688831,0.8848198773803236,1.1708975482382562,0.8504437830593129,1.2538290125667533,0.8210951215190074,1.2995042012542246,0.7963071581263169,1.333749664307665,0.9061940783509566,1.1682468221004711,0.8949762883411349,1.2322387937447994,0.8864136468818025,1.2704280283736171,0.8814916716348129,1.299163335290408,-0.8883078002615749,0.9497607542120985,-0.7734353326073227,0.985492488119746,-0.7016049746303745,1.0569923557934526,-0.6698232632083692,1.1369978838397259,-0.630540331899241,1.1840103420918318,-0.7869280712446688,1.109764836499996,-0.7641049773118189,1.214670419091732,-0.7446225909450092,1.2686728408084347,-0.7265154473596115,1.3070604036377567,-0.863900972302229,1.1291098304105818,-0.8447250931543802,1.2439239987588968,-0.8326283486195967,1.3037083849007618,-0.8242503003674659,1.3460524762651849,-0.9221754021679996,1.1344466619877855,-0.9094491016708525,1.2388761548426335,-0.8974409754829495,1.2888167605833156,-0.8867199414847681,1.3233243366358785,-0.9642812785711827,1.131061985433898,-0.9556508551325185,1.2144101771133686,-0.945310658905288,1.2523968312217744,-0.933999487950289,1.278375784374268
0.024548284987369638,-0.44386704137447464,0.09668782178423947,-0.5143033343135535,0.13606399407936823,-0.5084263498631751,0.1686838740867438,-0.5027999979685502,-0.0242302671723225,-0.529076907325686,-0.06558290453665351,-0.5312498598584282,-0.10381830742021123,-0.5315820907601814,0.21185003363339733,-0.46697172514155777,-0.1571587528022954,-0.4941499810806334,0.0949035717923948,-0.34415593530462274,-0.06535075745378856,-0.3537238384081166,0.49999701652688117,-0.001727270742460728,-0.49999701652688117,0.001727270742460728,0.8319390880537598,0.46702506651755865,-0.9090390344118829,0.48505605903827326,0.8319042321506475,1.0050370984823476,-0.8403452828233032,0.9386668904642287,0.8546162370966236,1.1819797065640598,-0.8888191419367351,1.1518873871425712,0.7773498368807975,1.1546985326489256,-0.7734763900457281,1.1220903276770584,0.7523610308072479,1.1069222569071273,-0.7079436120202254,1.061971847368629,0.8563125013136215,0.9900230028183984,0.7615276257155632,1.0240882183810454,0.7048065807401115,1.088962329819943,0.6731442228478473,1.1622338374508991,0.6280738480894138,1.2172241007130669,0.8128333154526092,1.1571403071043367,0.768709295384018,1.250345499637069,0.7218824199934991,1.284291088386607,0.6813873055270978,1.3013505149089175,0.8641285145780389,1.1702286987230337,0.818658312154292,1.263891248081556,0.7754324238027905,1.310062121839227,0.7385878729754645,1.3405867559813571,0.8962978058961509,1.170119393318128,0.8577282262715887,1.253583037744604,0.8242215511758055,1.2996823384585052,0.7942837144705381,1.3336879944197175,0.9111019201243602,1.1627202972637538,0.892317972415053,1.2297485373556787,0.8792250123042004,1.2693140482701413,0.8702474176083924,1.298061708167193,-0.8786895258023805,0.9677959348545585,-0.7672873945014702,1.0061722841812841,-0.7007169342438682,1.0726935908473612,-0.6693565198424003,1.1485990880110861,-0.6323976721094801,1.1986450583371047,-0.7920635541855223,1.1299056641278231,-0.7689177539890396,1.2340290453019742,-0.7451884135213976,1.2816254578155761,-0.7225064844821119,1.3135436512685486,-0.8654497394297523,1.1456348134158156,-0.8405586906281599,1.2564200713731728,-0.8232350529761894,1.311865830223586,-0.8106277912628324,1.351636923285046,-0.919408707888668,1.1484921514539645,-0.9029239807591789,1.253810108725074,-0.8867546487918327,1.3008530568742067,-0.8708706783807926,1.3303633165544015,-0.9569094295522552,1.1434020051756657,-0.9485026002699124,1.2254830885131551,-0.932665583806026,1.2610340792468204,-0.9129033442626413,1.2812078637918802
0.02543809238512819,-0.4452094217171572,0.095668347011921,-0.5169735949160199,0.13418131115787538,-0.5108607415435342,0.16639671120406457,-0.5050801573428054,-0.024316715451050526,-0.5313310189554327,-0.06554103974710931,-0.5328958277173887,-0.10388984459823916,-0.5323335842339884,0.20851580032009615,-0.4692045850011053,-0.15810376692005015,-0.4933547035641158,0.09343450296724311,-0.3477980274462625,-0.06450859293792889,-0.35467430979736747,0.4999998348344387,0.0004064056274841098,-0.4999998348344387,-0.0004064056274841098,0.8063461273486221,0.4831276131185247,-0.9057611357492983,0.4779885825146877,0.8241239149441018,1.0079434497385031,-0.8637936199760244,0.9627678582351803,0.8490759596475491,1.1775437888397995,-0.8745754541652269,1.1683111943986715,0.7726683394829978,1.153154071674691,-0.7726544283906817,1.142342084939783,0.7489334102885411,1.1068315631958414,-0.716036871048491,1.0866467783824436,0.7782180666614391,1.075617796888975,0.7555559307804166,1.0225910314255013,0.7039250167176722,1.0927738790669992,0.6753349061675304,1.1651924199618213,0.6349073386331928,1.2202916088955584,0.7436663060452584,1.2585758243145146,0.7783469230158978,1.263385567187921,0.7297826693281545,1.2933605669042318,0.6906450088795193,1.307853823724206,0.7886830807897792,1.2668642466614544,0.8211613145829219,1.266230994964879,0.7806016126853154,1.308249554374505,0.748998468810914,1.3360011328585077,0.8132404098809342,1.2639062628196664,0.8535033013664411,1.2480636967845469,0.8218594749018221,1.2917534364807581,0.7950282979940243,1.324894617619214,0.8229964144512815,1.2535217308098114,0.8786752337889161,1.2263976958454974,0.8619619179341724,1.2609119984587374,0.8492684454566367,1.2846038915246993,-0.9376427390860166,0.9424544472739399,-0.7619752064310809,1.0110570127691685,-0.6964531631000649,1.0796972841799346,-0.6635364506747828,1.155768516480744,-0.6270852701144661,1.205644363428314,-0.869311153326302,1.1197561669878,-0.7665439705839423,1.24443235533293,-0.7383474472831686,1.287741158048012,-0.7120589290581085,1.3145244236408842,-0.9416324104629218,1.1287191783938912,-0.8364343490670471,1.262253683386535,-0.8117047137307812,1.3132873030565386,-0.79248735923166,1.3498142171164134,-0.9910891427907931,1.1247764090098071,-0.8899111095785094,1.2530542065911625,-0.8633067128946933,1.3007014209002397,-0.8400502244099863,1.3304556923481383,-1.021632142204086,1.114278655088771,-0.928079406449283,1.2230395329438957,-0.9060414203800514,1.2613200011300525,-0.8841852871701914,1.2857601512582406
0.0298953415789834,-0.444246378029034,0.09665693976645552,-0.5163774322541521,0.13292221817246253,-0.5102356876483695,0.16418023128965048,-0.5045069078071379,-0.021098805679688085,-0.530421018094266,-0.06217340550306617,-0.5316085151232295,-0.10133737329775787,-0.5306244050066795,0.20450161396323677,-0.4690752872174053,-0.15823393755945375,-0.4910729425551609,0.09374163040535706,-0.3478524908759573,-0.06062450717396537,-0.35414713922794655,0.49998943310535254,0.003250658854477204,-0.49998943310535254,-0.003250658854477204,0.7807752246502521,0.49923808570245726,-0.8566382412746001,0.4931908855499467,0.8036054159561441,1.0086950860933108,-0.8389233916220767,0.9538313473340831,0.8267778124940355,1.172264034797583,-0.8514349127175795,1.1472752414745913,0.7557917497184327,1.1503110456356895,-0.7617535415729052,1.1249537875242845,0.7335773283904706,1.1044897816909403,-0.7104616890583721,1.0729470684463045,0.7713075659155598,1.0442353534724584,0.7376969209526705,1.0177597852475022,0.6941986305521931,1.0882317922763474,0.6682787863745822,1.1601204857537417,0.6312340312623697,1.2161184912068874,0.7549242134563272,1.2313043781317747,0.7719832592433705,1.2542452065232361,0.7238486613383494,1.281858127290637,0.6855193485582769,1.29371614520841,0.7970525723730535,1.2336279451407004,0.8117151314954405,1.2555874354953718,0.7695949692075125,1.293741573766203,0.7358306642503288,1.31630966810713,0.8182658711901637,1.2257798185774913,0.8364546252322258,1.235359765669751,0.8009784631164244,1.2724174843604463,0.771752075427095,1.2952400304790281,0.8225983439271153,1.213974575758114,0.8505978893568913,1.2106006603655175,0.8240358494452126,1.240299055271398,0.8011174060858035,1.257366437342541,-0.9047667377000586,0.9525231225410755,-0.7462517609031386,1.0133323907961995,-0.6823656256929029,1.0801144315497406,-0.6525472345861952,1.1520920418795486,-0.6192329984819763,1.2021271336300838,-0.8455398387268597,1.130109252456631,-0.7535373751102986,1.2392312220438135,-0.7221381753274557,1.2765847762434737,-0.6929313992055746,1.299197910709642,-0.9120484924055311,1.1378170135363,-0.819250045288807,1.2551376990418552,-0.7894503516510648,1.301120010519294,-0.7659090748254499,1.3326941355117916,-0.9536046969491395,1.1329444570521174,-0.8633021962699731,1.2409181492438106,-0.8320032149207852,1.2874874781469035,-0.8044291433389013,1.3173286386158178,-0.976668148479596,1.1234218938772458,-0.8931556555184738,1.216180816103439,-0.866623697756864,1.2527618739853075,-0.8403094200839434,1.2780734271725747
0.03170612237930168,-0.4440192559855127,0.09726172707629761,-0.5165815645801854,0.1328355173633518,-0.510466051955689,0.16367563198015267,-0.5047952281965308,-0.019398763477643462,-0.5301476456301951,-0.06016307727844052,-0.5311055670241449,-0.09930888682823184,-0.5298393434045273,0.2035091038739335,-0.46938906694046467,-0.15698151686315295,-0.4898085663296941,0.09473150554831707,-0.3483482942032857,-0.05796357995617633,-0.35430042313492827,0.4999791187760989,0.00456955007364782,-0.4999791187760989,-0.00456955007364782,0.7492497116035285,0.4939964481400152,-0.7900914306957433,0.5099881010721538,0.785632012112334,0.9880965979377551,-0.799010844898813,0.95502928825863,0.804927609751629,1.152476420228808,-0.8328673340852725,1.142997363295776,0.7371777834923803,1.1309480220321766,-0.750387956825994,1.1235467902061453,0.7156836777358232,1.0867302287013991,-0.7019705760923701,1.0718659397367025,0.8066895487279454,0.9669660250194854,0.7245842146101021,1.010673223701657,0.6806438932824257,1.0845879404017589,0.6543129048003917,1.1541999450775413,0.6208049042928122,1.2073822438727362,0.8021164540030399,1.1527987361920062,0.7600271001018728,1.2391583112890643,0.7146244040460288,1.2693115878993775,0.6780048592042095,1.2844063616295733,0.8429353389464551,1.1531507283052687,0.794759736402105,1.2465928463501679,0.7464959297450637,1.2790085996678815,0.7048048957247594,1.2928208691127994,0.8614798002541232,1.1462787211553835,0.8165990747044098,1.2317102570929315,0.77040880659936,1.2631407622285111,0.7299865928618039,1.277759068882675,0.8620387010803338,1.138222305882933,0.8245672858641693,1.208800928713309,0.7869798039277534,1.235851234099401,0.75224667302502,1.2502832404781612,-0.8351159619226431,0.9693234654070917,-0.7303642218713718,1.0065858286328033,-0.668387066269627,1.075169884443859,-0.6415401249452254,1.1487347523082034,-0.6091875158801484,1.20021891584972,-0.770271224670312,1.1453172138933008,-0.7403794279155651,1.2357345079091482,-0.7086205479361491,1.2731816876027602,-0.6780319386911431,1.2945102663889587,-0.8310568004132258,1.1538472934942774,-0.7995829763419273,1.2460102046039057,-0.7671806185086175,1.287449156216164,-0.7397811237567692,1.3157977931675684,-0.8691926316558295,1.1507159650599947,-0.8361066095154139,1.230349440744984,-0.8025199672101639,1.2715816485117946,-0.7726385158910646,1.2966471140610871,-0.8924378775674295,1.1428176577203868,-0.8603478612135463,1.2077091761259442,-0.8315960407900188,1.2391975497541492,-0.8042131976557065,1.2590429805071353
0.03321454482141807,-0.4446234762617741,0.09821007819419701,-0.5175612654161243,0.1335575829678509,-0.5114742242060878,0.16411400041315216,-0.5057736826169974,-0.017611712477357856,-0.5305251478461758,-0.05815286737370014,-0.5313143741713902,-0.09719441029716872,-0.5298129182117753,0.20332732094593012,-0.4701020869292147,-0.1556177290595716,-0.4889581626369872,0.09588747445000417,-0.3502167231649176,-0.05577068236902641,-0.3550472308320478,0.49996905822073956,0.005562447470919437,-0.49996905822073956,-0.005562447470919437,0.6872843332958121,0.5008194729642585,-0.790525411201545,0.4902248995791285,0.741358771507329,0.977557558902239,-0.811796728925151,0.9611143881780461,0.7850520309622578,1.1392772944600649,-0.8124243750353817,1.1444071836189926,0.71778241118532,1.1183712382034086,-0.7284418428962082,1.1232837827917788,0.6961431858003804,1.0742237369711642,-0.6818244238678943,1.070780808838012,0.666959444226701,1.0490372184543333,0.7069820579099245,1.0011323642100176,0.6635293708817475,1.0727447776497916,0.6378787777175818,1.140748550014608,0.6086619961509884,1.1912067475598493,0.6426829386448725,1.2260421060117208,0.7530409128656008,1.2293230189140893,0.7060195787860077,1.2598227235227293,0.6658626287715559,1.2705788211163371,0.6785904339444222,1.230734360571692,0.7769979886066894,1.2352121388805752,0.7243933904947435,1.2628235865678021,0.6798041519942847,1.270169538014767,0.6933941498052144,1.2273914723145942,0.7920159083564553,1.2202317545053627,0.7441099523709053,1.2481210295282572,0.7035761734215277,1.2586774848240225,0.6927788062637249,1.220600720488524,0.7973334743881493,1.199691381308219,0.7583681495833151,1.2259892547960134,0.7238621584033582,1.237336739426251,-0.9250490137677636,0.8583410784642997,-0.7130012813853697,1.0047991933110294,-0.6537896787798645,1.075302428237257,-0.6275980189283608,1.1469838477586334,-0.595039933386794,1.1954884028178456,-0.8952563467786507,1.04406443408461,-0.726622442644935,1.2322770037184538,-0.6905125108200382,1.2656667682577647,-0.6588877694118779,1.2836835841334129,-0.9515793482070453,1.0436886455551944,-0.7779919794151384,1.2393647970216568,-0.7409321485536478,1.2774522202277685,-0.7109481455702843,1.3029675876975828,-0.9823271786807042,1.03605178789272,-0.8076993024323624,1.2246433903398688,-0.7715521220752942,1.2623349710588792,-0.7403090039675867,1.2841174537248652,-0.9966778775457595,1.0273415269974446,-0.8240720607070796,1.2043475707620854,-0.7914032540060773,1.2350333131441664,-0.7614261352398807,1.254768396842706
0.03474113780523666,-0.44233674917074944,0.09910246437332564,-0.5150567649130013,0.13399624655401968,-0.5090993749931438,0.16405067875010915,-0.5034763180370174,-0.015536098290474445,-0.5274293967500024,-0.05568566605461592,-0.5280978598547492,-0.09439259641010293,-0.5264316306848614,0.20256541430067532,-0.4679950395794832,-0.15312080601539166,-0.48548464513365075,0.09683247254483886,-0.34948203571635755,-0.05334809369742544,-0.35353350058150723,0.49996809353225186,0.0056484909246121906,-0.49996809353225186,-0.0056484909246121906,0.6980530323605925,0.48700334106050414,-0.7496920798077151,0.49848377384483356,0.7584662930837394,0.9764969799827422,-0.7835662132042854,0.9652629189082517,0.7697755254249616,1.1367240043414113,-0.7951503102423928,1.1407278869975757,0.7000056472043387,1.1130768228474865,-0.7086817944923283,1.1226812085738476,0.6797321376259178,1.0682465124620246,-0.6650756814512535,1.0733595919830594,0.7342989141141352,0.9843604332922863,0.6892553942661999,0.9866301650921653,0.643885088683797,1.0574866862917285,0.6174079624092692,1.1218835473995201,0.5914885174724476,1.1710109409582354,0.7264536611383156,1.1645405879744464,0.7279833370549813,1.212862029044709,0.683276018364015,1.2428978015510004,0.6438988806284305,1.2543196410637,0.7547271101568324,1.1630163436449459,0.7474010970334423,1.2093663389837426,0.6993442828946238,1.2371846913093263,0.6550771706247214,1.2467999483332217,0.7624736329585645,1.1582027838435844,0.7561148476528293,1.1960163856112924,0.7140526616843785,1.2245141129037005,0.6745681090388256,1.2390475773838692,0.7568067473242376,1.1533658791677226,0.7571987322428431,1.1811442883258305,0.7239194188751186,1.2084439012750259,0.6904311169816548,1.2238250024465467,-0.812800249438663,0.9548153806534125,-0.6891473303235428,1.0008749722840653,-0.6328326299000143,1.0702044818254521,-0.6083778083541745,1.1392036337283258,-0.582094337208117,1.1864738202485237,-0.7718306829878127,1.1324044846500096,-0.7065599849395645,1.2226156922894549,-0.6740823892004714,1.2567859652804976,-0.6425006208298611,1.2758427008259077,-0.8203388368032798,1.137974602506669,-0.7407734591689442,1.2242939285640826,-0.6959410799917873,1.2556654103435763,-0.6590217073544191,1.2716392406179893,-0.8479085496682629,1.1339106748221002,-0.7658255530464967,1.2122835786609667,-0.7244109800076705,1.2411254555365212,-0.6906125216181271,1.2547598474847639,-0.8630338683986227,1.1264012435757174,-0.785453477922445,1.1934557893964712,-0.7511134423187823,1.2163968233251654,-0.7220641183701239,1.2282548128046251
0.03560286602221127,-0.44171782316460534,0.09956893943046058,-0.5141565943548363,0.1341585629754268,-0.5082328523239023,0.16379586510518104,-0.5025616949783283,-0.014021252949127663,-0.5257285058228891,-0.053989805094638514,-0.5261726564120429,-0.0927060405149697,-0.5243195486829021,0.20115420074009424,-0.4668478013912445,-0.15154944000745446,-0.4831284027745476,0.09735403428596531,-0.3504326773701538,-0.051987114641882756,-0.3531205688135318,0.4999689412122238,0.0055729546138397375,-0.4999689412122238,-0.0055729546138397375,0.6942364485350928,0.4893952695864242,-0.7109652334739454,0.5078554473285966,0.7480805828835201,0.966679581416352,-0.746696831783506,0.9615388398111349,0.7539625837122591,1.123438081479766,-0.766805968495871,1.1353300088313143,0.6884620472497899,1.0976162881976157,-0.6864452414146494,1.113859463652767,0.6691820480987082,1.0523949586404164,-0.6475930950267845,1.0662381964528398,0.7393156563565091,0.9450917575750191,0.6673786668452258,0.9769016993614421,0.6207090183960179,1.0432627095340887,0.5941729061058687,1.1047049525719355,0.5795774394013273,1.1539713474239797,0.7287736435169154,1.1073333174313136,0.696633482442016,1.1972463673986344,0.6522642380248912,1.2283866754447224,0.6138458775025433,1.2393805418392856,0.755050355408496,1.1102364079615639,0.7148126430857389,1.1984072164459605,0.6657611246832554,1.2259031747382763,0.6219853716009157,1.234770699930393,0.760477276309149,1.1110539709092917,0.7203476474857955,1.1887072869897803,0.6775118982109557,1.2156984792080154,0.6381772477235144,1.2273174553939057,0.7523476226487819,1.112955756542828,0.7191959936018515,1.1792272348614912,0.6852814886315184,1.2045620071217018,0.6515423370400685,1.2158397943505193,-0.7596027678759145,0.9622036339917951,-0.6652012682882102,0.994791131699301,-0.6084784025265624,1.0608774162010755,-0.5865037365485579,1.1324759591724352,-0.5649280116064119,1.1789239557885378,-0.7190764564778842,1.1279061242901873,-0.6811430198349502,1.2121935087728772,-0.6447602587711465,1.2453659479264092,-0.6129279743508916,1.263605764384723,-0.7651122839283505,1.1371984015030945,-0.7104934570649812,1.2141075546242563,-0.6636470436986517,1.244864730862757,-0.6265310893441175,1.2601735486633623,-0.787436124136891,1.1371874318344983,-0.725814978709733,1.2020267231267356,-0.6813163567306355,1.2276565472084526,-0.6474015291229908,1.2381693613713416,-0.7956305472375722,1.1332973937679027,-0.7415951292929989,1.1869206828765038,-0.7044403374720745,1.2062511747668592,-0.6750814310126125,1.2144945580795836
0.03566830684193966,-0.44125069896803243,0.09975538758459519,-0.5134553039661937,0.13391675277481482,-0.507554523209888,0.1634040092662422,-0.5019082368957251,-0.01319116791671361,-0.5250377967916833,-0.05328741266035322,-0.5255079419990669,-0.09219317510756783,-0.5236944730709283,0.2002607878623242,-0.46630306108146174,-0.1510559019395052,-0.4825492882075649,0.09715004647299724,-0.3502660608265881,-0.051760687272571534,-0.3529320801042776,0.4999633187131443,0.0060563967289856335,-0.4999633187131443,-0.0060563967289856335,0.6874653660929154,0.49557277689790236,-0.6978654187911106,0.511419549483281,0.722100897575084,0.9675257030587903,-0.7200198254691197,0.957750446480363,0.7138351561424986,1.1236246884168066,-0.7300367492299261,1.1296027544184586,0.6567002089266117,1.0960008025129742,-0.6528942925963297,1.105314116896531,0.6405032802972801,1.0490030094863982,-0.6184068576587037,1.0570765430767588,0.7133992705756119,0.9472906404655262,0.6403643116147008,0.9804988477703693,0.5943959162368609,1.0471851575760833,0.5716224233791667,1.1032549999122936,0.5585500383005143,1.1453528601308858,0.6950139068824205,1.1097278201588696,0.6557969124898458,1.1891111065882127,0.6107755629488433,1.2199531468914064,0.5720227625584955,1.2323234506049443,0.7164602809901582,1.1107211888899,0.6733992905964674,1.1896417289074597,0.6260976644201318,1.217406031084315,0.583711412016511,1.2290842257224606,0.7183950660396342,1.1087841520330672,0.6752530105811054,1.1804894187499002,0.6336465268964021,1.2093648270138602,0.5957674277604191,1.2233245850343997,0.7074208828871946,1.1065711079316674,0.6717808844805951,1.1689600042406736,0.6394228952962551,1.1962187756659701,0.6079112639912351,1.2093998908712702,-0.7307680638798308,0.958874259194694,-0.6397680651953469,0.9915454104449857,-0.5844131716948603,1.0562330803783255,-0.5614434499103758,1.1256669168458693,-0.5469523457753677,1.1709089435078197,-0.6950273775157144,1.12200724736123,-0.653605340980025,1.2061859183998571,-0.6147664893799782,1.2373917864345259,-0.5823240574197652,1.2535282379519943,-0.7382244816219432,1.1293087327150384,-0.6823191418553024,1.2018537627325043,-0.6343537552497603,1.2275016876809115,-0.5982212544055938,1.2382812503403868,-0.7588939017699592,1.1279748585430123,-0.697676669081612,1.1886197300543238,-0.6524242278106372,1.2115722415968686,-0.6182717492173071,1.2197472673616592,-0.767363753455083,1.1222877582205106,-0.7154891086459287,1.1718374923556563,-0.6780607328788787,1.188188991475681,-0.6480489259058981,1.1928066441471752
0.0352697330583294,-0.43968936512493395,0.09976836658184636,-0.5119819520684914,0.13376570753905068,-0.5062310656347714,0.16292598406892872,-0.5006627349213573,-0.012544455374581645,-0.5231290475439633,-0.05263503995388352,-0.5237182101137171,-0.09155604794215565,-0.5220789809408585,0.1988836419805189,-0.4652088409044691,-0.1506858016051756,-0.4809338350913439,0.09645290749440079,-0.3491899251317634,-0.05210868233077255,-0.351291824100051,0.4999643760194529,0.005968476478894439,-0.4999643760194529,-0.005968476478894439,0.6839736395632846,0.4936307880999467,-0.7132280287943233,0.4999013577063295,0.6965940227072263,0.9584463055015101,-0.7157640631703067,0.9536974661974967,0.6740197176811594,1.1114974256722667,-0.6912084483688995,1.1249899347589842,0.6166828546227526,1.0806004418766255,-0.6134216525882534,1.0986543959826542,0.6044031030360666,1.0339085557681977,-0.5873263377164631,1.049746638989986,0.6405195611693809,0.9958919755419935,0.6239155766186388,0.9748979107835395,0.5783126841409475,1.0390958831822967,0.5518825968315243,1.0942794796483246,0.5356615037626048,1.1337230729498136,0.6051638676605311,1.1479281791463427,0.6172697297279962,1.165522200643559,0.5711377507221639,1.20176992510744,0.5306791652733952,1.2212238074937831,0.6119571899745337,1.15217338496052,0.6247962103241548,1.1718022137363762,0.5810727307929053,1.2072002855930213,0.5403006423133542,1.2280646908321475,0.60614180205219,1.1497097896246473,0.6196181932919222,1.1628215478069568,0.5816499744686319,1.1954655123931794,0.5468407040031338,1.2137682784284005,0.5942485306690317,1.1428565545475247,0.6142766024817238,1.1465691525921067,0.5856314469071867,1.1741479483952724,0.5587390509809415,1.189423716657086,-0.752787181310118,0.9445877821219333,-0.6180134366105436,0.9829749881004273,-0.560187457456492,1.0484972820577896,-0.5349145864035516,1.1195290747465987,-0.526648331758565,1.1652594231415667,-0.7153458632296553,1.1024911671934645,-0.6188569893124186,1.1975666087423407,-0.573875966133883,1.2281057849314208,-0.5372656986105949,1.2415446790604927,-0.7577885804590726,1.1113000239077466,-0.6459151260882712,1.1964808255881099,-0.5952248322777207,1.221648393011663,-0.555689339086256,1.229126074364935,-0.7769899736330441,1.1124390228283356,-0.6601417507589753,1.1835141925530275,-0.6133403472707464,1.205383637462266,-0.5760980974473094,1.2114064913869758,-0.7837286404390382,1.1088978255745392,-0.6766168727814089,1.1675350088888132,-0.638506229194134,1.1848426877310898,-0.6062748911008076,1.1904425613761727
0.039516817153473195,-0.43603744657561033,0.10340001384065198,-0.5084167766369876,0.13708805505615526,-0.5026832279786386,0.166199781628637,-0.4970208215700901,-0.008439497784273664,-0.5195579311656338,-0.04925480010156049,-0.5204999499392469,-0.08856482779932917,-0.5193147756995565,0.2015707543667911,-0.46123177881760663,-0.14975336273429454,-0.4769320387187919,0.1000785054047231,-0.34574759806785466,-0.04726329403843499,-0.34778802933182046,0.4999672632957588,0.005721506143438594,-0.4999672632957588,-0.005721506143438594,0.6776007967955169,0.48994920245139056,-0.671081702568842,0.5087146997121291,0.667855659878176,0.9496286096852258,-0.6653055877934337,0.9472156553445121,0.6318387632049632,1.0991316232399158,-0.6447985362064381,1.112007019148471,0.5735596680769157,1.061872479550078,-0.5672617109887264,1.0811174517279065,0.5645393077335181,1.0158928063171184,-0.5498846401830295,1.0326475612862938,0.6597824850639635,0.9392280102071546,0.6014316912662848,0.9661863920342836,0.5560103455893001,1.0266038880607986,0.525734906684889,1.0777113674776897,0.5055623031605021,1.1154108777193643,0.6241061173272252,1.0832569654660356,0.5776196251169172,1.149350261721313,0.5294864481615104,1.1855328125270215,0.48907621948107544,1.2074474870532228,0.6247350307131695,1.0878331211319625,0.5837423099583918,1.155267866110849,0.5406779586848476,1.1897913319580857,0.5013910621543325,1.212718690576417,0.6144924544670571,1.0837559945657522,0.5669083843961426,1.1367153981567752,0.5368156101733418,1.149376651919004,0.5154775455689857,1.1535531391692933,0.5985805960530579,1.0742240459321704,0.5547229490778296,1.114742061082694,0.5282863300749346,1.1235524126842227,0.511105834446619,1.1239663890383682,-0.6710984746523145,0.946778150380377,-0.5803868599127817,0.9735737396627114,-0.5238609641831654,1.0375268862714817,-0.495821061181977,1.1034939547137055,-0.4800571309544341,1.1457608768811078,-0.6239827511018732,1.1046005942687,-0.5721431821646903,1.1836064870726515,-0.52473788183657,1.2085100899530337,-0.4875290543971497,1.219032306908417,-0.6642726738660256,1.1130797965823314,-0.5975016980010581,1.1723521805969765,-0.5493031814598012,1.1878497447026415,-0.515519674499035,1.1907140350147138,-0.680863602939292,1.1114110140210935,-0.6132267583289894,1.1578461566298697,-0.5685929056897386,1.1742731008301326,-0.5351445224442332,1.1779238508288246,-0.6847412529961461,1.104302512216464,-0.6302352407410281,1.1435919523804916,-0.5941468043752788,1.1572396590142535,-0.5641397188064274,1.1589701246881674
