pose_0_x,pose_0_y,pose_1_x,pose_1_y,pose_2_x,pose_2_y,pose_3_x,pose_3_y,pose_4_x,pose_4_y,pose_5_x,pose_5_y,pose_6_x,pose_6_y,pose_7_x,pose_7_y,pose_8_x,pose_8_y,pose_9_x,pose_9_y,pose_10_x,pose_10_y,pose_11_x,pose_11_y,pose_12_x,pose_12_y,pose_13_x,pose_13_y,pose_15_x,pose_15_y,pose_17_x,pose_17_y,pose_19_x,pose_19_y,pose_21_x,pose_21_y,pose_14_x,pose_14_y,pose_16_x,pose_16_y,pose_18_x,pose_18_y,pose_20_x,pose_20_y,pose_22_x,pose_22_y,right_hand_0_x,right_hand_0_y,right_hand_1_x,right_hand_1_y,right_hand_2_x,right_hand_2_y,right_hand_3_x,right_hand_3_y,right_hand_4_x,right_hand_4_y,right_hand_5_x,right_hand_5_y,right_hand_6_x,right_hand_6_y,right_hand_7_x,right_hand_7_y,right_hand_8_x,right_hand_8_y,right_hand_9_x,right_hand_9_y,right_hand_10_x,right_hand_10_y,right_hand_11_x,right_hand_11_y,right_hand_12_x,right_hand_12_y,right_hand_13_x,right_hand_13_y,right_hand_14_x,right_hand_14_y,right_hand_15_x,right_hand_15_y,right_hand_16_x,right_hand_16_y,right_hand_17_x,right_hand_17_y,right_hand_18_x,right_hand_18_y,right_hand_19_x,right_hand_19_y,right_hand_20_x,right_hand_20_y,left_hand_0_x,left_hand_0_y,left_hand_1_x,left_hand_1_y,left_hand_2_x,left_hand_2_y,left_hand_3_x,left_hand_3_y,left_hand_4_x,left_hand_4_y,left_hand_5_x,left_hand_5_y,left_hand_6_x,left_hand_6_y,left_hand_7_x,left_hand_7_y,left_hand_8_x,left_hand_8_y,left_hand_9_x,left_hand_9_y,left_hand_10_x,left_hand_10_y,left_hand_11_x,left_hand_11_y,left_hand_12_x,left_hand_12_y,left_hand_13_x,left_hand_13_y,left_hand_14_x,left_hand_14_y,left_hand_15_x,left_hand_15_y,left_hand_16_x,left_hand_16_y,left_hand_17_x,left_hand_17_y,left_hand_18_x,left_hand_18_y,left_hand_19_x,left_hand_19_y,left_hand_20_x,left_hand_20_y
-0.017143124183861193,-0.3201319420436085,0.061803209110358776,-0.37711675302373826,0.10096628641249265,-0.37760021716799713,0.14414337948071415,-0.37762604854668014,-0.07203897751407731,-0.3772188377298872,-0.11663115637084932,-0.3777813752211189,-0.15304245863817337,-0.37918427852539965,0.20532133386600834,-0.35726889173044196,-0.20384353084362491,-0.3576442927271973,0.06504183231283572,-0.2562141695062137,-0.0889389032156655,-0.25603380105855383,0.4999856233426274,0.0037916290277753752,-0.4999856233426274,-0.0037916290277753752,0.6421687508637217,0.46149094706401333,-0.6347728549042079,0.4401982205761739,0.6177681372777442,0.8632512301540516,-0.6958674495128788,0.8168068624851632,0.6247545664048596,1.0000742901980362,-0.6986309558288373,0.9593010945582562,0.5505970774364366,0.9985981791873568,-0.6539726757148241,0.9565002511840267,0.5338626304795119,0.968991132787004,-0.6374552574591485,0.9104989649800588,0.6397329308144624,0.8970485999400618,0.5129317688947949,0.9361282046647922,0.46269097816496946,0.9966453720792351,0.4394348412956625,1.0560500981986056,0.4146951485641781,1.100634606602319,0.5823938125834887,1.0538182219600833,0.5003899013391332,1.1156156782306481,0.4661144818463172,1.0841219259794148,0.47818393973418694,1.05483388018568,0.6381331901486016,1.0585217888959924,0.5564428650734108,1.1218167883254888,0.5141308411891187,1.0978509089466912,0.5246562819965834,1.07056575380752,0.6699660215453417,1.0532449683947256,0.598188177837601,1.1139196056984324,0.5564895645964446,1.0952883008204026,0.5624583050839186,1.070259386888293,0.6826603957559352,1.0447485880228484,0.6251272601828884,1.0964754162320172,0.592324793278904,1.087266360530362,0.5956898661560693,1.0667679771372196,-0.726342046714327,0.8468357838037447,-0.6242669286317306,0.901183425341824,-0.5941246425289727,0.9604399312359131,-0.5854570305726379,1.015488742424182,-0.5798077418949029,1.0600518186796433,-0.7247724238567996,1.0132701766777326,-0.6276738505983779,1.0632499464020013,-0.5926301449911086,1.0326660452444667,-0.6089749780529632,1.0047737963058552,-0.7523768052041492,1.0138319245635021,-0.6501659877828819,1.0596371630113521,-0.6165895947254304,1.0330152764601983,-0.6300568798824686,1.0075256841414453,-0.7595621021068896,1.006591693680768,-0.6681394385103477,1.0537832537181981,-0.6367911992656693,1.0311915134447112,-0.6501771550601292,1.0058111122812645,-0.7494905716392515,0.9998155252080851,-0.6752561525386809,1.0408323705332592,-0.6534245767234675,1.0225999292142818,-0.6686164730101309,0.9998319941220053
-0.013528250380684241,-0.32192219617530404,0.06591257035537829,-0.37716450860471074,0.10331082674555336,-0.37639010151361696,0.1455355053950333,-0.37565310593584605,-0.06583639916609037,-0.37984488063130517,-0.11054225881177021,-0.38057322549878825,-0.14672391076418895,-0.38189824468236,0.20628888201224124,-0.3532692245456775,-0.19774231728849592,-0.35825259540591925,0.06609052782415713,-0.2575627091838138,-0.08744497469007033,-0.2591261284612925,0.4999870124045328,0.0036038072631017627,-0.4999870124045328,-0.0036038072631017627,0.6415254402590272,0.4598286738715395,-0.63447836943414,0.44465285639512186,0.6202586239648612,0.869198484888755,-0.6906120420638568,0.8325594687599481,0.6277218276586606,0.9994139194046484,-0.6938945934039958,0.9625877333623406,0.5512192150545254,0.9976752389836754,-0.6494684775065858,0.961574813830453,0.5336784956098032,0.9659372434470453,-0.6329505641197944,0.921759077128925,0.6382017699582992,0.8974570973394754,0.5076937841490345,0.9342590164542224,0.45175402224602995,0.992578959502144,0.43256989254038797,1.0510332694267446,0.41462944287223447,1.094808335114828,0.5780002412493247,1.0533503116212488,0.49570007989590725,1.110922698484035,0.45905679458539994,1.0862180674520958,0.4703292318249161,1.0599181106268112,0.6347109274899305,1.0586701614076222,0.5489841860874256,1.1202688360015296,0.5051814830651757,1.100886526387475,0.5170372253412447,1.0755183746417682,0.6671663702460187,1.0542111134683343,0.5932978427510934,1.1154491545554361,0.5497187100336858,1.1007786733760938,0.5558726231080732,1.0773610882799693,0.6845127295764811,1.0469209239802921,0.6249275358887949,1.0995105017172708,0.5906970123203926,1.0916832941100603,0.5931212334449569,1.0715127587378284,-0.7196874163820156,0.8505839538994695,-0.6228336146115854,0.8965428183742468,-0.5953237941617556,0.9572137323765029,-0.5819250797416156,1.012412229520036,-0.5717173539488274,1.0589256382283312,-0.7183274573166318,1.0162268557163219,-0.6196828461697277,1.0616862259321405,-0.5812350451625501,1.0352350501971483,-0.5940901129971973,1.0070568781174163,-0.7459515345503934,1.013877008230856,-0.6422118797377133,1.0550530410384282,-0.6049785485774418,1.0318987970450926,-0.6116045432703954,1.0070719326002548,-0.7509310856164821,1.0047602830563198,-0.6567743955587877,1.046762514869826,-0.6236054377242815,1.0275107523382971,-0.6302439029216759,1.0052494414016877,-0.7430833185289769,0.9971874288009495,-0.6653862338237959,1.033817232485034,-0.6369686505281752,1.017982612864097,-0.6437867583976513,0.9992222556156732
-0.011862995715690357,-0.3236532664726577,0.06808081465441145,-0.37788314264952005,0.1045551451884568,-0.37635449945941774,0.146174864697918,-0.3750691336249051,-0.06311690228634652,-0.38162550883052765,-0.10774904374897869,-0.3822639296272158,-0.14382565113737117,-0.3834459951184835,0.20646637361128983,-0.3513340571470501,-0.19504736748163073,-0.358703487931589,0.06610980821375788,-0.2590847195691053,-0.08757171633488804,-0.26133758677259744,0.499988074002311,0.003453383190377462,-0.499988074002311,-0.003453383190377462,0.64076815959104,0.4592342379345982,-0.6345630728490906,0.4463493988126839,0.6212308232285837,0.8721316544208889,-0.6878723309832235,0.8404981955637689,0.6300960340104228,0.999264878594538,-0.6915975365208908,0.9656742091080772,0.5517802415363028,0.9977854741131051,-0.6475004033506343,0.9659900546743938,0.5336577048803509,0.9646104735431106,-0.6310125020936517,0.9284012917728338,0.6361327669899287,0.8950398795085147,0.510156372067341,0.9304006749635861,0.4544156863101222,0.988522315863478,0.43225557554328164,1.0478770555403882,0.41413617939722214,1.0925797463145308,0.5808701117027529,1.049492399235733,0.49753376552143797,1.1081811264933297,0.4619347399588181,1.0836407335502214,0.47241372418105576,1.0572137914503505,0.6363117760537927,1.0552269702991677,0.5495424039158668,1.117778749046492,0.5063332499176728,1.098631508877093,0.5164674510181573,1.0735022703291688,0.6673891403378314,1.0508522400191214,0.5921862661334375,1.1125071788700442,0.549633478702745,1.0984035975877622,0.5548657925055385,1.075477651051458,0.6829254670974314,1.0435413573118613,0.6216821593645417,1.0962148865149282,0.5877940387268482,1.0897564279213066,0.5891980709708646,1.0714398526184343,-0.7214764597977944,0.8510855273772927,-0.6244024017366564,0.8944254611802896,-0.596144093725274,0.9546635814254915,-0.5818108065765799,1.0110745417225921,-0.571335411508505,1.0575199911648547,-0.7178815854206597,1.0105435712286495,-0.6228325954347508,1.0584410578518546,-0.5838193869748741,1.0327965513594497,-0.5958374453664993,1.0055041744621005,-0.7450204138164863,1.0092898348151957,-0.6443237775945204,1.0519500725486335,-0.605707619313891,1.0291878811710022,-0.6116169373206215,1.005684978103046,-0.7490335368146417,1.0010614745750985,-0.6581647898175883,1.0446203467820194,-0.6240993425320445,1.025745433684714,-0.6295745972072249,1.0037277674737053,-0.7397701542428794,0.9946041375921526,-0.6631329643062215,1.031446805072144,-0.6344353213931125,1.015770501300199,-0.640954234802162,0.9970030385056392
-0.01041528423559861,-0.32443130819307864,0.07006304514897804,-0.37811800187461964,0.10590228112836757,-0.37615387504178327,0.14704328133974331,-0.37452825166961196,-0.06106508308284417,-0.38247283040780383,-0.105669216845619,-0.38312204889542173,-0.14166005665893103,-0.38428781850970833,0.2069367682012322,-0.3499369444859675,-0.19284859255976078,-0.3590870706367036,0.06636214120912105,-0.2601326822873699,-0.08776158822046948,-0.2627555518693788,0.49998978042683767,0.0031967903782772655,-0.49998978042683767,-0.0031967903782772655,0.6396324864383623,0.4587525291486922,-0.6352814676098,0.4470769049840763,0.6221522170316758,0.8726885895270093,-0.6860772677841712,0.8423442922139611,0.6318425368877633,0.9987010688026363,-0.689856494769048,0.9664113570294531,0.5525473448885434,0.9973844797053788,-0.6458616896454976,0.9673064135153164,0.5340433854399381,0.963788935647988,-0.6294184442469063,0.9304553648084175,0.6381415473295872,0.8933302414690171,0.5104162696760299,0.9280720584170414,0.4550534180110102,0.9866166857421229,0.43475486358524096,1.0465729206797365,0.4161915175645892,1.0913147640595775,0.5772803954941479,1.050703312790639,0.49287751009838443,1.1066046774089713,0.4613777517835558,1.0783254641012385,0.47650967444127856,1.0498176685161946,0.6341162582461931,1.0564044237071042,0.5473341002639472,1.1157336260840154,0.5085158993705416,1.0941054847452198,0.5232018624872359,1.0672992825245124,0.6667974731943395,1.0514858709400219,0.5920412081016481,1.1101849033524243,0.5539163734494194,1.0937695584376812,0.5631822473905782,1.0691503507701885,0.6848339594758163,1.0433931619221215,0.6249171661860526,1.094422586629921,0.5945845220871419,1.0856461476825343,0.5986241535879357,1.0655566788104232,-0.7152956853313264,0.8518235096139436,-0.6197462765128405,0.8954134775963543,-0.5937838118157374,0.9560478399566573,-0.5794927133780844,1.0120583414073918,-0.570352111488903,1.0578850542033733,-0.715941766415138,1.0098812072661396,-0.6215212627162157,1.0579076883308325,-0.581284395051714,1.032968689575376,-0.5913150111706416,1.0063336999623802,-0.7435699684330779,1.007949462922589,-0.6441964005252047,1.0509135188456566,-0.6047994606796854,1.029387119030292,-0.6085142588363985,1.0066059817927067,-0.7483018456736895,0.9991405294357805,-0.659974740417147,1.0429913501346522,-0.6253820622000544,1.0252119068650143,-0.6282414696190259,1.0034183795255762,-0.7402842102468669,0.9926091270120238,-0.666406306169784,1.028654759341809,-0.6371121427307356,1.0139896375503987,-0.6412661774203211,0.996008055835531
-0.009329752055816709,-0.32501274064178615,0.0713131254420458,-0.37836120218481084,0.10677918912281964,-0.37609737516478886,0.14762276537043587,-0.3742115242075878,-0.05947912807099272,-0.38299339565117235,-0.10395830351095309,-0.38356881020224187,-0.13981633407712774,-0.38466524298619004,0.20705063106749552,-0.34880430232891874,-0.19110333185792736,-0.35906371656353014,0.06629881462937978,-0.26072121730960174,-0.0877835694895247,-0.263472260735149,0.4999906981003473,0.0030498873958557213,-0.4999906981003473,-0.0030498873958557213,0.6389676947492567,0.45816127253045513,-0.6373921042735893,0.44773105833378724,0.6223506268811395,0.8728194813307102,-0.6844133562130423,0.8422964312307347,0.6323313439299577,0.9981353911062013,-0.6881464434571238,0.9660120147562371,0.5528283267293316,0.9969509840298703,-0.6442697688007478,0.9672103007285675,0.5338155823291988,0.9626705586178145,-0.6278668164813948,0.9305930721659126,0.6355176698276135,0.89289172274318,0.5085418888612331,0.928361480001115,0.45438240731489193,0.9869850412896966,0.4340943714549485,1.0465953473131993,0.41446759783342535,1.0905097412272509,0.5789842255059008,1.0466830977524209,0.49641800164632277,1.1066242587482948,0.4606366407878864,1.0808988296008668,0.47213552997650376,1.0534555512937778,0.636218330222419,1.052104821318616,0.5494911238009733,1.1151461247450531,0.5062232178166977,1.0949577035418792,0.5183291967787056,1.0693515881294129,0.6685033285548272,1.0476127599312155,0.592969451756852,1.109562779196414,0.5509448262303239,1.0942982321287489,0.5580591035489552,1.070630461239804,0.6852374716262937,1.0402952239421424,0.6242896429641446,1.0929094471161696,0.5915685786735635,1.0852545644130478,0.5949344348065656,1.0657708329615823,-0.7191888328912682,0.8513566640803707,-0.6210049336021064,0.8944508600114933,-0.591878279522194,0.955488006084993,-0.5764456187304079,1.011795358713813,-0.5683597067652421,1.0580830438437525,-0.7122177096692753,1.008788786904665,-0.6179839232640558,1.0567723835844596,-0.5805621664397616,1.0310872480060618,-0.5926174426607397,1.0042620282772663,-0.7420574479944444,1.006946475387333,-0.6425608737675383,1.0497447374392437,-0.6056897957199923,1.0277934725909919,-0.611598959544874,1.0047981565985313,-0.7481858759907997,0.998236796588261,-0.6606110495741683,1.0422505813059209,-0.6280563081824181,1.0242568164959334,-0.632219081569576,1.0023541277836792,-0.7412953399068676,0.9919299576223658,-0.6690198697244802,1.028424066946317,-0.6416137510421638,1.0127621805173803,-0.6471959773249965,0.9939954507414939
-0.00862416562935173,-0.3255076895419628,0.07210731645056691,-0.37860035081520144,0.10729761819204374,-0.3761311563068048,0.14789380768852378,-0.37403121642648224,-0.05844400004909454,-0.3834299775597255,-0.10291411817543811,-0.3839615923288102,-0.13869455594978228,-0.3849991978336982,0.20698573771454634,-0.3481065203614584,-0.18999767502096412,-0.35917520757633087,0.06630912362707053,-0.2611915897960862,-0.08784394164100383,-0.26405879603540977,0.49999152299809463,0.0029115167946924952,-0.49999152299809463,-0.0029115167946924952,0.6386166478882648,0.457919489890408,-0.638922569752857,0.44858070466039124,0.6226856604890508,0.8734649970931724,-0.6836840633493535,0.843074669830632,0.6330597014217768,0.9983668296786437,-0.6872138019077153,0.9664809092770617,0.5532691472713958,0.9973765559033543,-0.6435070338034083,0.9677556210113099,0.5340468702872823,0.9625412980815377,-0.6271970568813803,0.9313412961254386,0.6355431066385872,0.8923802332592753,0.5094560785923402,0.926986553211686,0.45481109324174696,0.9856993818195526,0.4352764044632144,1.0453742865765647,0.41752040403858015,1.0897457130114048,0.5799810270662683,1.0464652661595106,0.49842565958437723,1.1061929855178714,0.46083151021413876,1.0835469348641191,0.46947027818560066,1.0574451084729617,0.6362887771966129,1.0522941183066712,0.552729811723724,1.1151293950986294,0.5080461972851487,1.0976041228688704,0.5159480225352483,1.0731283595853405,0.6681581370876025,1.0483753196447296,0.5961736257747057,1.1097141081349116,0.5521067784603556,1.0969007487500604,0.5548701458224511,1.0747891102489389,0.683845864013655,1.0417112806660707,0.6247302121751623,1.094151927782404,0.5899423979782861,1.0887026246347669,0.5892419331383639,1.0708264486129957,-0.7180801319544458,0.8506566981937512,-0.6207212258676972,0.8931997547429159,-0.5925839113131173,0.9539101389933209,-0.5775926209946806,1.0107296984172445,-0.569251270841831,1.0572853219248133,-0.7121265165011328,1.0077975928796534,-0.6188467551011834,1.0555026053386087,-0.579305962468944,1.0299530943547766,-0.5900626854707648,1.0033983156198483,-0.7411145713397268,1.0060748521966754,-0.6426214940680819,1.048175026982835,-0.6031362015253953,1.0268227102714438,-0.6072460055358588,1.0044693778319465,-0.7463818207661895,0.9972543661900644,-0.6593101248268987,1.0405122101829067,-0.6247007837002582,1.0228264800329485,-0.6274807115729462,1.0011789834097817,-0.7385834987072923,0.9908772268678847,-0.6660072848267424,1.0262554008883118,-0.6371766667341181,1.0113753345396648,-0.6413364879623844,0.9932773819503656
-0.008088728251861325,-0.3254743068874945,0.07262400072769591,-0.378538359117294,0.10774068395141624,-0.37599206915070565,0.1478837487129762,-0.3738295509624903,-0.05778325979468149,-0.3834258582108623,-0.10211124845064962,-0.3839155250574518,-0.13776691185262105,-0.38491096106301015,0.20667016020456447,-0.3470868529272949,-0.18902907059853297,-0.3590578039651566,0.0661340979091612,-0.26123513804485676,-0.08792656492547736,-0.2641238257927324,0.4999923425811403,0.0027671935645416706,-0.4999923425811403,-0.0027671935645416706,0.6380213642963797,0.45751673486766564,-0.6395895506075402,0.44938663261871864,0.6227807492726131,0.8734056934972715,-0.6824347846652491,0.8436904415038917,0.6336614395764606,0.9978014240647155,-0.6857898803640553,0.9665846314419673,0.5534931700342279,0.9969491197247508,-0.6422639881434803,0.9678602924115707,0.5340907781900983,0.9618255035609783,-0.6261357331498055,0.9316276294826749,0.6376932796816518,0.8909279167278921,0.5111979864945309,0.9254421050967541,0.4535823472988532,0.9851845913858625,0.43014386612821004,1.0450771422806167,0.4150667343037386,1.0894754667316304,0.5810867187284093,1.0459929612971886,0.49184479616044907,1.1041066539604867,0.45684150005306623,1.0780446140881572,0.47018808058321937,1.0499820855459292,0.6360430163060025,1.052554877234975,0.5464153091706218,1.1144123575264573,0.5042252379478451,1.0948386549700702,0.5159526415109701,1.068921759552382,0.6665475052491948,1.0492771620928805,0.5896144586358337,1.1100128479552722,0.5471009993061063,1.0954878912594739,0.5530031677227971,1.0722377176863773,0.6813965209816264,1.0431211586129885,0.6184127733965042,1.0950441830961335,0.585255204845597,1.0879318811754939,0.5869752449082233,1.0693169371353568,-0.7149130369126552,0.851183160554492,-0.6178008855260914,0.8939106464529273,-0.5899953230522493,0.9539485654455501,-0.5763966966047148,1.0094999776514944,-0.5689156070019441,1.0546837371174531,-0.7126593841092376,1.0069345661889555,-0.6184012557702885,1.0542033514648046,-0.5802288233077574,1.0279688826640803,-0.5931588683267103,1.0012685650204942,-0.7400355515862986,1.0060279165447108,-0.6398017880304283,1.0477042792739426,-0.6021805243020465,1.025057271485387,-0.6095283225412331,1.0021251185817812,-0.7444947738992234,0.9980648757866988,-0.6545677203038472,1.0407724574378876,-0.6217560160042535,1.0220031995707823,-0.628086796666429,1.0003306053244008,-0.7359123532226777,0.9919515881632575,-0.66169444721266,1.0270447888480914,-0.6342619216422715,1.011016278733877,-0.6412478651393791,0.9922814619238053
-0.006664312455006861,-0.32563230878670374,0.0739936829451469,-0.3787058340091517,0.10878971792113963,-0.37614703233949964,0.14873857987520497,-0.3738217130753991,-0.05622274217050588,-0.38363725525782205,-0.10064299346881699,-0.38411450760786686,-0.13623720728141228,-0.3850817599105584,0.20692311099350508,-0.34637892020029554,-0.18779622785788863,-0.35923398285575453,0.06700330023411132,-0.2614231935860787,-0.08712997560537687,-0.2643456373931125,0.499993849444509,0.0024800237219935175,-0.499993849444509,-0.0024800237219935175,0.6384214079519469,0.4569821523231752,-0.6403073822105821,0.45072755228863787,0.62378894930212,0.8731960737618837,-0.6814386402165157,0.8434194632209449,0.6348567757085711,0.997779959485759,-0.6848059082617122,0.9664845950979813,0.5544905214942811,0.9969538253802925,-0.6412834683782347,0.9677548825151577,0.5349450920732342,0.9616230620214707,-0.625156297412792,0.9315805409630985,0.6354641877904463,0.8907186599279376,0.5111283212119316,0.9256683370616064,0.45379922132086736,0.9847541460480792,0.43157411164760073,1.0450017760085364,0.413475870585101,1.0897876822235875,0.5816243527379007,1.044101839993269,0.49484583077268096,1.1043682558944028,0.4597697958237472,1.0801229866719542,0.4717773665483277,1.053472893400756,0.6373031971973901,1.0508922866213901,0.549259755226616,1.1146159865334622,0.5063083855754905,1.0961116113249074,0.5164836561576545,1.0714224124328997,0.668491884279183,1.048128293278277,0.592224767048947,1.1099503639811499,0.5493031418038927,1.0959098861047853,0.5549333329530857,1.0737963738648235,0.683676291757459,1.0426915525896223,0.6204233585730554,1.0953968510105947,0.5864447356586436,1.0888665002039837,0.5883494958579554,1.0711488980823352,-0.715472838205429,0.850943456104055,-0.6192492372807709,0.8926782124542227,-0.5892665404977674,0.9526214654472895,-0.573497979721311,1.0076235687581214,-0.5637760317790443,1.0529623183702252,-0.712935394361189,1.0055557734307952,-0.6157412983226511,1.0531542033357073,-0.5800661260514259,1.024947560694166,-0.596072418434301,0.9972268924465553,-0.7382002481496425,1.005649703134178,-0.6360646669656432,1.0478037885173046,-0.6001301816204363,1.0233046854535714,-0.6107636949698175,0.9992647197256593,-0.7408267015699451,0.9986219721839401,-0.6489451130052306,1.0408628307216203,-0.617371202318493,1.0207578486389932,-0.6271236774143589,0.9988386814281732,-0.7306436035124994,0.9933449119910364,-0.6543767099244142,1.0283735348039769,-0.6284774951749007,1.0103168911815466,-0.6392864557916719,0.9902776598912874
-0.005515560879882144,-0.32584282174864987,0.07513435006265601,-0.3789339393692003,0.10970241580063798,-0.37633971011003065,0.14947772747464788,-0.3739539317233109,-0.05494201375248064,-0.3839095856502691,-0.09944683416986505,-0.3843714430017809,-0.13499374673539732,-0.3853053342227192,0.20718551750257397,-0.34612998978620585,-0.18670432464543613,-0.3594668197477789,0.06775134223049893,-0.2616585167920424,-0.08641820732227905,-0.26463788811382866,0.499995473930083,0.002127451393501306,-0.499995473930083,-0.002127451393501306,0.6387604592768683,0.45647184876745994,-0.6407012666220225,0.451868260454546,0.6247150752767532,0.8730593517403957,-0.6805889673125626,0.8431280877858843,0.6358607108205242,0.9977709013366278,-0.6839802080352249,0.9663934535395619,0.5554190270907016,0.9969883159260033,-0.640452109677914,0.967655565420715,0.5357014085667653,0.961513421794944,-0.6243228879325033,0.9315027586347248,0.6368119356708776,0.8895361407130458,0.5117691460080164,0.9250369793732941,0.4555010536903476,0.9845854890152357,0.43333145349831265,1.0448651423288926,0.414586531159231,1.0893642594230502,0.5829904571876822,1.045099761390266,0.4948389987537612,1.1033528338506307,0.46060496882908813,1.0782638031456255,0.47406615360298104,1.0511989623470344,0.6389297696958002,1.051542727358789,0.550167049207796,1.1138243589549555,0.5079714037181033,1.094671704920084,0.5193990741869381,1.0693292677360169,0.670366487322479,1.0483736925822416,0.5940296306978845,1.109264831609716,0.5518612716957872,1.0944809231666508,0.5585093336407444,1.0714844529365823,0.6858907094863695,1.0424684046151877,0.6223362303417994,1.09458537226261,0.589178003739534,1.087172394026045,0.5917380130593421,1.0686001370019111,-0.715512092878886,0.8517193055032068,-0.6174358455613522,0.8935034170816251,-0.5872557601523339,0.952468622136282,-0.572697300721532,1.0070093903252701,-0.5630164127782699,1.0523183793176476,-0.7114593784917703,1.005258805584213,-0.614056682464347,1.0524566010334995,-0.5800673362890946,1.0241596187581634,-0.5970944400382071,0.9962625400879134,-0.7376053132716273,1.0060588364541199,-0.6345208771816713,1.048063476530645,-0.6005596003030846,1.0228937046615256,-0.6136325117780795,0.9985268712388603,-0.7413687237923117,0.9998643564505022,-0.6490002728963669,1.0425066504297682,-0.6185124316928302,1.0217505797590671,-0.6304451258419137,0.9995568243157182,-0.7316318090855851,0.9951590029584415,-0.65583900476489,1.0308231132247934,-0.6308978131443155,1.0122653940833946,-0.6431753906038257,0.9917231421187688
-0.00470862549194035,-0.32589052498304194,0.0759085859764182,-0.3789923720611174,0.11024337372076928,-0.3763556223141491,0.14990288604427918,-0.37393238498571574,-0.053990400985383664,-0.38401947665823244,-0.0986378720985244,-0.38447121927659955,-0.13412712562816528,-0.38536866487446486,0.20723136187900085,-0.3458564526322596,-0.18603189391337535,-0.3595230369411273,0.06815615026225642,-0.26170817748366615,-0.08603583006289721,-0.2647362734603118,0.49999636903345934,0.0019055060631643546,-0.49999636903345934,-0.0019055060631643546,0.6391744782013049,0.45626731448647895,-0.6413417019487919,0.45279116678188613,0.625341244597719,0.8732690353179028,-0.6801169664038169,0.8433110843857728,0.6369666546591987,0.9979667747618673,-0.6835118026740069,0.966556402526911,0.5560757580739438,0.9971840823025128,-0.6399270843114788,0.9677831202883002,0.5362198860663386,0.9615873455700368,-0.6238113145960741,0.9316161969085264,0.6393952605555155,0.8901330491820761,0.5130393047065224,0.9247303375268996,0.45407162614469276,0.9846493710557583,0.4327508061758664,1.0460492345591603,0.4147835516116254,1.090345959237243,0.5815878637275164,1.0446569859546955,0.4935344028243037,1.1032698916555543,0.4594061930983047,1.0779022899541804,0.47187312617552946,1.0505395942130855,0.637548249513249,1.051962264702224,0.5464322443228047,1.1143559843350666,0.5049638601580342,1.0949202027643485,0.5167210238229891,1.0692184077122242,0.6682736819623968,1.0496316351697816,0.5899386710703645,1.1110261301053002,0.548001431977098,1.0962690554450882,0.5542099570440848,1.073262057780173,0.6834421231366852,1.0443784914957368,0.6192796840765442,1.09701976018747,0.5868351914530208,1.089809549829546,0.5889933557422042,1.071858177278627,-0.7170163637642012,0.8524850721374306,-0.6190032028305418,0.8927437390057765,-0.5887570269101642,0.950952659973399,-0.5736659825895303,1.0063381616149356,-0.5637395005728629,1.0521705203980396,-0.7095901803941288,1.0059487167530505,-0.6144294066840933,1.0530936903836803,-0.5811031267856983,1.0251590184726598,-0.5978901911768741,0.9978157837901427,-0.7370698661770192,1.0056547876614266,-0.6351294859913852,1.0474918134875335,-0.602258527756613,1.023148713490602,-0.6147414546923241,0.9991749262259926,-0.7413903330264631,0.9983931285279519,-0.6509278391306756,1.041297828291898,-0.621232836179675,1.0215799732169657,-0.6320592243878209,0.9991483070769033,-0.7322956434962518,0.9932605539409581,-0.65913268853419,1.030045757388653,-0.6341426761072918,1.0127187045445243,-0.645356160428874,0.9924445316226599
-0.004133048907436916,-0.3259271822216459,0.07652835023178481,-0.37905830952135344,0.11075797828271201,-0.3763801560469139,0.1502805766817356,-0.37392009980732505,-0.05330810050489811,-0.38411080221029426,-0.09806458493185329,-0.3845454300502944,-0.13353129093623092,-0.3854135667090794,0.2073426017063465,-0.3456487002169558,-0.18557976521019146,-0.3595560077821095,0.06846580237596357,-0.2617313969498649,-0.08582819984529955,-0.26480769817268773,0.49999708686927974,0.0017067871085484183,-0.49999708686927974,-0.0017067871085484183,0.6396822671255538,0.4564719733875772,-0.6416726701611053,0.4532675442356092,0.6263019066506578,0.8740054214994266,-0.6799682617976157,0.8438661516965749,0.638335413190888,0.9986679657453149,-0.6834180923020864,0.9666755968100218,0.5569228151098741,0.997873908290979,-0.6398017785913417,0.967928005354121,0.5369133729558824,0.9621726554398865,-0.6236654926675467,0.9321188788578793,0.6399219614698587,0.8905259793085358,0.5114605640024655,0.9252512218556939,0.4536834844213148,0.9849941979077824,0.4333105841766123,1.0461473644953194,0.41415383618863516,1.0910091488186289,0.5786060891976255,1.0439390880291601,0.4920869497029745,1.1042637313089316,0.45977924058922603,1.0774985342742787,0.4746071669081596,1.0490431675961236,0.6352028252009385,1.0515508941394818,0.5455224507732279,1.1148216964747433,0.5055411655780765,1.094278257396838,0.5197997339026947,1.0679917776380656,0.6675309005008044,1.0494471342548262,0.5902542048313263,1.111357206792353,0.549793083339079,1.095442710873419,0.5584489362432217,1.071562574335904,0.6848450681557634,1.0443611828315496,0.6219554044464134,1.0969406326721425,0.5899581118177731,1.0888134053900804,0.594306628260205,1.0695803401552237,-0.7140534242096551,0.8513631462302126,-0.6179030929196562,0.8942545579977234,-0.5896376241417277,0.9539912675310066,-0.5736975026369648,1.0088013742620638,-0.5633649083439028,1.0535040337685657,-0.7110253528012093,1.007445791961919,-0.6166475511161542,1.0537195572546214,-0.5816292369127242,1.0263767214686603,-0.5970475588248196,0.9997834060926686,-0.7370832165257075,1.0062681340349982,-0.6359721522864177,1.0468924088204277,-0.6018500621742753,1.0232508476060023,-0.6128010275908801,1.0004346764399397,-0.7405451324593029,0.9981319545832139,-0.6502551152735282,1.0396133996195192,-0.6200519493592861,1.020548858979678,-0.629602235920772,0.9990323190529978,-0.7309993219826778,0.9919755474654365,-0.6576817233727272,1.026481461854407,-0.6317932794602166,1.0099906700096233,-0.641299476585822,0.9908357124555907
-0.003688693469573915,-0.3259372011911981,0.07696429797258511,-0.37905199207925006,0.1110846985762267,-0.3763297780446172,0.15046765832645673,-0.37382961197465614,-0.05275222819573626,-0.38415394697719735,-0.0976044621080531,-0.3845839410700749,-0.13302144823121206,-0.3854283724679824,0.2071881544956732,-0.34543757879833076,-0.18521794095891522,-0.35959571069090807,0.06864354294159335,-0.2617294132938683,-0.08565998278263456,-0.26490378145011095,0.4999973438446938,0.0016297693858620796,-0.4999973438446938,-0.0016297693858620796,0.639580902604443,0.4566689476657381,-0.6422123500567428,0.4535143892321501,0.6267795688347064,0.8748116781062273,-0.6797600565183197,0.8440249068754251,0.6391641149933354,0.9991520470008726,-0.683267160863559,0.9667892276659837,0.5573448121399643,0.9983229485521384,-0.6396053010199161,0.96797422960648,0.5372496951758429,0.9625573336941243,-0.623456347960211,0.9323606012081557,0.6342412310346395,0.8915780901483387,0.5090113272492627,0.9282298823169732,0.4536902704702961,0.9869803714212788,0.4321612429601188,1.0461156392063007,0.41420870978414076,1.0907210909804617,0.57926533349108,1.043766228483322,0.4934138007631149,1.1051414498797054,0.45854756969749116,1.081958030729519,0.468411020870134,1.055681161103764,0.6353342352800954,1.0509299614080754,0.546560488662221,1.1153820692181464,0.5052083081769104,1.0975790602764435,0.515287092154003,1.0731546795172446,0.6675611845398272,1.048627332967976,0.5912870371590507,1.1113930402076468,0.549547839606283,1.0982250586897928,0.5541060903649282,1.0765198701431271,0.6832240719188016,1.04353589848771,0.6215766626947561,1.0965097829304382,0.5881179292116485,1.0909982032589534,0.5893342685665139,1.0743356523616077,-0.7154597508868219,0.8519743135461442,-0.6178518752389893,0.8939375736116503,-0.5888635358349567,0.9528935466187468,-0.5735266694847568,1.0077167861865943,-0.5644088249354221,1.0523542468911466,-0.7098830341611843,1.0071430876649676,-0.6168949649073645,1.0535289522526359,-0.5806455227553604,1.026903565811363,-0.5943467999141725,1.000146114552392,-0.7357550915448938,1.0066452704538487,-0.6362862211608907,1.0479985701325296,-0.6004220053669513,1.0246595831038685,-0.6090392347217413,1.0011793538718727,-0.739282565209473,0.9992760536263041,-0.6500134636058943,1.041698182973642,-0.6181242869053255,1.0224534291322909,-0.6255748690908924,1.0003202610408142,-0.7294974575727526,0.9935162368652819,-0.6568032740256234,1.0290920365276894,-0.6295752019544323,1.0131630049652527,-0.637063277117905,0.9940554642311028
-0.0037198838262397617,-0.32607682266104565,0.0770873801421317,-0.3791943286876545,0.11115684739193095,-0.3764445330898509,0.1502645292349795,-0.37387635627100113,-0.05270111448225421,-0.38423478134349104,-0.09750153232218829,-0.3846402063811683,-0.1329079062584711,-0.3854645967351755,0.2069622639823848,-0.3454305807872713,-0.18505330980031537,-0.3596251570374077,0.06821133582429548,-0.2619300323014238,-0.08624609176473544,-0.26509767418426383,0.49999761749151195,0.0015435358148498332,-0.49999761749151195,-0.0015435358148498332,0.6388432156970412,0.45678169201177404,-0.6422567087550888,0.4543312372850128,0.6267261210435037,0.8752071876457277,-0.6795267174077604,0.8437232421998292,0.6390157703225169,0.9992569540870604,-0.6833813326017516,0.9667381285008255,0.5572130161153442,0.9982102122150116,-0.6396885319362391,0.9678652168197559,0.5367454861425821,0.9623689827180295,-0.6232863307500561,0.9321477521838478,0.6356208531839433,0.8928218592385441,0.5082719586827706,0.9299081229528039,0.45265587958377496,0.9866906802722653,0.4329499623094482,1.0447872041366912,0.41469677146049433,1.0880946104246823,0.5752927571137876,1.046633829577417,0.49333266710673246,1.1037970813429667,0.4575552223934864,1.0809379576894875,0.4672710996971818,1.0548676618358468,0.6300753817052976,1.0530243934890018,0.5461842912979781,1.1148336393793883,0.5039674929087457,1.0969725570957176,0.5128861723188686,1.0716844641163146,0.6620167871440266,1.0501634780837419,0.5884816599403508,1.1112462488583126,0.546796625221845,1.0979441000648353,0.551086543589053,1.074842594233159,0.6791744463565299,1.0444463472046557,0.6188929019881887,1.0966887707596564,0.585738914239697,1.0905990024597958,0.5862245738211266,1.0724078059445081,-0.7110625859056827,0.852917874726958,-0.6167758066837957,0.8943878316308309,-0.5877428754803053,0.9530380521793381,-0.5712413043152492,1.0073117413385115,-0.5608063375022759,1.0515989714271932,-0.711338091410171,1.0048854576876924,-0.6189358727898635,1.0525152342504063,-0.5817561699625867,1.0269344026845932,-0.5939669275353999,1.0005290688616435,-0.7361842789317249,1.005096730795927,-0.6385680459019409,1.0474301322459545,-0.6021355202694119,1.0248205525709517,-0.6101069396894886,1.001829383224826,-0.7399128912020548,0.9995089599343828,-0.6517680271383111,1.041849746990948,-0.6186515269381556,1.0232939700802002,-0.625533345587638,1.001771865016334,-0.7306347789404223,0.9953043117517485,-0.6587927460839883,1.0322748676302482,-0.6308916031308616,1.0172659723077473,-0.6372313630217161,0.9985629308787595
-0.0034223191868311418,-0.32638587894297,0.07751327385794744,-0.3795284922188641,0.11155455251836248,-0.3767622919929442,0.15045330564267434,-0.3741525930991099,-0.05237868974931873,-0.3845245565605306,-0.09718396882749486,-0.38491872050207104,-0.13259782462145922,-0.3857343633529837,0.20708663747156864,-0.34566218607779803,-0.184726313743302,-0.3598907095466222,0.06816103188005182,-0.2623304882319029,-0.08647594170447111,-0.2654689108678262,0.499998023336634,0.0014059372172127934,-0.499998023336634,-0.0014059372172127934,0.638230343699534,0.45707523810706446,-0.6422016489611491,0.4553037952752168,0.626959113284863,0.8756206990487257,-0.6790739449227898,0.8438880949030475,0.6394644429019031,0.9995702018469063,-0.6833196312752075,0.9670555388271578,0.5575235694836417,0.9984896933652964,-0.6396201606078624,0.9681400773859886,0.5365806015247143,0.9625868548685066,-0.6231221439306176,0.9323520960899998,0.6337849446314935,0.8940994986801359,0.5059267147152142,0.9308182039210174,0.4516863531829312,0.987477059572312,0.43224481288203853,1.045713242669305,0.4141817828839373,1.089010601187257,0.5761015537933265,1.0464820918458173,0.4916676298274635,1.1030684061071323,0.45674566734765093,1.0796252230188768,0.46709736847637673,1.0536869743444093,0.630928515454457,1.0530965680315196,0.5440290798020031,1.1150021364383145,0.5027861650940909,1.0964454219806299,0.5133510125291766,1.0709818268455351,0.6628543394135685,1.0504472400450113,0.5868300671422242,1.112048537621614,0.5457546245321662,1.0981584286927717,0.5515003951835448,1.074800996692054,0.6798444732981442,1.0449146156999924,0.6181388415001512,1.0970873237246779,0.5852478140465887,1.0908745119020107,0.5868267087445399,1.072827826105973,-0.7143213361382054,0.855435833393721,-0.6187994383246413,0.8948721540406904,-0.5883571305692485,0.9524252390487088,-0.5703933971960115,1.0069385263661312,-0.5589279394486019,1.052581389826757,-0.7106688547634142,1.0055241931547079,-0.6149045925836375,1.053086268945288,-0.5810267559438556,1.025012079343643,-0.5971250113500862,0.9970878981718941,-0.7368162196670206,1.0066839598216657,-0.6365802509706768,1.0497074969817626,-0.6027788738515061,1.0248208745688203,-0.6155627265831592,1.0002714352833757,-0.7411472093206178,1.0017518169825892,-0.652074442580102,1.0449826792263932,-0.6207443983701748,1.0248497567889048,-0.6322757926587851,1.002429541635269,-0.7320774085879669,0.9983591636419689,-0.6592666751140833,1.0365936257043378,-0.6331827839267091,1.0190457739109993,-0.6443674796277161,0.9981831836033147
-0.0032022307578742568,-0.32656472431523126,0.07780782534805078,-0.3797288087609001,0.11182436131939819,-0.37694813040873903,0.15058490138903693,-0.3742958771852241,-0.052137467179272,-0.3846811817906741,-0.09694574473687648,-0.3850629862271899,-0.1323574904101075,-0.3858675746966334,0.207196086476058,-0.34576142591202497,-0.18447894643559012,-0.36001370407288413,0.06813507306928304,-0.26255481865197483,-0.08655607345312033,-0.265685279133073,0.4999982139583635,0.001336427493915634,-0.4999982139583635,-0.001336427493915634,0.6374039203887604,0.4571315407214687,-0.6420920533979546,0.456052635281508,0.6271914914577915,0.8757958925825865,-0.6786335371252747,0.8439202606084878,0.6397169162977173,0.9997036365379913,-0.6832375835855472,0.9671945003111636,0.5577492140494111,0.9985909173326852,-0.6395242226216927,0.9682364569346873,0.5365499985678419,0.9626106077507659,-0.6229310689903833,0.9324019272285285,0.6356684456773251,0.8953767499042147,0.5068241159137148,0.9314376750856329,0.4521199376192851,0.98766212922728,0.432861094831211,1.0459492230549956,0.4152215059319613,1.089124027027753,0.5766101292810697,1.0461355346627264,0.49213998446498425,1.1035826587301072,0.4576568857115368,1.0792062928993968,0.4695846354540663,1.0522491082236163,0.6318056148680012,1.053050561641968,0.5449864210554052,1.115301479710602,0.5041140881772257,1.0962811247377122,0.5160877440250254,1.0704834611013914,0.6637309597951242,1.050722114409774,0.5881245001439463,1.1123377367679121,0.5475840348170374,1.0980407841289974,0.5548206284653916,1.0745095384997005,0.6809703818157501,1.045403500232832,0.6192273420239595,1.0976381539959443,0.5868957840482502,1.090752910002073,0.5897267351839877,1.0721273475345072,-0.7132755157894014,0.8562257840075582,-0.6183774072797978,0.8955008083545547,-0.5885681098734113,0.9534584978854288,-0.5705759396924642,1.0079197097202575,-0.5590355926919712,1.0530825839495468,-0.7105853060544558,1.006106754460415,-0.6146816299072134,1.0533152495269897,-0.5807424625181629,1.0248440591061752,-0.5970110263953787,0.9975877009833652,-0.7377032740647925,1.0067975853616766,-0.6368894361114027,1.0491993753081275,-0.6029896807932182,1.0240370073823024,-0.615567393806708,1.0001485898607814,-0.7423533385964455,1.001162778888922,-0.6531428845637124,1.043792755768399,-0.6220608683802366,1.0236623687768531,-0.6334637209971397,1.0016052689572827,-0.7335578407927807,0.99741639283443,-0.6609125488637533,1.0345631653546548,-0.635186767470319,1.0170601751101114,-0.6468071702397588,0.9966187462638322
-0.003416123435656659,-0.32654302496373644,0.07784609313285107,-0.37970314698839297,0.11183380939778331,-0.37691342386353627,0.1501862333238326,-0.3742442678255765,-0.05219698466893003,-0.3846330758396144,-0.0969102459928267,-0.38500865854763583,-0.13232943054016433,-0.3858004607812679,0.20701038576087114,-0.3456112079213242,-0.18425119312633112,-0.3599588032092107,0.06754930568095731,-0.26258425638731725,-0.08726174452071003,-0.2656901182804161,0.49999825827004635,0.0013197450208240519,-0.49999825827004635,-0.0013197450208240519,0.6368874643904715,0.4576956110275743,-0.6418461636607575,0.45648658174392853,0.6268601337428125,0.8759431713143733,-0.678224959228411,0.8436876133925754,0.6396283785553588,0.9998420294649601,-0.682950024784348,0.9670092720073773,0.5576335797986864,0.9984816476265469,-0.6392404816601891,0.9680391858415941,0.5360924841674195,0.9624328722744664,-0.6226114033352007,0.932181616231779,0.6358687452718441,0.8954119011957467,0.5076373082938814,0.9285361690472752,0.451843741373995,0.9866152491018757,0.43231814233742794,1.0457779776255216,0.4145433968190293,1.0889689815235835,0.5771253707941738,1.0452251825697214,0.4947199498696855,1.1040585625607295,0.45721877211704753,1.082292900934741,0.4658001932991909,1.0575465343359423,0.6324715968791113,1.0523497234650716,0.5471430118199417,1.1150112483990011,0.5035657902340485,1.0974597255094536,0.5126440328940456,1.0735095270833666,0.6640655471095809,1.0501909345108285,0.5908995727495757,1.1114634191344364,0.5473100369765342,1.0986833079233653,0.5515405199977355,1.07746954577593,0.6807038051013524,1.0450147219166424,0.6198367930763896,1.0973195676702754,0.58538751868771,1.0918746819019456,0.5861442814615475,1.075172390137003,-0.7143650834597004,0.8564959352869314,-0.6180205624191796,0.8950946429559455,-0.5884343844296532,0.9536613648216165,-0.5701371815347014,1.0077676642078817,-0.559935325271005,1.0520573174938788,-0.7086474944196148,1.007089712231793,-0.6116532320862904,1.052912817659214,-0.5794754774378382,1.0252623179422358,-0.5966180573669083,0.9986945711170556,-0.7364748706429044,1.0072945755270772,-0.6349419347682049,1.048905333372552,-0.6021859730595647,1.0247878858955606,-0.6150115348159283,1.001776924107417,-0.7421245077593627,1.000920080576211,-0.6528151937837895,1.0428033177991294,-0.6225131137323265,1.0234814625862878,-0.6342748416662377,1.0023418094560537,-0.7345104219512918,0.9959162666021001,-0.6628352478663154,1.0324616395377226,-0.6365211732963892,1.0156382209501038,-0.6466296656320707,0.9959413427650201
-0.0035383406407367124,-0.326535367285001,0.07788160576052308,-0.37969895639866935,0.11184027391511243,-0.376902422087596,0.14986015683628115,-0.3742154658069625,-0.052186620943398085,-0.3846048957778431,-0.09683793345544789,-0.38497358835421597,-0.13225267985109201,-0.3857519393487809,0.20683222609678095,-0.345530869965272,-0.18404156276469624,-0.3599211852252988,0.06709572493793858,-0.26261578226614074,-0.08770109565888075,-0.2656980701131825,0.4999983408638591,0.0012880735181842022,-0.4999983408638591,-0.0012880735181842022,0.6364862283807325,0.4581057867841559,-0.641595318041059,0.45692829865317763,0.6267244936036281,0.8758602193763942,-0.6776899183252545,0.8434515374991611,0.6396206749225496,0.9997610721729929,-0.6826376070459544,0.9668137902115138,0.5575768388975185,0.9983004048622262,-0.6389404852484094,0.9678247286905057,0.5357760714808685,0.9622327793536547,-0.6222340329261836,0.9319489486816013,0.6372238373905373,0.8951824414344529,0.5085127441075393,0.9270581196539182,0.4523378298345706,0.9853144568625971,0.43264490048660703,1.0450086279620123,0.4148133425852374,1.08838921587796,0.5763879952896032,1.0445027110083982,0.49446414664826127,1.103640597315897,0.4571995574445679,1.0814903890299583,0.4662326374942323,1.0562885613140778,0.6320346069030455,1.0517760507163096,0.5470101141358139,1.1146991360364913,0.503560578245657,1.096864444136294,0.5134414049782139,1.0726272164881672,0.6639651301019955,1.0496294853763952,0.591078167080323,1.111189728920646,0.5474159669840009,1.098231763053407,0.5523211228634677,1.0767773025072176,0.6811676496672342,1.0443527267787869,0.6204567198052897,1.09700301165589,0.5860230269712449,1.091411062319039,0.5872676722199596,1.0744617250876665,-0.7119675827890918,0.8564923304782749,-0.6166536122278772,0.8954577856171722,-0.5877538897523711,0.953771206375927,-0.5695840838346691,1.007894918416167,-0.55895479102494,1.0520907937414343,-0.7079516990769845,1.0065141680755065,-0.6127051094905654,1.0526784185216278,-0.5798907986222044,1.025184966091522,-0.596515990831969,0.9987935619634705,-0.7354551131462213,1.0067084760028238,-0.635077719764741,1.0484999026560688,-0.6018470347664143,1.024518767483577,-0.6141652171586843,1.0017110910149989,-0.7409482295914703,1.00036817251733,-0.6522227080657855,1.0422912271213385,-0.6218117265841512,1.0230968274440382,-0.6331240072812595,1.001986211340659,-0.733146923009621,0.9953710113865643,-0.6617177171569468,1.0318277004638887,-0.63561553634928,1.015066403162178,-0.645577623194298,0.9952738574229056
-0.003505364238471,-0.326598815361976,0.07798770974194126,-0.37976204217660503,0.11191711986845279,-0.37695112580576795,0.14979936015862014,-0.3742144047352679,-0.05207340640387196,-0.38462558328165236,-0.09672991262254675,-0.3849812283261033,-0.13215027898795717,-0.3857443320259496,0.20669965765115877,-0.34548795403344496,-0.1838619413370186,-0.35991832445253474,0.06682338734749038,-0.2627047994764338,-0.08798381985853691,-0.2657630335150609,0.4999984919465712,0.001228027342757403,-0.4999984919465712,-0.001228027342757403,0.6363781828248553,0.45832042904383824,-0.6413256552651254,0.4575540799990301,0.6266139470103685,0.8758857601012776,-0.6772916872179313,0.8434544683542707,0.6396224087023361,0.9997164853708276,-0.6823133549585385,0.966804434935664,0.5574010345490834,0.9981273854239414,-0.6386524981925008,0.967747823143569,0.5353485798072883,0.9620288538699303,-0.6219041681114496,0.9318135731897007,0.6357378426913283,0.894362292328791,0.5076841402671519,0.9276194684143909,0.4525873593058821,0.9851641347445472,0.43301501956569904,1.0449856903366292,0.41526029682110227,1.0887101111005424,0.5751065175770161,1.0441054184928118,0.4930959789378432,1.1024047953892921,0.45717224837798953,1.0814134565416078,0.4656276029967874,1.0572508561238632,0.6314237720608733,1.051452655669774,0.5463970769591316,1.1138478817251298,0.5038908915488666,1.096053319573414,0.5134395916945008,1.0716214674322742,0.6643933434377762,1.0489378490496033,0.5915449731684246,1.1096497482457293,0.5485331853947769,1.0965307210081616,0.5527874969145532,1.0745868174599214,0.6828430176380182,1.0431441249333928,0.6225127262460388,1.0949648980182438,0.5884596572856322,1.0894451257802007,0.5891454322486265,1.0722300255668635,-0.7138481481369184,0.85573418223961,-0.6186142835876074,0.8931245849053713,-0.5886036834568746,0.9516318876963102,-0.5705153616318788,1.0069032458348437,-0.559956799660843,1.051616713453023,-0.7062454239755378,1.0054184445605276,-0.6155427324437917,1.0531935034707431,-0.5796264997498846,1.0289319759858824,-0.5915490018725152,1.0035730742700946,-0.7356191531345995,1.0055930217377913,-0.6405896334094444,1.0491160072971697,-0.6037636969501685,1.029171460062385,-0.608846130977477,1.0074598784500417,-0.7421881789713753,0.9994714058719768,-0.6587010083745148,1.0428842735195427,-0.6259328722021469,1.0266454625975177,-0.6304286821504711,1.0060099926111785,-0.7356409752817574,0.9949111366582014,-0.6688287228247399,1.0324962600216798,-0.640618505788761,1.0193414220810837,-0.644054766561232,1.0017547858238265
-0.0035752653075250417,-0.32666815714989533,0.07804761193312326,-0.379828238501893,0.11196137808170374,-0.37700645576966424,0.14966952714993315,-0.3742361511281286,-0.05205229522206179,-0.3846816152742122,-0.09668917147978992,-0.38503905227785046,-0.1320959141673616,-0.385807194918105,0.2065993714651613,-0.34547612522017196,-0.18373660848166465,-0.3599944016112182,0.06646067708036768,-0.2628130548208456,-0.08833013673127411,-0.2658525003495917,0.4999985255524066,0.0012142674414454884,-0.4999985255524066,-0.0012142674414454884,0.6362995282760334,0.45843058281668025,-0.6412221766530026,0.45767094525227936,0.6264566935177369,0.8762603395493066,-0.6771111347596969,0.8434193320472122,0.6392442988814615,0.9999740538273406,-0.6821566591009725,0.9668017960025256,0.5569359796723459,0.9982645335807602,-0.6384788420546343,0.9677268349105012,0.534737060241004,0.9620834932638292,-0.621683667330456,0.9317877416198277,0.6362791608575419,0.893962535849718,0.5097791389663002,0.9271005495533328,0.4530467019379906,0.9847081141234242,0.43244561767820383,1.0441377792862638,0.41582983290920145,1.0878780414947906,0.5749685310243352,1.046156615712574,0.49038577547772944,1.1023438326151085,0.45538761215781065,1.0800077128811802,0.46526290049502234,1.0559408102110375,0.6312660900951814,1.0532140381288053,0.5447864788154295,1.1133601440234209,0.503980915411978,1.0956210177883818,0.5151136120688138,1.0718482116885464,0.664805632906202,1.0500309015816898,0.5906760632192838,1.1092304820609102,0.5493281893212701,1.0963320868933029,0.5552850996855984,1.0752222648067973,0.683985698045075,1.0435014653217407,0.6227876485580363,1.0948618278595523,0.5893900062231,1.0896285203961398,0.590636223653443,1.07314143085387,-0.7124774783369637,0.8535907313148018,-0.6190155355080568,0.8923638054070204,-0.5896210980867547,0.9516423935645653,-0.5717273137618509,1.0069576163743168,-0.5617879016290586,1.051380075193419,-0.7097285482939549,1.0050988096647264,-0.6148976239792913,1.051797495363604,-0.5782902107807506,1.0265985223337855,-0.5909736289652682,1.0008639533429735,-0.7357736644623173,1.0054757188157137,-0.63657448842567,1.0469012574853382,-0.6000615263326619,1.0259514651155524,-0.6063360341347876,1.0042771745737082,-0.7399878176389002,0.9993469163920279,-0.6517211332498499,1.0407621594435137,-0.6196810576936036,1.0234874551136401,-0.6256310297065776,1.0031515949298153,-0.7316623555582277,0.9946997877091593,-0.6597557441181067,1.0296178242618255,-0.6316358370770289,1.0150851116236066,-0.6361645661513035,0.9975653268184771
-0.003423180005339147,-0.32694519182311194,0.07823079768919569,-0.3800349201197115,0.11213270121902588,-0.3771868209266456,0.14977290979162688,-0.37436535517069214,-0.051883054547087616,-0.38492148439866364,-0.09652897613224998,-0.3853144954538696,-0.13193701172131062,-0.3861194295427354,0.20671251261335505,-0.3454745664051342,-0.1835475771113861,-0.3602959622530305,0.06635776809172991,-0.26306399766724864,-0.08842793504213846,-0.26610054521366505,0.49999857923359275,0.001191958215981364,-0.49999857923359275,-0.001191958215981364,0.6362427101188621,0.4584382756241486,-0.6411916055930733,0.45768179648599583,0.6263762526258664,0.8766271051276578,-0.6768886923084428,0.8434067042533528,0.6389702874137342,1.0002883917448546,-0.6819813859620218,0.9669102045414378,0.5565666567981217,0.9983195316920943,-0.6382847561710828,0.967700479049372,0.5342422412379672,0.962083285732994,-0.6214469405612968,0.9317209436143725,0.6356643840558484,0.893804553013227,0.5105109535291652,0.9266064284471931,0.45292968630238256,0.9837951322395615,0.4309132338469908,1.0430451297781982,0.41459275596733497,1.0863922796359344,0.574173596833429,1.0454994345796724,0.4866294890447122,1.1017602204706263,0.4502768616797422,1.0805394139726703,0.4578698531711535,1.0564717392388259,0.6294350693066751,1.0537141713509028,0.5398178058207072,1.1133251750581314,0.49837349194893976,1.096829901259275,0.5067014767804972,1.0738680736915882,0.6624860457112814,1.0516020726447646,0.5850897250832107,1.1103684159178544,0.5426230453229576,1.0987613849759195,0.5451852267352573,1.07835748642301,0.6807315168061004,1.0461513942629384,0.6179652341374289,1.0964406949807994,0.5839657492749849,1.0917395576148532,0.5831065411651126,1.075879681529966,-0.7129848329597078,0.8545399285871608,-0.6170239995174581,0.893312393952636,-0.5884496786517072,0.9527879923703431,-0.5711881899624764,1.0079124928812964,-0.5610307789548065,1.0521441414236419,-0.7097800919007702,1.0057607797350832,-0.6131830774081657,1.0530843688968312,-0.5774016141735405,1.0267884378613747,-0.5920157615948305,1.0007351172950774,-0.7369475406178737,1.0062325720496472,-0.635632938695224,1.0489951291532842,-0.5992891518408922,1.0266798898193616,-0.6083261680066707,1.0046126324040998,-0.7413605220990946,1.0001424673667256,-0.6513059330995319,1.0429200197668882,-0.6187485705230901,1.024830320707618,-0.6273151372366802,1.0041907498078224,-0.7323069439640192,0.9954384204656327,-0.6598092733762794,1.0319136959275577,-0.6312139143333135,1.0167928417699428,-0.6376869586036253,0.9981416024273513
-0.0033613645100583046,-0.3271096799529605,0.07831997213034078,-0.38018685426983456,0.11219569578750405,-0.37733498748313654,0.14977375464725334,-0.37448435163756677,-0.05180527642016585,-0.38504515509559467,-0.0964687443179124,-0.38543569914446957,-0.13187430399002362,-0.38623379661053703,0.206710153208697,-0.34549792614184793,-0.18346886566977932,-0.3603699330459943,0.06630677004470628,-0.2632505803899276,-0.0884150322269311,-0.26623628404838906,0.49999866257722386,0.0011564691899992525,-0.49999866257722386,-0.0011564691899992525,0.6362651883203532,0.45829678308219884,-0.6412898900059061,0.45763767005988565,0.6262692749364572,0.8768109476958061,-0.6767684109158014,0.8438049398976273,0.6388691883253155,1.0002940379182277,-0.6819233685534719,0.9679469193348841,0.5563643520701111,0.9982679088211135,-0.6381743780102828,0.968038456593331,0.5339589854610202,0.9620057260274729,-0.6212345019144003,0.9319405484884435,0.635795416424314,0.890741844155529,0.508429714075886,0.9239452501491852,0.45180888405823233,0.9816799699841742,0.4296826053740394,1.0400288175384256,0.40951978969315833,1.083816974390241,0.5735883517591436,1.0426594506332538,0.48255152683275987,1.0996103966807587,0.45250067297231383,1.0724251737668995,0.46895925108704706,1.0447643599625764,0.6292548666911797,1.051020450391344,0.536616923068148,1.11168682437889,0.4992495789488089,1.090778282181762,0.5151448336417552,1.0651814209383124,0.6624652107166495,1.0492058193608125,0.582442399390971,1.1093887691961697,0.5442297344277347,1.0931307225816036,0.5546058967165238,1.069778202726187,0.6812276630085278,1.0440868947270783,0.6156337197808223,1.0952817362513667,0.5844463715477765,1.0866029298747077,0.5903027418210767,1.0679248530019847,-0.7206751857308855,0.8525833406019363,-0.621839789238287,0.889172506120738,-0.5890757173236805,0.9485792916228583,-0.569840359831073,1.004651793319742,-0.5595909844784945,1.0503257519800502,-0.7105020168245202,1.0042243210370194,-0.6137038278991902,1.0529610850319138,-0.5794302864501214,1.0247441096450955,-0.5964048527050729,0.9975027110542921,-0.7396378338117141,1.0053930436864318,-0.6382426392910316,1.0493685273972206,-0.6038257491523902,1.0248710084850452,-0.6173897132521531,1.0014139705374654,-0.7461857691916179,0.999462816945436,-0.6568247027557504,1.0436746413528506,-0.6250233387071813,1.0237000477608542,-0.6369109847977334,1.0017380437654142,-0.7396852809970216,0.9950110624032182,-0.6674419056982004,1.0330487099187637,-0.6393743218028574,1.0154140235078488,-0.6493423711557591,0.9947386887026562
-0.0032790977847395254,-0.32720456486990424,0.0784174699460683,-0.38026265656528535,0.11225821117327592,-0.37740241224293125,0.1497769848882431,-0.37452795622147933,-0.05164688116528692,-0.3851351431961125,-0.09635610320487012,-0.38554952053279784,-0.13175733375426973,-0.38636439921649823,0.20667346627458932,-0.34543537723377904,-0.1833584465342733,-0.36042200559337506,0.06623043440559027,-0.26336997674528423,-0.08842675843031263,-0.2663234363853426,0.4999989071394077,0.0010453991572547741,-0.4999989071394077,-0.0010453991572547741,0.6364851557926744,0.4577265998340931,-0.6412499916004145,0.4568571124168516,0.6260184072618814,0.8764222787885879,-0.6761279630554743,0.8438727879227123,0.6388225886332586,0.9989989668288415,-0.6818136498228643,0.9682987872959558,0.5557550955036573,0.9968446075293907,-0.6377062428836575,0.9681951649859988,0.5332956871909125,0.960698102050927,-0.6205794669237085,0.9320479880886801,0.6358905024934182,0.8848416474241622,0.5073055109259409,0.9150252820512581,0.4463854401477886,0.9735022834223042,0.4205456617063398,1.0320012178092808,0.3986298788598703,1.0765984248032192,0.5627575465488698,1.0405611367918377,0.4742056804052398,1.0950165630276427,0.4499164319063004,1.0628752948256148,0.4738795946479886,1.0329960367461246,0.619762573983443,1.050245682356541,0.5294822519007254,1.108047460165729,0.4960227646800225,1.0831409539327481,0.5180372460981789,1.0562472716952143,0.6548739753937622,1.0490160906267276,0.5762629130111653,1.1063630940647873,0.5419825043370669,1.0861157870730243,0.5579490685155538,1.0621658289021514,0.67511344916555,1.0442141029756768,0.6088262798667112,1.0953204919626784,0.5814111289851176,1.0824370831664099,0.591848111280005,1.0618491430088703,-0.719888134543497,0.8485937576985915,-0.6210844858058205,0.8854092201629329,-0.5849023951280412,0.9447178856890547,-0.5645816796747968,1.0001692498931287,-0.5552844308862934,1.0457778374890014,-0.7105592171656655,0.9993892849898889,-0.6140714039620704,1.050513802285976,-0.5795956124011633,1.0229999528326954,-0.5965566598070666,0.9951906790832095,-0.740586075490116,1.0013610183607762,-0.6401036558086228,1.046551759622546,-0.6059545095206794,1.0222369972071161,-0.6189166981292695,0.9984633983888264,-0.7484424594157622,0.9966977906064279,-0.6592530810692976,1.0415011231888553,-0.628190335354705,1.0219118066750048,-0.6399425152834198,1.0000513039809313,-0.7427600178395046,0.9935750215117639,-0.6695723412582727,1.0333281652730708,-0.6439365622456054,1.0156705208050918,-0.6552816385418975,0.9943668481481088
-0.003411423479264717,-0.32682013100280094,0.07830141272433963,-0.37987835251011354,0.11212375922126157,-0.3770213377887892,0.14952528945020407,-0.37412650848564993,-0.05170724522711712,-0.3847262266497708,-0.09639971771137494,-0.3851390544808272,-0.13179047433392815,-0.38596023504450033,0.20644898911221293,-0.3449800804708422,-0.1833452865204452,-0.3600307315430247,0.06587507125462047,-0.26308835220711346,-0.0886509728856849,-0.2660060045122949,0.4999995601528479,0.0006632095887539967,-0.4999995601528479,-0.0006632095887539967,0.6377430901248319,0.4558807393498209,-0.6411593802736497,0.4552293887719319,0.6225727301693891,0.8735251188567853,-0.6752110755656029,0.8440433940913878,0.636796159295005,0.9954449245011396,-0.6805321913652517,0.9684650035184206,0.5509333405534045,0.9928117765792581,-0.6350458364178024,0.9682696654715305,0.5286202759784594,0.9572385478178287,-0.6185576718493481,0.9321791153304793,0.6263850665301147,0.8793734012526231,0.49464488111490196,0.9043455693203997,0.4269710999812004,0.960624183542335,0.39783462906042094,1.0198330922225438,0.3845697660205751,1.0667204886139818,0.5409950419386618,1.0204600535139368,0.45816298361530455,1.0811998933703448,0.4283594992720974,1.0514581653856048,0.4486247588010652,1.0207724153850233,0.5977229560439365,1.0344062502912172,0.5124584579637155,1.0963483253434334,0.4715352490177017,1.0722047217517554,0.4888362033402549,1.0452109279638733,0.632386173537666,1.0389205058421995,0.5557686844174308,1.0992470703577073,0.5136096770373116,1.079480113039993,0.5256792412839308,1.0557057050695848,0.6511238582142643,1.0397678657317446,0.5839378628104831,1.0942725509322084,0.5517191678394046,1.0821414540820442,0.5612453098878568,1.061157493743671,-0.7205917063124158,0.842716303649114,-0.6154286830203548,0.875357895422738,-0.5749593609335811,0.9313366780492178,-0.5579067745744277,0.9855502580961834,-0.548925699515923,1.0299456959215103,-0.6960994925522901,0.9900166300938616,-0.607824931384109,1.0452138367778592,-0.5755470532361663,1.0187416157131166,-0.5931901288344297,0.9905426779154408,-0.7370834509596218,0.9935179471130325,-0.6455050364909188,1.0471018808095414,-0.6097227087548974,1.0249622262991323,-0.6208620119133774,0.9996078848246107,-0.7539613966021685,0.9894592565832051,-0.6699865100147894,1.040806536079584,-0.637631436418763,1.0233769226768912,-0.649210865508781,1.0010801922112509,-0.7535299971125876,0.9859429479842614,-0.6849843549253841,1.031585371989793,-0.6568705558755223,1.0167714536250672,-0.6663470243312947,0.995047759514622
-0.004022533852262898,-0.32644798324434454,0.07776436870408016,-0.37949134184905586,0.11158170295882175,-0.37660723145430103,0.14890594469565424,-0.37366355693832776,-0.05219996193897921,-0.38435928391335844,-0.09675504213606503,-0.38479053709118544,-0.13211120931609235,-0.38565281994169415,0.2057871101500506,-0.34445646331537544,-0.1835580706680345,-0.3597338222635989,0.06503820923670985,-0.2628265731235949,-0.08940596945395606,-0.26578410495857585,0.49999967268169293,0.0005721172956427256,-0.49999967268169293,-0.0005721172956427256,0.6451135173298729,0.4525840060063935,-0.6415708490245364,0.4519711548980226,0.5981213370286018,0.8577628500793159,-0.6746458109392146,0.8412449258221892,0.5851810596320486,0.9850119284648831,-0.6775466842198657,0.9640234542917702,0.5110745761356993,0.9778193093844734,-0.6297815113736273,0.9627997636213359,0.4976924290669181,0.943754443181329,-0.6152354612607756,0.9280167753863915,0.5954379342543127,0.8665242517744794,0.4777450418605417,0.8874463449194427,0.40793276272054885,0.9389627163715685,0.37129401126430484,0.9944644080692672,0.3550822890562183,1.0400565521404743,0.5073874117539362,0.999013184786103,0.42095037289737053,1.0600381356340793,0.39258488789898804,1.0315718498151734,0.4109040401219648,1.0026833627768246,0.561711231335984,1.0131764823376546,0.4772502014688812,1.0752011717004897,0.43896421709188826,1.0509358885923565,0.455336192489144,1.02520418822601,0.5968567449165805,1.01777979430994,0.521780919605131,1.0783865670310884,0.4822864429075832,1.057637913878866,0.4933293851258138,1.0343692402135578,0.6152235037355028,1.018591341492469,0.5474064550274673,1.0723827718184484,0.5152603804965927,1.059590454828074,0.5237428477704408,1.0383950148904273,-0.7088203064161213,0.8229747212260299,-0.6095091476860068,0.8555110357405716,-0.5677719086080989,0.9096567217218275,-0.550217814497432,0.9626705776473613,-0.5419920428829434,1.0038764332423546,-0.6895570684594616,0.9661637395630173,-0.5974782009730448,1.0211292424171776,-0.5556108819005812,1.0015805883899893,-0.5620782267845417,0.9745802728190063,-0.7226502460434805,0.9701419076439411,-0.6315004894460126,1.022894486054637,-0.5896605497538463,1.007387252064488,-0.589525329140949,0.9842446353011204,-0.7344181272004423,0.9679111027888536,-0.6554570001959348,1.0202783583290784,-0.6177846491953212,1.0085964149004787,-0.6189985056393629,0.9879002854573983,-0.7299215389350303,0.9647174377678794,-0.663505979240503,1.0121901541315128,-0.6307726449403926,1.0043104802344978,-0.6303021666095682,0.9864338681991849
-0.00470083109062259,-0.3262406463297199,0.07699883427527117,-0.3791753011635411,0.11076499964300718,-0.3762285348446788,0.1480121750187584,-0.37323110075166244,-0.05282985959168319,-0.3841091593740616,-0.09733614224072935,-0.3845707494927866,-0.13267803074344556,-0.38548198820637203,0.20480249122146518,-0.34375450932089774,-0.18396843818384914,-0.3596366244576564,0.06419361458658986,-0.26264221068489996,-0.09011230152389406,-0.26566174217721694,0.4999996396245551,0.000600312681001375,-0.4999996396245551,-0.000600312681001375,0.6557653233252041,0.44750336147989056,-0.6436741398018039,0.43936303670721155,0.5696651506137286,0.8272467220496962,-0.6693975214422587,0.8102806067139106,0.5322531375674365,0.9586541523333535,-0.6703778424294156,0.9353831356031652,0.46039418069010524,0.9456019551464279,-0.6192610892986676,0.9289983264415945,0.45322390942612006,0.9153952567145272,-0.6044671036729266,0.8990909473274937,0.5713356247184374,0.8442987717160955,0.4582618932606179,0.8551394433245264,0.37668275916363686,0.8982704418746731,0.330876412855735,0.9469231117773433,0.30938881249334776,0.9874780892635612,0.44849774444842044,0.9735558348799286,0.37157602786464805,1.027051406526301,0.34607875395643123,1.001776445847412,0.361111235250382,0.9735855212850497,0.49685332709382624,0.9877341066069739,0.4226299484913238,1.0401815026259127,0.39063001262526614,1.0175035443799858,0.4041580851183434,0.9918886408815524,0.5310614404475755,0.9925607143087675,0.46460139159331953,1.0438976602113346,0.4341123375036881,1.0244010578465426,0.4458703859921768,1.0020887111163175,0.5520300867354774,0.9922131824834025,0.48980693518955687,1.0394404585281531,0.46181176233615084,1.0281772578603672,0.46692987714387035,1.0080996501382051,-0.6883070918862352,0.7976886604093887,-0.5971721718280382,0.8260275705852494,-0.5527599705305599,0.8763949093912298,-0.5364210642052275,0.9231181861670825,-0.5269250974663607,0.9575834328945122,-0.6562997902204106,0.9345563803808454,-0.5816846849939419,0.9858265876734035,-0.5298871533998907,0.971719072265331,-0.5202885118763947,0.9459126579729584,-0.6863261381610494,0.941277561065104,-0.6063235084202359,0.9911980413518932,-0.55610359721262,0.9788893435293162,-0.543110549629883,0.9564656169783736,-0.7004434746354776,0.9417893725458759,-0.6265332541260947,0.9918344018105416,-0.5804265840731521,0.9802665248796707,-0.569909672845384,0.9595864840189987,-0.7006643370254575,0.9381899517264567,-0.6410396387518469,0.9826523743859819,-0.6003780803750628,0.978532660255756,-0.5860284980019239,0.9637675798139486
-0.005305050568571173,-0.32635387392820114,0.07634327763714868,-0.37935102213528527,0.11008172485539647,-0.3763757287559124,0.14728171059297918,-0.37334205470431725,-0.05346810051321357,-0.3842659380013387,-0.09798699094472448,-0.3847089836763868,-0.13333609728246543,-0.3855986470752613,0.2041210437673483,-0.34367295243035695,-0.1846287084630986,-0.35977340416645087,0.06344137232907873,-0.2627209504833798,-0.09082190760131686,-0.26572493187950436,0.49999964866291013,0.0005927368441686046,-0.49999964866291013,-0.0005927368441686046,0.664911764134389,0.43386774221801294,-0.6549599246111943,0.42492154605246707,0.5412271193981583,0.7917914948763897,-0.6541188187504015,0.7800140035478509,0.48704092545395844,0.9291711513760234,-0.6413405956312842,0.9037915215523205,0.4131776543077502,0.9101738797071575,-0.588373921465341,0.8903641901942503,0.4094714304470937,0.8775130749547484,-0.5763459402162155,0.8551725888823326,0.5226723352717187,0.8122642459437905,0.41090471501943365,0.8141134509457674,0.32751300375679754,0.8514808764698384,0.27922381583966727,0.8943059460212336,0.2538573579458348,0.9306874860824614,0.4026827517437118,0.9238655426748306,0.31497734507503966,0.9814750988670459,0.29183247826833403,0.9565473332138128,0.311249465668664,0.9288923083182582,0.44343335396704125,0.9425013676579305,0.35014863035953003,0.9939123029543486,0.3246973363072102,0.9677153437195342,0.3467989416175693,0.9426275056304183,0.4712600604570086,0.9526462094416839,0.38446440996158954,0.999238674189066,0.36219692763608263,0.9756821287606479,0.38093678853985385,0.9523579897558754,0.49039083744896783,0.9580435751458724,0.42222409109214043,1.0003082795451532,0.3972418516950365,0.9841452053289128,0.4056361663243169,0.9616848323693714,-0.6615300385799469,0.7669985740645419,-0.5790195071003366,0.7840664928869652,-0.5309992274803065,0.8301561917687851,-0.5076916092011342,0.8766633738515824,-0.49218512220097654,0.9115399651118534,-0.6103275100044444,0.884143243993588,-0.5552272064525428,0.9434810020354113,-0.5163028141671792,0.9337243973032621,-0.5146538671498424,0.9100597973992968,-0.6445835694159897,0.8956090740662099,-0.5806548356817056,0.9501555984309326,-0.5437035538403202,0.9412987034848471,-0.5431950950220175,0.9216935137645043,-0.6675054064270929,0.9009032968619215,-0.6053206138823467,0.9539506770049522,-0.5700364741817632,0.9449821555345411,-0.5675171751542601,0.9265780672159412,-0.6772013979565334,0.9018838242515971,-0.6261397420547298,0.9490216961968337,-0.5944125815517796,0.9477388841792846,-0.5875972241090838,0.9337994103276088
-0.004851397602486613,-0.32700023691578733,0.07621237921835776,-0.380001870124282,0.10971879834205386,-0.3770176138127057,0.14682891511659055,-0.37391571945219526,-0.05328869683454652,-0.3849019301454928,-0.09793423379294416,-0.3853429054124177,-0.1333969714381942,-0.38621949861576577,0.20361885065613178,-0.3435086276348108,-0.1849186420955818,-0.36037015572274106,0.06353526108544688,-0.26337702632127014,-0.09088778162841958,-0.2663809261780195,0.4999995441168249,0.0006751910597980713,-0.4999995441168249,-0.0006751910597980713,0.6841385830133506,0.42276218480132594,-0.6785705308452035,0.41546483099163634,0.47503125886923303,0.7596402788573362,-0.6325356595100199,0.7389656707847889,0.3972655886385255,0.8800277544494072,-0.5912631201577315,0.8591685416966538,0.3181326830193518,0.8411850993128165,-0.532125892581061,0.8336819347230181,0.3215133817880573,0.8067472859591815,-0.5276317619564095,0.7966172436466942,,,,,,,,,,,,,,,,,,,,,,,,,,,,,,,,,,,,,,,,,,,-0.6146351441379075,0.7302519727237003,-0.649937831534418,0.7787248758813865,-0.6392385728561201,0.8388379188867394,-0.5929581572062732,0.876325615850597,-0.5468613417371633,0.8950218064132707,-0.5878499425728592,0.8669080984948417,-0.5414698582534695,0.9123418327033086,-0.5514805883512409,0.895314897036137,-0.573067951608023,0.8731520671946257,-0.5413204110546812,0.849643208064551,-0.5010866357644707,0.8884744788738254,-0.5168341739411942,0.8719533644948603,-0.5381792296038246,0.8518948494300136,-0.5039416464776924,0.8279908871754351,-0.4723171013037864,0.8635981611331801,-0.4909295835773703,0.8483518681915261,-0.5099867242825991,0.8308356296718618,-0.4743604764459937,0.8030817557854667,-0.45177843549272084,0.8342373113183658,-0.4707746365634923,0.8235876079472091,-0.4873406185854095,0.8085868593202183
-0.00473679474988641,-0.3270405282574777,0.07582814925872332,-0.3800631829760963,0.10928185294332071,-0.37700492695959653,0.1463711245154509,-0.3736708615372182,-0.053688886916536734,-0.38500429340170245,-0.09834241855738396,-0.38538700827595923,-0.13390965563980345,-0.3861236171145025,0.203104080411409,-0.34264470511837514,-0.18555560921704997,-0.3602549513639496,0.06368024741519462,-0.26329414914188615,-0.09101464634295811,-0.26638725835183835,0.49999944491082193,0.000745042864522968,-0.49999944491082193,-0.000745042864522968,0.7176341791412113,0.40702715501447406,-0.6900731227470535,0.3977037023480349,0.44223899006173656,0.6831426434252996,-0.609100329349678,0.6627535252556119,0.3361121330885369,0.80011733344267,-0.5540540669407027,0.7839534947253726,0.2610274069145126,0.7533284851580929,-0.4932051946577068,0.7468672392949834,0.2692891776880923,0.7228877953638791,-0.49030087357895535,0.7117839253985769,,,,,,,,,,,,,,,,,,,,,,,,,,,,,,,,,,,,,,,,,,,,,,,,,,,,,,,,,,,,,,,,,,,,,,,,,,,,,,,,,,,,
-0.00443994604766574,-0.32614765049067324,0.07560433724724508,-0.37923878650235926,0.10884833838941736,-0.37607170238860393,0.14579873218794462,-0.3724543944387268,-0.05395217653933478,-0.3843061210843678,-0.09863061280733072,-0.38465263603287314,-0.13424562908845433,-0.3852935323986493,0.20240369053183238,-0.34109903372787326,-0.18589008751712469,-0.35943340311182137,0.06373006033755832,-0.26202619794645904,-0.09132321090679507,-0.26550072476903647,0.4999990786040151,0.0009598932940474168,-0.4999990786040151,-0.0009598932940474168,0.7379333893792552,0.40185882240470944,-0.7069991157772169,0.3830201978589061,0.40581555648246365,0.6106979340823174,-0.584147175050345,0.5767492930061999,0.2792940626395097,0.6900572251980952,-0.5178888059003676,0.6732345049500076,0.2118484555780134,0.6473296100399997,-0.4580899710497988,0.636931705615488,0.22647174363684452,0.621047612199563,-0.45909658357901034,0.6050425064755904,,,,,,,,,,,,,,,,,,,,,,,,,,,,,,,,,,,,,,,,,,,,,,,,,,,,,,,,,,,,,,,,,,,,,,,,,,,,,,,,,,,,
-0.004089981278645136,-0.32545180351997893,0.07510681711061454,-0.3787813573603338,0.10824545011184743,-0.3755216730329926,0.14509039451429465,-0.3716357714763851,-0.054810781236579995,-0.38390649808385713,-0.09968942174348173,-0.3841403231242849,-0.13542271873947614,-0.38447456657040574,0.20150048982461852,-0.3403368752351323,-0.1871914261358849,-0.3583037184898121,0.06384284652369325,-0.260976589419232,-0.09186539658632618,-0.2647435097022789,0.49999856190291575,0.0011992059940448513,-0.49999856190291575,-0.0011992059940448513,0.7607039768969744,0.4052779502246512,-0.7307919281695359,0.377417992992617,0.3735905756522428,0.5390920734564497,-0.5311089220283574,0.5236207058603959,0.2230423625113772,0.6000055652412396,-0.46468449497701403,0.5894177974374207,0.1753080596145162,0.5480089595031801,-0.4107028924466857,0.5476911542593275,0.19653100881237,0.5270467850515136,-0.4104503927138851,0.5254002810365642,,,,,,,,,,,,,,,,,,,,,,,,,,,,,,,,,,,,,,,,,,,0.3103267564166104,0.5444945389529338,0.22933472742045066,0.526232479004457,0.14344143036023035,0.5215483741295455,0.07529647147147803,0.5227717342167192,0.021564684885824813,0.5269139375393049,0.09062201991271701,0.5702463806124451,-0.016768643681181992,0.5930637236058129,-0.001376671483838695,0.5799619172755004,0.03787551904261109,0.5685126534834195,0.0962250985715767,0.5857720949180389,-0.007227553246279455,0.6002343581789322,0.008235986634408554,0.5862710558603578,0.0513191728853998,0.5764808204278115,0.11096312106235769,0.5962690612236142,0.018583890874517506,0.6082506096605715,0.032115215129403483,0.5951816797347955,0.06974706857512687,0.5875400403456638,0.13291941536548435,0.6027454892682899,0.05675965871366072,0.6149949692197689,0.0643958187020364,0.6048328054828406,0.09537869889152024,0.5964936048301083
-0.0034514766571596984,-0.3240937755215767,0.07533730787599897,-0.37750553194570863,0.10827861125915274,-0.37418796348044436,0.14505220495082313,-0.3701107805287118,-0.05480960139514568,-0.38268406085316403,-0.0997321934802928,-0.38289037451833907,-0.13550284556602565,-0.3830543072192315,0.20123728669203134,-0.33884548213940263,-0.1874964611220006,-0.3567408722634971,0.06421079513964131,-0.25975253870690734,-0.09166091215852157,-0.2635374160105274,0.4999996020279194,0.0006308501583115919,-0.4999996020279194,-0.0006308501583115919,0.766621491200157,0.40788340201695333,-0.7289624820066677,0.3835643324912441,0.3340046590687107,0.48271633168873984,-0.46994635448784167,0.4666287860225774,0.18244943620925835,0.5140833891215771,-0.38099184150622983,0.49720995053462874,0.1365368740006454,0.46918864099449425,-0.33643882484840165,0.44909156536707673,0.1614092443476478,0.4559246292284236,-0.34710585636513647,0.43761739453585236,0.3068727906628863,0.5086541527684185,0.24763583220083435,0.47050189177163004,0.13915196959619178,0.4581678011110311,0.044543791250035804,0.46555796777991293,-0.016301854684757536,0.48369523132285486,0.09632494286897414,0.49985098909511855,-0.0501746446971297,0.5010855163924259,-0.035336834273241524,0.4804342453587172,0.013926955161187282,0.4741106476537592,0.09619891820737402,0.5303102664011857,-0.05275831799461961,0.5197051848955657,-0.03513599994117955,0.4985469078142128,0.01594446797803701,0.4956737244467293,0.09976730594146622,0.5544694288584936,-0.038005604968670836,0.5409106513355658,-0.018769343755625847,0.5230607732232471,0.02883588509242034,0.5209332264516373,0.10599003918789421,0.574345094698894,-0.0052134736339417165,0.5676164736360695,0.009416793070399117,0.5511990497518765,0.050540194491957416,0.5456011841265856,,,,,,,,,,,,,,,,,,,,,,,,,,,,,,,,,,,,,,,,,,
-0.004715841643851067,-0.32307127310934763,0.07422234272457179,-0.3766224305657146,0.10718565268116229,-0.3733047243011392,0.14380170130290978,-0.369226722026813,-0.05635006229367833,-0.38178589746608044,-0.10155578570758791,-0.38197162804077556,-0.13756016761472384,-0.38210602210176503,0.2003415853999956,-0.33784767033379587,-0.18955733069114306,-0.3554712264766697,0.06311516116858785,-0.2585894734181463,-0.09319824611168029,-0.262350825798982,0.49999998956157105,-0.00010216862935100714,-0.49999998956157105,0.00010216862935100714,0.7651331311060993,0.41126079043675534,-0.70720816993508,0.3891221991223095,0.2999651342265442,0.4139145967653505,-0.45492384040496237,0.38778251787381446,0.14574352174709723,0.4150776266042381,-0.36031277532602507,0.39442353482585885,0.09826262681528666,0.36073624551986827,-0.33092676850244324,0.3443953176004323,0.13882699136560162,0.35811920420545545,-0.34360688738775536,0.34136310063805875,,,,,,,,,,,,,,,,,,,,,,,,,,,,,,,,,,,,,,,,,,,,,,,,,,,,,,,,,,,,,,,,,,,,,,,,,,,,,,,,,,,,
-0.005388158244666032,-0.322141746543339,0.07333924423203576,-0.3757644856541261,0.1063839381409082,-0.3724761210739111,0.14202973841412456,-0.3684316378756472,-0.05822999347864009,-0.3808558936965737,-0.10305340497564622,-0.38096860494118046,-0.1393503510062627,-0.38095492258113867,0.1996053337710923,-0.33693652731675705,-0.19090604439630554,-0.35409443111018507,0.06265657340364567,-0.25761719454250825,-0.0939630468347461,-0.26124974898311965,0.49999997838238586,0.00014702929520350445,-0.49999997838238586,-0.00014702929520350445,0.7713763560538354,0.4138002129149754,-0.7104610311912496,0.3925515077700271,0.26807006901249103,0.37975536091714424,-0.4312301938023498,0.3530960674291007,0.10220565940551403,0.3640024784893222,-0.3169648798258761,0.3440677285103574,0.07705893960504463,0.2957817827188333,-0.2862561685179143,0.2860621481665016,0.11882310997729012,0.29631292744963716,-0.3049582724377016,0.2861931399413282,0.1968735720833982,0.35288028988221165,0.1650650008989598,0.2923273232597499,0.08637954270632064,0.2406553298093516,0.0013907782531034773,0.2148453519983303,-0.0625926476231224,0.21828366178654468,0.059536098110173276,0.26831253837651087,-0.1044568562343622,0.24874653921572232,-0.07726608156403844,0.2538211246843479,-0.027302588710993395,0.26277836019107065,0.041646188054507816,0.31300204218589456,-0.12407792128679447,0.2890027340705717,-0.09871654544435748,0.28816811010802057,-0.04955257344982182,0.2961458232163395,0.019639682034128525,0.35285584107492385,-0.12792154295362476,0.3278000753235849,-0.1021393784646557,0.32415832454261756,-0.058359863748545245,0.3315259389736618,-0.0031058957294934036,0.38553514868038435,-0.12140133764123624,0.36256807369477395,-0.09817710157713487,0.35753565681119526,-0.05717757326034132,0.36341323980358675,,,,,,,,,,,,,,,,,,,,,,,,,,,,,,,,,,,,,,,,,,
-0.00634988812199394,-0.3214109642524963,0.0725213658993647,-0.37526818828861563,0.1056388946680834,-0.3719963019432767,0.14121109643499438,-0.3680460442710074,-0.059786766818591186,-0.38015461861176053,-0.1044907520397417,-0.3801492266886453,-0.14106776114551545,-0.38005183507737716,0.1990623875186939,-0.33599555462043934,-0.19252513006844696,-0.3530648105589029,0.061946232026226546,-0.25645547746933345,-0.0952805610368687,-0.2600664933122718,0.49999999503933396,-7.043199569222686e-05,-0.49999999503933396,7.043199569222686e-05,0.7714986010048651,0.418035012798901,-0.7069535743688464,0.3954538634559299,0.2508176601937399,0.332917889838979,-0.3878678769597777,0.31085166915350904,0.08076954795310176,0.3066873072008739,-0.27003952910421325,0.2903686518927381,0.06473610291141338,0.2345995417853561,-0.24439599209527493,0.22221463138494926,0.10790675999668049,0.2416991318838252,-0.26100120565063706,0.22716767442491315,0.20328561129866993,0.31455142706438494,0.16785146522985425,0.2535476582660018,0.09450592141598577,0.19781224767808978,0.01052278728622814,0.16866104001925436,-0.06048535785720356,0.16085499566096323,0.04595345107136525,0.23680079439713422,-0.10018507676879584,0.20648279704251707,-0.07331386626556671,0.20916527879232627,-0.028585280395203118,0.22163668462603936,0.024345206855492123,0.2760989273683761,-0.13241664517064916,0.24131675466957267,-0.10219469144652142,0.24032576413369255,-0.053926308051032705,0.2525393686434604,0.001965692970683059,0.3096501689526732,-0.1412596237430311,0.2777967091592729,-0.1119681137514691,0.274223436778141,-0.06590895852069974,0.2834899059785288,-0.018019245392321855,0.33887147161200615,-0.1315313587941732,0.31138120093611377,-0.10927125354001938,0.30705328398231774,-0.07163405755172052,0.31421802648509545,-0.46512402534467245,0.31456310956446787,-0.41714141387428905,0.24905146837831904,-0.33884102971275165,0.19974974538414964,-0.2765808304967966,0.1648782689587508,-0.23949226268546875,0.13278138630304576,-0.21196087859582302,0.22876480698432636,-0.20831942085363017,0.23044023476064146,-0.25759485822261297,0.23710498872621644,-0.2984366538490424,0.24157803827719646,-0.19715982498115125,0.2675075718747032,-0.2079508604423603,0.2669218742263152,-0.25253375205688205,0.27001661343097366,-0.2923516439500824,0.27521824659289434,-0.2034138941361189,0.3065520597960678,-0.21437668481489325,0.30309763438693327,-0.2559737990043761,0.30352224833225483,-0.29510309738307344,0.3057971905599406,-0.22187370457964478,0.34298056635271057,-0.23264923826189765,0.3400713991686001,-0.27118946904026003,0.33716829789799413,-0.30185198781559175,0.33636287938266196
-0.006757071118549248,-0.3198869897844944,0.07218545953213892,-0.3739473821003885,0.1052949224672545,-0.37068290096720186,0.14086123637715,-0.36681444022098236,-0.06035123750339988,-0.3787557165397246,-0.10512163395791103,-0.37871658324884105,-0.14178244304070717,-0.3785788295668516,0.19883428306948556,-0.3346095410555999,-0.1935368949460906,-0.3516556876989078,0.06162183248527641,-0.2548154115202537,-0.09588359091373554,-0.25841533692558283,0.4999998165337098,-0.00042832961199820404,-0.4999998165337098,0.00042832961199820404,0.7685135666429793,0.42123220494615193,-0.7115603470053069,0.3982904256176663,0.23664243975827215,0.302797549126847,-0.41029371920630014,0.2912228662801746,0.0652132115397229,0.27056993466043444,-0.2920897024088404,0.25878744054493225,0.04517932809904554,0.20125363130716878,-0.26165693407976137,0.19339638619046137,0.08857601110116235,0.20999182527669685,-0.27323847649753696,0.19806899108354337,0.19984657584113372,0.28759426561859464,0.16596186891937711,0.2228628546098789,0.09484498437752777,0.16576131080359902,0.016026038458681557,0.1334342887821835,-0.06063956439370269,0.12122458957453609,0.039851353035649656,0.19734018976683024,-0.10966829262745983,0.1722352840491618,-0.07428876146514349,0.17848592765192373,-0.024810562646152206,0.18996468895513735,0.017894540646384932,0.24060609111004605,-0.1343965966463669,0.2108506210884139,-0.09716621825803891,0.2132864435419432,-0.046087490332308204,0.2242060935742576,0.0006418197060855211,0.27939381704275923,-0.1377752165446305,0.25171893365310155,-0.10437607729538856,0.2528308588837233,-0.056240555180849514,0.26103715496279417,-0.013167171636463039,0.3119709322794764,-0.13108342380354648,0.28475417827792077,-0.10653414334523302,0.2837137725099483,-0.06248760032008192,0.2907681104516315,-0.49154904983860215,0.2914176331187099,-0.4433335743625166,0.23587298704887397,-0.35575495614495045,0.17805512409624896,-0.2911096833569726,0.1403577326129804,-0.2485947363715736,0.10849963537025549,-0.3554677537745006,0.1898489758622662,-0.20825629756160777,0.18523552071345067,-0.2383626177773681,0.2018031841593177,-0.2895373796985429,0.20652650489776886,-0.3477881827945633,0.22954070330478604,-0.19633537505220436,0.2255507944144452,-0.23058375169441309,0.23876255326307871,-0.2896914389184005,0.24248572604429386,-0.3402192645681587,0.2719805323640064,-0.19628915728624707,0.26917553004274536,-0.23372858391524315,0.2790883974506912,-0.293807856292201,0.28246465585726355,-0.3332232892068449,0.31324973625627967,-0.21967174839709888,0.309733137772056,-0.24863791793392784,0.31386732255953353,-0.2986258616022727,0.3155833398551735
-0.005112591318653473,-0.3198439383054355,0.07364177098914648,-0.3742025758081551,0.10665099354078159,-0.3710520136098274,0.14230788752273485,-0.3675006715883169,-0.05948621861790947,-0.3788784906856044,-0.10442495240251265,-0.37883453564312936,-0.14124620418910652,-0.37867753724782743,0.20022102279360424,-0.33553701552140264,-0.19360454914349962,-0.3520412323288903,0.06325113706375393,-0.25464238076077866,-0.09489752788818798,-0.2582082617578771,0.499999146093464,-0.0009240702391102744,-0.499999146093464,0.0009240702391102744,0.7697870820283026,0.4236223571152349,-0.7200464289111549,0.40066136997863533,0.2296774381556463,0.2811884087847863,-0.41983867324741064,0.2883882447422009,0.058247588062009734,0.2458345791854367,-0.32380952842596417,0.25997457823395176,0.04326759688127258,0.18013035628324459,-0.2893483243045696,0.18734664720527808,0.0838791257920619,0.1875833282032207,-0.29569881359508154,0.18949695042420536,0.20267619367892906,0.2644476236845931,0.16808763263959395,0.1976782235864221,0.09319534069203206,0.14300874503973782,0.008557314185852696,0.11186208923667404,-0.0695850586844099,0.09975788488617689,0.031631006559567784,0.17145656123483297,-0.11747328852432663,0.151612888251612,-0.08456313387611608,0.1592086577070135,-0.029543029336765378,0.16844981091906472,0.009709612530121928,0.21657246765218177,-0.14761788206419618,0.19301335382221008,-0.10872871458700648,0.19512285774530155,-0.05240923136895077,0.20284699846577764,-0.004242394182884424,0.25928594923517584,-0.1500191798461798,0.23822066418685958,-0.11599549745526774,0.23537756187538308,-0.06382649729922873,0.239924316551098,-0.011847968993914982,0.2968355022640103,-0.12922168244125004,0.27708548733283234,-0.10670869862218474,0.2701243610676284,-0.06396997106607681,0.2723408222607425,-0.49386685414200776,0.2717905952931445,-0.4493417485776186,0.21415708171555875,-0.3625250171327588,0.15860838961413617,-0.2948061881171265,0.12285513265444913,-0.2498888683275753,0.08730282913253908,-0.3655263575971455,0.1671177477215962,-0.2066834283845719,0.16488731107907978,-0.23316487630771235,0.17930152196949692,-0.2859489089426908,0.18473526686131111,-0.3617051992379804,0.21000817652686166,-0.1907350738065381,0.2064043138648553,-0.22757289326298794,0.21522518924770268,-0.28560594690614827,0.21998845068391654,-0.35641380106064313,0.2540158523476534,-0.19386884292453554,0.24714691896640997,-0.22964159789024358,0.2517689607405181,-0.28711112534782623,0.25510413411724103,-0.3516217997889648,0.29531758813053827,-0.21300123315632036,0.28763379588494953,-0.22391944029665073,0.28579692593044054,-0.26574604436878263,0.2843885612874448
-0.003268559052545299,-0.3198561479755977,0.0756417028496589,-0.3746471935525542,0.10865064880794731,-0.3716323763375627,0.14438566541948228,-0.3683918097542817,-0.05821025500954266,-0.37915268044392586,-0.1035001475641936,-0.3790952251938802,-0.14076609776749496,-0.3789121148595814,0.20239827663088578,-0.3369042969133427,-0.1936646262204099,-0.3525645848800058,0.06514447032508626,-0.25448655033709455,-0.09370617634825006,-0.257971754136613,0.4999981495236102,-0.0013603209053612896,-0.4999981495236102,0.0013603209053612896,0.7734254224729343,0.4267571826288589,-0.72462442601589,0.4036072408959161,0.22929298869652556,0.2794611486625291,-0.42813000118211403,0.2895615101784205,0.05886974627532206,0.24572405920070992,-0.3378524216399812,0.2636161669491643,0.04468847859378968,0.1802138771610125,-0.3051917133094298,0.19031333386981664,0.08496257305981351,0.18681772478879385,-0.3090517334448757,0.1912282069359956,0.2063604268663143,0.26912033466317903,0.16895796389371165,0.2003672109215964,0.09653482950502294,0.1437644022531427,0.013843718087514436,0.11207489122995673,-0.06812072013798025,0.10165671622463976,0.03400508201099841,0.1732982103907592,-0.11765890816942857,0.15478065474318636,-0.08194458902001632,0.16276094015257211,-0.026755767627291302,0.17084833210092085,0.012071314104316201,0.218900035188768,-0.14333201756628372,0.19430421173026796,-0.10569928118995496,0.19691209195773174,-0.0526472748348513,0.2055250637229347,-0.0021607358749927046,0.2620284567126678,-0.14563497780531648,0.23878317093289725,-0.11042237418583004,0.23652861787303678,-0.05942993496326673,0.24248677254312054,-0.010730842404433266,0.2989742183079394,-0.13197815893177914,0.2772242393408716,-0.10960352377179423,0.27095347382211443,-0.06843853362740575,0.2741284418915638,-0.4890211430409796,0.27117130612838974,-0.44452544490723467,0.21183032501189636,-0.36221367386109027,0.15592738462549424,-0.2974550472083083,0.12079033239780006,-0.25153461721467263,0.08540219620337114,-0.36575045166458664,0.17154254533867663,-0.20501396081947781,0.1673118936000822,-0.2375500319737491,0.1783830000197954,-0.29532875055307717,0.18306073956041793,-0.36168571892563184,0.2151576399746753,-0.1896932017123362,0.2082055547191569,-0.2295967776760974,0.21293950540007994,-0.2899746677146737,0.21713125043391907,-0.35620190937108204,0.2585268532846914,-0.1913068120517076,0.2501820437199966,-0.23085344161951618,0.2513750318646444,-0.2905077121899984,0.2549877003625908,-0.35051089899353316,0.2986785725921535,-0.20722101150725333,0.2908678254107567,-0.22699873722570837,0.2875501240232806,-0.27949869815665335,0.28830722135360604
-0.0016001137593845483,-0.3196677946685938,0.07720741646498624,-0.37472488353130606,0.11019332167412428,-0.3717947432414807,0.14597466371885376,-0.36874894847074746,-0.05711279056747715,-0.3791422043815118,-0.10259232777006372,-0.3790784810302665,-0.14002832259899806,-0.3788772195561375,0.20392504217894525,-0.3377418687525943,-0.1934552502146389,-0.352728308356592,0.06666766487840524,-0.2541858149929865,-0.09267801747435325,-0.257572790482398,0.4999971117007813,-0.0016994972422431478,-0.4999971117007813,0.0016994972422431478,0.7746858015702072,0.42841441485065546,-0.7288747215223513,0.4057080386460557,0.2270112639826053,0.2806633209824056,-0.4325766722157609,0.2936397537402716,0.05513861393307775,0.24766301565652707,-0.34578966312922116,0.2675297341946,0.0416474053484256,0.18149788083634125,-0.3142393475110389,0.19275242246963148,0.08201263337321739,0.18788711058602664,-0.3165779491470441,0.19433473450989588,0.21575989717820274,0.2720271060874734,0.17502003934466617,0.2039704535707135,0.09916373934487452,0.14693771404590397,0.014249085594836834,0.1158099908300195,-0.06913450692412308,0.10535278479451783,0.03114212333262498,0.17488550597055125,-0.12075926559902855,0.15774324416508118,-0.08316895140880437,0.16517517843087343,-0.025545013390412714,0.17287209752203994,0.010849070629636645,0.2211763253406829,-0.14414312761090742,0.19778826801920246,-0.10481402767095523,0.19972355299972794,-0.04917832624346549,0.20797198522338076,-0.0012594999744361935,0.26461115935286544,-0.145561482416473,0.2434038693169748,-0.11062566533657703,0.2401949110187646,-0.058244617065930704,0.24545764344705787,-0.008206479127637193,0.3019705047415118,-0.13019258931825736,0.28064381846209563,-0.10819102512671981,0.2735113385924581,-0.0671505790295687,0.2762144786168152,-0.4843638007109214,0.27424064214265376,-0.4430547414125244,0.21484061413510394,-0.3618857054294587,0.1579666160546778,-0.2972046897275116,0.12237145504686084,-0.2516131264198887,0.08680123912316126,-0.36593882805155054,0.17397603088098043,-0.2036445233693706,0.1691132135057873,-0.23232921575619475,0.1798606896110186,-0.2888570441011191,0.18491683138812146,-0.36158318959116237,0.21792496039947318,-0.18779917916451283,0.20923738130860833,-0.2215156351780524,0.21327610381395967,-0.28043660418380234,0.21724690765846413,-0.3557890134844227,0.2612483352403494,-0.19142483375422942,0.25095145806367497,-0.2242580070165214,0.25142428079444545,-0.28152568387901833,0.2539391988204623,-0.34993859755167295,0.3009026283677956,-0.2085639207308118,0.29185708731984616,-0.2193303324226231,0.2877096269250922,-0.2648854985847838,0.2867866588127488
-0.0008308407072882698,-0.31899475986708326,0.07752358458802817,-0.3741674864881806,0.11041270826221901,-0.3712806853586287,0.14612608873510366,-0.36833769649082854,-0.05687101519847193,-0.37854967602921086,-0.10257741329644438,-0.378485088507871,-0.13997926368133298,-0.37826658063690577,0.20385098728907472,-0.3376041387748868,-0.19361641914481084,-0.3522073887008849,0.06702010987424917,-0.25350369429197017,-0.0924107244804076,-0.2568242193565653,0.49999805337041425,-0.0013952153225812922,-0.49999805337041425,0.0013952153225812922,0.774219415370901,0.4291802766987896,-0.7300870685179544,0.40625182013372546,0.22284471302861242,0.2830358560046413,-0.4444093104651156,0.28564614535566274,0.05255273211528761,0.2494260536433034,-0.33914822322618027,0.25637380936592113,0.03816061187240394,0.183620904286912,-0.3171474886504142,0.18488019068716557,0.07883134000693222,0.19071611025596288,-0.32209110153159715,0.1868088489913578,0.21834765077827475,0.27748745874085956,0.1741155281234692,0.20971948439499774,0.09702345401412894,0.15344139172327223,0.009529270141021094,0.12254040589840909,-0.07543430880985373,0.11387478102296662,0.0327711294238696,0.18083921395658803,-0.12330637530790171,0.16402194012244622,-0.08652724397761839,0.17230094795450815,-0.0306247578227884,0.17986722284018536,0.012043870071147064,0.2273777581335454,-0.14526579203170345,0.20346448375627652,-0.10902129554414541,0.20538985025358147,-0.053313707059158166,0.21392595955459726,-0.00033582105779251945,0.27087297008793215,-0.14696073204689963,0.24962810247983228,-0.11504950203939211,0.24565500507748184,-0.062478210943895246,0.25072347959921637,-0.007521040918622833,0.30821908677690185,-0.130690125177209,0.287144712063446,-0.11327192632026727,0.2786250617968665,-0.0743097594708135,0.2802434956795793,-0.48136347511333577,0.2783530904416288,-0.43968488651839177,0.2188775181765426,-0.3576771231311192,0.16332691482690337,-0.29269549304945647,0.12850436540406288,-0.2490125345919131,0.09391394512206598,-0.360138373087555,0.17914938191759625,-0.20543014651030492,0.1779042843401326,-0.2356767438280956,0.18606024670096008,-0.29045116181583347,0.18931686530770925,-0.35655824932119495,0.2231667425506531,-0.18929711446638564,0.2165284166754386,-0.2265961242636927,0.2197320258402445,-0.2848998132769114,0.2244637144642368,-0.35042731574894903,0.2662705700172019,-0.1944040690755265,0.25838135752482544,-0.23220229841387513,0.25834934754061134,-0.2889969777457371,0.2618811157989032,-0.34297807027364335,0.3060249272206641,-0.20645877940728508,0.29687166088357664,-0.2269530015345055,0.2926245489355067,-0.2773973313384978,0.2932420465033253
0.0008419974368458368,-0.3185224599496056,0.07864704276028946,-0.3738899771427664,0.1113278965956199,-0.371038459510938,0.14706276153539719,-0.3681821639432388,-0.05584798414911811,-0.37825712428903063,-0.10203185355714196,-0.3781941010396876,-0.1394020239288802,-0.37796259867071086,0.20469831938226266,-0.33769654411977273,-0.1934379758990077,-0.3520528762869106,0.06824433876583823,-0.25293744065717505,-0.09140299393147416,-0.2562169248305712,0.4999979633131105,-0.001427123940448696,-0.4999979633131105,0.001427123940448696,0.7759581154843602,0.42964257321503585,-0.7332755629865898,0.4079896504109606,0.23195553344199868,0.29375921465403515,-0.4516561732971655,0.2929053292577013,0.06227851702928897,0.26755678681796113,-0.3409070326239874,0.26635433962381666,0.04527316070294119,0.19924424870558652,-0.32065108726022384,0.19338456540159515,0.08549223221781667,0.2044205734196795,-0.32731107482256966,0.19559856987580898,0.21183337028261676,0.2863179208164401,0.17144183803488197,0.217648402638292,0.09441582377913008,0.16227303597905782,0.005148965343213922,0.13200685992451366,-0.08050543229326433,0.12427422575917933,0.034044783885869276,0.19375053253722077,-0.12639773385279318,0.17413801587072128,-0.08842884261229596,0.18052861885825783,-0.031198499231423173,0.1889495033097392,0.012364331070348157,0.2404420007513253,-0.1471492194225826,0.2155239275814662,-0.11069550265500976,0.21471440873250383,-0.05527087775215548,0.22279594597678248,-0.001325137761683271,0.2826689429357041,-0.14928598060021894,0.2606387907185936,-0.11623699818208323,0.254767390095681,-0.06393509565191263,0.25939447970539087,-0.00964830204856955,0.31761431085302516,-0.13278879188184123,0.29523923717019596,-0.1145467464876084,0.28631473552585956,-0.07518178788982252,0.28839222754662275,-0.47445045397246605,0.28224507176773983,-0.4334111701331079,0.2248252035973264,-0.3515958439687956,0.1702793776135607,-0.28748538669438783,0.1363294130026507,-0.24370936944447774,0.10225419821569973,-0.36028304146488366,0.18762021329426348,-0.20296893411779865,0.1867935166282419,-0.23387205452806797,0.19507970879231862,-0.28944001750704546,0.19732624873460486,-0.35862248122903434,0.23140191856306735,-0.19055255767457244,0.22673694674752493,-0.22996893596315807,0.2294197577389639,-0.2900831049231759,0.23296817144565785,-0.3526253753885693,0.27391530937893677,-0.19369325418696043,0.26792059250640715,-0.2331653750607051,0.26683918635432224,-0.2918776748841626,0.2695223386268948,-0.3443989074228772,0.3132126943122646,-0.20748738256663737,0.3057884645313509,-0.23014583335075453,0.3009786757547729,-0.28235376980879995,0.3011363476385084
0.0013629411355682711,-0.3181353297379285,0.078618314428063,-0.37357909223958374,0.11116159283249187,-0.3707245984040888,0.14686006573881832,-0.36789480254157236,-0.055712594815827396,-0.37794266636873214,-0.1021768799988472,-0.3778846204414553,-0.13940184697701014,-0.3776344538764466,0.20432735479156064,-0.33754281479961495,-0.1938019209431195,-0.35179047218856757,0.06837423260359887,-0.25253978981773373,-0.09116647811878549,-0.255825644563776,0.49999782942569815,-0.001473285305166053,-0.49999782942569815,0.001473285305166053,0.7764603376462204,0.42977483403833283,-0.7336621649406777,0.408466287950559,0.236539657594968,0.3016244502628987,-0.4468258251758962,0.29445748547736766,0.06553669728411224,0.27883152185445,-0.3230868180579561,0.2698646780611631,0.04869404549925512,0.209180734112936,-0.30193852425568374,0.19842596194397963,0.0890003406914673,0.2141168004267949,-0.31149925755589297,0.20058754674955062,0.21405539694097953,0.293960111551486,0.1709259071877844,0.2262865274347813,0.08943227067973299,0.17264139196990153,-0.001120741658617183,0.14410954240247506,-0.0858924934557406,0.13765233134733265,0.0340916250606519,0.20536267788464596,-0.1274690839309655,0.18505161122168384,-0.09129952848934744,0.1901046799144458,-0.03428226609631594,0.19837406205606153,0.01497960515035882,0.2525795114424781,-0.14599939259751,0.22854394492813088,-0.1118689564364632,0.22572222996921576,-0.0565991040855511,0.232567210581676,0.00326889623003393,0.2949068292438164,-0.1467816468292228,0.2739882152086903,-0.11649601354923085,0.26562732536995587,-0.06373408670330803,0.2683165590360274,-0.0038684765141402894,0.3293009760195698,-0.12813160421072692,0.3108136896285364,-0.11352224102395922,0.29950588773283876,-0.07449785030021513,0.29815558012261895,-0.4711805304747222,0.28398213046814574,-0.42973357590374883,0.22718191431691206,-0.35022977654585524,0.1738488610728029,-0.28494506687545057,0.14073900889193486,-0.2389079314278619,0.10769972234814845,-0.35736179995947653,0.19232100999652688,-0.20050565646587284,0.19181760384683014,-0.2283664495877619,0.2006439992592159,-0.2845238355482908,0.2034716326264024,-0.3573045507410055,0.2365355033276237,-0.18995017531390018,0.23391433135667275,-0.226310827053357,0.2360357392753247,-0.2854415302769828,0.2383652020078237,-0.3535405568959634,0.27951782958284055,-0.19314941643120193,0.27553314739860296,-0.2290427415483086,0.27327345359437977,-0.28774105952149404,0.27421926076236075,-0.34761702692513663,0.3186064122732202,-0.20596197362989313,0.31387510012244163,-0.21698409851095388,0.30771563052956613,-0.26132219552248714,0.304785790804155
0.002194293353612379,-0.31780057970552866,0.07871559330384595,-0.373272074391115,0.11105225445854584,-0.3704199141572765,0.14668917652311372,-0.3675894931231133,-0.055390228776852506,-0.37764108443685207,-0.10216342578293684,-0.3775863380753661,-0.13928020687461545,-0.37731112663654487,0.20407656622510945,-0.33726991100844234,-0.19401666621201832,-0.35152069621129234,0.06885635407100373,-0.25220806484860187,-0.09067397421004639,-0.2554942123513508,0.49999783654434937,-0.0014708674209623306,-0.49999783654434937,0.0014708674209623306,0.780408017168569,0.4302661097785672,-0.7345371676757084,0.4088961350443567,0.23225512171626245,0.3057990618533757,-0.4459939085635443,0.29621264388556845,0.05398423750151801,0.284441834712692,-0.31728111526930863,0.27460638339991333,0.04167632213352269,0.215069886010646,-0.29789054588354313,0.20296354196529434,0.08551848317082099,0.2201521922048912,-0.3070276111795281,0.20447959505259747,0.21481299923751962,0.3041195664062102,0.1691279003931934,0.23656426359954294,0.08620719467467018,0.18326964814426888,-0.004074449581026813,0.15637711996793857,-0.08902873792048432,0.1511718905503985,0.028249008708948826,0.22077523083851713,-0.13056540561420815,0.1995068953991235,-0.08847342087746991,0.20317273908049427,-0.03021099993409381,0.2121841495260001,0.011151526526628977,0.2672756065795665,-0.1453769711144412,0.24272567634939782,-0.10606908356753193,0.2405058878087317,-0.049976257515309895,0.24920338876363826,0.002381978904735716,0.3088079491969151,-0.14263874249774913,0.2885112763105475,-0.10719815613705498,0.2834117836286009,-0.053884077838092584,0.2888759485396556,-0.0017774925724033674,0.3429252898224001,-0.12377640151875344,0.32440144297866264,-0.10066729081051946,0.317416672268331,-0.05727823843242189,0.32059446522610147,-0.46386751431961193,0.28373161164476624,-0.423290330674384,0.227664963686394,-0.3468342483231763,0.1739437591191671,-0.2838169749942765,0.14085908738715816,-0.2396416692582893,0.10782062568168417,-0.35756783589060276,0.19361534465152053,-0.1959737632717914,0.19154317779660757,-0.22534763329168742,0.20297378556723558,-0.2815872843050672,0.20600429829265096,-0.3564881602459964,0.23734778533024825,-0.1862265207535067,0.23340331567607578,-0.223086756525457,0.23845773650948096,-0.2848405384638048,0.24033083603333588,-0.3512358102595266,0.28008488935368575,-0.19098137313903038,0.2745171502452252,-0.22665551362398473,0.275621865805688,-0.2869840690789084,0.27698403722827386,-0.3427816517596241,0.3192336596171078,-0.20274740196433425,0.31362927117725753,-0.2177708962069516,0.3103611068868054,-0.2669300557407488,0.30857644379304316
0.0031658098594455693,-0.3175268925258884,0.07915780605206917,-0.3734461904493069,0.11124235899878183,-0.37063102083505034,0.14692145971463885,-0.3678176780667473,-0.055252955861899954,-0.3778082418746417,-0.10260948426791228,-0.37777353180152623,-0.13975234530396594,-0.37743351009844156,0.20431730587992808,-0.33750071275786336,-0.19501706148669118,-0.3517301300671072,0.06959015708239696,-0.251945406354707,-0.09042921722907164,-0.25507273827125815,0.49999803233837,-0.0014027322475644152,-0.49999803233837,0.0014027322475644152,0.7830739784295399,0.43234770021384983,-0.7373485951042084,0.4112291326362983,0.22969173946177052,0.31208254905101035,-0.4471567414907597,0.2963650515348146,0.05413698134009013,0.2955671765646482,-0.31514451413578987,0.2722561654872202,0.03668694879279741,0.22414206689988928,-0.2991398592712873,0.1999951596208888,0.07878524365543876,0.22753451983543393,-0.3081218899350087,0.201682366036766,0.21600706478026913,0.3167501404620586,0.166458892119485,0.25203503598429783,0.08261568290832151,0.1986838267599326,-0.005841111580391548,0.17136437312703323,-0.08893303039320137,0.1682727788844463,0.0216011974428769,0.23832821079561092,-0.13381246986421635,0.21964688407569724,-0.09107637740807902,0.22256378617398614,-0.030333863633953306,0.22946412587375867,0.007632562393487122,0.28521649574818125,-0.14582740734427035,0.2624635861095303,-0.10557867983161849,0.2607732968911067,-0.04732079073204809,0.2682891694993176,0.0008469714551652625,0.32645845657014594,-0.13961167816555078,0.30702218575997176,-0.10422213253331457,0.3033180272336208,-0.05123526489878924,0.308780296634417,-0.0012486492091786615,0.3607056525921195,-0.12018967958938785,0.3407649439430507,-0.09474685346216336,0.3356822017890824,-0.05129132623398554,0.33997871511583744,-0.46016137276609176,0.2822743603401604,-0.4200943022479354,0.2264733506922274,-0.3433552402382255,0.16874581780851608,-0.28557461464399225,0.13301202589192784,-0.2395681253975747,0.10054063831457351,-0.3581080489131309,0.1874371921811737,-0.19784581826772643,0.1803589633566846,-0.22697807397580225,0.19726105629581636,-0.28132308739884077,0.20268907233498548,-0.35238043013759707,0.23080628676017922,-0.18312246748382027,0.22334270761738564,-0.2222144589743261,0.23406138371559934,-0.2839895974236358,0.23820638300609065,-0.3410562687836889,0.2740113077369911,-0.18239401265988467,0.2657772563133327,-0.22150678452311093,0.27191705720711223,-0.2811858455965883,0.27605554835889445,-0.3274071034204076,0.31433984558223405,-0.19533949979747398,0.3037112558250995,-0.2243305174777742,0.3050074030290677,-0.2792611492067634,0.30753963987628463
0.0028250748550007164,-0.3177029214312238,0.078658403131892,-0.37383226325410224,0.11064408557416314,-0.3710322922968678,0.14632810397118026,-0.3681993831958671,-0.05586646569980011,-0.3782402560910327,-0.10346105412493231,-0.3782359100859524,-0.14057856798710658,-0.37781937980957603,0.20370452051498364,-0.33794684183218154,-0.19619165015387208,-0.3522533187136217,0.0691025672773943,-0.25220679497483894,-0.09111531174601759,-0.2552680980796627,0.499998449078076,-0.0012453591926038015,-0.499998449078076,0.0012453591926038015,0.7832047264476315,0.4332284284746788,-0.7393624559350842,0.41170724005434384,0.2266880252762712,0.31959457732668406,-0.43897699232603715,0.28540592778294044,0.05624731298709652,0.30488883982063375,-0.30874506156520337,0.2618766562784161,0.03554591836716415,0.23383108491561908,-0.29773205595471663,0.1903005830833031,0.07509788128561212,0.23634055974380463,-0.30653923524986226,0.19324980500447808,0.21707740688405128,0.3294490294776175,0.16415404438774733,0.2653269268379231,0.07468501080298748,0.2142991087679407,-0.01514176762101056,0.187453606650069,-0.0955761428552396,0.18478836185032255,0.01781478948247957,0.25324640513745894,-0.1350844169857755,0.23989616374223055,-0.09213204819768879,0.2424939310946782,-0.031032706459869518,0.2476686507226102,0.007910930115896891,0.30052362082317746,-0.1452751126876553,0.2829001127485066,-0.10339586404872843,0.2814318492427074,-0.047941525435947124,0.2868076287898788,0.0038166502246283185,0.34252821739810335,-0.13855733251912172,0.3269365810670086,-0.1011884365736209,0.3230677215971398,-0.048941678447180496,0.3261401184517737,0.0035330162088640215,0.37755861950476044,-0.11757859415393596,0.3618937872986297,-0.09056188230961297,0.35713399678730773,-0.046634979066555456,0.35951103282910013,-0.4527869953113351,0.2659038018280501,-0.4210300499785513,0.21154168291307088,-0.3515476075465759,0.15083977190298584,-0.2921714568230795,0.11327244651500473,-0.2538083550311919,0.0782531381581578,-0.34838897680166525,0.16932401772065747,-0.19569803547159842,0.1610861650910258,-0.22281756464663596,0.17430568322818216,-0.2724792503302052,0.17944895150355966,-0.3423964076387613,0.20724451320568704,-0.1807448044130828,0.20155387702730634,-0.21294527100116253,0.21112046352594993,-0.26746087251660783,0.21603831137992766,-0.32798654158383284,0.24671127155085099,-0.17931748484988183,0.239404722062497,-0.2123399182409043,0.24729214944039407,-0.26587297950254674,0.25288877466677545,-0.3080740612545223,0.2843804993211087,-0.18375818709346897,0.2731405864980105,-0.21126908546283935,0.2792263660330305,-0.2600174238682257,0.28474442006230305
0.0009336813834970397,-0.31820373879668973,0.0770841974195379,-0.3745772795141076,0.10916754826663302,-0.37177726921357357,0.1446287166680749,-0.36891476842674253,-0.05805538485321757,-0.37898010186483033,-0.10585601198175941,-0.3789697633652591,-0.14313216141903462,-0.3784529532589165,0.20183875687302047,-0.33857494809622196,-0.19901967778438848,-0.35293363066179523,0.06749041443411438,-0.25262698063320493,-0.09347876029511583,-0.25555702628390115,0.4999999357843248,-0.000253408111711918,-0.4999999357843248,0.000253408111711918,0.7846165315351792,0.43608273654645285,-0.7444925849549076,0.41415937384463075,0.2279025737808917,0.3247460561975641,-0.4311952683102756,0.2590150246460335,0.057862284655671,0.31315682792268107,-0.304198977533104,0.22613779190408745,0.036505701474785705,0.239798740620822,-0.301002772954558,0.15106960190093405,0.07526944612813949,0.24349395011200467,-0.3077301494977569,0.15640817333506807,0.2125462260066974,0.34369537718940363,0.15946354457501077,0.28004468149603384,0.0663515712702377,0.2290666888326091,-0.027582657367098324,0.20451413081761277,-0.11101480839557198,0.20550455907653395,0.012056758199936304,0.2714402929195744,-0.14479849780547754,0.258196904713299,-0.09828949389003125,0.2598988514871538,-0.03788922246184751,0.26534172689473956,0.0031047662934495556,0.3188248528764841,-0.15483419421146122,0.3024966861425968,-0.1094632293543694,0.2995973113739618,-0.051465854970968034,0.3050475386034648,0.0011088615151201924,0.3608777337323072,-0.144147976438014,0.34841409813813534,-0.10481894560255035,0.3433521390036397,-0.050830956225078744,0.3459983354049977,0.003125787909244334,0.39590571900171573,-0.11788600495502805,0.3841409659785571,-0.09206468329821026,0.37863376212919503,-0.047952143583368696,0.38061301043599305,-0.4496307658734264,0.23964883237703957,-0.4247186578177871,0.17894977831124806,-0.36690806565997214,0.11871572698172578,-0.308839240757312,0.07756815407168763,-0.27357427410328805,0.039868700513080405,-0.3140507635189377,0.13499794482862998,-0.1982864484203553,0.11752748876434224,-0.22929436556761046,0.13213670763619098,-0.27872836075618485,0.14014973403717762,-0.29593415123144984,0.1682742436540244,-0.1861537596846794,0.15567620756542694,-0.220944648697255,0.16971026124446445,-0.26845418962675877,0.17655090179407673,-0.2802431806878009,0.20611786184554118,-0.17710435613778844,0.19611214708831398,-0.21313758818217018,0.2066407601794091,-0.2635346720419108,0.21191810472163813,-0.2699075529220349,0.2441219565248465,-0.18101966079762027,0.23521464991095084,-0.21584995098078388,0.24159695031290648,-0.26278972571169695,0.2446628897968553
0.0023006246758388253,-0.3169614151859211,0.07853739638616794,-0.37370961763930155,0.11077909297651987,-0.37089651620010594,0.14605194654485842,-0.3680141595818351,-0.05739618350701461,-0.3780913084182517,-0.10541476485706897,-0.37806043841355547,-0.142968645851074,-0.37740974033703606,0.2026633729100153,-0.3377170420513587,-0.19941300421328656,-0.35191169454788274,0.06884363682155982,-0.25123801900758563,-0.09306364129268803,-0.2539108758187042,0.49999054016514016,0.003075669906106713,-0.49999054016514016,-0.003075669906106713,0.7940646795096485,0.4423803477491637,-0.7514720506704425,0.41757890038059126,0.23759480653877288,0.34314704119203615,-0.4329089793981634,0.2288253550361289,0.059831445338167366,0.3390437585453281,-0.3084593881059831,0.1895092245605481,0.03823666306416941,0.2631715303736034,-0.30777088294506044,0.11242740092390768,0.07779952234133021,0.25926687944250665,-0.31131029662958204,0.11884396841691988,0.2128717481708899,0.35918048228290356,0.15892416041323243,0.29543218831515455,0.06919488429072575,0.24634494983623229,-0.02498961565562559,0.2232050486754886,-0.10741692167851284,0.22448678976935743,0.013408970410705406,0.2927854611709325,-0.14772898556403286,0.27890829568900016,-0.10170620204569092,0.2793120337279493,-0.04148518187297628,0.2839404533084795,0.005700256204263823,0.34206023203793484,-0.15605197817853192,0.3243875590122963,-0.11166449558312709,0.3179883342185517,-0.055365237804786555,0.32175216243159577,0.004435857809662552,0.3843093598136478,-0.14382664699283843,0.3711543443292172,-0.10632571904059708,0.3614343394797175,-0.05277019190438188,0.36235350254089893,0.006796199179979391,0.4176142794870971,-0.11834594390295271,0.40776593866301736,-0.09597282128582603,0.39791066075923054,-0.05254889906172763,0.397144344687594,-0.4746079967531089,0.2029574472805958,-0.45099348372240927,0.14330041168806268,-0.3842681419983885,0.0761895995683213,-0.33152170959200317,0.030255957524214706,-0.29889882047175,-0.009921180161003573,-0.37445633646076576,0.07456424179296427,-0.2269601477299013,0.049675502838078395,-0.2506559402111683,0.0735856510822926,-0.29774599344243674,0.08543325827793832,-0.36030793116228854,0.10430824283480018,-0.20466506725947872,0.08680055668819386,-0.24052468215303685,0.10883815588349054,-0.3013541998340531,0.11512742796387875,-0.3376402138936033,0.14149260871641076,-0.19105937283008145,0.1237839784942908,-0.23319195766671627,0.14375571535283405,-0.2926179885050053,0.15112289400169954,-0.31144244799800097,0.18075971716206185,-0.19872322725441757,0.16320439640146728,-0.24064099385612472,0.1768705590423108,-0.29560960412866183,0.18220933558484081
0.0032426497019582643,-0.316441323830402,0.07929006211890997,-0.3734340983027136,0.11163807188717143,-0.3706162202116408,0.14686863045506474,-0.3677184616044305,-0.05698296356589647,-0.37778143284593735,-0.10513570498925458,-0.3777342940529841,-0.14288969835036489,-0.3769706688282216,0.20304692553681697,-0.33747764876550074,-0.19987016565013205,-0.35154021887315,0.06953569903422516,-0.25065414573187245,-0.09288983609672752,-0.2531302095213334,0.49997534340340033,0.00496547970007874,-0.49997534340340033,-0.00496547970007874,0.7997822463805678,0.44632088948376986,-0.7564176917094076,0.4196168793811508,0.24319710217125076,0.35492620069309055,-0.43396617177746527,0.22314378361678938,0.061177619506328225,0.35337619358489847,-0.31166492177644245,0.1830312251323971,0.03958468527709672,0.2763249338677648,-0.31233798478814206,0.10574670966392581,0.07962676778286182,0.2690212074896426,-0.31377745955423686,0.1123139794812044,0.21348480111932402,0.36173415700739403,0.15701647474496774,0.2974844466337093,0.06841574633268052,0.24835351720387044,-0.022527756868303314,0.22528836648535988,-0.1033020523855334,0.22432155680821264,0.015382746573843904,0.2973379216171896,-0.14339371189768038,0.2834124719885497,-0.10072253868345822,0.28044644340533803,-0.045627855312624074,0.28448249936750836,0.007467493046744319,0.3461161228376886,-0.15679215910953498,0.32616642835394344,-0.11281317465436334,0.3180492675338741,-0.055861617599535486,0.3229698144436255,0.005502989655687376,0.38795400758633064,-0.14270509076219817,0.37191869060412763,-0.10594832669339214,0.36039755162690656,-0.053048615935319905,0.36210848082138736,0.0068219470151676875,0.41998609455748415,-0.1205398730096499,0.40800192723962864,-0.10007037464400391,0.3959374149840301,-0.05799331276855472,0.39506569563059896,-0.48764076998423217,0.20015839730901497,-0.4622533951330661,0.13782953469547485,-0.4023398731840743,0.06769885353196652,-0.35057091292987347,0.0192435414326572,-0.3218376126222371,-0.02384770112369521,-0.40031395003569653,0.06957581345039597,-0.24082959693206385,0.041073795102274074,-0.25619440522139725,0.06814411774619249,-0.30582505229870116,0.08297565392706695,-0.3871214738058594,0.10173224930640898,-0.21745339984330259,0.078193852971944,-0.24510076633199362,0.10160743599994407,-0.3032554075557418,0.11229110671713595,-0.3659842532769765,0.1394422387204028,-0.2071822516171524,0.11610725904912529,-0.2362916173198026,0.1362679170471465,-0.29021862866913206,0.14703007501565957,-0.34272056232213566,0.17829249928117974,-0.2145803716865825,0.1534374676952617,-0.24135799261366553,0.16933868293889076,-0.2897477051612049,0.1804057336913823
0.001130875473514745,-0.3185917705562257,0.0778452817326651,-0.37619526705495776,0.11052904351163359,-0.37335631736009983,0.14569839672764312,-0.37042762029896364,-0.05977110069878345,-0.3804891799348907,-0.10841030176655592,-0.3804105776663856,-0.14655035146478343,-0.37947603188890555,0.20234810749063425,-0.3401987129505461,-0.20415854063626207,-0.3540194554069341,0.06798761872757667,-0.25220933920002364,-0.09603337739746981,-0.254628763951338,0.4999635135528603,0.006040291042570017,-0.4999635135528603,-0.006040291042570017,0.8060963552837535,0.4521719851583469,-0.7695745737821816,0.42436484889761694,0.24537921267579607,0.36422989008574613,-0.44537916538245453,0.21775796491423977,0.060380209621288615,0.36490211545669266,-0.3260645586130964,0.1766912125407934,0.038643397508706795,0.286552547378999,-0.3343255397161634,0.0985484740144049,0.07906314762721944,0.27695110430587344,-0.335546103897547,0.10463264154715538,0.21174706173474517,0.3673010097647408,0.15569472821239277,0.30306770520965043,0.0674100680292922,0.2532427830556377,-0.024149256513185637,0.2298648259667606,-0.10440956361646517,0.22903645191017183,0.016562377850163845,0.3038509122910535,-0.14515029255084338,0.2891098193922439,-0.0993579014047794,0.28723744296636133,-0.04259204699131059,0.2922998983253642,0.009320879901289823,0.3533686990138031,-0.15770178434610202,0.3335698434287372,-0.11115821361013037,0.3263198986689193,-0.0531117288041218,0.33175049420489083,0.007305611590274076,0.3955614582127896,-0.14399354871881317,0.38034030489200565,-0.10552876606652281,0.36952815225026425,-0.05128334618523832,0.37141390279347464,0.008244850040500648,0.4283759109277502,-0.12137686046624892,0.4177824368359991,-0.09953575370187451,0.4066185683719021,-0.05613017323153618,0.4060606095823346,-0.5072485360414587,0.18626074543924223,-0.47535900912484774,0.12249354060470528,-0.4084193228799901,0.05138394535724298,-0.35954173403669176,0.0019922742145575393,-0.34385096149079447,-0.04246997884149036,-0.41806710609648806,0.04307075826987036,-0.25723923914184715,0.0282313538770201,-0.2790076094786497,0.052599347598605364,-0.33176345771335325,0.0643642301247197,-0.40414265557240087,0.07985896626662888,-0.23500160153038735,0.06429923660717966,-0.2679731414655394,0.08524017142194272,-0.32406641855760565,0.09401734652713274,-0.38289880873184656,0.12119202781844328,-0.22450514844767167,0.10325452087830557,-0.25850203737794997,0.12113172697364982,-0.3102246763906768,0.1300366600943653,-0.3599543372879342,0.16293522896830814,-0.23284344133423845,0.1404582650467731,-0.25834518479139573,0.15419618182918404,-0.30213462589240375,0.16462306603843177
0.0010352382049259833,-0.319469985377001,0.07802492178331735,-0.3775517750037316,0.11106547706295836,-0.37475250885449946,0.14569568945608607,-0.37179104002863106,-0.06034246728158206,-0.3817711710698204,-0.10914727978652526,-0.381726396987923,-0.14753839692161563,-0.38069623869202496,0.20285695231198664,-0.34153049449888373,-0.20556052715162274,-0.3553806892574268,0.068192935065873,-0.2528502863233384,-0.09664113444683914,-0.2552936044283571,0.49994917052769733,0.007129297908452674,-0.49994917052769733,-0.007129297908452674,0.8116927914793342,0.4564683980275809,-0.779306126815266,0.42799042801696263,0.2478975522272281,0.3708249122139689,-0.44945700126354404,0.20177168291000644,0.06171581478041403,0.37283442971548564,-0.33825413038199287,0.15811045550197894,0.04038882089468163,0.2938486963013725,-0.3500135290945722,0.08472703478374626,0.08071999072876715,0.2828862526190832,-0.3490979640953509,0.0916111384785365,0.21226801540462772,0.36870056514093696,0.15907191688858058,0.3030005658961695,0.07325713181704978,0.2528036220427329,-0.01846452421719918,0.23069195941831303,-0.09972948286098669,0.22903201054036995,0.022291349639105763,0.3027805940215179,-0.14430450320694668,0.2891688005750302,-0.0983271916944374,0.2866295548855769,-0.04072326792859074,0.2909255039993426,0.014821520619652386,0.3539683564102408,-0.16168216316700573,0.33435092911853836,-0.11475148268111374,0.3259780576663046,-0.054840807666906376,0.3307000103139015,0.01172265797519119,0.3974464708184241,-0.1481374717746545,0.3810130832504652,-0.10838293068394954,0.3688402035704956,-0.053740830156229,0.3696333782033694,0.012461134982950213,0.4303538852265654,-0.11993511636315668,0.41840026859673196,-0.09818660816552471,0.4060220660820983,-0.05523373272334638,0.4048870017579024,-0.5216057678131494,0.18602892669500853,-0.4999302685406166,0.12394712218974448,-0.4345609359323422,0.05107476394720616,-0.38117995235516194,-0.0008751029331266942,-0.35062193680373216,-0.04558066512736276,-0.4339646963773654,0.039271418114664246,-0.27416966034552886,0.020742745278809944,-0.2952072175540881,0.046142290418497996,-0.346069865765023,0.06000477146864346,-0.4198915763086894,0.0749970006591184,-0.2485855845569655,0.056287577571804935,-0.27984864422650535,0.07932614638769454,-0.3328831307530125,0.08932529755338382,-0.3996435314730071,0.11578488975604129,-0.24043729233873432,0.09899756247999629,-0.27485863777462033,0.11771868117181596,-0.3254664635722236,0.12538320065820052,-0.3776129111181957,0.15774564715132147,-0.24032647943947372,0.13843088792774863,-0.26596832442605245,0.15023683278351416,-0.31369938592739277,0.1574123814916049
0.0008851899993542064,-0.32033752362173445,0.0782375246217468,-0.3787256388641043,0.11156432863256788,-0.3759237044743019,0.14590203220547832,-0.37289076837620616,-0.06064756360601585,-0.3830103288234298,-0.10953113374066244,-0.3830199440024492,-0.14809607361060959,-0.3819648858404189,0.20338774509099014,-0.3427503872100498,-0.20639290400525204,-0.3566578533672631,0.06836546600483742,-0.25353980662071507,-0.09697608405959807,-0.25606218858347185,0.49994194534935965,0.0076191390785235,-0.49994194534935965,-0.0076191390785235,0.8150805060635286,0.4591617157157075,-0.7846057303381418,0.42988408913119347,0.2511970267055676,0.37657587476482784,-0.46566490049841114,0.19899705075062357,0.0640294950907418,0.37779284779330835,-0.356731688445659,0.15998945652804242,0.04116543032399738,0.2994870672711152,-0.36747777870602355,0.08534266709343058,0.08191337194909054,0.28809984637020997,-0.36836866658924106,0.08985456017180715,0.22104358788889106,0.36985189698241944,0.16576651723591035,0.30439223304197677,0.07697354405139362,0.2544803135759093,-0.014965373261175292,0.23010251099613485,-0.09705751631647845,0.2286432591975481,0.028492624376423775,0.3026396589303413,-0.14004270829933327,0.2876295335396559,-0.0962385642170357,0.28683657803533974,-0.03895524491458663,0.2923549785569943,0.019880747740625336,0.35316208291118395,-0.1572996992267997,0.3333681091935609,-0.11341744665320869,0.32626545954606734,-0.05416479624048924,0.33157778660133075,0.015431887502487085,0.3966647139723793,-0.14541925525397323,0.3803860971866156,-0.10805597534962386,0.36887613437082073,-0.05317134644773138,0.37027069144637564,0.014401757582358909,0.4296108281175803,-0.11836427819982097,0.41867279039456917,-0.09881270195821792,0.4065087579936272,-0.05629687315860656,0.4053110153231855,-0.5356844147064136,0.19084587176635975,-0.5056312823869148,0.12648815482390624,-0.43758287987789,0.05256547146359515,-0.38615401753911943,0.0010319105088354723,-0.3593734885577185,-0.04354085436544528,-0.44412013325785993,0.04211567116412483,-0.28080394349501775,0.02615340563869091,-0.29817275539330246,0.05306071253605133,-0.34670020778648963,0.06538321733194272,-0.43022524992751154,0.0790057892959885,-0.2569155653979224,0.06221531260983387,-0.2857612211620462,0.08592123971738826,-0.33785839779562227,0.09614063183813436,-0.411049496609062,0.12009774065933143,-0.2509892913563829,0.1038553291772828,-0.282274709767245,0.12194860326760966,-0.3320181855416022,0.12933697804966748,-0.3895916220974268,0.16238233033882182,-0.25101576277516474,0.14254574119813745,-0.2729678100060317,0.15392655197969643,-0.31910927353144103,0.16077956309042696
0.0001806153404136211,-0.3202561633389217,0.07756108165706667,-0.37874900054933003,0.11107034354861406,-0.37596933284001316,0.14507766592433236,-0.37290696285874453,-0.061449074857257376,-0.38297870722677657,-0.11034788218695958,-0.3829931041017371,-0.14899635250965687,-0.38186836311825223,0.202728702388083,-0.3428333188554997,-0.20735414465328691,-0.35671202529986523,0.06783307755152143,-0.2533996936359609,-0.09775620877108823,-0.255920455560864,0.499929936231882,0.008370117035406596,-0.499929936231882,-0.008370117035406596,0.8160491397035367,0.460994896708008,-0.7879485814645073,0.4296972803682448,0.2527294060732335,0.37936390178731266,-0.46745320393460954,0.2063877098031488,0.06518595627779136,0.38062535359170346,-0.35914408581747037,0.16751543351515638,0.041412789297552134,0.3025961950247638,-0.3703929234415709,0.09160606605810413,0.08222602609158369,0.2911191490851736,-0.37128802832031377,0.0967551500315823,0.22059700895063633,0.36819192681796,0.16537963926739965,0.30207624177205794,0.07701304854906592,0.2514208967147363,-0.013629795184717746,0.22745949951807126,-0.09529803160841009,0.22520264063996484,0.02851223747343721,0.299543105673635,-0.13913830059971632,0.28606049176433995,-0.09310232970327639,0.2861535360306136,-0.03540929243902112,0.2913521166981709,0.021098441780965052,0.3501399113716131,-0.15865951118666097,0.33124906973955076,-0.11264293442756454,0.3250534162441502,-0.05260344450962216,0.3301339663335188,0.01723401118722724,0.39397327938153326,-0.14561177808712336,0.37801868634678804,-0.10686847876158703,0.36748112573519914,-0.052030901019457246,0.36883490791123746,0.01721568789182296,0.42783115981551273,-0.11937162924381692,0.41603071961028076,-0.09867927452268828,0.40446253312341995,-0.05465565359490157,0.40350995972727277,-0.5525574151939175,0.2024098889462923,-0.5187247590367283,0.13830512607979117,-0.44400509697413976,0.06473852282085762,-0.38820066794333996,0.01242456258213555,-0.3599769628813013,-0.03237065945407167,-0.44438358010843204,0.05569205011840147,-0.2854582621559713,0.04443809624948029,-0.31398025618929915,0.06765704303495888,-0.365443016068786,0.0762217558472077,-0.4315741688315878,0.09388362788036865,-0.26234866023072995,0.07888065638226908,-0.30125532244321485,0.09891860769610199,-0.35349753627200975,0.10709876926973629,-0.4131048819762616,0.13527392949719735,-0.25808659033023174,0.12031807504442307,-0.2971620886217989,0.1366659050357342,-0.3464662691167114,0.1426588124573108,-0.39361579664749324,0.1778692852429517,-0.2610797125327647,0.15983892460026441,-0.2916127477279311,0.1710122083764317,-0.33730140888875354,0.17630597499414105
-0.001294755614918532,-0.320872116807889,0.07602825252621895,-0.3794573477209339,0.10982862184372037,-0.3767715574972024,0.14365762431925733,-0.37375314542095833,-0.06308892840996884,-0.38344320262430304,-0.11199853800351196,-0.38344105513745036,-0.15072571938032467,-0.3822099486467483,0.20176122165317978,-0.3437906930236425,-0.20895291651310047,-0.35748211475762554,0.06660496091190517,-0.25393173038008027,-0.09931941771090962,-0.25634598282177495,0.49993046536918284,0.008338452839243128,-0.49993046536918284,-0.008338452839243128,0.8167029104705116,0.462272553487759,-0.793082106053937,0.42947517983527667,0.2601287212603296,0.3805372949981735,-0.49217111815120806,0.2112178589661224,0.07003580976868584,0.38141776460776566,-0.37116094983255543,0.17895676050268033,0.045630218212287826,0.30334898200462806,-0.3846067229315588,0.10325677520285607,0.08467856817839892,0.292163916037354,-0.3869540453663454,0.10799496633360839,0.22094543753697615,0.36690671872501596,0.16661903096723896,0.30051692406526515,0.07737699357451694,0.24885363980248135,-0.013052484742902975,0.2241565865582468,-0.0953668488537568,0.22062110736981133,0.030824370106597457,0.2967456985423373,-0.14025815263149058,0.28252694948120016,-0.09412965781697218,0.28221437083931245,-0.03547940577422162,0.2873604651672457,0.022936650896763423,0.3476890974901782,-0.1615162442908344,0.32825290981566924,-0.11465032635207628,0.3219147216748573,-0.053129480911440014,0.3270119010244799,0.01799170450402965,0.3918192364834678,-0.1491594856357819,0.37590802917278127,-0.10800242288518014,0.3654929565470123,-0.05172908087385294,0.3666177624385075,0.017059933819623868,0.42597883262948977,-0.12121471644136883,0.4141748132293479,-0.09791114355486277,0.403505859935664,-0.05209773278356022,0.40288165709048973,-0.5541505713397132,0.22083514022612682,-0.5201682621638611,0.15634551351650805,-0.4440788659147538,0.08339252181571619,-0.3861996809569347,0.031033809727144746,-0.3573943660587292,-0.01425513703280726,-0.4451712208938088,0.07871935181466952,-0.2882856144338558,0.06672599565701781,-0.3161355362922762,0.08806688486501432,-0.36806833015506935,0.09721458233323625,-0.4308812468520583,0.1168885445242651,-0.2682703211380785,0.10245898383709148,-0.3047712744776298,0.12019221443743801,-0.35708954223047606,0.12847829245844117,-0.4103290818431151,0.15803904550948372,-0.2624835598991006,0.14341298977529138,-0.30023804903648177,0.15803856829018312,-0.349848335868119,0.16423156245879,-0.3893815406436315,0.19998960465214474,-0.26909567191845235,0.18207515002239844,-0.30274965421549715,0.19412314778996792,-0.34777350565397036,0.2009148135711674
-0.0018971579022469792,-0.32099792369148167,0.07552394968194251,-0.37968684201586267,0.1092707460049376,-0.3770176342285025,0.14306730580302227,-0.37400044012612726,-0.06382010542309866,-0.3835946471844099,-0.11275347323998561,-0.3835781786962507,-0.15148711871656437,-0.38232156144758517,0.20111419176293785,-0.34405440379864494,-0.20963305427917628,-0.357696636848569,0.06631388801050266,-0.2539808431702704,-0.09982571003505306,-0.25623905477487613,0.4999330000207785,0.008185077288838861,-0.4999330000207785,-0.008185077288838861,0.8167824160754739,0.46218823952340843,-0.7942881319662654,0.4290576988008035,0.2639839580160699,0.37977133252033135,-0.5193930248550991,0.22651080823645503,0.07302050080801031,0.37958278026459613,-0.38415129401787623,0.18517514163073062,0.05039864558400377,0.3002235225630679,-0.39747251088556756,0.10353201489739214,0.08891020514417546,0.2908906632516587,-0.4039797117721047,0.11056859414243639,0.2202947296460357,0.3626550838269217,0.1662360819055316,0.296056995058803,0.07718869902846526,0.24421204627012666,-0.013027349823547122,0.21878995137471105,-0.09414420095701712,0.21432281429310632,0.025172382493437187,0.2909577305730025,-0.1421741886625652,0.2773824455075515,-0.09653010301329161,0.27767362747210456,-0.03783211508673604,0.2825091574736172,0.0166022051227898,0.3417114630158291,-0.1606278456661168,0.3226655371229017,-0.11512242946061808,0.31746149486461034,-0.05511758346282448,0.3230708051358616,0.011357349654712762,0.38626063287626067,-0.1500662939337902,0.37023106572761344,-0.11071949561545989,0.3610972603165627,-0.055356853888615026,0.3632357770398378,0.01015204726045615,0.421299370161654,-0.12515543819253255,0.40939074383265717,-0.10294768190991911,0.39930105008715144,-0.058212585204908164,0.3995819690808227,-0.5548241417714147,0.23850511843862768,-0.5160814266926613,0.17613048086210656,-0.44130768824849054,0.10585454907531512,-0.38501314489820504,0.05598927963498759,-0.34809998338443665,0.012961893549958036,-0.4405349820105884,0.11011905215043988,-0.2819970232929289,0.09175692652672934,-0.3068886657980009,0.11398270267682127,-0.3607000475423763,0.12550121677543935,-0.4319204113240337,0.14574015336493934,-0.2628090865238465,0.1308463152149199,-0.2971461230094152,0.14979116277834875,-0.35411969315408875,0.1586181530947823,-0.4160192506482796,0.18634010816268437,-0.2590833894200157,0.1715881615519492,-0.29629978592227973,0.18730769151046978,-0.3512192105112762,0.19413960802223185,-0.3992884600472906,0.22846005668277064,-0.27187952405654575,0.21101622827923877,-0.3075285500987933,0.2243191866057102,-0.35835818079139686,0.23097448454880892
-0.003377825102756704,-0.32024142557100893,0.07395258616688413,-0.3789784942895493,0.10763615185343035,-0.37638185302547883,0.14132698270450772,-0.3734027782645306,-0.06520258874703903,-0.3827748405097238,-0.11399186070655642,-0.3827958022959121,-0.1526419405070251,-0.38156822769226223,0.1993322945233853,-0.34357320371017663,-0.2105548299049817,-0.35716966137759326,0.06479240470367335,-0.25340477030974884,-0.10103092628402927,-0.2556763847868434,0.49993598036667536,0.008000970866788543,-0.49993598036667536,-0.008000970866788543,0.8140059464211107,0.4611011748254227,-0.7931287219839532,0.4288362218393784,0.26548149847851676,0.3778252387460215,-0.5189694013266714,0.25152023427078973,0.07622956019158364,0.3765341832785174,-0.384383300296499,0.21010057847019753,0.05442120368385914,0.2962110006262712,-0.3968323383722242,0.1292462050997716,0.09067306458269848,0.2887783800077234,-0.40318161576822437,0.13852786964202798,0.21974597764324333,0.3574784904206964,0.16615574204026756,0.2910110484388886,0.07634068147859298,0.23801107767880492,-0.016556118955929153,0.21178240450863156,-0.09973522587526759,0.2084276850111051,0.025593149925283915,0.2844088003959347,-0.141258737798338,0.27021338350840024,-0.09295813747933437,0.27059105296296254,-0.03473868195837449,0.27620369031592645,0.014759241295575484,0.3352668577309637,-0.16116814703909896,0.3146669005565691,-0.11539272734943307,0.30938500684135967,-0.05583874447484007,0.316002738021839,0.00830336845276574,0.3796634444734622,-0.1523706282971566,0.362664626885364,-0.11268294008036919,0.35312701416970665,-0.057257357175342,0.3555957408976056,0.006285677431088037,0.41439259834720565,-0.1284194055559143,0.4014143942712848,-0.105590472083149,0.3910976224349253,-0.06090470797209886,0.3916130918134638,-0.5537060585670618,0.26227446429277124,-0.5106754418574787,0.20121635415811284,-0.4322042806553883,0.13349060949972016,-0.37390526562775933,0.08534174392846562,-0.33629886839756173,0.043945670137335184,-0.4256053674420553,0.14298856156310083,-0.26878047868095173,0.12649306504563657,-0.2927888699299802,0.1465054967014705,-0.34382819907511447,0.15658382821993855,-0.4190900631713595,0.17898959563402841,-0.25070748865176323,0.16578176471849979,-0.28402207926097295,0.1821219534564783,-0.3402245583666024,0.18981826381718978,-0.40731978202453695,0.2193498475247084,-0.25079729084941066,0.20596812906466355,-0.2868446552318566,0.21947740475770627,-0.3419882068318054,0.22600223711303305,-0.3958979905730942,0.26065195058116536,-0.2645191619307831,0.24534222419603233,-0.29861874761253154,0.2559381689120809,-0.3525296032633413,0.26193764650106444
-0.004268264368030861,-0.31998874972134483,0.07318075122252837,-0.378722221739466,0.1067321708737044,-0.37614180057976787,0.1403054665612509,-0.3731691563549277,-0.06597984962008481,-0.3825329321619984,-0.1146920758250013,-0.38258393661636214,-0.15327379492636287,-0.3813469894294151,0.19857728287705412,-0.34340038873180895,-0.21095590939217979,-0.35703843292776216,0.06399008144238912,-0.2531930071686933,-0.10173004870949603,-0.25554610777654185,0.4999436999635394,0.007503123800561542,-0.4999436999635394,-0.007503123800561542,0.8116184858405915,0.4597350101028759,-0.7906214143445169,0.42761052625886425,0.2637031942839279,0.3751596378816355,-0.5177901466562598,0.2733345354162797,0.07582739494884792,0.37057327929996786,-0.3826479596901963,0.2431666490209021,0.053596943010886654,0.28793036955245266,-0.3935525693633603,0.16150590197151937,0.08975969561228427,0.28333402408461594,-0.4008583332705796,0.1668110785743598,0.21331436011761895,0.3527129223015119,0.1626606356848242,0.28589970269806436,0.07573311398775133,0.2323425288946012,-0.01653168501770558,0.20727853578915537,-0.10011645324417064,0.20344535487274243,0.020902968872231024,0.27837624845065856,-0.14685222711961693,0.26442005059531754,-0.10111371516305875,0.2634582183440294,-0.042526360800912044,0.2676860001556247,0.009335657966844565,0.32928891857483844,-0.16446849986443943,0.30848599690155165,-0.12058148526873542,0.30274805523138254,-0.06139765224098766,0.3088588406518656,0.0031362983773615995,0.3735581693495154,-0.15578823130244354,0.3564613335769893,-0.11767851146407506,0.34679022323721403,-0.06288106151160842,0.3487262524559997,0.0019713994406346355,0.40822502907258085,-0.13049228087656964,0.3944022274824988,-0.10959531602519029,0.384219408118058,-0.06649892991787516,0.38466406233558803,-0.5410544790957292,0.2829476267030725,-0.4944667251402896,0.22318847769708205,-0.4131335241789537,0.15762968233137759,-0.3526569838498146,0.11225105495141387,-0.3174000656022568,0.07265911475744473,-0.41441981133923633,0.1723409601160055,-0.25296527049658674,0.15795508837238817,-0.27875711737735837,0.17677834764565037,-0.3314337807169106,0.18638810997038677,-0.41251302942994594,0.209721280589522,-0.23806293406822332,0.19793449597141885,-0.27191942931356566,0.21269903714894878,-0.3301685373524843,0.2205319659760954,-0.40378104306457424,0.2507317152940126,-0.2403093889987659,0.23920435193330264,-0.2775993519307522,0.250966407118987,-0.3343530426573468,0.2572409061377424,-0.3933560417105322,0.2918523624208696,-0.25919982197066566,0.278691548713998,-0.2944769517735657,0.28790659125205004,-0.34825633379429183,0.29371491669141103
-0.003868363474976694,-0.3200539062079593,0.07389917139360823,-0.37857507159735754,0.10707560466771879,-0.3760132548137241,0.14093923910650485,-0.37305448846883055,-0.06551645403295264,-0.3823562766961148,-0.11414384108267421,-0.38241193489832015,-0.1526188167850246,-0.3811749017488802,0.1993005351916963,-0.343405719419176,-0.2100775026208353,-0.35701722882275455,0.0647585551093057,-0.25352245972585385,-0.10115487459184755,-0.25587763063108676,0.49996306454046807,0.006077342783140465,-0.49996306454046807,-0.006077342783140465,0.8067996279959987,0.4565760156500844,-0.7833931039562312,0.4254003171126949,0.2516249295066263,0.36814247449165066,-0.5146992248937146,0.2971891614768926,0.07210496411358092,0.36381155582983565,-0.37764066511969563,0.2714127822402466,0.047501078196158134,0.27917295668815034,-0.38292890485944214,0.1933978644261151,0.08426793919933924,0.2767545485914757,-0.3936601615097487,0.19741413661290977,0.21159578732397238,0.34550592838962574,0.1599191597453469,0.2801087250154407,0.07111116914994887,0.22698332627558138,-0.020373744128111503,0.20030504731979554,-0.10271425162725112,0.19660211896924615,0.018980749590789797,0.2712972026543905,-0.14830945087385086,0.2585643823154151,-0.10488989522494511,0.25717091409126613,-0.046573836231758835,0.2605233141896288,0.00886185158644863,0.32248593280091825,-0.16693079058444246,0.30238976915359245,-0.1238980002300103,0.29624297203940214,-0.06501730653870703,0.3024762169995709,0.004861092643247362,0.3673357858247939,-0.15684090589827215,0.35083301044920917,-0.11859507619861813,0.34075816531980496,-0.06294859774227136,0.34297596704512684,0.005107528215139436,0.4028142186577752,-0.12965590045900424,0.38920472242321263,-0.10955144729220105,0.37843355765770786,-0.06657620988728334,0.37890771817181446,-0.5309733279534302,0.29898064505766303,-0.48165281865369214,0.24347070682927957,-0.39595588471815796,0.17979582875908215,-0.335546840478638,0.1361486665896687,-0.29881065069752316,0.09701017406400678,-0.4023081434936807,0.19725485941723708,-0.2386073049627492,0.1889186817873617,-0.2682418634075854,0.20551915507107282,-0.3229394287271848,0.21326500049245134,-0.4010028994411125,0.23724290926762448,-0.22469180703776417,0.22951826133176673,-0.26264063509671404,0.24157560425504176,-0.3220247394637084,0.24817311438538833,-0.3938246492605214,0.27967648578554827,-0.22739063773618817,0.27124509710338973,-0.267198331327089,0.279998119141271,-0.3242023962304183,0.2853545697841457,-0.38472109897045353,0.3206269488472605,-0.2509307414612484,0.30915330651690043,-0.2846584277806053,0.31611010810573836,-0.3359818034077872,0.32166219140827945
-0.000959159989944418,-0.31920935129871747,0.07689729054172977,-0.3774213904330977,0.10957372606461402,-0.3748936164748204,0.14394770757019268,-0.371969273544516,-0.06263988242211158,-0.38117289993955716,-0.11120686491319358,-0.38125073013270144,-0.14955725103704046,-0.3800269945845192,0.20181027618528058,-0.34248528889412905,-0.20674442783991118,-0.35606542126342067,0.06786333632266575,-0.25306970060001394,-0.09797961770101753,-0.25542862660523696,0.4999797478052376,0.004500198285745235,-0.4999797478052376,-0.004500198285745235,0.803255398178439,0.45296095032861466,-0.7764703903620204,0.4232159225039451,0.2424112618730604,0.3596784613188398,-0.5108205164173407,0.3185040519690137,0.0660000037863448,0.3570103339714128,-0.37321402677723114,0.30368593676958755,0.034176756734751644,0.2723807726980773,-0.37287797931696826,0.22575377547514217,0.07477267933886246,0.2706110483365668,-0.3873886593661679,0.22706275922277439,0.20727228374893658,0.34070932398763115,0.15833510741935897,0.27551211332815123,0.07093368445644806,0.22204076895379338,-0.021140376002283415,0.19572745214151388,-0.1050958406708519,0.190969801938507,0.013029433710689844,0.2652983428680802,-0.1529377424820815,0.25060927742914746,-0.10565407508189124,0.24969874659165173,-0.04510300903856852,0.2538890959314678,0.0009975452289232886,0.31496742915315673,-0.16865791079751108,0.2937594668711989,-0.12106869218520373,0.2883393769304769,-0.060488542847317264,0.29455001440035267,-0.0033980356186847486,0.35941777138295267,-0.15853150796726312,0.34239497761101007,-0.11628384262574248,0.33326376508704864,-0.059173083062434004,0.3357997812745545,-0.002739010518792911,0.39519022369635964,-0.13290300265774777,0.38060972019098066,-0.10988787274435521,0.370535125658741,-0.06587354444075183,0.3715743530183346,-0.5121566995214273,0.31155467526799235,-0.46264032996934334,0.2578456014534556,-0.3795245129669047,0.1973731898262,-0.3215430207586614,0.15812746211586437,-0.27820879411254873,0.1212552609310995,-0.3835978226516748,0.2178835062770235,-0.21749182376946763,0.21185184292753997,-0.2502911862539897,0.22990679929116595,-0.3070284550871112,0.23548843692476834,-0.3846407001413554,0.25957317269976843,-0.2085208637309364,0.25500886164523795,-0.250097376120986,0.2657097478527188,-0.3137724825342087,0.27072973643745857,-0.381631815488392,0.3029542623063523,-0.21127553448526365,0.29675210255796874,-0.25460587550902575,0.3036821688933688,-0.3163261606414901,0.3084263960373463,-0.3756454843996657,0.3447569650156608,-0.24236757805814887,0.3363859215188392,-0.27438074962039516,0.3376632315570073,-0.32780652624173207,0.33981633732377914
0.0009209220663881833,-0.3176058711288935,0.07870517587218388,-0.375554645857804,0.11126150673747057,-0.3730372399442844,0.1456474840922702,-0.3701376021135005,-0.06059624974222949,-0.3793366189796524,-0.10897069550457526,-0.3794432310731759,-0.14719928234244622,-0.37822428774205363,0.20341693000820218,-0.34074069542350227,-0.204181159272668,-0.3543390738166817,0.06979632217366376,-0.2516054789958122,-0.09577483933908865,-0.2541478666210155,0.49998644062392056,0.0036822808451761847,-0.49998644062392056,-0.0036822808451761847,0.8014812188473701,0.4516864708565005,-0.772647514878054,0.4241676493739747,0.23355003484016665,0.3530345124126527,-0.5064708954388046,0.33126476859826454,0.05946960973080248,0.3533291324114769,-0.36579172256078174,0.322964741497633,0.023960980055642723,0.2700250931738896,-0.3541898872567676,0.24577477094583483,0.06900429635676114,0.26799817326159714,-0.37172270931258816,0.243941136765255,0.20754372112230493,0.3408950425247971,0.15497915032891174,0.27510658444341773,0.06826974020523424,0.22147788656032255,-0.025170423299223334,0.19509016192041623,-0.11040075189217984,0.19040497677191792,0.011865609339585597,0.26712275778738404,-0.14941901884632583,0.2542972877509924,-0.11158333686357465,0.25523967297812294,-0.05553082652200035,0.25947354532587474,0.00021123034151364212,0.31696983440372495,-0.1658252008907194,0.2973055914726532,-0.12557262626634041,0.2924736827498997,-0.06725217527298973,0.29825911877776473,-0.003988394777075466,0.35993204510805377,-0.1589547610375669,0.3436329442973093,-0.122402998293322,0.33457502132390643,-0.06647856320601361,0.33706990851140123,-0.003866887484566786,0.39384946876249416,-0.1347305933715096,0.3807686692127904,-0.11325242014512969,0.3706903664663899,-0.06908487117331853,0.3705111549384428,-0.4952057854598797,0.3218559288109756,-0.4428137409476451,0.26750440327949143,-0.35791603270367955,0.210568736651633,-0.30232738466120934,0.17304409457209902,-0.2585611850667772,0.13820832912196077,-0.3679218533006878,0.2322826527910848,-0.20148372083598157,0.23506547473061515,-0.23969037537298463,0.24487402190484386,-0.29993195518032395,0.24569712825506193,-0.36995897701071023,0.2782674160390827,-0.19755561056503493,0.28001097531556346,-0.24370375186174384,0.2830456082174646,-0.3064117185939529,0.2859573264064805,-0.36661518076609395,0.32223077177126297,-0.2034936344187241,0.3233025223880046,-0.24825288637384246,0.3212570714407542,-0.3101838397731654,0.3231254219906223,-0.35987117417676806,0.3619760886349276,-0.21569526537321063,0.36042980278122644,-0.24372204832663896,0.35480152869540926,-0.3010170762906428,0.3538313469158419
0.0005193719803606815,-0.31674207679743144,0.0786944210175225,-0.3745116636173494,0.11161278699682313,-0.3720146761916613,0.14581445871198398,-0.36913844249170286,-0.06141677518758091,-0.3782994457519163,-0.10901973008913073,-0.3784042913741768,-0.14787299017047337,-0.3771853440001952,0.203673562162515,-0.3398363143587617,-0.20339857643448805,-0.3533955680697619,0.07022743492876769,-0.25083408257995,-0.09554215299011472,-0.2535173582094759,0.49999139580255436,0.002933278611623608,-0.49999139580255436,-0.002933278611623608,0.7991782081999403,0.45118493953387384,-0.7724162461027477,0.42608283809713315,0.22203746012576472,0.34874866031171675,-0.510684245090683,0.3399299265214943,0.04548726151619186,0.35016875682036996,-0.3651118323269645,0.33346787892806445,0.010575073485890742,0.2687982566083316,-0.35203573439086777,0.2571507972907375,0.05962901690979551,0.26635310691775665,-0.37016080432394605,0.2550096530986366,0.2071479775823346,0.34331424023468377,0.1538782104097682,0.27863151221216836,0.06563634342275185,0.22543324132888898,-0.02764770867944798,0.19832491422958576,-0.11310391173394967,0.19351055771545272,0.009967998610569977,0.27031805007029497,-0.15120441301171897,0.26004376416478436,-0.11158095886149405,0.2623626544508737,-0.05359512794566382,0.2662675688040598,1.7025712096987534e-05,0.3200118326264769,-0.1631214753579829,0.30467511797559194,-0.12148512567860076,0.3015868527270442,-0.0633376967668534,0.3061626152414126,-0.0035698413182051352,0.3629543060063854,-0.15430508187182876,0.35046644349785955,-0.11678591212462877,0.34378815180851746,-0.06167912327363896,0.34588108573681103,-0.0032412626270137885,0.39718733779606163,-0.13080655678269715,0.3847486216729704,-0.10498130138884734,0.3769797482877938,-0.05907202454153668,0.37753533647361165,-0.48476467544288016,0.32418225447621324,-0.4339769177499646,0.268361789899591,-0.35335133632287075,0.212518624373506,-0.2956408421806777,0.17620904078401434,-0.24962730478712364,0.14264580401868965,-0.3654524635841076,0.2358020755187595,-0.19533412264548333,0.23649620970542157,-0.228370439949827,0.24661919495291568,-0.2865502820729205,0.24733591307383695,-0.36623646544699295,0.28216911584183246,-0.19384440209079778,0.2818960023570602,-0.23547466697960232,0.28529131549937076,-0.2978869490102425,0.2853900763310536,-0.3611958015294539,0.32598241636556075,-0.19655845271882202,0.32452768335669646,-0.23971354272333684,0.32388971646767395,-0.30336840919904856,0.32415463888820717,-0.3520130334414051,0.36491828918051483,-0.20639884625006716,0.36380383638318353,-0.22706993297906466,0.35936006701826806,-0.2822610897917172,0.3568280920467587
0.0001415677624632622,-0.3161447388824472,0.07827681897744014,-0.37367575344753606,0.11172322406129974,-0.3712162324037184,0.14553971271875454,-0.36839246322581354,-0.06203504019491757,-0.37744381344662004,-0.10889431969662783,-0.37754429971494724,-0.1480766116904478,-0.3763297113357591,0.20370037120675297,-0.3392479441472267,-0.20248694991546645,-0.35263817705978645,0.07047413610254825,-0.2504116639625412,-0.09527206970923133,-0.2532015875912999,0.499995279058902,0.0021727675463961687,-0.499995279058902,-0.0021727675463961687,0.7974768818893911,0.45067239370571854,-0.7736853281802519,0.42782921562541404,0.2159237496352998,0.34576519640730374,-0.5086533206568716,0.34461608165939506,0.04016673063881389,0.3480561899581313,-0.36240436862031883,0.3359392499462098,0.005464538972839953,0.2679939599088338,-0.3472625701850479,0.2605598433932651,0.055272232640345274,0.26520450311523575,-0.366762975097609,0.2589878926986091,0.20965181925213763,0.34645471193956506,0.1556396914191426,0.28244857698764664,0.06639236287551599,0.23063605972278442,-0.025345998085271264,0.203763393953439,-0.11167187219362963,0.19959187166677422,0.013041740465144022,0.27537532405125054,-0.14912640725793094,0.2646534042081034,-0.10955734233352296,0.26763566392304466,-0.05152307946526709,0.27161379974441546,0.00444555452595888,0.3248540156392967,-0.1619465177305624,0.309046510264957,-0.12024996827034008,0.3057361821408779,-0.06143445676075768,0.3097612348958927,0.0009383386728809795,0.36760211129885456,-0.15569582834720924,0.35499802879680803,-0.11750205980603876,0.347902134355121,-0.06067351544891887,0.3495885763729233,0.0007220772847157488,0.4013092438199301,-0.1318871184459166,0.3897949880003913,-0.10678224072111452,0.38142183255920065,-0.059341751444410805,0.38131656123047697,-0.48144476698944766,0.32442616121457263,-0.4299677874962935,0.26823578052204394,-0.3478692224762961,0.21251188486378206,-0.2916980987341437,0.1767685340807968,-0.25218738820481534,0.1427789662875357,-0.3618468507297277,0.23658937510881162,-0.19411986333136408,0.23983691390378503,-0.22752110211343202,0.2481251053457397,-0.28525589022613906,0.24610931112210782,-0.3633591632326123,0.2843280553443724,-0.19277257705776482,0.2847395705384742,-0.2342073487016598,0.2866524276091855,-0.2956135619351989,0.28527362996224326,-0.3602074423543597,0.3287371505054778,-0.19818261302560036,0.32775586299781817,-0.24015681269761174,0.3260481799802069,-0.30222593185925584,0.32528630499804684,-0.3536250665893737,0.3675227493215462,-0.21173063622245555,0.3652866089020935,-0.23395642480281723,0.3599011984889816,-0.28857345429520803,0.35679394365977973
-0.0009706898711480995,-0.3155924003279326,0.07725321975000496,-0.3729856034147837,0.11120209656192079,-0.3705615569839188,0.14478638244454622,-0.36776628222901114,-0.06344627420993416,-0.37671500414694065,-0.10970553871355282,-0.3767880154892163,-0.1494203319913719,-0.3755698788838804,0.2031383979593044,-0.3387342011367879,-0.20243995771852388,-0.35194797318793974,0.07015330338440492,-0.2500832936962868,-0.09598953712614118,-0.2528053242178748,0.4999969262670622,0.001753203778791481,-0.4999969262670622,-0.001753203778791481,0.7972758229091343,0.45005542146768474,-0.777298312714312,0.42822910572053297,0.21608853734871447,0.3453387582519244,-0.5090530109562488,0.3462179219428035,0.041158251968168365,0.348122272009113,-0.3616382201897789,0.33811820432556267,0.006200956935985916,0.26763768902442,-0.34640831037122566,0.26204504349520924,0.05525898956017134,0.26464655290155753,-0.365983734178683,0.2604830432634937,0.20533199870218924,0.3507227334057636,0.1524461688797816,0.28456700479061425,0.0679047403551499,0.2334939988542471,-0.021736885586278277,0.20738178922544018,-0.10524602455863934,0.2026993983414747,0.011680999645450971,0.28164492086228043,-0.14630296892269318,0.2694074280673313,-0.10773458180867605,0.27045916402177106,-0.05003931903783286,0.27481795280017984,0.0011301037907260442,0.33038412564731,-0.15911057899321107,0.3136418213894007,-0.11751402608034482,0.30917008045468036,-0.06021025315436726,0.3132088769387135,-0.003514209407555002,0.37184851289273946,-0.15389020979774076,0.35747191585918775,-0.11613274929872788,0.3503966859442455,-0.0617307987802612,0.3526142744646563,-0.004365891955249003,0.40388989560925254,-0.13031080671731943,0.3912429803590543,-0.10608350075265291,0.38391063873160064,-0.06177900722635709,0.38492464633692186,-0.4794210025348322,0.3227765068059175,-0.4306160060298892,0.2649228781251941,-0.34913232046668724,0.2092271014121105,-0.2901751375742471,0.1726012584956093,-0.2533833597889376,0.13816459139215806,-0.3590501020184572,0.2342263247419211,-0.18834422728396566,0.23970485365960054,-0.21803934917829032,0.24806797104753917,-0.2760327124853786,0.24603960650033083,-0.3617991479011425,0.2818712909569916,-0.1872081847716191,0.2842053249993731,-0.2220307523348814,0.285690238295544,-0.28395869338383906,0.2828294047117668,-0.35833966788891375,0.3265519035192529,-0.19276869133676594,0.3279760322529551,-0.22444955871725766,0.32594359211247775,-0.28401784770900024,0.3230268646781546,-0.350390863668147,0.36621976925171773,-0.20891735632366834,0.3652234613657361,-0.22546368276810083,0.3595169321160379,-0.2781312936823353,0.3536641472907445
-0.0014396363295121751,-0.31526662483819506,0.07682821780393259,-0.37259176468003125,0.1109609170349217,-0.37017028043149075,0.14444370567298953,-0.3673790977131721,-0.06407007139818338,-0.37633099065717346,-0.11014064491862768,-0.3764051165385863,-0.1500890257436054,-0.37518896334134005,0.2028960942012408,-0.3383843577318254,-0.20262170043613636,-0.3516147220759944,0.06999781456799709,-0.24983604677982563,-0.09638115909442055,-0.25260116325413096,0.49999751432475503,0.001576600477742853,-0.49999751432475503,-0.001576600477742853,0.7986151985531509,0.450017236936635,-0.7790560898031419,0.42806852854013755,0.21676217234471667,0.34538640252990216,-0.5124611354465859,0.3453165822334379,0.04199417369496023,0.34987817493576806,-0.36205704561518565,0.33951893754936924,0.007299770178916341,0.26912797652869813,-0.34628766619009466,0.2627194042505674,0.05562856482133561,0.2653781611399255,-0.36600922349654375,0.26076839243303507,0.20273923126851784,0.35142772004863104,0.15042660687700998,0.2861096690347298,0.06514262751903484,0.23453585974697436,-0.024272153312086108,0.20803056243606,-0.10815367564841628,0.20480195556039293,0.012400375569950384,0.2829046846926998,-0.14805038945401044,0.2708706911284455,-0.10649416356862215,0.27242046897563,-0.04678535880549693,0.27695506449666063,0.00253604771832224,0.33146726096111345,-0.15981382936946584,0.31431846521221074,-0.11752134845786216,0.31081395179834914,-0.05797592318846325,0.3157286024664668,-0.0029350707126153527,0.3732777490927924,-0.15500041813122137,0.35856800903370695,-0.11772103450574987,0.35218457206230336,-0.06190866775397216,0.3546085000212201,-0.004845121289555323,0.4063388231402162,-0.13456227184872765,0.3921317892156733,-0.11064090734279394,0.3852852109443903,-0.06435051625564807,0.3867023302282927,-0.4790366467560657,0.31867850999208075,-0.43228555807941665,0.26244012306471043,-0.3511198125412237,0.20500571445890772,-0.2988619970824403,0.1674022482906814,-0.26632329521972975,0.1314198930391939,-0.36191007389112845,0.22927780958741345,-0.18913905208740991,0.23506381755540476,-0.22121484538456263,0.24631687110370656,-0.28007800999034516,0.24486635444466204,-0.3659231117975712,0.27674327626405243,-0.18852358617407766,0.28034926184210873,-0.2273477438588204,0.2839287157075086,-0.2918578576754696,0.2820724267588461,-0.3635752879618005,0.32197053697036954,-0.19745895498124916,0.32373256851880533,-0.2357877376625781,0.32336298641618794,-0.2976430510733355,0.322196056527949,-0.3561582778684046,0.3629401559982975,-0.2160468634074406,0.3613401075376587,-0.24190399563284526,0.3569365414396593,-0.29950271466966044,0.3536510310223739
-0.002937357517538858,-0.3155017613372025,0.07542423592064462,-0.37285233800295153,0.10969024368931528,-0.3704246937842463,0.14307981239452033,-0.3676307313386694,-0.06553480818871153,-0.3766086717597471,-0.11160811638950684,-0.37668668613101347,-0.15163100256083495,-0.37547979216358673,0.2017247289871305,-0.3386542143812186,-0.20406492724640135,-0.35195415097045313,0.06872769188198777,-0.25007215611034045,-0.09784160728435544,-0.2528548239379877,0.4999974239679159,0.0016050001396053996,-0.4999974239679159,-0.0016050001396053996,0.7982906122760788,0.45043099318382895,-0.7791492623087549,0.42613987963740413,0.21629012854192153,0.3491203662637224,-0.4935640328830829,0.33916084203700964,0.04153269713405254,0.3511631783973002,-0.35106857141721975,0.33714713974345656,0.006967323770567215,0.27020242556298557,-0.3359564890667636,0.26124486202992525,0.05466635831706556,0.2666489291714826,-0.3525153304664505,0.2589669588283074,0.20136097242618106,0.35110053402156693,0.1499464743382819,0.2856208598698623,0.06371951856476724,0.23473429784065228,-0.0270314556666761,0.20888406126250106,-0.10933743242821513,0.20519875551536593,0.010860008018038785,0.28424594390581265,-0.15065838458592754,0.2694336929076116,-0.108845941889237,0.2697168734313725,-0.05077821520463785,0.2732999454203407,0.0006963655930724095,0.33357967062874166,-0.16637222554937556,0.3135355663025698,-0.12286465864836296,0.30771546132737854,-0.06452970363233647,0.3122850075751059,-0.0025152648371797766,0.37559262190352277,-0.15778959675583418,0.35976478680653773,-0.11986052315780729,0.3503017600112874,-0.06508302347152718,0.35183596501995257,-0.0013776522890119912,0.40772802226110083,-0.13117528509671295,0.3946809919620015,-0.10978001843595164,0.38527315742343815,-0.06717310998530526,0.3856935035133957,-0.4948605851577859,0.30037046649233,-0.4453321718247713,0.24762588159401935,-0.36257126648332527,0.18898876643853582,-0.3123160386645723,0.14747825100258213,-0.29319285323742394,0.10808041131626576,-0.36674980935984003,0.21277825922165391,-0.19896197229006019,0.20872046396156188,-0.23406692564824455,0.2282628310850669,-0.2908390315730215,0.23349305426199635,-0.3754570282686874,0.25078418279734616,-0.1975034528654594,0.25288800915561593,-0.239380635846365,0.26454091099624927,-0.3033950370905831,0.2654475078539805,-0.37823422344641,0.2927832777882755,-0.20617865095027954,0.2927031675085273,-0.24846360457025202,0.30040469966419914,-0.31165664256833137,0.3023478397055322,-0.37608743096426367,0.3340663871539557,-0.23602974394143433,0.3332624898118318,-0.2657129313753263,0.3353977547973283,-0.3204395470612431,0.33417490863756805
-0.0058439324550461245,-0.3168050110062126,0.07277986013436358,-0.3742105909335753,0.10748042402388429,-0.37175648376722925,0.14072501121562847,-0.36892907020078763,-0.06830286899077152,-0.3780622909378143,-0.11442413324755725,-0.37816528006664896,-0.1545978336980035,-0.3769798541755729,0.19991223301119826,-0.3398760938455246,-0.20700190188458018,-0.35338296629414945,0.06617851386504787,-0.25123841837660443,-0.1007290312346678,-0.25419742916322363,0.4999963984660553,0.0018977673655155031,-0.4999963984660553,-0.0018977673655155031,0.7984873851524094,0.4517967855651342,-0.7824249343889609,0.4241015842553235,0.21653341731373257,0.3559989135200927,-0.4741244083326888,0.3049602102807533,0.03950666485127645,0.35289219156796814,-0.3433397747169774,0.2957570456795861,0.009046170401940274,0.2727267147744728,-0.33560601510135996,0.2176268302416321,0.053616759340218326,0.26927109087568396,-0.3485866154369942,0.2149418732933064,0.19455866659531426,0.3517798622694663,0.14459726233854647,0.2867243619492789,0.060073547172462306,0.23565518233508026,-0.0319473562089911,0.21047375649641664,-0.11314564348382679,0.20672819834944597,0.006337743141941375,0.2865246891484771,-0.15702076388317174,0.2702190112247536,-0.11557254377146711,0.267851428938755,-0.05873690708428781,0.27264614504783347,-0.00403391603093563,0.3359356503742626,-0.17013377881302197,0.313836658802012,-0.1306137440578322,0.30564470265402827,-0.07463436505970536,0.31131237423608593,-0.007750515783404047,0.3779963171761459,-0.16187421415529307,0.3598982547539967,-0.12765543387753162,0.3486056485753163,-0.07429573867238064,0.35108182484069833,-0.007942248379261697,0.4105534928016209,-0.1358137609222224,0.3975420657879681,-0.11767588070763267,0.3867193329136306,-0.07711194253772462,0.3878793034417974,-0.5165208990966224,0.27820732446946345,-0.46693922346453737,0.2219612479993885,-0.39110349372000774,0.15614745810703326,-0.3547178548665274,0.10663304068153412,-0.3484173022433319,0.06193365694835291,-0.3810666075997032,0.17953848449850726,-0.22125281824356122,0.17731651155905828,-0.24965212890356778,0.19094470566852118,-0.3023328198182728,0.1936192702897876,-0.38415055984647317,0.21770214542088193,-0.21763792317501,0.2189801681137333,-0.2533579860258176,0.22867492481512017,-0.314658586781453,0.23019220456577444,-0.38171700379880613,0.25961206509654583,-0.22703492219099064,0.2573676727549016,-0.26050603875908307,0.264835669040329,-0.3186899923064136,0.2682974816282655,-0.3757451523067551,0.29952934363438344,-0.24417712405912595,0.29328086941420406,-0.2731965880788158,0.29693850146819006,-0.3259577319524404,0.298606878648223
-0.007505074318663907,-0.3174147104306056,0.07133951981151145,-0.3746208226756675,0.1064903282977041,-0.3720845715100481,0.1394639325185103,-0.3691985127618239,-0.06942546066844554,-0.378915351071939,-0.11556848415760032,-0.37915370207606763,-0.1559333085741464,-0.37813749409035946,0.19904185946608818,-0.34013442638498737,-0.20831111716148296,-0.3547541846141791,0.06437798636217412,-0.25217577170489247,-0.10214165048292839,-0.25550718895347074,0.4999900591990563,0.0031528879022572473,-0.4999900591990563,-0.0031528879022572473,0.7991902735994897,0.45478617141311667,-0.7857646094586948,0.4218011057603161,0.22766854017293411,0.3629758908159627,-0.46261830588047814,0.2106615293940502,0.056670056392547984,0.35773006356415543,-0.3580341423721703,0.15808688825521786,0.025330875764821712,0.2816907133913049,-0.3679436029118241,0.09439746496311587,0.06266146149093019,0.2767428833713522,-0.3619725477029013,0.1083753830006209,0.18984791975237092,0.35718225389617786,0.14180580715377558,0.2921297388704554,0.05811092212898767,0.24002197565531355,-0.033461358324200816,0.21526773856853698,-0.11435076548488847,0.21349086574924087,-0.003252649141963664,0.29074875326851707,-0.16199196187045495,0.2748358414315482,-0.11484337315387255,0.2745563228349499,-0.05828307751567917,0.28047509987957164,-0.013472503972568012,0.3405337052505884,-0.17729987383286194,0.3197054764354469,-0.13187003210188974,0.3132147973249818,-0.07489420107720526,0.3183663601463045,-0.01792129388721324,0.3825267547306664,-0.16646882059814772,0.3658711888818151,-0.1298570303928313,0.3552228168386851,-0.0770374888601593,0.357043547178368,-0.019224505486332352,0.415048217154632,-0.1461727296970322,0.4022769072180075,-0.12477563960412746,0.3917251386731162,-0.08189795469950159,0.3920030199222867,,,,,,,,,,,,,,,,,,,,,,,,,,,,,,,,,,,,,,,,,,
-0.008906478106318885,-0.3179334027220032,0.07018590429474816,-0.37501143466346065,0.10572821969928081,-0.3724174682845269,0.1384645320238077,-0.3694914554758636,-0.07033225762237928,-0.37961617868138386,-0.11647231018733593,-0.3799429563913186,-0.1570830169517271,-0.379044815290312,0.19834505456540777,-0.34044441783426177,-0.2093189783191748,-0.35586326777217875,0.06301974287795635,-0.25294725653399525,-0.10326784463780869,-0.2565231952000028,0.49998464861558417,0.003918054204677996,-0.49998464861558417,-0.003918054204677996,0.7996204899864975,0.45662343595302496,-0.7884338270356859,0.4199271538307865,0.23450299060728794,0.36709781753179127,-0.45465527640304176,0.19005302626981535,0.06701472039163726,0.36080696609689555,-0.3668210341185753,0.13241393421155126,0.0349688445255429,0.2867362590735072,-0.38392446939885744,0.07016494649823139,0.06845237839962319,0.2810867864616221,-0.3696497512350294,0.08612354750845194,0.18949782028611398,0.3567381094234265,0.13957424149523784,0.29161275195017583,0.05644789305400895,0.24001430567788926,-0.03479064471381926,0.21440668831828064,-0.11459067472464826,0.21342565269250377,-0.0009623023998400804,0.29141043311005854,-0.16078528781014578,0.2750774017464266,-0.11574780267423088,0.2753532484983457,-0.060584189340850456,0.2811858383937628,-0.011252346324252436,0.3412447949124108,-0.17835319001099803,0.32009404616848686,-0.1340527402330334,0.3139258973634771,-0.07666806879952323,0.31924683602549586,-0.015970075111106822,0.38357087975930065,-0.16727681892788923,0.36667421246029575,-0.13019346152473205,0.3563671915498782,-0.07691054699274245,0.358279151422051,-0.017165957421846154,0.41605031272316945,-0.1438291425187916,0.4034833622688033,-0.12151740209743558,0.39278551943227963,-0.07833954088373261,0.3929194619977276,-0.4882435992597059,0.14129641037213864,-0.48750843722434933,0.07899977001534209,-0.4567549197825687,0.019435487744087317,-0.4445731712865277,-0.02823986976905074,-0.45949711281172734,-0.06792175977496383,-0.30770787134441063,0.02853327892028559,-0.33079423065825264,0.03515980634743598,-0.381526265230963,0.04850477109148909,-0.40996259970702575,0.05559143338071169,-0.28772677839491456,0.06602455231821622,-0.3238253535271075,0.07296708585038769,-0.3738948173149664,0.08343825665307632,-0.40260055899653246,0.09161484144383332,-0.28888097927794454,0.10509831497715652,-0.32132224329396714,0.10978045063473102,-0.36656626224583505,0.11761983735862594,-0.39568401781534823,0.12326767081324157,-0.3019135674795018,0.1422005226889126,-0.3203494034545376,0.1460349798728477,-0.36163965798978553,0.14968749059987183,-0.38777028360101673,0.1527291810786947
-0.01080171809872011,-0.31739500263882886,0.06905133811160834,-0.37453928097085504,0.10500124923886782,-0.3719222237143753,0.13757912415811632,-0.36898855104162404,-0.0712466711330173,-0.37931241656167825,-0.11734104800153317,-0.3797336720840676,-0.15824466628011713,-0.3790123232674253,0.1979214291151915,-0.3400122643660919,-0.21010151403167696,-0.3561362149618707,0.06146756692689586,-0.25235889171225384,-0.10536954022826138,-0.2559255608612075,0.49997511415797413,0.004988509067916866,-0.49997511415797413,-0.004988509067916866,0.8003808054130281,0.4596189522912409,-0.7905957251202191,0.4192515413201545,0.24306267874612314,0.3711677134755254,-0.45700447295450874,0.1226185184375202,0.0751546802921852,0.3647123680712329,-0.38522300065203796,0.040213204498912664,0.04129288416046923,0.2925608471068134,-0.40207369026029494,-0.007289536798976799,0.07448981135364906,0.286294158556776,-0.385863027818461,0.016595241196905437,0.19221602400110543,0.35909672143563093,0.14103658325230864,0.2951160342893511,0.055779738538361504,0.24435398218332233,-0.03433367262369429,0.21808884683505678,-0.11492190467476572,0.2152643842170668,-0.004892422968234168,0.294071508078898,-0.16424957879760438,0.27781116209283785,-0.11741006594386623,0.27718660244490034,-0.06053705507618817,0.28301738820125527,-0.013808744306107186,0.34355913040425723,-0.18042848595527491,0.3232097349858466,-0.13307315479567916,0.31680032342432923,-0.07455050964588764,0.32230769743053267,-0.016617153514759904,0.38589349414275065,-0.168308747796517,0.3701119381607192,-0.13005277027687276,0.35967042575763886,-0.07598793426150674,0.361501451847446,-0.015570049384559182,0.4185545655629439,-0.1452440998148777,0.4070010323232919,-0.12376510683434362,0.3964100005748516,-0.08039055247769983,0.3960985409980753,,,,,,,,,,,,,,,,,,,,,,,,,,,,,,,,,,,,,,,,,,
-0.01427044639524773,-0.3178444214433206,0.06578806413768189,-0.3750545450229913,0.10283070413139646,-0.37241129841764115,0.1354294942823422,-0.36945612243524395,-0.07371405000861543,-0.37984305395179413,-0.11919286047679042,-0.3802448433900741,-0.16056133566366518,-0.3795109471197443,0.19684614798693054,-0.34051355751725343,-0.21152688885236343,-0.3565597959189137,0.05843256061371344,-0.2526951731848076,-0.10900207259259179,-0.2560726679928422,0.49997369684306925,0.005128592894225812,-0.49997369684306925,-0.005128592894225812,0.8020294943683683,0.4624696148769534,-0.7948799885826829,0.4142135888870734,0.24807248305045984,0.3752699276240663,-0.4645834965654456,0.05985278363109632,0.07904946181661864,0.3685897822887629,-0.42236346239098715,-0.040738047028826135,0.04256850586100172,0.29674631140075863,-0.4326492720109542,-0.08213303445308812,0.07641677318190947,0.2908418249752091,-0.41164501059631164,-0.04584423356313619,0.19312340753893745,0.35995735087116604,0.14071903757344978,0.29558610773810495,0.05255599415496995,0.24427812436828575,-0.039196407349072517,0.2186019609450302,-0.11934958768541584,0.21493154110710216,-0.007352629409738417,0.29460609344105654,-0.1667989847183286,0.27854413539421974,-0.12215038267488565,0.2770983972811213,-0.06590948080005263,0.2820632243196277,-0.01686723792977773,0.34426257558106393,-0.1844225839337443,0.3238378294438237,-0.13865155230038526,0.3169059351641265,-0.0809400424260551,0.3219071285459517,-0.019609612148367712,0.3869118499174688,-0.17343900976519647,0.37081164855475485,-0.1353952395331516,0.36015302526037796,-0.08159099997146109,0.36170997399756094,-0.01761802695313299,0.42012018690675107,-0.1481904441528987,0.40712919058700714,-0.12610586772011886,0.3963802379882578,-0.08266357247779502,0.3964306816257645,-0.5444180608100025,0.024296353971270467,-0.5351080422988276,-0.04222965365882021,-0.5038350986388133,-0.09997858567353322,-0.5011109075918827,-0.13856667794751062,-0.5265712191709235,-0.1670079738816266,-0.37841332876083444,-0.09471602386295246,-0.3679862769558487,-0.11261072830227034,-0.4010624046905495,-0.11456829336988429,-0.4316321875058776,-0.11091863754088344,-0.3679587089213973,-0.06879937333065342,-0.36544098485588944,-0.0856659660511142,-0.39139106896188475,-0.08993901139106972,-0.41441119890423617,-0.08604652223732741,-0.37511572259731624,-0.04020897538893047,-0.36913920734983857,-0.056458396070036256,-0.38744754961671124,-0.06256993603093296,-0.40903554949701254,-0.06102600879087381,-0.3905879593284644,-0.010484064846446792,-0.38006999166518174,-0.022543965466445333,-0.3898176967148159,-0.028752052203314126,-0.40544149898005394,-0.027912928158929727
-0.017149254642336485,-0.3188558276073279,0.06257123950055221,-0.37624722172225644,0.10049076333262058,-0.37357990984767636,0.13331705655045956,-0.37050584936550374,-0.07613708709460619,-0.38077622232635805,-0.12104102865254218,-0.38107778745986937,-0.16244559241802597,-0.3803007225094498,0.19564020408030158,-0.341472860050371,-0.21311993462109238,-0.356907095209726,0.05569929170171899,-0.25336883169118124,-0.11196833701499792,-0.2565142288982336,0.4999739546669135,0.00510339639133332,-0.4999739546669135,-0.00510339639133332,0.8022489297239654,0.46473766713483083,-0.8032300153570724,0.4008867149535286,0.2476802861183387,0.3801252600214013,-0.4804568378616832,0.02335149514837387,0.0782647313569166,0.3735211481303125,-0.4518203726153217,-0.07821225714331068,0.04124144123808173,0.30100401787218917,-0.4535026030600141,-0.11239465327447268,0.07541043969768477,0.29516827419735014,-0.43119265935191453,-0.07847844772296893,0.18975815617217984,0.3601636695860308,0.13523386377086846,0.2948754057980087,0.04689678644061373,0.24408389273051875,-0.045102908732930005,0.21856191602787622,-0.12573608986991408,0.21515091585833926,-0.014658933060456372,0.2955297762825726,-0.17331921316933763,0.28018685683200095,-0.12548388457898843,0.2780187845081442,-0.06850887599330016,0.2829872052346928,-0.022619617958607074,0.345478176229326,-0.18952205159181187,0.32517365241142,-0.1412864381827801,0.31767612736953116,-0.08312162234390855,0.32301098616556073,-0.023319470012410567,0.3880465745689182,-0.17712603226703752,0.37188569201264177,-0.1380050663617478,0.36079477043051855,-0.08403195886930936,0.36265164069921635,-0.0194627034549514,0.42091999468408303,-0.1519047980338632,0.40838776569845925,-0.1294752154692108,0.3971689786193523,-0.08483828715497617,0.3971816711503029,-0.5936334333091167,-0.005575370505199792,-0.583432281651317,-0.05522761139643934,-0.5335379424845383,-0.10847019321861034,-0.5149290467828838,-0.14765180121621954,-0.5359757310910952,-0.1779092671977803,-0.5176934330145488,-0.12636748452298868,-0.3801716230164014,-0.13623757266516046,-0.392062996712455,-0.11421086043475466,-0.4335755645144535,-0.10589995570111539,-0.5170214340147758,-0.10504438509629768,-0.37391479287493296,-0.10590924005245887,-0.39338830848587936,-0.08845947798752364,-0.43744561122003695,-0.08663234114781199,-0.5116168838219528,-0.076233632596235,-0.38018795877382855,-0.07588059219831296,-0.40277937110810097,-0.06108603709418082,-0.44516372774890967,-0.06073663992273534,-0.5059130014408783,-0.04483231102446946,-0.3933343652293393,-0.04507323406566126,-0.41697526183573014,-0.03305470001323228,-0.461711379928875,-0.0320524601618744
-0.020470052570535347,-0.3209102184423542,0.05894110440007097,-0.3784622151565794,0.09757398600794999,-0.3757939686000331,0.13069227924048096,-0.37265885550887784,-0.07901282941349667,-0.3828076924092849,-0.12344199871955024,-0.3830957564866857,-0.16478485138618496,-0.38229049716720853,0.19382569425308463,-0.34352537010317413,-0.21534870117528115,-0.35812010593957044,0.05236973103373457,-0.25508639809801953,-0.11520624203202869,-0.258052491595479,0.499981940128859,0.004249652336614328,-0.499981940128859,-0.004249652336614328,0.8017078453576035,0.46628663474783555,-0.818493471157472,0.38667487014231267,0.24731532742733622,0.3828468238633344,-0.49660178398659227,0.0007010659297790049,0.07691375692805043,0.3761678389983618,-0.46890072195758736,-0.0998695997573348,0.039288274530296,0.30297740456337696,-0.4633856621189375,-0.12723368339137703,0.07408379845898622,0.29746670576026873,-0.4414210119487783,-0.09392762989890356,0.18377668970683406,0.3619089028986737,0.13013830986086405,0.296223221301767,0.041272192104277204,0.24379473415404537,-0.052031338248866466,0.21793237900206675,-0.1324698137540985,0.21458935059481693,-0.018857294480897464,0.2950730865770219,-0.17907997229428635,0.27916897928569706,-0.13153407696584773,0.2777616613298192,-0.07487868558582374,0.2832843824471234,-0.028731386142179637,0.3453735062462365,-0.19672413276673553,0.3251682392525755,-0.14756170764224463,0.3182759172435376,-0.08935720571832596,0.3238179683562156,-0.03116920500997035,0.3881738877103909,-0.18390740290725854,0.37203711327962696,-0.14376348141710535,0.36145511947068965,-0.09019216722581662,0.3635090493449884,-0.028439432492538986,0.42129772063671805,-0.16010982128552012,0.4094505550573961,-0.13730832375466306,0.39862457898977643,-0.09314930292054181,0.39853287937757603,-0.6181192105752756,0.005001518437162457,-0.5878953484183302,-0.04622131918202696,-0.5338544567784471,-0.10540941141932925,-0.5188161918408809,-0.14881998426184043,-0.544417238457836,-0.1829494484109104,-0.537478830911047,-0.13759880408148556,-0.38572292680306247,-0.13697329014582027,-0.3994670249771832,-0.11307399031671814,-0.4468492046740712,-0.110674006378897,-0.5414982912905567,-0.11764871659992468,-0.37832955717003497,-0.11275139155246039,-0.39905036928421606,-0.090233479197637,-0.4428199614310491,-0.09106313674298239,-0.5422879923210744,-0.0863164442204437,-0.39186797947874474,-0.08466644052996349,-0.4093072891465611,-0.06396578347193443,-0.44754355225179954,-0.06407198058066524,-0.5412234281856063,-0.049781574305581874,-0.4103460406662555,-0.05428169152127831,-0.422988093372415,-0.039533376514320116,-0.4617925876221498,-0.03506543666897164
-0.021772449974330758,-0.32259260802567746,0.057365390524139526,-0.380206840027735,0.09638986684787296,-0.3775638133160663,0.12956255867264196,-0.374405767299152,-0.08007730552837315,-0.38441226100454984,-0.12420550877077051,-0.38464754003224955,-0.16542604062071803,-0.3837928697997984,0.19309379286906142,-0.34527904921037067,-0.21595984806838459,-0.359063923612232,0.05088277518850042,-0.25664501693775915,-0.11619859196494628,-0.2595268607076194,0.49999081312582117,0.0030309717550864646,-0.49999081312582117,-0.0030309717550864646,0.7994365052983073,0.46677065272528817,-0.8286298562946829,0.38229427801785315,0.24699474393570325,0.38360712319898277,-0.5106208257382108,0.00748782876551321,0.0764332520562455,0.3766442791912668,-0.47821718380799316,-0.09383122216343187,0.037394741544894895,0.30274496457319516,-0.4688996625736841,-0.12167481452721404,0.07309688930254826,0.2975030185966545,-0.4481131437630475,-0.08814136152663875,0.1796695617086567,0.3591399912678041,0.1258311158473687,0.29382818425924884,0.03727315123032926,0.24232023908286052,-0.05597176031344881,0.21630274219020765,-0.13719810021118473,0.2121349422709549,-0.02304991485054315,0.2940050857838351,-0.18271203206284126,0.2766659059499863,-0.13554430682500246,0.2748608027931079,-0.07849509829247346,0.2804327290801768,-0.03275131239320449,0.34398920122743726,-0.2006899443347963,0.32200152106485985,-0.15388026778272013,0.3145409941013078,-0.0965475450734542,0.3201409887636111,-0.03478992556253678,0.38657623838763894,-0.18933923491124222,0.3691214828910604,-0.15044955754924352,0.35783209932936283,-0.0970142112953128,0.35972683259203164,-0.03162338827244236,0.419313634527576,-0.16436498527624951,0.40593917166275484,-0.14150518059746175,0.3943485837718617,-0.09705548831771627,0.3941962125920181,-0.62157593858007,0.01234955439854309,-0.5860792324596361,-0.04227468803495716,-0.5312405853783373,-0.10251520007102265,-0.5102299913032248,-0.14721526697523257,-0.5315909683313679,-0.1813896931665588,-0.5403575002837656,-0.1348504400784002,-0.3882161744877286,-0.1348402977243239,-0.3922557797688312,-0.10845472772618187,-0.43170658876681756,-0.10150462062823608,-0.5474375710351074,-0.11415779701014409,-0.38568259085260387,-0.10858740386962157,-0.39684425151355013,-0.08478506786783811,-0.4354764781901009,-0.08258264388673892,-0.5491728570569491,-0.08262309536869432,-0.39937158462813943,-0.07948038081724419,-0.40551148274348003,-0.05876073078290124,-0.4366468586767637,-0.05692437502334593,-0.54714143788295,-0.046681658815450576,-0.42006422769639556,-0.04855127206162811,-0.41895021982890085,-0.03336545551939319,-0.44454008676945383,-0.028152403458534956
-0.023479093393207032,-0.32345359652526334,0.056169833766976845,-0.3810155949784596,0.09547217659970741,-0.3783611616500485,0.12885121263274876,-0.37517192471802446,-0.08118372973671173,-0.38514867237571715,-0.12509319384036338,-0.38536304214138334,-0.16625702603065076,-0.38449069759139126,0.19257507356322204,-0.3460119735446351,-0.21664088178562985,-0.35953095446834915,0.049657924457156374,-0.25743455154345846,-0.11737883177783541,-0.2602099144314776,0.49999311553431336,0.00262381750332009,-0.49999311553431336,-0.00262381750332009,0.7961671860430778,0.46799969629426386,-0.8321357663725455,0.3819025690556628,0.2440252330837987,0.3840955823766329,-0.5179657256732899,0.015038505082710953,0.0739366866845325,0.37675533507851183,-0.4819941958423684,-0.08502864084192767,0.03357476494951915,0.3026204418962803,-0.469791046507248,-0.1149783505246012,0.06981906467489314,0.29744324098435815,-0.45045246325496224,-0.08009011358765146,0.17564894654007313,0.3570071250643147,0.12320940625181545,0.29090926940366285,0.0341435468098805,0.23890814301150612,-0.060542764622461866,0.21289507392926343,-0.14170903331056678,0.2100285124562911,-0.025358515719603264,0.29001332884203995,-0.18528484980975837,0.2728097127221124,-0.13895514279313168,0.27121202677458833,-0.0825476971890323,0.277156334024629,-0.03677013684456721,0.3408499920602148,-0.20521109173171015,0.3190637945214623,-0.15901234257963462,0.3114529009699355,-0.102180050786122,0.31715157373889913,-0.04049759880189067,0.38401417613650646,-0.19365482705544917,0.3657895605933126,-0.15459068596013192,0.3545399260881943,-0.10197913074708541,0.35674992853753856,-0.03868389136788632,0.41682891355139634,-0.1680313281252316,0.4036845193123218,-0.1452448956534478,0.39246815518360306,-0.102205298518567,0.392745880240498,-0.6337814396606405,0.028116240588928358,-0.5909546785506699,-0.02571475650519984,-0.5294923773549542,-0.08698828960786875,-0.5036285530462765,-0.13282283432042233,-0.5180074906138765,-0.16927454298803138,-0.5382811838070923,-0.12075194063049276,-0.3825221413310595,-0.12072657491798962,-0.3903451630271475,-0.09308467315287017,-0.4348454712620353,-0.08749949719985085,-0.5441309890305516,-0.09970123077427341,-0.3822517310377701,-0.09606083809986775,-0.3970210646178023,-0.07196494496263062,-0.43797453836440076,-0.07019253054898023,-0.5463636436510614,-0.06855532128197454,-0.3976120267290966,-0.0676370824893605,-0.4078864380735123,-0.046555343877846586,-0.4419039821812842,-0.04487117854769553,-0.5453210538771528,-0.03248492416231983,-0.42011400928067066,-0.03533178296558041,-0.4244744342499913,-0.020572123750316886,-0.4547719491441034,-0.01644907465800244
-0.025544041548738534,-0.324168969528401,0.05378208133448457,-0.38120695275836153,0.09302868268856833,-0.3785144242421598,0.1262885821011917,-0.37520672938548794,-0.08301094809865994,-0.3852371623631583,-0.12679228481575103,-0.3853527412073254,-0.16775622553698072,-0.38440635858606303,0.18992514143847786,-0.3460310077256498,-0.21770086584755555,-0.35930517331052425,0.047436767516412175,-0.2580945548961399,-0.11907378145441576,-0.2606669190392605,0.4999931980343331,0.0026080489642850775,-0.4999931980343331,-0.0026080489642850775,0.7914463587924131,0.46794105639107325,-0.8365801913838216,0.3803014871643323,0.24109658710005916,0.3817968399009722,-0.5226952110665053,0.030410345925531393,0.0714926873548753,0.3743812166032935,-0.4803375047107317,-0.06305613719666475,0.03131393027692922,0.30052551213687395,-0.4682659234779844,-0.09715671691019828,0.06756723944911502,0.2954661452350329,-0.450555905345916,-0.06362921073325721,0.17032753148112112,0.3556866031090123,0.11942251680721289,0.2891722128563308,0.032948612545957705,0.23678336805690006,-0.060568899282615364,0.20958024687375695,-0.14176650585109535,0.20614662633844524,-0.0281303974339302,0.2901984307117635,-0.1883192656972428,0.2699412100567696,-0.14094122822422986,0.2680726658131243,-0.08424974637144166,0.2751875254451067,-0.04107087760705877,0.34042737381500976,-0.20757202036472966,0.3156427076122052,-0.159347306129919,0.3081139746013132,-0.10174777197448336,0.31493253851884895,-0.04622877459171976,0.3826535107642493,-0.19840507775487523,0.36238218078951984,-0.15800750864336358,0.3517197678653611,-0.10429850182734274,0.3551222303195901,-0.046036887843316214,0.4144589744674659,-0.1730849628681064,0.40103913015632187,-0.14932933638468165,0.39044749898616976,-0.10625852149394023,0.3912387966680055,-0.6192604535356226,0.04845122760539857,-0.5709299194027954,-0.006702103240885235,-0.5145006357417595,-0.07119486313079063,-0.49438297977448314,-0.12047707087978114,-0.5100827725772283,-0.15855095260851138,-0.5335109452651238,-0.10131355765962166,-0.3806036617620021,-0.10615046762029878,-0.38588677895931617,-0.07837768265283267,-0.42662720454040176,-0.07060262443489071,-0.5422450844920901,-0.07955369445279116,-0.3787063109905634,-0.0790127196185971,-0.39240128703655075,-0.0549992453170051,-0.43492865796214436,-0.0514379354380866,-0.5457680640523936,-0.047907548484921854,-0.39293438416722576,-0.04853470774716727,-0.40374059457502276,-0.02823668764260471,-0.4407573355225665,-0.025479256255619444,-0.545576647614648,-0.011288572776256257,-0.41961005194758805,-0.01588186181616613,-0.4246357916373927,-0.0008935314610862406,-0.4576265557760604,0.0034201578927307206
-0.02721034879305342,-0.32474322584975784,0.05207015727344398,-0.381476887043724,0.09125714130500019,-0.3787222797272208,0.12446484961189835,-0.3753408460037138,-0.08456860527717566,-0.38559353248215245,-0.12829191956893463,-0.3856807808936181,-0.16917924949285026,-0.3847159989977877,0.1881944712498629,-0.34617744797849725,-0.21884332338684367,-0.35954089847865506,0.04583348112088181,-0.25855127320233995,-0.12062133984651054,-0.2610030357635673,0.4999911718819783,0.002971201791534795,-0.4999911718819783,-0.002971201791534795,0.7888087781091194,0.46763334295325354,-0.8367552443119843,0.3818325740401299,0.23916421820857622,0.38064256676988334,-0.5235145413705911,0.04275741683750468,0.06972780314222686,0.3726347361218476,-0.4796965807536082,-0.0476280623432563,0.030182900997417092,0.29958773567344454,-0.46762987885077945,-0.08510389717982209,0.06647495220546941,0.29451769877782924,-0.45129798609834587,-0.052599108107154825,0.1738465110838528,0.35299433193866636,0.12054818269934618,0.2873008577659077,0.03338373168346217,0.2360424747434223,-0.060147857106973755,0.20917665736253618,-0.14184113990346486,0.20587260816548394,-0.030863978771980945,0.28866583156789566,-0.18973676012764248,0.2682807040663896,-0.14280016786637226,0.26507916881712945,-0.08640868954052316,0.27169478255219465,-0.04169006228028087,0.3383546826016189,-0.20866344177396182,0.313352552351785,-0.16319292813604155,0.3042101400730879,-0.10604662775245169,0.3106871897091901,-0.04352897227160327,0.38030367186343655,-0.19646193344265045,0.36034245656299524,-0.16003942061260842,0.3477500330745247,-0.10751716860949705,0.3502984382234186,-0.03909574309520516,0.41204847208145257,-0.16911947904677216,0.3985619578730632,-0.14850712990840728,0.38630302763972396,-0.1052276904421399,0.3862158966554608,-0.6207382762623781,0.06131831274800223,-0.5660395110607251,0.006249534431237133,-0.5056535115870591,-0.060814784903635025,-0.48427741592356266,-0.11146947467801131,-0.49951406515817603,-0.1501314416871408,-0.5277821981914487,-0.08580881267649568,-0.3743305610669103,-0.0905696637478995,-0.3799667145058312,-0.06237961980429673,-0.42219741162647273,-0.05431248841899295,-0.5382911108257663,-0.06304684116896428,-0.3697925868258724,-0.062207941234225635,-0.3856318724637723,-0.038526984439843086,-0.42968316093214454,-0.03415082488386533,-0.5424303022870769,-0.031035950910058317,-0.38740302695924583,-0.02962788132474881,-0.4007267870649549,-0.011026355602182451,-0.43754362044102896,-0.008411838938274845,-0.5416186454633208,0.005665568953149887,-0.4152885821667376,0.0033877160788413426,-0.42138563737551415,0.016812228724304868,-0.45320676527516235,0.020783381858822156
-0.027743762797910368,-0.3238980538293433,0.051452157698611826,-0.38054511059862767,0.09060876882799007,-0.37775249970872893,0.12375423428370669,-0.3743372493176926,-0.08503152359040755,-0.38483132901829004,-0.12870848811387742,-0.38496294196483793,-0.1695468593276207,-0.38405385075650783,0.18765478317664294,-0.3452659201003917,-0.218987579413995,-0.35912070471952573,0.04528124657646689,-0.25767163906817864,-0.12106015715058176,-0.26007727035855727,0.4999828625230915,0.004139708107506928,-0.4999828625230915,-0.004139708107506928,0.7872730450649401,0.46822490485546947,-0.8361067268283326,0.38348634323832703,0.23838582626838903,0.3804167821106389,-0.5176606396029594,0.050343007773403364,0.0691247734864582,0.37213642747889386,-0.4692693040262265,-0.03656282728439813,0.030572971940325135,0.29992502541044924,-0.4617204452364359,-0.07527603650829406,0.06668031520382701,0.2947189239900482,-0.44528431079400993,-0.04462230207804179,0.17680926641021877,0.3538581809931625,0.1224538232984747,0.28796326194228705,0.03650822316085262,0.23698658827115474,-0.05728347926616118,0.20874869041323266,-0.13895681993299724,0.20654880699116512,-0.030227165374885494,0.2897645528577861,-0.18702299411237636,0.2691083583752459,-0.14232338995610366,0.26535304922124836,-0.087811348552344,0.2720474795773001,-0.04250611369818634,0.33885688573271,-0.20521080068564027,0.3139067308924752,-0.1631137780312025,0.3036237949563932,-0.10840736706199729,0.3098595741350809,-0.04504969224804835,0.38060258862341245,-0.19383613418492227,0.36066967883642886,-0.16038427566647553,0.3467595276301553,-0.10962590118743386,0.3492998217214581,-0.04134200774315818,0.41205949047346296,-0.16988445474666253,0.3999872284352044,-0.15204292394720384,0.3859210654473722,-0.11074895141047292,0.38433866023442076,-0.5993389069576341,0.07166113795769927,-0.5436149003455562,0.01389584035112311,-0.4826126515268677,-0.05207673268425748,-0.4611640814169379,-0.10052144071257613,-0.47462414449851953,-0.13741717133236017,-0.5080755338086006,-0.07441691599089924,-0.35738070414678186,-0.07082465674394414,-0.3724427618905783,-0.044549222875101185,-0.41598600202985503,-0.04071297527803943,-0.521580054382822,-0.04785045563329924,-0.35660170095781146,-0.04025549712158943,-0.38139255955792845,-0.01972387746011334,-0.4263587913679475,-0.018238715680930398,-0.5289217576792047,-0.013256426650915684,-0.3791034092443075,-0.007263110895146467,-0.3995626535153914,0.008788976500044319,-0.4367901144496474,0.00954393276027822,-0.5327529612863363,0.024517075518795384,-0.41087421149093756,0.025008102073385056,-0.418881369551818,0.035563061559417776,-0.45000184900374063,0.03804881017822085
-0.03166200018448424,-0.3266392219673794,0.04805493209420255,-0.38324186426678963,0.08743439662866255,-0.38034072241999806,0.12069483832186986,-0.37687593824636667,-0.08919987822420125,-0.3878512741200624,-0.13311219257214343,-0.3879812728316943,-0.17408667759659935,-0.3870373075953251,0.18496374765651152,-0.34765619153458305,-0.22351910057621588,-0.3621611929715631,0.04194652620762034,-0.26018475353073683,-0.1255020774305026,-0.2631570289738207,0.4999812971430887,0.004324639535777676,-0.4999812971430887,-0.004324639535777676,0.7878430359058246,0.4706389835879425,-0.8343084919196926,0.39362501000219824,0.23609358575561265,0.38205654026091146,-0.5048426827205409,0.12021129501971076,0.06678925640725188,0.3740258757481564,-0.4381112297331617,0.0641511791039623,0.029854994499567647,0.3013344183072557,-0.4392098486092309,0.0065619857833379425,0.06505149686001944,0.2959454880488434,-0.42929644413490975,0.026463703245488635,0.17787020634267128,0.36017145770015113,0.12219513198297244,0.29445651913938936,0.035189896255323504,0.24362820255293005,-0.05535149317457507,0.21471988651148066,-0.13771735564354795,0.21203686410008601,-0.02792848909152659,0.2945169178148481,-0.18568157175839933,0.2774252723216489,-0.1445357998652596,0.2746691108891909,-0.09143639870862048,0.2791046386181936,-0.03725713529582999,0.34380577597408707,-0.2030975062337004,0.3215059243841998,-0.16117705054810427,0.3124784457940491,-0.10399295303124043,0.31712324549622345,-0.03937462792177678,0.38582603103358576,-0.19061220347353572,0.36859518546804015,-0.15784556813866898,0.3557531530309472,-0.10560425285173108,0.3571043374620109,-0.03734254279784589,0.418033860654296,-0.16915923096786412,0.40679994295129246,-0.15128275659219,0.39398810985192884,-0.10832478850296143,0.3925409009641787,-0.5978159446007957,0.11859952333456808,-0.5359599151642662,0.07490580028667489,-0.4686487764518785,0.027149204618712966,-0.41696992383015036,-0.0025105558810807555,-0.37794954829587873,-0.011439532725121892,-0.46899453527564733,-0.016139776523908734,-0.37555459925454326,-0.023167020854139946,-0.36743534215337115,0.0013936522497457026,-0.38339238909078455,0.012289832828064758,-0.4952201828041911,0.0034608912902521945,-0.3705149668047899,0.014320030493387556,-0.3653896909206947,0.043261848925130464,-0.3893682010101487,0.05581427443204522,-0.5128456251849898,0.03396528951716452,-0.3922601414962259,0.04868664089709643,-0.3866532097685796,0.07127149873680476,-0.4072121167248333,0.08012556706733748,-0.5254332046084801,0.06935266112935905,-0.42388757759494955,0.08296536650936627,-0.4092471510028393,0.10015893476740217,-0.4160723192958423,0.10786802351980455
-0.03476096874048387,-0.32852058233944353,0.04529219873450529,-0.3850836565346121,0.08482631701202016,-0.3821019847991591,0.11816725881602733,-0.378606652288185,-0.09247510250200551,-0.389936081288151,-0.1365328221182087,-0.3900682263839282,-0.17760472566351787,-0.3891059116945184,0.18267253745040687,-0.34928832087283634,-0.2269520382174978,-0.3643340346675758,0.039295226941734866,-0.26193934687785453,-0.12895425351155299,-0.26523290945764183,0.49997967297744167,0.004508504116724525,-0.49997967297744167,-0.004508504116724525,0.7876545732818648,0.47221665144832364,-0.8337743958039461,0.39938788951415727,0.2340106703406789,0.3831042035183868,-0.4975754847833017,0.14160075231468175,0.0645798174675263,0.37522854526540045,-0.423169033551523,0.08948301072315791,0.02856222701652676,0.30221837984850053,-0.42759672312714725,0.029271974063201048,0.06325138034429659,0.296722754234512,-0.4202578155185677,0.04775867036984486,0.17273607879696687,0.35971120609747054,0.11802208866600686,0.29331563686364015,0.03196662096696593,0.2415454274012436,-0.05991968987845168,0.2146844500832642,-0.14154474458143568,0.212080149692114,-0.030753277959413145,0.2940414876137425,-0.18999143383928538,0.2765978613328167,-0.1448752509514403,0.2729297692387433,-0.08936448272954413,0.2781270027009768,-0.04063976776839261,0.3441701850127347,-0.2063332589408144,0.321937838334478,-0.16203220762943008,0.3123542402414466,-0.10591328778395716,0.31793298938342396,-0.04167443071364451,0.3868561295979533,-0.19516984017765818,0.36863739417996877,-0.15887848676838187,0.35557894843400056,-0.10586000347114377,0.35760683097009394,-0.03734277131066841,0.41941071335441893,-0.16963883930750084,0.40737580005280377,-0.1508641708924967,0.394263359536518,-0.10774437359139312,0.39330305781003677,-0.6136591493539496,0.1239040847526844,-0.5624839480513025,0.07617306302071049,-0.48870506761488147,0.022445424724718235,-0.43304048534333067,-0.015793174293927206,-0.3971722093777927,-0.040052929869941196,-0.49437179507779294,-0.010967273287210953,-0.3740001642406759,-0.010826957930135704,-0.36666267754710474,0.01755131979760085,-0.39121632571068055,0.029333783866064573,-0.5117056556743231,0.010703101505240592,-0.3763563965532838,0.018727955834104415,-0.3745989615071143,0.041130812313363956,-0.4019200784686333,0.047681112092305376,-0.522851312999875,0.04285603995267733,-0.39266186991251567,0.05262175198594645,-0.39082131133835735,0.07094634557205355,-0.4156156861862656,0.07677363643090934,-0.5302300062286884,0.07943915457700292,-0.4212748354357992,0.08538521024864056,-0.4159492459844774,0.10067283482355277,-0.43456607442396994,0.10794543306507562
-0.03599109400688768,-0.3281950301187244,0.043810174415044555,-0.38452203413002933,0.08327275712390271,-0.3815376568069378,0.11649291382579517,-0.3780417563831524,-0.09374497202451922,-0.3894010684290444,-0.13777319690391085,-0.38954292831368326,-0.17875308929555292,-0.3885678780399317,0.180823061445576,-0.3487764168318523,-0.2274935448929383,-0.3639486861436977,0.03816131380872228,-0.2620761475702172,-0.13005980210981,-0.26532556644444244,0.499977302007976,0.004764186900742738,-0.499977302007976,-0.004764186900742738,0.7848534657787887,0.471306355373313,-0.8249596194976254,0.4005395519211817,0.2336391515286379,0.3827375549978421,-0.49861391030002533,0.1945225887217282,0.06490071989745566,0.3751501790679288,-0.4187404115534978,0.14814433663672213,0.029324861594563194,0.3021013229382392,-0.4260783505195876,0.08350895383182652,0.06419153869083154,0.29655010921917674,-0.4195862511156574,0.09866408174094471,0.17421380942024817,0.36179217946404485,0.11908493035128953,0.29644087710800476,0.032784824180906745,0.24562217420065904,-0.05773454960834948,0.21742752212867125,-0.13903031191495285,0.21627053655287024,-0.02791441969154061,0.29755684153383105,-0.18681203112532013,0.28064785258429353,-0.14475104819615886,0.2784407492124528,-0.09120981766945097,0.28277267722304367,-0.03688646631210041,0.3474158623215944,-0.20558671399100067,0.3256410793289415,-0.16367846687096732,0.31600713812997056,-0.10665032037983446,0.3201418809009133,-0.03822207712597595,0.3897520534269552,-0.19457034821622332,0.37381291322206583,-0.16038649003135036,0.35929118969786045,-0.10664050840448028,0.3596557696013825,-0.03503543125070341,0.4221216419038667,-0.1674613971280055,0.4114341546283106,-0.14974699868343047,0.39715217430914507,-0.10685897262682423,0.39506943476950446,-0.5855052175396409,0.1536248568466062,-0.5451972681349052,0.10466451842803048,-0.4776927691631872,0.05394287132509188,-0.41471265477888686,0.02029299738931398,-0.37144077951776183,0.0011000642970896528,-0.48228619222779584,0.033812717261686345,-0.369062025685508,0.022548214905361404,-0.36759342122978345,0.04658022509576077,-0.39319428352771885,0.05633131891612937,-0.49413870380594915,0.06107688670701325,-0.35880401921069627,0.05746336079554805,-0.3677917886351369,0.0784418369690944,-0.4065233200718224,0.08651224580620326,-0.4983679016167473,0.09314135821538055,-0.3696409322314054,0.09167582739048985,-0.38132829526052486,0.10819564738983456,-0.41828385915810146,0.11442908893743978,-0.5012737831370053,0.12677799189525882,-0.39955693578691603,0.1238578061699664,-0.40453503557203724,0.13829311338111255,-0.4302723197923671,0.14657181981549955
-0.03600325422406974,-0.32819434858036484,0.0437854732750871,-0.3843581532332701,0.08325593694997846,-0.38128434574802533,0.11641683833081047,-0.3778602828469139,-0.09380816449239068,-0.3893960153032683,-0.13787001210507352,-0.38954838763909416,-0.179008651422459,-0.3885956172537127,0.18063498082222046,-0.34866744552271756,-0.22739626572033383,-0.3640292721557022,0.03825254887581137,-0.26216440563030213,-0.1298286773363445,-0.2653918857583504,0.499977844281969,0.004706933944207167,-0.499977844281969,-0.004706933944207167,0.7848573716082636,0.4700728524681038,-0.816534622727691,0.40545681604155814,0.23487693176228072,0.38312085203925184,-0.48377578292202517,0.21853248678829323,0.06627451887157067,0.3762538126809917,-0.3899613533141971,0.1781758048033269,0.031099678401936774,0.3031266760376393,-0.40268355678271933,0.10835168430244692,0.0658202388974986,0.2974762511714816,-0.3994320800804487,0.11783576876764991,0.17701208916326644,0.3653198859358007,0.1210412027819421,0.299623176201171,0.03385940264723633,0.2495755427318432,-0.05607349242282695,0.22316701727579494,-0.13725012030594944,0.2204459476106467,-0.02705997925180968,0.3020353638542843,-0.18153703923547673,0.2851460311518334,-0.14039946380561838,0.28298586663291775,-0.08724066857787201,0.2870622107978672,-0.03594391294200256,0.35115859727228677,-0.20155077318557238,0.32963189704892853,-0.1614411495263439,0.32082503609958785,-0.10583730434186933,0.32496166722440634,-0.036465927088633374,0.39307883929291565,-0.18832357777085296,0.37775885890266364,-0.1562344839687124,0.3642796403537466,-0.1049923412259008,0.36454632149387317,-0.03205434014292192,0.42569904939053,-0.1634187982294991,0.4154658698965228,-0.14556132787738638,0.401809573179206,-0.1031066596889772,0.39964680804633523,-0.5264042194065275,0.19627844212557372,-0.5312803705724063,0.13274473394326528,-0.4738239425740735,0.08173321837438409,-0.4133836646913986,0.05351064647490366,-0.37637456391531765,0.03808013999155842,-0.37528963505712526,0.07858210172883665,-0.3577234334679877,0.056190106316769725,-0.37025200940657754,0.05052135894320079,-0.37268937573116556,0.04692116355149157,-0.3435801126827092,0.11218936303215009,-0.355176841357284,0.10226447450155166,-0.3906388132495099,0.10795769128824391,-0.41060668182621496,0.11547547518391409,-0.33912136005662963,0.14788078000105406,-0.3478044554236509,0.1379170004708538,-0.3851976195970153,0.1410481396728368,-0.4099584196930348,0.15059109258120604,-0.3491237941669812,0.1817345085814792,-0.3558817259488509,0.17664546170045498,-0.38721037658856483,0.18040145751002185,-0.40857820294120933,0.18878831930560816
-0.031151476951944968,-0.3241001156575979,0.04725326621184949,-0.3795209172125609,0.08622083852030597,-0.37643816971546673,0.11874911956594235,-0.37314000468505676,-0.08884216049346283,-0.38455468204391413,-0.13241558150340663,-0.3847293512199795,-0.1730644613889625,-0.38385600533965286,0.18216056889601157,-0.3444055241326628,-0.22080764194758348,-0.3596848737694362,0.04237455530149541,-0.2590368983904991,-0.12402655723850438,-0.26221001616986234,0.49998047534452533,0.004418628097329066,-0.49998047534452533,-0.004418628097329066,0.778971283844752,0.4622384478265566,-0.7893133103209141,0.4027017119168777,0.23701112696440838,0.3825643174420521,-0.4631934655575903,0.2927864625789452,0.0721665082654025,0.3795055052264375,-0.335889642875919,0.29135174677982034,0.03950489018830449,0.30825192362390585,-0.3230453870466446,0.22046384957530785,0.0720655130533059,0.30169342298357055,-0.3363042486541329,0.21564059846350392,0.18808157374669665,0.37525950304943767,0.1314957661497685,0.3111381682979265,0.044221308214480226,0.2620180668881435,-0.04591312396393651,0.2375546913689352,-0.1251871264965855,0.23464544547320007,-0.015228793651989784,0.3133014507137944,-0.17272423011954113,0.2987207777812823,-0.12941281287369533,0.29621446191669787,-0.07293640702674928,0.30053822456913853,-0.02255193896749339,0.36141089945778765,-0.18495294056364417,0.3437826230268416,-0.14438193791099976,0.3361193631993873,-0.08947685410381785,0.3406089214601252,-0.021754368685606863,0.4023486373256869,-0.17003974235477243,0.38950624961594255,-0.1355094209602108,0.37965869102790656,-0.08486703564832905,0.38138530050361114,-0.01666082402929008,0.4340289088621237,-0.14063320580142125,0.42401905738990936,-0.11931130678703496,0.4147856430973972,-0.07770723403423947,0.415505102631431,,,,,,,,,,,,,,,,,,,,,,,,,,,,,,,,,,,,,,,,,,
-0.027844038784951893,-0.32170484470354715,0.049491982450224396,-0.3767570060271721,0.08814555360535371,-0.3736762394304357,0.12029881510241418,-0.3704990937710224,-0.08576553586143823,-0.381726848644224,-0.12913089498325098,-0.3819324805071918,-0.16951569389840304,-0.3811626078019576,0.1831718300162858,-0.3421257240088652,-0.21690311019780192,-0.35730629622762144,0.04526800475745104,-0.2573127287512366,-0.12008216517572279,-0.2604004541250616,0.49998291473228296,0.0041333976110035555,-0.49998291473228296,-0.0041333976110035555,0.7758121374589272,0.4572452373038609,-0.7751625356177074,0.4014963864140501,0.23912990813722684,0.3823244916165156,-0.45752869149060277,0.3078126900627431,0.07662703782946724,0.3815490518896106,-0.32428805873844946,0.30727848794157575,0.045508198546625495,0.31144262015138724,-0.30614768666468006,0.2364832532512003,0.07691605903787996,0.3043808531618874,-0.3219652189462785,0.23193256097411769,0.1867741569558119,0.36890866526742544,0.13036677379418432,0.3054555203036018,0.04458186933651619,0.2574647780306223,-0.042985177933539516,0.23428857093707753,-0.12138206473587115,0.23169723832890524,-0.014111936017185347,0.31040019534351665,-0.16762569004114233,0.2961135940214077,-0.12340973639986777,0.2911890994350498,-0.0694453479148074,0.2946826374927576,-0.022156630270448334,0.35854008740542825,-0.181118062938207,0.3400615187651535,-0.13822578467880015,0.33056858702013703,-0.08279402206499271,0.3348245750875179,-0.022139233327726864,0.3991076701987739,-0.16880195532835013,0.3841940830609831,-0.13358486025880217,0.372648312074833,-0.08199909776223958,0.3741752997273057,-0.018035294539731666,0.42965368614760663,-0.14586942141252413,0.4193417063392633,-0.12678056802158014,0.4082016320573779,-0.0841875171769826,0.40815871959866495,-0.5488174087272538,0.31696510564889124,-0.48806426927380264,0.25470736260926896,-0.3909864293975364,0.20932511792794695,-0.317840751765872,0.1750652026469344,-0.2764491337856193,0.1420097357003384,-0.28726736462715746,0.26038143346768605,-0.28937100294103785,0.2502561808445532,-0.33852618058017453,0.24747846899002487,-0.3707620195653529,0.24951715871774507,-0.29727176648818515,0.30247832350586723,-0.2972642278130059,0.289148322074203,-0.33898186449985895,0.2833393669198854,-0.3768670706847899,0.2870534982113015,-0.32371453952673157,0.3402760810587183,-0.31162331639645424,0.3234523096101099,-0.3518487593162776,0.3165427078796139,-0.3913626672787928,0.31999913245951594,-0.3537492013391712,0.37165274303269225,-0.33901468673179347,0.35557216897714516,-0.3769624059309036,0.34797364831487887,-0.40850143937027794,0.35117468577562966
-0.01947320148573348,-0.31729300141220373,0.05601069346024413,-0.3714921851207414,0.0938394037682587,-0.36849324115089754,0.12515570367581397,-0.3654495163629759,-0.07720561458796683,-0.3763140054019824,-0.12017555121636926,-0.37656018566462957,-0.15978955393489425,-0.37588801644633907,0.18704096647086055,-0.33757140084748183,-0.206905029102138,-0.3525160849867059,0.05258633171866105,-0.25378192075265854,-0.11065597179784775,-0.25697815164296256,0.4999901142927355,0.003144138918254304,-0.4999901142927355,-0.003144138918254304,0.7693494767135288,0.44958856100708006,-0.7515838295089641,0.40148665123753546,0.24577420800977692,0.3802694539375546,-0.43068334479553766,0.343323908181988,0.08839556421550315,0.38163047094413394,-0.29493966220866963,0.34935972273290483,0.05669177314743783,0.31256040005677593,-0.27101836607011753,0.2854380750831258,0.08679910520367291,0.3053703370725473,-0.28752900800069536,0.27768733797867795,0.19189465881394777,0.3754927571847339,0.13725497807860385,0.31363719595269807,0.05217108102041397,0.2666819949889318,-0.03495685475682269,0.2439187170974583,-0.11289341338680713,0.2447741221121692,-0.003091532880690953,0.31972647331703435,-0.1572760020467153,0.306680404474885,-0.11131363294497525,0.3026416773261017,-0.053164598303125074,0.3074976544048051,-0.009165616753179402,0.36687267817831626,-0.1700014082451289,0.3499925944985964,-0.12604560819832972,0.3413942204805328,-0.06907903847465162,0.3463936789559345,-0.007763817215850675,0.4066241077441566,-0.1566672342417748,0.39309253258356147,-0.1197541317319584,0.3831505055496018,-0.06838025208643227,0.3856230464334697,-0.0028213628940735266,0.4372055224407563,-0.1280461227038876,0.42649468187194023,-0.10686262525424595,0.4179760451268825,-0.06567912340416204,0.4202758599981646,,,,,,,,,,,,,,,,,,,,,,,,,,,,,,,,,,,,,,,,,,
-0.007790015557143832,-0.31203361270171265,0.06578472047837713,-0.3650969133127509,0.10207788296699496,-0.36209277602750195,0.13240885039339018,-0.3590989533767088,-0.06460548868265971,-0.3699336920633733,-0.10759419432018848,-0.37021061757539286,-0.14603650059014378,-0.3695653923439464,0.19289723030990275,-0.3316759280577031,-0.19369616601785886,-0.34663102686268016,0.06241093808659837,-0.2494314054153145,-0.0980957613735084,-0.2528288441969864,0.499994841962152,0.0022711255453363834,-0.499994841962152,-0.0022711255453363834,0.7643936788975537,0.4400605373008625,-0.7220619706286221,0.398452198830939,0.2509403691668415,0.3787225454288501,-0.4206729485696933,0.3696582240540485,0.09606187242065518,0.3838762749578042,-0.2831025205559153,0.3907864073496323,0.06567619258540752,0.3147991680073755,-0.2691463716748631,0.33012806019578306,0.09561890371701574,0.30667885991646254,-0.28127380313625877,0.3160893942390846,0.2060995139509469,0.3838276167909149,0.14418704178598377,0.32476893490244846,0.05950097789855445,0.28195311150764607,-0.026662208912299222,0.25995715353067295,-0.09980967242704826,0.2606002485658731,0.016051028715904792,0.3365518351499023,-0.13695524976096365,0.3216144506084471,-0.0984260539072775,0.3161344647070327,-0.04731210709279172,0.3198522177347937,0.009803947934636919,0.38054509649095153,-0.14685348690839753,0.3606425608461362,-0.11205841295889135,0.35054700025693936,-0.062480001291215406,0.35520585156319934,0.009202559899627571,0.4172692313148743,-0.13838304182394726,0.39992786425166854,-0.10828617175346172,0.3880978754556122,-0.06049533108321103,0.3900081009105878,0.011721124556311014,0.4445211682406242,-0.11127550978057847,0.4335208348247075,-0.09800965659892093,0.42362125229017067,-0.061562110940241964,0.4240710600449167,-0.5711759101103782,0.41823903118490247,-0.47561463380760455,0.3790234636775386,-0.3673455036241132,0.35081114459148116,-0.2901209566095292,0.32716506933276535,-0.24216093351108517,0.30379053803765743,-0.35042501849294044,0.3874751854581398,-0.28081435344060846,0.40797484874547185,-0.2811489063668702,0.40904017109980795,-0.29578088803596037,0.40549328223411896,-0.38455031389637173,0.4177833934193771,-0.2896397564890482,0.44553514165386515,-0.29605971951304244,0.4453972394758149,-0.3238961150194231,0.44240352894061363,-0.42051352019799615,0.44621837407096937,-0.32158530055455037,0.47360215893280627,-0.3230866404458274,0.47345483904503555,-0.34643190957144665,0.4720612422375847,-0.458918716207029,0.47124122879834934,-0.37943851559879227,0.49500659504685823,-0.36592309310954135,0.4984471983314158,-0.37422424365020635,0.4994804556264654
-0.004436572870842996,-0.313648442146134,0.06851937330887269,-0.36627096615827576,0.10398738713331655,-0.3632357836608554,0.134153603405235,-0.3602299724562756,-0.06098312394207151,-0.37110740182005314,-0.10459323984685344,-0.3713920688369758,-0.14250901031190588,-0.37071798091459635,0.1940598730080845,-0.33274112262755223,-0.19101385775246815,-0.34779776309657906,0.06515998981101036,-0.2510283990983175,-0.09529571801089276,-0.2544545659920683,0.499999970113397,-0.0001728774194571623,-0.499999970113397,0.0001728774194571623,0.7648580043786897,0.435838045869369,-0.7074040702111501,0.402162686009477,0.2556580630920554,0.38458212455871127,-0.43559196357364943,0.4622224010737827,0.10084800913695977,0.3981083308182801,-0.34848028270188425,0.5014541841427649,0.06730990144018983,0.3297386617605588,-0.3000792957264998,0.4456393468004015,0.09718039458115056,0.3204546529528632,-0.3043472907777881,0.43001806277015026,0.2114590695175076,0.40250933427174773,0.14710422166746392,0.3461879258863239,0.05871550378569058,0.30829694791941065,-0.0279693440775699,0.29380316416489555,-0.09655220628370448,0.2886586091230908,0.021684445799281315,0.3653308614315378,-0.1334357377383935,0.35631957010337345,-0.09292289725429952,0.34889544536779643,-0.04036134938622987,0.35277736985121433,0.019852146173290577,0.40706646345674063,-0.1357333992551323,0.3925637454686618,-0.10144850131035846,0.3808873722684524,-0.052761953894694895,0.38530646754488646,0.020203708264021295,0.4406906748294805,-0.12317544055802701,0.4264305212826555,-0.09267240368075791,0.4143382595100569,-0.04671068582409648,0.41687826211221046,0.0211499552763343,0.4662769796208187,-0.10039437342776404,0.4564019712628858,-0.08175354180882884,0.44614971489272665,-0.04253046961757126,0.4468204524775197,,,,,,,,,,,,,,,,,,,,,,,,,,,,,,,,,,,,,,,,,,
-0.0034376906837310845,-0.3152582864909315,0.06909791769174606,-0.3676345576736902,0.10437829296077993,-0.3645350535791446,0.13462371860092334,-0.3614867966435413,-0.06008109730791616,-0.37243705286920853,-0.10402246573736157,-0.37272421559861924,-0.14178994713406007,-0.3720018427917423,0.19416175233346866,-0.3337958018300651,-0.19079495913542024,-0.34892465537724315,0.06619592171085815,-0.25219860158767343,-0.09454040153803615,-0.2556428795968459,0.4999978746267578,-0.0014578644398447105,-0.4999978746267578,0.0014578644398447105,0.7655995063207592,0.43154545900347524,-0.7098026268405836,0.4004756128369054,0.2551507840564579,0.4080785028920971,-0.4523732980789102,0.5083737705750581,0.10137067647366242,0.4317294575174989,-0.3913834848088346,0.582753830074122,0.06464589053962598,0.3809378288769356,-0.32455439830851757,0.5345538115716153,0.0946157650070689,0.36736838506602487,-0.32051904740296083,0.5049528273288898,0.2072667338759701,0.440478542199491,0.13867079271277408,0.38445814025264335,0.04936988284106247,0.3489225340351519,-0.03324991593891586,0.3311794054844154,-0.0916688858935126,0.340833075093968,0.038305744039967976,0.4124357395476115,-0.1250755578480166,0.40919924141380193,-0.08790484347647376,0.39479577521226206,-0.031952994374049984,0.3985757835197775,0.040820427614819396,0.45385527882884535,-0.12404715353207482,0.44993972792665476,-0.09247198134944239,0.4312000151913459,-0.04043612974754423,0.434340717982296,0.040687229661402986,0.4861316103974418,-0.10995708771212748,0.48302730537079486,-0.08220077789215621,0.4644443486510741,-0.03668637847722567,0.4646609488435534,0.03869004190724314,0.5092064531706821,-0.08591480129567405,0.5056803360166193,-0.06587079812297167,0.4925525779590324,-0.022735651337801092,0.4920849895022781,-0.5636940738069873,0.5198669787265123,-0.529605781143676,0.5787688331308375,-0.47489558706216073,0.6271099767072069,-0.43052861041945184,0.6615974166324324,-0.4026155445838925,0.6904382905089729,-0.3438247815154008,0.5970869570378979,-0.32251523031086693,0.6372993410196027,-0.3702322527140614,0.6485933663136431,-0.4132626721896724,0.6497192407162005,-0.32773864443713113,0.5696041886981196,-0.31162158042416205,0.6120582730224016,-0.3632433237199232,0.6248041895035559,-0.41176813086156505,0.6233473857347568,-0.3248504930046285,0.5401353975625567,-0.305165219944522,0.5796276417290596,-0.354599747894577,0.5926194105936363,-0.40190746292373586,0.5908816964721166,-0.3318519267521469,0.5087276997555527,-0.3066656787005682,0.5406369274927717,-0.33798327529348426,0.5565356049199214,-0.37328385913717727,0.5599266260776441
-0.003959811252155259,-0.3167169809893666,0.06856413602016266,-0.3690515042621211,0.10392500753443684,-0.3659382810507151,0.13423517177334054,-0.36287298107866794,-0.06052576665469011,-0.37384885511123056,-0.10440792633105345,-0.37413349010863495,-0.14209223713536437,-0.37340950289584934,0.1937730382712231,-0.33459067363249645,-0.1913472733698746,-0.3502507371121392,0.06580257331575388,-0.25338770483218087,-0.09501497141670906,-0.25696664362607463,0.4999971757338264,-0.001680552943858487,-0.4999971757338264,0.001680552943858487,0.7653339649978582,0.42830618798197384,-0.7107132015928911,0.3992778866140337,0.25925003517412964,0.45979678315399053,-0.49584695617983604,0.5532971456176748,0.10533533596545343,0.5058522449789026,-0.43819697486881926,0.6559516287631875,0.06776072357850949,0.45440368723378316,-0.36636707674833546,0.6212100729575514,0.09783786246239531,0.4390615480879759,-0.3622294803319851,0.5841125704897261,0.21849226962743779,0.4834768956931505,0.1450908467253666,0.4302079251074888,0.0496163595858071,0.39873654391488866,-0.033113450323034026,0.3874816203440544,-0.0906770804358587,0.39478941165496473,0.044541523126983174,0.4668784750792076,-0.11093129576136189,0.473492775784197,-0.09039836602513503,0.45495955212667333,-0.04285136319341638,0.45073515767540023,0.054182025590090555,0.5045182139196392,-0.10838454981519825,0.5072164375174828,-0.08767891768258711,0.48417976987041433,-0.03850319496776178,0.482306630295659,0.05769930091515891,0.5335905287055454,-0.0911481580591139,0.5363012637318462,-0.07281444700181167,0.514353090360566,-0.029140513241916834,0.5105686066705873,0.05561693004129118,0.5545500758103308,-0.06358536945842183,0.5564321521196985,-0.052333350326336625,0.5402803448180094,-0.014080439782312876,0.5362719959259906,,,,,,,,,,,,,,,,,,,,,,,,,,,,,,,,,,,,,,,,,,
-0.004234617936656575,-0.3201317921208542,0.06836098944444798,-0.3724831944747582,0.10377392005172568,-0.3693255458762614,0.13414145790332926,-0.3662268403498603,-0.060800729561499796,-0.3772702219618531,-0.1046693626232603,-0.3775628122400363,-0.14228846419275643,-0.3768580678429292,0.19367865827039654,-0.33737347955714203,-0.191944702963564,-0.35359591041656313,0.06563037054094481,-0.25625964756348724,-0.09539684564218277,-0.26018400348497556,0.49999607331213697,-0.001981583317496752,-0.49999607331213697,0.001981583317496752,0.7635903864959211,0.4255444861618536,-0.7080547160916061,0.3997576191217914,0.2652552327675076,0.4963285168091152,-0.5217604951058,0.6202369205337227,0.1135702138954683,0.559702721030675,-0.46399952799860544,0.7443166729992235,0.07308437630910934,0.50682575227112,-0.39104668309895463,0.7014600264959497,0.10286270713262843,0.4869195471753682,-0.3891400368939895,0.660628695266889,,,,,,,,,,,,,,,,,,,,,,,,,,,,,,,,,,,,,,,,,,,,,,,,,,,,,,,,,,,,,,,,,,,,,,,,,,,,,,,,,,,,
-0.0049670457715490345,-0.3210358408375738,0.06745426300166324,-0.373268533575721,0.10282563771093382,-0.37007671314603235,0.13316099929211073,-0.3669842950601894,-0.061321026698355714,-0.37801438121020664,-0.10500009190456558,-0.37833872324001333,-0.14240597570989635,-0.3776636808060768,0.19260449441606373,-0.3380118624699668,-0.19247728175354656,-0.3544520049498072,0.0650072900226567,-0.2569417679659896,-0.09562153660673559,-0.261241645309491,0.4999994297893086,-0.0007551227491470689,-0.4999994297893086,0.0007551227491470689,0.7539480703252742,0.42211674403796173,-0.7056632142701771,0.4003666177003046,0.2720781202650626,0.5616579777046325,-0.5422448674836042,0.6924236597301285,0.13765577224236583,0.6406826176859238,-0.4989281182363107,0.8161060870964162,0.08865778813619576,0.591224925661474,-0.41594994548260295,0.7801878878079673,0.11081892641245097,0.5652480776378649,-0.40935286880402433,0.7371569482212369,,,,,,,,,,,,,,,,,,,,,,,,,,,,,,,,,,,,,,,,,,,-0.5737111820240864,0.6915882332897173,-0.4717678238808035,0.7058074593567801,-0.39274106182700314,0.7420694343916976,-0.3579659894927801,0.7797125435659366,-0.35824599137595,0.8058059938895177,-0.4498967394101296,0.8091019075601773,-0.4167692888471559,0.8689253653512798,-0.4012313622477489,0.8487583051053859,-0.40825263005208706,0.8237855324426452,-0.49814395660019745,0.8212399389359805,-0.4543686163148921,0.8758855398049623,-0.4365330436283007,0.8559329205705107,-0.44505238293601257,0.830394336364037,-0.5435937237831826,0.825860695980458,-0.49608431769810885,0.8766443482589936,-0.4788869303966123,0.858301823618789,-0.48492489681306544,0.8333676950133186,-0.5822653679961578,0.8243245388599479,-0.5440458369156405,0.8706576466468384,-0.5263483106301651,0.860928726008959,-0.5289259586005194,0.8415740844699567
-0.007815820303951277,-0.3202605564228215,0.06415387008662553,-0.37215676784128554,0.09941473917598262,-0.36897425019778085,0.12962732743338687,-0.36588949210210786,-0.06373994727387425,-0.3768831087077652,-0.10706964504239493,-0.3772096033794442,-0.1441445091960074,-0.376534173776243,0.18873319441404773,-0.33694089036201014,-0.19422994717167874,-0.35344281312640585,0.06185141055439715,-0.25652088687493535,-0.09788569097557774,-0.2609286204877997,0.49999937252956894,-0.0007921300634253836,-0.49999937252956894,0.0007921300634253836,0.7464211982067052,0.4148984641476773,-0.7022800961911809,0.3988045764050839,0.3001790789422498,0.6251432582457195,-0.570929367910876,0.7218447811529874,0.17853776229835766,0.7160707467687791,-0.5416150565895712,0.8460769479952117,0.12098405032031646,0.6698684735595385,-0.4637056960354484,0.8198336195605672,0.13570286115034,0.6441506026944898,-0.4541073747942989,0.7808168952977512,,,,,,,,,,,,,,,,,,,,,,,,,,,,,,,,,,,,,,,,,,,-0.6058927369217177,0.7284028915469647,-0.5029329365972884,0.7470878516686806,-0.4245866575185948,0.785088987537999,-0.3832257037349314,0.826712559016065,-0.3756333417610524,0.8560426451734972,-0.520265371156673,0.8432685828029539,-0.47047021238382486,0.9008893933797343,-0.4408110764756227,0.899727165664489,-0.4398310370086093,0.8880906689414426,-0.5684594951529857,0.8575019286056766,-0.5108938965026514,0.9128567172998748,-0.48016873716150194,0.909311822787021,-0.4780555756628023,0.8949993806228709,-0.60130425923576,0.864950983969666,-0.5468191972460785,0.9175089608727138,-0.5188919606000322,0.9128662710738675,-0.5157774302784286,0.8983167620062253,-0.6194832026070514,0.8667422055028923,-0.5758404521046786,0.9128764913902317,-0.552408932664545,0.9117626990873213,-0.5487438383440163,0.8992392566484922
-0.0068738777359322765,-0.3202148930515791,0.06497065879467245,-0.3719980240079542,0.1001460123280089,-0.36880000248688444,0.13030160650095612,-0.3656651895467991,-0.06231279341040116,-0.3767671668893525,-0.10550432571953047,-0.377145753021775,-0.14240848938891454,-0.3764504586309464,0.18909667604120317,-0.33648533625820615,-0.19309522869582826,-0.3534588363129757,0.06244408983125301,-0.25660089001087755,-0.0968140329721511,-0.2610578712160107,0.4999970638851199,-0.0017135070059145553,-0.4999970638851199,0.0017135070059145553,0.7257894261707059,0.4136904040252793,-0.6872481602538253,0.42126722771710673,0.36202093762242876,0.7215576671199224,-0.5929988431781789,0.7975479103173739,0.28369840867889945,0.8430620807470623,-0.5862569272165825,0.9269170239104387,0.2049422910482665,0.8007311831695473,-0.5191185467708864,0.9180456441231514,0.20283422942631232,0.7632990615105723,-0.5014372215013386,0.8820881675693183,,,,,,,,,,,,,,,,,,,,,,,,,,,,,,,,,,,,,,,,,,,-0.6475403078949163,0.7679359099408927,-0.5452350017266817,0.8106254330463089,-0.4840428853679096,0.8651256458470354,-0.45415709203274324,0.9147918438016691,-0.4387285427679298,0.9553633249828704,-0.5877829154322433,0.9009584795148572,-0.5645365736221302,0.9609829005091276,-0.5296617380790881,0.9858354056297292,-0.5040363139945192,0.9973699736291601,-0.631160857609153,0.9087843671942127,-0.6048232835121595,0.965962405983732,-0.5639180166664616,0.9904137029534534,-0.5337171784565992,0.9995844918085618,-0.6565668259362339,0.9121277684515466,-0.6318267655544363,0.96801191649909,-0.5900747255080416,0.9892899209188988,-0.5550259000289214,0.9942900523515087,-0.6672746922317371,0.9122233575687547,-0.6434639088826578,0.9622348739816086,-0.6128115174416224,0.983527737962561,-0.5827397578076651,0.9909082823765947
-0.006115432542723791,-0.31898868125480173,0.06540984102559518,-0.37052371421270186,0.100424357261688,-0.36735381300091446,0.13049014224095956,-0.36419241818047393,-0.06108318106324574,-0.375357222532188,-0.10406398803200753,-0.3757570229254918,-0.140648872488828,-0.3750641386848725,0.18895711083826994,-0.3349866625081573,-0.19178929726632438,-0.35222978060399057,0.06279042485382784,-0.25565506255353687,-0.0958074857400103,-0.2600963930901469,0.4999969560335561,-0.001744694007031393,-0.4999969560335561,0.001744694007031393,0.7143690652366472,0.41405379102271994,-0.6807278340763099,0.4278754617626506,0.3793122526180318,0.7336433328299338,-0.5943825487472572,0.8082660375746692,0.30987093445708574,0.8535293192397696,-0.5918747099165335,0.9377370699432256,0.23012274227169752,0.809784815084241,-0.5271443859451553,0.9295974476777868,0.22516738265798258,0.7719145817531212,-0.5071792226183176,0.8939817394714373,0.36932398161494584,0.7582641435662772,0.33160995656128706,0.7899253740498575,0.26817525541739357,0.831581945783877,0.20010843753096688,0.8632184304017209,0.14721348668371345,0.8815509189530304,0.29714736150920795,0.8780489370608696,0.18398628505846973,0.9222901260929646,0.17554242121161115,0.8969189853562566,0.20009871594085615,0.8720599956622002,0.27810121986567893,0.8760288348249058,0.1686809671005037,0.9141007911508233,0.16091076525927278,0.8889461767393088,0.1895602913155948,0.8649353957824136,0.2547753691211307,0.8655025621872828,0.15695429902943536,0.9015809297048113,0.1529987165805171,0.8813136237762367,0.1822399339622149,0.8605525052590829,0.23231915880103318,0.8509115601572257,0.15535951636081602,0.8828803464006727,0.15003407348720396,0.8690308365617886,0.17058264269330042,0.8512926906786124,-0.6535426225304166,0.8028780672010268,-0.5539707824378708,0.8257370606750302,-0.49251895425872155,0.8730913679948568,-0.4588428137520775,0.9219034719408332,-0.4410496525066837,0.9573908109686753,-0.6016419252172152,0.9310234281908472,-0.5543022002825547,0.9957294481869484,-0.4988646117308858,0.9851079481552862,-0.48605696912307317,0.9621725076317758,-0.644565065481002,0.9388371562423465,-0.5952676553377932,1.001713970681022,-0.5361585094301002,0.9939948071878725,-0.5152391941284172,0.9729325403225159,-0.6671026941182768,0.9400914623118606,-0.6184842486662107,1.000589801351854,-0.5660836627706108,0.9934084185480117,-0.5467067661180872,0.9725580381580229,-0.6741850934591735,0.9371802879641564,-0.629144303640471,0.9884437792346455,-0.5833620216305955,0.9882389630066308,-0.5622121499816274,0.9727502605079397
-0.00608537449840696,-0.3189177623834437,0.0653554695876178,-0.37039543465574426,0.10033903306511044,-0.3672691940910677,0.1303795956441256,-0.36410542627769776,-0.060852199744417516,-0.375270665758052,-0.1036377885995155,-0.37568622485020026,-0.1398917598195384,-0.3749936263632865,0.18862034037653042,-0.33485459153515557,-0.19164801672625656,-0.35228070058868854,0.06243055167475487,-0.2558101749925567,-0.09565243157461713,-0.2601496494326367,0.4999978299420048,-0.0014731100726047173,-0.4999978299420048,0.0014731100726047173,0.704367694349563,0.4144311223893738,-0.6749499737245963,0.4357313679991893,0.42012417157754406,0.7732913982294822,-0.6127890663691292,0.8130464410040716,0.36174060255158286,0.9057144629392209,-0.617959327870723,0.9471405720232723,0.27828861064995175,0.8771952991719378,-0.5554133247191058,0.9415304690921404,0.270349390066094,0.8404422155442935,-0.5325024978947809,0.9091468817035308,0.41570942189155574,0.8014964368503499,0.312606617334442,0.8070442886983552,0.2227465165956412,0.8394340570455732,0.17210239074137615,0.8725112362894444,0.15278512910222078,0.9022723312399551,0.29247965011759747,0.9091373895170966,0.21357088354159892,0.9486469599355272,0.2052526377459385,0.9313389513411173,0.22448756018649024,0.9131541296184138,0.33774899096489,0.9255582098026915,0.26367814899102754,0.9682119014160586,0.24766438897949433,0.9511149284084183,0.2654902736058722,0.9317811106301335,0.3751040558112797,0.9347881469930783,0.3077338144658732,0.9762409666482585,0.2896116853233397,0.9593080097922604,0.3054473012778405,0.9402485824264804,0.4041137227938367,0.9392666930018454,0.35070273496826426,0.9763334602788616,0.331702247457785,0.9665176565118153,0.3399915751970993,0.950299704117686,-0.6634440089009588,0.8309891015984423,-0.5719063297713051,0.8548405378738395,-0.5299176430796361,0.9085009715289619,-0.49997785220078866,0.9613004859493548,-0.47244278534335793,0.9975072169857284,-0.6449081970287117,0.9697754631954403,-0.5903628929242527,1.0286844137031081,-0.5299465611359822,1.0164063809247357,-0.5102923268784127,0.9931291115543465,-0.6833592782854685,0.9703507338430569,-0.6224172338927088,1.0259740633533625,-0.5600987120927295,1.0158379534812925,-0.5360180284775204,0.9954001723458585,-0.6970136780967996,0.9641340139742234,-0.6381112396705225,1.018301506983749,-0.5809257832462266,1.009484590277511,-0.5586591006082967,0.9897737340241188,-0.6961466882777226,0.9574309851120284,-0.6439652697181611,1.0073327336877307,-0.595231170448126,1.0064592317872627,-0.5710640637866614,0.9916761447843493
-0.0059448782547814084,-0.32011486472846495,0.06556449190596289,-0.37154032393052766,0.10047616742650071,-0.3684491417364552,0.13056241605695923,-0.3652442928521577,-0.06041605297482651,-0.37643880649917877,-0.10312316668061593,-0.37686654639365685,-0.13917272301951372,-0.3761524326534175,0.18863241061674216,-0.3359256806267532,-0.19159524877126918,-0.353395368066268,0.06226705432933641,-0.2573942471983275,-0.0955202997326874,-0.26146837037282206,0.49999990621832296,-0.000306237927548142,-0.49999990621832296,0.000306237927548142,0.6813011463835775,0.4239894454806756,-0.670773183036517,0.4396222571349512,0.47196903827275966,0.7986300007980897,-0.6355306601982174,0.8236677930424059,0.42635978221790316,0.9406255201955328,-0.6447041138794306,0.9569544575604295,0.34484112195675654,0.9244508605325144,-0.5860442664465865,0.9546862001323846,0.33446677417551485,0.8915811022636606,-0.5649534672533285,0.9236995568169296,0.4728337879665496,0.8426417432532392,0.3604472274566297,0.8553382021953703,0.2768574056011683,0.8964590586144653,0.2398265636219973,0.9386671424433636,0.24436175420596792,0.9734595231171701,0.3605962080700315,0.9657407823588179,0.2889714055229033,1.007327341139806,0.2791567834240126,0.9854766304621889,0.29853618161531864,0.964423793736346,0.4136880430219958,0.9786760517064316,0.3440405994607442,1.022364671764514,0.3252502816504299,1.0035344050786061,0.3448934307054621,0.9824762712642866,0.4546120243193806,0.9832790008804976,0.39436647137989167,1.0266177923871105,0.37710105291475227,1.0101058847577544,0.39537887741496436,0.9905371156534133,0.48462907973161473,0.9834001717793976,0.43738191977741786,1.0233671457586933,0.4200575712029773,1.014251077202642,0.43144940139574833,0.9974224478247948,-0.6733552929567951,0.8472647772211119,-0.5898449274284813,0.8765534829678261,-0.5573691401150678,0.9335382365259843,-0.5388051624811143,0.9864261335716031,-0.5256231370953033,1.0238171775671767,-0.6758850941283675,0.9870657570051414,-0.6286111176637583,1.0488929322789078,-0.5729644307259681,1.0392169173284858,-0.5561214550668302,1.0165623734745586,-0.7065087765271718,0.9859714668107028,-0.6493443633848519,1.0406658917388307,-0.5943225121752699,1.0307342922694172,-0.576095892863664,1.011364384694965,-0.7151599152133994,0.980476178940365,-0.6573526783132533,1.0330054189537201,-0.6062679984698459,1.025099955826571,-0.590412598743547,1.005491458558656,-0.7100512044458368,0.9747950515493098,-0.6605822469437744,1.024253525230429,-0.6170901709393725,1.021205933660278,-0.5992765038169143,1.0026118288356143
-0.0016869893733695621,-0.3219480426637265,0.07022621296367762,-0.3734089767920454,0.10436534274877397,-0.37030744757455913,0.13481254397167958,-0.36700834551238976,-0.055851656527699606,-0.3783916998811546,-0.09913402464938981,-0.378816221968892,-0.1351031052653417,-0.3781373621163109,0.19174687539197377,-0.3375134476096089,-0.1888504287751453,-0.35515596270797956,0.06535978065458596,-0.25947913152778207,-0.0923489601263903,-0.2633441157901509,0.49999850362798226,0.0012232619419415374,-0.49999850362798226,-0.0012232619419415374,0.6610604608891798,0.4390789214121387,-0.6669004005352656,0.4452042317852571,0.5205074263192833,0.8319513634699996,-0.6517047406335416,0.840140531485063,0.49462726110477834,0.9614239739746339,-0.6664621841866334,0.9688385327484407,0.41298296115095356,0.9513847554877243,-0.6111225715350509,0.9664952680092075,0.39800718248666067,0.9220439180200094,-0.5914124439167481,0.9350134874632208,0.5411791340150912,0.8770986911378973,0.4290233581622258,0.888307443680254,0.3475860182480524,0.9337103239264618,0.3119427285162903,0.9817215191227691,0.30790932693243356,1.0198644532181753,0.4404664592660234,0.9967403684463276,0.36845607185165863,1.0491489675160812,0.34468548544047306,1.0248995237239307,0.35986491101678153,0.9995764057025962,0.49690514679199776,1.0107476094650802,0.42552756675607606,1.0621286972173756,0.3955424364007806,1.0403985556795086,0.41222447579752475,1.0165738548502712,0.5379978688591694,1.0163297877810986,0.4757554652159277,1.0653925696890174,0.4477465050578156,1.0456920501408584,0.46223061558095163,1.0238417525073986,0.5644918461870053,1.0179598465779258,0.5109260820716451,1.0618735863894169,0.48677139372987926,1.0498911081065065,0.4965013869707782,1.030777895650592,-0.6902646870607106,0.8521989908284217,-0.603766875995574,0.883513568866387,-0.5756949664123812,0.9389934372545528,-0.5608164832629937,0.9925269535942577,-0.5563199064356483,1.031777576695909,-0.6976487650602679,0.9919484815090421,-0.6423105880973277,1.0548828870778204,-0.590878036429089,1.0376263513490236,-0.5863687592791396,1.0093766372493747,-0.7299774914675601,0.9925967501497858,-0.6684891556742327,1.0502953096780776,-0.6167225303027148,1.0337504337654566,-0.6120536708383064,1.0095626141473326,-0.7394522634429125,0.9887694251048775,-0.6792462184822383,1.0450983376685181,-0.6311495445929268,1.0310908757745898,-0.6274461305215986,1.0068993012784784,-0.7335449568682315,0.9853946732950234,-0.6803952111463434,1.036530147851916,-0.6423624937636223,1.0274437848730706,-0.6386087201522295,1.0044215235572307
0.0029432834651943554,-0.3241623513956274,0.07535786543469077,-0.375850785245144,0.10927564005734818,-0.37273951070831035,0.1400265499668897,-0.36940720696757606,-0.051222741294912805,-0.3809326815998866,-0.09502713445469407,-0.38138627968499983,-0.13115386961512912,-0.3807489344303788,0.19657829205283356,-0.33974857189899715,-0.18598453540503776,-0.35754963373723625,0.06969521262753067,-0.26153341578677414,-0.08865678874468358,-0.2653298586640125,0.49999613170737395,0.001966793751877499,-0.49999613170737395,-0.001966793751877499,0.6469481524380466,0.4505356877673563,-0.6650656677348823,0.4481218979572893,0.5765860796120006,0.8609900262469588,-0.6581379778023855,0.8397128585353272,0.5623101672757302,0.986025314842665,-0.672847959539087,0.9694769737434006,0.48822344168033927,0.9794769918018028,-0.6202130502331086,0.9674593055487578,0.4757102150534891,0.9489612028174949,-0.6015181072369261,0.9363248123270254,0.6118784073360237,0.8944826081440403,0.496306541803708,0.9063789058684371,0.4213032995294923,0.9572802005751471,0.37811117501786534,1.0057195495106992,0.35970649928945597,1.0463405451504464,0.524458028440268,1.0281007536574769,0.44621369025945773,1.0758621465509444,0.41645441588970517,1.050860991820582,0.4316162203765489,1.026239980690904,0.5777606856122474,1.0392516326108874,0.5017062231182755,1.0892472845654706,0.46394285103136773,1.0671687750312637,0.47932746005708315,1.0450833860740438,0.6139011796187084,1.040654147238048,0.5452649543014323,1.091306673131934,0.5062277793727681,1.0723392162176895,0.5174612114023345,1.052931698147486,0.6344557859971066,1.0384209977612893,0.5705290805243873,1.086554989081814,0.5384223694891122,1.0760403457986674,0.546530324302076,1.0587030902216252,-0.702065534825786,0.8566588746681155,-0.6106882671547799,0.8883266341317888,-0.5810994249422519,0.944213069437317,-0.5638879962312857,0.9978596977599449,-0.5564614371719129,1.0376014587552602,-0.7011124018631826,0.9971249309987854,-0.6495467990019782,1.0616570256966462,-0.5977505135529679,1.0455034747115777,-0.5918142372433888,1.0181575463181494,-0.7380385925527863,0.9953538124482526,-0.6822321582793928,1.0561321832666168,-0.6260355941461024,1.040706519619695,-0.6187502851753669,1.0184480355027938,-0.7510678868640449,0.9892315698004519,-0.6974322434265506,1.0478551277976567,-0.6443724742703033,1.0360136435404923,-0.6371430883511571,1.0129314039970059,-0.747219959272645,0.9840728902082096,-0.7004042651265895,1.038179552205221,-0.6568309983883569,1.0319951728334322,-0.6468982211419847,1.0105972823437666
0.007557766680284739,-0.32546443117472446,0.08037516490107756,-0.3774373272388847,0.11419286244530497,-0.3743106295993692,0.14522150374096596,-0.37095563906960866,-0.04673800396311438,-0.3826046017976585,-0.0910769241368054,-0.38309867849267576,-0.12740305397116009,-0.38250161336281185,0.20159578853856155,-0.3411665411354985,-0.18325369334650723,-0.35917791290297485,0.07418648608164695,-0.2626261994441915,-0.08491178871905697,-0.26637986568111033,0.4999942341870116,0.0024012038113757875,-0.4999942341870116,-0.0024012038113757875,0.6428881769844228,0.4544909756410294,-0.6636850344371772,0.44938707858062277,0.6296534378359606,0.8712660912678396,-0.6641685110224325,0.8391555692958264,0.6347941563302778,0.9954810785429666,-0.6792239027076147,0.9701314181573327,0.5587090232200821,0.9930968349072102,-0.6289408872997411,0.9685809010493923,0.5415022555736015,0.9616281216862674,-0.611015990111903,0.9369934665991138,0.6631165338136197,0.9065434797163615,0.5371437135996256,0.9222610993114191,0.46636109013274774,0.975984017707253,0.42991501168792706,1.0298182930456405,0.40787080026642863,1.0716494504098208,0.5796816193346821,1.0472384018485963,0.49532125948346056,1.0956342629785054,0.46447940327981835,1.0677644543919544,0.48049404910842064,1.041923172073564,0.6368030445003526,1.0580592170539682,0.5521885051750459,1.1091405880970833,0.5132327670589676,1.0868288075891683,0.5286100673406099,1.0644331188439788,0.675679114423061,1.0577588434173406,0.5973538991698736,1.1102039464763773,0.5571477944222767,1.0919534585486883,0.5685961361255657,1.0715903129553583,0.6978145983686163,1.0539204878824278,0.6272080483038922,1.103164804113717,0.593287920225332,1.0924607016958312,0.6009213382152874,1.0736799851198309,-0.7091598400569559,0.8566247733439962,-0.6128481353992073,0.8893900473589998,-0.5844797869135289,0.9481851740660568,-0.5668207851105657,1.0039080542237449,-0.5555756307744011,1.0459047964604196,-0.6977439681635698,1.0055739451579382,-0.6413924457069371,1.0678231455260057,-0.5938065445429563,1.0466037342241026,-0.5949997821618621,1.0191278034002913,-0.7386397495263206,1.0029085196632288,-0.6769166493427621,1.0612682608093198,-0.6264795418129782,1.04199257489748,-0.6263512246948052,1.0196171937309926,-0.7532096561843981,0.9944784197395734,-0.6962709992270469,1.0505326928024559,-0.6488320490583999,1.0366708734764878,-0.648153418873419,1.0143827479503578,-0.7498739690124149,0.9884707238468181,-0.6998973525667176,1.039798017436414,-0.6604626010694945,1.0308528637584229,-0.6590783383146651,1.0098590674242984
0.010626950810972924,-0.32610912235473843,0.08381804319639603,-0.3782313130589621,0.11782056111107714,-0.37509719641572853,0.1490260908373112,-0.3717759482375252,-0.0439546508702327,-0.38370277886260273,-0.0885697032875872,-0.38423163860831444,-0.12508121979223383,-0.38363692382002046,0.20501589097591474,-0.34205210087480725,-0.18186823617034262,-0.360229102330039,0.07744076203703279,-0.2630463560157961,-0.08244888657003496,-0.26686875321480863,0.499989265267939,0.0032763725103448806,-0.499989265267939,-0.0032763725103448806,0.6428386130866294,0.46042805447021745,-0.6645907468109735,0.45140243577218825,0.6665340876075834,0.884850004645044,-0.6720008414660988,0.8400703707158187,0.6818631669913487,1.0077617663692462,-0.6865699514146815,0.9741261070393079,0.6015761096258094,1.007526617869668,-0.6356355074495011,0.973423578458984,0.5798650371375557,0.9743706794291365,-0.6173888365199192,0.9416733703141181,0.6879882468973475,0.9104755816405896,0.5612470200564451,0.9362436388815859,0.5025415688773879,0.9940179199525804,0.47162335561461755,1.046866423341093,0.448478056781608,1.0869462285755036,0.6187652854423072,1.0637241923504561,0.5396212113371224,1.1086573010637575,0.511806599263442,1.0796283534178275,0.5282456782916859,1.0531557481914537,0.6749231449570406,1.0697458338420414,0.5963240858379966,1.1187164063925665,0.5599655953607473,1.0957402888273833,0.5755688650751277,1.0706612974663534,0.711608779052978,1.0657590795094973,0.6406426222799765,1.1179609245241697,0.6031079405481573,1.099179335633715,0.6152880943182958,1.0761637274808165,0.7311633513222943,1.0587198822492219,0.6701723823792066,1.1077054881484798,0.64019453873641,1.0964324960040999,0.6480264646694046,1.0758614898577898,-0.709926390264965,0.8587402191933058,-0.6164606955194369,0.8914619855473069,-0.5859009266536859,0.9498528582946765,-0.5671816027523848,1.007059013410583,-0.5576613420053859,1.0508706791841018,-0.6989319638288163,1.007267012131107,-0.6408075403593563,1.0729147291278651,-0.5919116857958153,1.0508181746527074,-0.5921846420455642,1.0213963405346769,-0.735080772747997,1.0068801838741672,-0.6688868066842318,1.0654036642200584,-0.619248820763482,1.045318437178316,-0.6178995216201482,1.0214632052797858,-0.7461614726556036,1.00098284798255,-0.6836799584045978,1.0565678695970704,-0.6388446786472279,1.0406466557759129,-0.6380081961983466,1.017303006490969,-0.7409644215609174,0.9969249657164503,-0.6865576106060204,1.0472341794391928,-0.6496234774993169,1.0361083794853885,-0.6490290992785318,1.0143077800397573
0.010998325813907943,-0.3260009007211402,0.08421026459430019,-0.378146568999444,0.11820222323389225,-0.3750176560904272,0.1494323268178331,-0.37170291383100573,-0.04362282282063126,-0.38363302346803246,-0.08849769333277188,-0.38417210812947195,-0.12494100593346831,-0.38361372235192764,0.205160035370452,-0.34213820480585405,-0.1821239288677581,-0.3601915935271372,0.07776189636262698,-0.2629247410747736,-0.08228823252079158,-0.2667723961271127,0.4999883992085919,0.003405973697754158,-0.4999883992085919,-0.003405973697754158,0.6455156725968324,0.4655498778274931,-0.6630782294469381,0.4508029273970746,0.6879525428270342,0.8949826543596195,-0.6718400384321992,0.843364288084668,0.7035949752720836,1.0138719187757896,-0.6850058683631001,0.9744868692059767,0.6234856928789982,1.014854480244475,-0.6347430688471387,0.9745928009129707,0.6005647197781855,0.9804105163974978,-0.6161303966219808,0.9415793639735769,0.706962346737628,0.9066034972758038,0.5802590479095768,0.9367341105365173,0.5177526078356766,0.9903218639489092,0.48300790566799623,1.046143833766226,0.4550338554846232,1.089897892954791,0.6448998323341388,1.0628242622808663,0.5488722910809712,1.1085070864904185,0.5295469363652217,1.0735608447615506,0.557866386754238,1.0460087259534923,0.6979664556117002,1.0699869962400008,0.600494023829662,1.116355683366022,0.5738622989419049,1.089360154882847,0.5992594256937009,1.0664578096033914,0.7278333617628421,1.0671728486256005,0.6410728249874003,1.1151704601782362,0.6150208068775358,1.0924669612809765,0.6355488904445152,1.0704468565527774,0.7420084605207593,1.0606739832878391,0.6709801288234126,1.1065848299853271,0.6500197900283181,1.0903644862150461,0.6642536898608804,1.069426590578213,-0.7127296773318582,0.8557001700230613,-0.6226453088178991,0.8892576291187121,-0.5906101691471208,0.9481031412170084,-0.5703836094113838,1.0060533957322564,-0.5595672415030803,1.0506468290397988,-0.7005882653598001,1.0067446450067083,-0.6383425025691064,1.0720189997889904,-0.589207583971573,1.0494990859263094,-0.5908482910562746,1.0197980347147195,-0.7330602611061371,1.0064192192119177,-0.664929116708758,1.0644778741815684,-0.6155537196704535,1.043506313807343,-0.6139981843713539,1.018935993005898,-0.7421266237490057,1.0000276321706458,-0.6791809710679294,1.0550838414280828,-0.6355185921808624,1.0384388731034955,-0.635001838461893,1.0147151082316714,-0.7368518082628226,0.9954575318538715,-0.6796564293756977,1.0439387934670408,-0.6441171271897715,1.031780661342078,-0.6457463882637599,1.010564021679638
0.0111130613600695,-0.3260542037833472,0.08452188778704435,-0.37824406166562924,0.1186049823554504,-0.3751160213836597,0.14994625466255587,-0.37179739896122044,-0.04362556592584229,-0.3837428674074192,-0.08866887430382918,-0.3842857513597059,-0.12507871064374443,-0.38373388298123323,0.20546327017215385,-0.3423130952414257,-0.18235465218989885,-0.3602902582075692,0.07808847711125982,-0.2629235609131115,-0.08249848270463866,-0.26681056059714003,0.499988932515082,0.0033267645586702787,-0.499988932515082,-0.0033267645586702787,0.6474453780708535,0.46731072143884184,-0.6611752658629113,0.4508382252481921,0.6979625604079642,0.895256460307215,-0.6713736003319227,0.8461044615290609,0.7077261609549025,1.0143526661643827,-0.6822985502687237,0.9767431843179871,0.6277423068343869,1.015526930666888,-0.6314119957100426,0.9767620516129777,0.6068901274887359,0.9814692171024572,-0.6135281584709057,0.9427521801179872,0.7107330237886889,0.901837103267122,0.5859593344139579,0.9332405927255651,0.5249434008572426,0.987935982460457,0.48859196328753607,1.0430585816604914,0.46297826267398057,1.0876123511166707,0.6483842506072863,1.0612956191540637,0.5558664481253915,1.1075326208561829,0.5332423153252145,1.0735723883158699,0.5585918738089027,1.0449343052374653,0.7002800931426328,1.0675141897386764,0.6070046789226069,1.1148032677471715,0.5771986204400275,1.0881761238598398,0.5998101750435442,1.0640789943864744,0.7293914308703828,1.0630996919322047,0.6457152021980921,1.1122685365094573,0.6178944772919553,1.0902281668007132,0.636795014659361,1.0677830486922915,0.7423936924467053,1.0553185050231988,0.6739090054016008,1.101627157524151,0.6516986054272873,1.085639146515579,0.6638583524380212,1.0648071821288465,-0.7100084298167911,0.8564113952495951,-0.6230304245211598,0.891277257949453,-0.5899124819357805,0.9495861838963382,-0.5700084964687304,1.0076197371806237,-0.5585954675793772,1.0527689494822776,-0.7036495898783501,1.007801896421544,-0.6341466304303943,1.0735240970251203,-0.5847292541637724,1.0496551719768783,-0.5892705446847937,1.0197033411794316,-0.7293459472128164,1.0088921565392104,-0.6573266746008277,1.066151476896921,-0.6083348232194384,1.043663008932152,-0.6082794566930675,1.0185903953856459,-0.7338643274470634,1.004031357361951,-0.6660159623865797,1.057242519890922,-0.6232572812823552,1.0388659991808127,-0.6245538462863167,1.0149654040302654,-0.7261727601892625,1.0007558601852045,-0.6632054092649565,1.0469371584449705,-0.6293633219289888,1.031837257964881,-0.6339840123164284,1.0094936638723606
0.011453775697682184,-0.3261871143287007,0.08493092915582158,-0.3784597383920959,0.11904960175099114,-0.3753172024487771,0.15054859504848744,-0.3719747870997482,-0.04334218534016154,-0.3839539488506285,-0.0884926722441871,-0.384491869523476,-0.1249443579477381,-0.3839396717502206,0.20590934468829272,-0.34254642303384625,-0.18253975484665805,-0.3604123592954187,0.07855659728710646,-0.26293202750825306,-0.0823123740392828,-0.26685530724946654,0.49999063274310607,0.0030605831386153817,-0.49999063274310607,-0.0030605831386153817,0.650943427118495,0.4686419986723462,-0.660658150810197,0.4512680040752211,0.6947158927878778,0.8933834874440925,-0.6717857453517104,0.8518222860662271,0.7022501547511469,1.0138332005890187,-0.6808111211717508,0.9812865828923028,0.6222030619068933,1.0144490270144857,-0.6296459279439295,0.9814396963628186,0.6010565402586882,0.9802469401791378,-0.612547245306638,0.9464295481280083,0.7085619821487852,0.897008746766556,0.586603393085163,0.93181946526811,0.527615585433079,0.9859382195905444,0.48950247243088346,1.040985997202511,0.4642549380041039,1.0867035210707672,0.650642146574455,1.0592195406950577,0.5590793918610661,1.1048599457374886,0.5335206840962632,1.0727818867376229,0.5567217591858397,1.0440428705433826,0.6992508394843606,1.0651979359682098,0.6067244367024975,1.1107270470783275,0.5743826448084833,1.0853733899524531,0.5953041053935662,1.0605930652051625,0.7261046039160819,1.0603673296333593,0.6430312154578144,1.1076521868393043,0.6131947736400971,1.0864031398716347,0.6305404388726333,1.0627411505169224,0.7381976452158847,1.0526644404999186,0.6701691728803316,1.097557040251695,0.6458095167135625,1.083439348728698,0.6559219756906427,1.0627310328867121,-0.7110031414823034,0.8590907916093058,-0.6235534282856279,0.8932823111419895,-0.5919231306316246,0.9517795261469874,-0.5725692282204575,1.010277415660666,-0.5600586660473096,1.055519186072811,-0.7033689398161791,1.0105492426589826,-0.6328909892067126,1.0755833461247413,-0.584098267845093,1.0532672264242255,-0.5878802380177026,1.0240785377761943,-0.72712772116657,1.0120803773641411,-0.6554629725334354,1.0689126801089777,-0.6063259144903252,1.0478907177304728,-0.6043980562628095,1.0237761330510198,-0.7304186490196398,1.007681681421157,-0.6633944076915156,1.0610861310507445,-0.6210355997987383,1.0436476084565003,-0.620918010452072,1.020448556892966,-0.721934453997737,1.004660332204135,-0.6603518114510518,1.0513999615598582,-0.6273113409819597,1.0379185565589755,-0.6304624207019006,1.0169480816764294
0.012279094367964512,-0.32628664920370154,0.08591298192046265,-0.37868830699397754,0.12011516709102729,-0.3755447822111648,0.15177341508208228,-0.37220214611562197,-0.042663232787407364,-0.384185897670533,-0.08795040786583447,-0.38472903096275646,-0.12451037747757823,-0.38416809371614064,0.20703260755233638,-0.34276758949152497,-0.18260772310783896,-0.3605717692504231,0.07961826989345308,-0.262862428029192,-0.08172285505919111,-0.26679969366478945,0.49999419804743744,0.0024087172727320313,-0.49999419804743744,-0.0024087172727320313,0.6539057779054409,0.46976905570171396,-0.6585806681325101,0.4529765462120237,0.6900577214484832,0.8893460595731538,-0.6706890473681679,0.8551435363528223,0.691347944725653,1.0127378303719141,-0.6791742092017193,0.9848257372148775,0.6124403681255719,1.0126871229068726,-0.6287809050768579,0.9853062186169608,0.5923922140136991,0.9782563034105981,-0.6120602875042712,0.9504179051027554,0.7018727861696892,0.8947021200806154,0.5856992793612295,0.9298399143228255,0.527652753879266,0.9865813423378738,0.4880416597543409,1.042641487389274,0.4620611829656226,1.0893626695790777,0.6498829856788066,1.0586380023610666,0.5607363323710128,1.1038167761475604,0.5346023809881019,1.0712963885675424,0.5569046509459576,1.042812089838325,0.6955420155008721,1.0631455579534985,0.6040986520764604,1.10836219331389,0.5714468758203569,1.0824840329213001,0.5912870166423034,1.057004771253704,0.7197044606429653,1.0577523119716732,0.637004641757306,1.1040367338625852,0.6062569871551426,1.0825153588663703,0.6214054479449282,1.0589674882005813,0.7287148391310921,1.0502149290013771,0.6595687876012877,1.0945490291035334,0.6352977158007498,1.0804951734591126,0.6439260980522298,1.0607663636937463,-0.7028218045487568,0.8643925779764116,-0.6188261282231451,0.9010225238899128,-0.5911289220346292,0.9586762355426872,-0.5731625910708537,1.0165093389384534,-0.5593781610906873,1.0617651880718104,-0.7034492249162049,1.013894862040908,-0.6295747586128982,1.080254031292026,-0.5814945036767237,1.058610282280177,-0.5864934709470367,1.0297973991774902,-0.7261643663227549,1.0156527208290171,-0.6533555455681116,1.0751028289433324,-0.6052334851440917,1.0549875156110933,-0.6044325325629455,1.030546292094527,-0.7280324293348878,1.011630153968894,-0.6620452275106642,1.067514963874506,-0.6206876556064503,1.051499067382742,-0.6216596613696702,1.028389534581424,-0.7179328544976672,1.0094999897041241,-0.6578716650879729,1.0579614520941558,-0.6261273270896027,1.0458340293882935,-0.6308218242031548,1.025564565362328
0.011505212463465994,-0.32697209706244224,0.08521355335367642,-0.3794462440779146,0.11945218717856135,-0.3763180054010124,0.15122910628577,-0.3729988153968141,-0.04356077153940626,-0.38484445615743645,-0.0889647538075728,-0.38539248195256026,-0.12559908194441993,-0.38479976542126076,0.20639666014358696,-0.34355416586992443,-0.18404395645511906,-0.3611857898451685,0.07896362161274616,-0.263447149828987,-0.08264744739619588,-0.26737824178152986,0.49999538568987867,0.0021480895766859257,-0.49999538568987867,-0.0021480895766859257,0.6545842534941276,0.47086249918997203,-0.6553383532393948,0.45438561161005475,0.6875170375506069,0.8881482541613498,-0.6705780071306913,0.8581497103588284,0.6889345013040573,1.0116136355918677,-0.6793226073644576,0.9864902191159028,0.610321464973962,1.0108949724404368,-0.6298761448694923,0.9875478998720603,0.5901223807765047,0.9763289451164467,-0.6126726942605373,0.9529825496804366,0.6952848743459885,0.8961779154716999,0.5780678446808796,0.9302977125662996,0.5232341170796475,0.9883857383199596,0.4872436289677553,1.045446102852368,0.46037005103569906,1.0913981109156585,0.643159901920737,1.0562362071093263,0.5507008629645808,1.1019482846041584,0.5255514897479079,1.0700693442204274,0.5472463593425173,1.04136141470807,0.6864446855931797,1.06168983118749,0.5922691160884581,1.1091274676624383,0.5608127063012971,1.083430745783008,0.5795485074551844,1.0569490017802492,0.7077504297879565,1.0579317465545364,0.621896817065037,1.1048455082887587,0.5917244759551658,1.0840983982961776,0.6055686728949164,1.060689706682468,0.714405286683933,1.0514536212061638,0.6435880752870261,1.0953139673899597,0.6191855790703799,1.081454196405784,0.6263810133054509,1.0618421859699072,-0.6986541721452928,0.8675103881905315,-0.6191833219624923,0.9028785916577958,-0.5909968972275785,0.960744743706099,-0.5711755400351213,1.019324818979269,-0.5596957764630887,1.0657219287180058,-0.7037325520371331,1.0175340295811997,-0.6329015722821115,1.083702501572682,-0.5841606817128286,1.0640841712347198,-0.5871683908285299,1.0352480379943432,-0.7231914177028324,1.0187192369330098,-0.6552269649651388,1.0777031088072822,-0.6072947961520044,1.0598733107595015,-0.6029088969600981,1.0359389387187559,-0.7235853958846233,1.0151545864460285,-0.6608522420981592,1.0693208872448794,-0.6197095666665001,1.0549379186523444,-0.6176237732675136,1.0331992611647143,-0.7135057163353061,1.013137183416038,-0.6548064657656677,1.060930088672504,-0.6224437143062169,1.0507243496476608,-0.6232463418710689,1.0321833369044786
0.010916181459480524,-0.32785972480773623,0.08466338438957731,-0.3803886681733616,0.11891306402396594,-0.3772708083824164,0.15081231532715056,-0.3739610907265358,-0.04424318069041699,-0.3857310848811775,-0.08973914352304262,-0.3862777329085963,-0.12640953157814627,-0.3856667932880396,0.20596410711370847,-0.3444991574472143,-0.18499894626387495,-0.36202443558792496,0.07847817156011681,-0.2642423459690297,-0.08332987053682904,-0.26817136454228974,0.4999965672623568,0.0018527616844975173,-0.4999965672623568,-0.0018527616844975173,0.6534731420278126,0.4724172816541497,-0.6546777337227921,0.4552275852913294,0.6834074885776256,0.8888173208053268,-0.6706061171608345,0.8579731747687888,0.6852831308378883,1.0135000751038066,-0.6794509003229495,0.986391168937134,0.6064614116697998,1.0128345610729061,-0.6303196942108399,0.9881590182626804,0.5857335308649394,0.9779537165188892,-0.6129232252374003,0.9537030179796628,0.688626971624046,0.897486177762669,0.5727714869605524,0.9314167722318177,0.5193452860534362,0.9910863760746617,0.48499210712324026,1.0485843025535144,0.4588449760721916,1.0940729210037956,0.6373338053307395,1.059759514728757,0.5469879593308004,1.1029282122821882,0.5222480119369393,1.0717812517120655,0.5433846923621389,1.044914823153256,0.6817691263623358,1.064621043878761,0.5912332303454231,1.109547421612954,0.5600250289255979,1.0844560737715376,0.5785048507900856,1.0588214676176306,0.7043215777225411,1.0600171330632993,0.6235281743712247,1.105750036969405,0.5927373598495567,1.0850904024250987,0.6060835714458048,1.0617508592585687,0.7120711439913593,1.0526415653415575,0.6447701619401933,1.094993567578291,0.6197188127349295,1.0819680230142492,0.6261884226468648,1.062719413804049,-0.7001726796409393,0.8683118052997553,-0.6197252531932931,0.9030030517987889,-0.5907013840731907,0.9614891931697055,-0.5700658165048744,1.0200492303260567,-0.5570850161778849,1.0664081015889006,-0.7009636131241826,1.0184562902908045,-0.6326111415022935,1.085300112788656,-0.5836228683696557,1.0656535510458864,-0.5863796105302516,1.0361989621489094,-0.7208116369241838,1.0198813264466138,-0.65365923737737,1.0794964688696114,-0.6049194303489682,1.0608787985980441,-0.6010565112168077,1.0369980309479805,-0.7221817596981565,1.016294556090603,-0.6604703045730712,1.0723428144851683,-0.618212649401839,1.0569166738089855,-0.6168522438106604,1.0346909909678572,-0.7123755403919104,1.0137350953388273,-0.654093911821661,1.0635785935478463,-0.6217127560461859,1.0521627116127026,-0.6238640951206078,1.0320793286061878
0.010779801388774657,-0.3288326950578028,0.08445126430271105,-0.3813807010893274,0.11865955023820719,-0.378263241471828,0.15064064325506552,-0.37495450169503025,-0.04446478007994948,-0.38671913588979007,-0.09001715517912413,-0.387267992375247,-0.1266987433162323,-0.38665232349372314,0.20550368185284898,-0.34548537389070594,-0.18537212338514347,-0.36294047977484967,0.0783896503184239,-0.26514555904038206,-0.08342092897656186,-0.2691128135499885,0.49999825334929626,0.0013216079800687972,-0.49999825334929626,-0.0013216079800687972,0.650787839636203,0.47293640669869375,-0.6556713622847649,0.45704613530923477,0.6776419008655348,0.8895204010060609,-0.6716849709400597,0.8591737811234427,0.6798160734563292,1.0145644918095453,-0.6801304647819844,0.987094987798169,0.6022293589129739,1.0136700422703209,-0.6299347977307661,0.9890098242864633,0.5810151230897131,0.9783790789792695,-0.6126352482882267,0.9545529419737232,0.684892685060022,0.8985085335977678,0.5680451525719994,0.9331928719864584,0.5140062465754478,0.9943866959983689,0.4795893838705041,1.0504410527514036,0.45668234124740154,1.0939159127870888,0.6338360311924824,1.0626085962178768,0.5436996650630155,1.101994673273952,0.5183154765471567,1.0715747971601133,0.5373207204598452,1.046263412676517,0.6804127499816107,1.066478062702783,0.5899051285075011,1.1093849608470292,0.558070774052563,1.0845544899554274,0.5758912566948936,1.0595833851878405,0.7043347531662854,1.0605088103556983,0.625135044939202,1.1053296405903226,0.5930723300103973,1.0852352754869252,0.6048598002525437,1.0625154432324975,0.7134415879845071,1.0513590166364521,0.6487178989052625,1.0934530871534203,0.6226610644391527,1.0814320561493882,0.6284033129092451,1.0629398319547232,-0.7005731361328984,0.8657290833202922,-0.6196786992604012,0.9015045777950034,-0.5894898968141781,0.9615394158771705,-0.5678122701085511,1.019947694306865,-0.5568398884884734,1.0661789330919653,-0.700662558476873,1.0185087972220257,-0.6326452782859289,1.0841102044790432,-0.5837476483440858,1.0649577698054762,-0.5860364533707717,1.0358415832879893,-0.7196371659101468,1.020268303368195,-0.6551548380248159,1.0792339170138117,-0.6068980870564136,1.0616693789817953,-0.601753645608998,1.03850119146036,-0.7216283109726292,1.0173170268678162,-0.6618558613359298,1.0722874627181609,-0.6200345798404667,1.0570356962576124,-0.6177816115812143,1.0355557935464372,-0.7131807822353929,1.015539206663842,-0.6556382387110803,1.0643816683327905,-0.6232862294987978,1.053153568201878,-0.6244115266061588,1.0336900206451025
0.010192245009142677,-0.3295381088095511,0.08377195352081111,-0.3821083319473898,0.11809634085445707,-0.3789938792631072,0.15014978725110048,-0.37569485887560294,-0.04514106188685779,-0.3874355601490208,-0.0907008808465369,-0.38798360514393326,-0.12736659606470457,-0.38736166517035514,0.20482482907681276,-0.34623520544373104,-0.18600808949410808,-0.36360878627770177,0.07814733480779668,-0.2657374331866614,-0.08384052987160957,-0.2698152364886788,0.4999989437494515,0.001027739963616552,-0.4999989437494515,-0.001027739963616552,0.6488625849361956,0.4728436707127685,-0.6567650474862105,0.4578256762124954,0.6735604821547863,0.8892089452659563,-0.672429877664972,0.8588975192392658,0.6755949138951406,1.014174972984682,-0.6804779800887123,0.9870773561373254,0.5987848745090615,1.0127117845097247,-0.6297862510486533,0.9888259399203911,0.577462834876312,0.9772971916255963,-0.6125987090277397,0.9543438043474497,0.6834574301550038,0.9037263097729415,0.5656319432537418,0.9365705342873731,0.5125613164472054,0.9976347192914371,0.4805943260439778,1.0534155830643483,0.4545950624323471,1.0964579936084127,0.6292889027619218,1.066632260152064,0.5387687986817224,1.1038300644815424,0.5166718236524914,1.073701508723648,0.5390306562324612,1.0491464223214064,0.6735512028465924,1.0709799555277684,0.5833941234089037,1.1136342193998214,0.5537781928475719,1.0898699111153682,0.5724728303139209,1.0656866760146513,0.6960628045248756,1.0659980986506206,0.6161487233856582,1.1113739157185534,0.5849571210280924,1.0919011743114615,0.5973103698045995,1.070203435859156,0.7047876174729968,1.0578065064367608,0.6381569791755725,1.100680305161205,0.6123120689343858,1.089161062499194,0.6181865499948639,1.0715496145210348,-0.7034951909012653,0.8669895286334843,-0.619564866748536,0.9029167467141755,-0.588890642403925,0.9623323834039953,-0.5679592390136776,1.0202357191828075,-0.5540798835261672,1.065885389004754,-0.7011179905692136,1.0192496229437682,-0.6320324094430405,1.0849654572480327,-0.5824380151780519,1.0649850697853602,-0.5851597946985215,1.0353910927092675,-0.721642236021882,1.0207716558121498,-0.6536256990970175,1.080009854023336,-0.6043177186007929,1.0609646397669314,-0.6012592812525585,1.0372433331545963,-0.7235306884016258,1.0174804436230038,-0.6596324668804056,1.0737924912088657,-0.6162365373266145,1.0576397052138615,-0.615206307792507,1.034821433716001,-0.7134240506686862,1.015191623043384,-0.6539384796805273,1.0655739663687847,-0.6202840131335594,1.0540515551625123,-0.6219668496232029,1.0331832963329013
