pose_0_x,pose_0_y,pose_1_x,pose_1_y,pose_2_x,pose_2_y,pose_3_x,pose_3_y,pose_4_x,pose_4_y,pose_5_x,pose_5_y,pose_6_x,pose_6_y,pose_7_x,pose_7_y,pose_8_x,pose_8_y,pose_9_x,pose_9_y,pose_10_x,pose_10_y,pose_11_x,pose_11_y,pose_12_x,pose_12_y,pose_13_x,pose_13_y,pose_15_x,pose_15_y,pose_17_x,pose_17_y,pose_19_x,pose_19_y,pose_21_x,pose_21_y,pose_14_x,pose_14_y,pose_16_x,pose_16_y,pose_18_x,pose_18_y,pose_20_x,pose_20_y,pose_22_x,pose_22_y,right_hand_0_x,right_hand_0_y,right_hand_1_x,right_hand_1_y,right_hand_2_x,right_hand_2_y,right_hand_3_x,right_hand_3_y,right_hand_4_x,right_hand_4_y,right_hand_5_x,right_hand_5_y,right_hand_6_x,right_hand_6_y,right_hand_7_x,right_hand_7_y,right_hand_8_x,right_hand_8_y,right_hand_9_x,right_hand_9_y,right_hand_10_x,right_hand_10_y,right_hand_11_x,right_hand_11_y,right_hand_12_x,right_hand_12_y,right_hand_13_x,right_hand_13_y,right_hand_14_x,right_hand_14_y,right_hand_15_x,right_hand_15_y,right_hand_16_x,right_hand_16_y,right_hand_17_x,right_hand_17_y,right_hand_18_x,right_hand_18_y,right_hand_19_x,right_hand_19_y,right_hand_20_x,right_hand_20_y,left_hand_0_x,left_hand_0_y,left_hand_1_x,left_hand_1_y,left_hand_2_x,left_hand_2_y,left_hand_3_x,left_hand_3_y,left_hand_4_x,left_hand_4_y,left_hand_5_x,left_hand_5_y,left_hand_6_x,left_hand_6_y,left_hand_7_x,left_hand_7_y,left_hand_8_x,left_hand_8_y,left_hand_9_x,left_hand_9_y,left_hand_10_x,left_hand_10_y,left_hand_11_x,left_hand_11_y,left_hand_12_x,left_hand_12_y,left_hand_13_x,left_hand_13_y,left_hand_14_x,left_hand_14_y,left_hand_15_x,left_hand_15_y,left_hand_16_x,left_hand_16_y,left_hand_17_x,left_hand_17_y,left_hand_18_x,left_hand_18_y,left_hand_19_x,left_hand_19_y,left_hand_20_x,left_hand_20_y
-0.032027843445818334,-0.37838248297724625,0.046536643943052215,-0.4307923541611452,0.1010264162445133,-0.43144987729194473,0.13731031759079335,-0.43190479498326645,-0.1189120022970685,-0.42411369490152817,-0.1692371963948014,-0.4194183492621609,-0.20857896155617,-0.4153735607157557,0.21734785818903626,-0.4034355428888078,-0.24248997707749745,-0.3770138336448296,0.08389825499085131,-0.30521204801095586,-0.11222635318442889,-0.2933918624850563,0.6462581742814081,-0.0034958293442769483,-0.517978557287571,0.0034958293442769483,0.7718333485839513,0.5134435666243062,-0.6653433996917639,0.5032778741190376,0.9106643522151819,1.0541793020511863,-0.8633676086789438,1.0080608256505132,0.9940535149999615,1.204160930335596,-0.8956494130545561,1.1739845266971922,0.8865341020870311,1.2147672542511974,-0.8308457939539883,1.1814613285971762,0.8361464997999499,1.1575725415519849,-0.7909394683660712,1.1295010620248926,0.9072948598422683,1.0802115035184527,0.8065614440116344,1.1187211775055426,0.7954219946018996,1.1922305869571133,0.7964298731135755,1.2624255792192773,0.8010194868271376,1.3209020428805944,0.9680345236347091,1.2252049764374433,0.9748680829053632,1.3267948386173882,0.9090752802573294,1.3656799702370768,0.8473794240307347,1.3796710801310876,1.0186860548282848,1.2251083964552214,1.0089066640648294,1.3285186378110807,0.9240810132212649,1.360120127495229,0.8512534055113746,1.3639745897197004,1.0299244775779548,1.2230672293003888,1.0118447976311913,1.3136795603958988,0.9300972176596187,1.34028651901898,0.8617550267304145,1.345019410421607,1.0129016129609463,1.2226192776469045,1.001730547067621,1.29287448481241,0.9400731804732235,1.3199489944496707,0.881711351172732,1.328586881368201,-0.862999620302545,1.0513499100047723,-0.7758148299312411,1.08867039868509,-0.7380811066178793,1.1593397899308333,-0.7120820473835859,1.2259816306221083,-0.6876840193857209,1.28049123090605,-0.9028236055701547,1.2162027303194791,-0.8511938878668838,1.306541378775881,-0.7834064974932066,1.3466199461661068,-0.7173338202339109,1.3740458274746299,-0.9305893389222958,1.2179806048577408,-0.8644604393073979,1.2945975755954748,-0.7710980629684563,1.3291380248364308,-0.6821486604238867,1.3426150647517199,-0.9263763737523769,1.2135839723663218,-0.859622430003192,1.279730161755191,-0.7767635993649002,1.3048407209960218,-0.6977512576128216,1.3156220223366268,-0.9076467688733703,1.2116870848426324,-0.8606741592029783,1.262824178265709,-0.7928543275678778,1.2850715778868793,-0.725025973228505,1.2958661028925318
-0.3358005077977571,-0.3741091409055651,-0.2536322884930517,-0.4270454404781999,-0.1965744118328691,-0.42887322022289204,-0.15619690707265171,-0.4299304779959091,-0.4269042597400672,-0.4191398920737828,-0.4795795431369751,-0.4145935665669995,-0.5196921611356701,-0.41067012160866045,-0.07448467346623647,-0.3997841131965,-0.5550967700345734,-0.37225115379592966,-0.21393876228026945,-0.30283568290141133,-0.4204893307254377,-0.2910333844193027,0.38691203589463785,-0.005859233595125157,-0.8439001543725937,0.005859233595125157,0.5101083033989038,0.5108800106551515,-0.9967948684059473,0.5072523168745134,0.6532517834506821,1.0427741025650086,-1.2044841040452337,0.9956197033915878,0.736207745431384,1.191654261924151,-1.2475198440156154,1.1600840530740597,0.6280019356999821,1.2007213888851687,-1.173397235829254,1.1693975222670183,0.5759123431620661,1.148948541194092,-1.1307837582153797,1.118427160154708,0.6500172249764651,1.066125566494313,0.5390308248333027,1.1091933072724527,0.5258853509130021,1.1832992326126894,0.5229055910211421,1.252834947552932,0.5154406266722075,1.3100041419503603,0.7063527880083826,1.222628987603305,0.6946363767253277,1.3200957434976348,0.6224168314801546,1.3559689797756247,0.5551966995958171,1.3729956303164037,0.7574857329276989,1.221221418063193,0.7338252057461337,1.319332363577361,0.6472888048626763,1.3465290611480194,0.5718568951374506,1.3521970399732417,0.7657006813391817,1.2180018749577197,0.7303632308901525,1.3021741119583017,0.6495946743862672,1.3264849524315818,0.579681863365756,1.334368138019316,0.7439857315681463,1.216912302329182,0.7164444259783779,1.2821574006193708,0.6529084971253576,1.305670438826279,0.5929146720942627,1.3158163667973275,-1.2043516606644724,1.0437067842283367,-1.1177740423632805,1.0807948717414126,-1.0797558744762323,1.1514758907276852,-1.0474535247876298,1.2205964300241714,-1.028002506538225,1.2759684032902807,-1.2579860416663489,1.2100592113025777,-1.1963696050748724,1.3032967019392194,-1.1186629550646248,1.3395495206867687,-1.0496795535789663,1.3619324756129283,-1.2827265804860257,1.2092895089105717,-1.1950441624493433,1.28697910489494,-1.1018855925278233,1.3224973460934406,-1.0142327184444122,1.3410348332126263,-1.2713938082449578,1.2045225993900162,-1.1954293867766281,1.2686879600076952,-1.113243296983115,1.296999285928201,-1.0360505676429377,1.3139990074227128,-1.2485337060217694,1.201808854023129,-1.1957609996374898,1.2493264440727292,-1.1308909811482268,1.272451704013388,-1.0676758563926758,1.2856642649402354
-0.06565173149838414,-0.37218437401639143,0.01562947956274238,-0.4247190448958227,0.07259622532920494,-0.42699216179084415,0.11474200657695151,-0.42855520602827263,-0.15644467136216655,-0.41653610335502667,-0.2087367176808692,-0.412096229186262,-0.2477283326693597,-0.40819757886713104,0.1944579037855369,-0.39802301268937934,-0.2834278512122478,-0.36935025084764733,0.056143350072969056,-0.3020470694482069,-0.15059562770557733,-0.2911070398254132,0.6632112738750602,-0.006489275120780148,-0.5700888320761671,0.006489275120780148,0.7798120854736033,0.5123379612642163,-0.7214368554679546,0.5066827480531867,0.9189008279740499,1.0365342639141557,-0.9306723552665909,0.9871398783080453,0.9907482458112786,1.1839987369020553,-0.9802570372720268,1.1508580563962323,0.892320059201335,1.191760196442556,-0.9014083348458598,1.1599384217874638,0.8416010772347181,1.1421477387026648,-0.8579987915889784,1.1097031667903723,0.909180266266989,1.057958629202494,0.7959440326375706,1.0974306163543868,0.7756113147202398,1.1702273769233298,0.7667470396851264,1.2417292032848501,0.7560160424818344,1.3010562276588244,0.9506928029963589,1.2161854390979883,0.9358058157037416,1.3173141219783309,0.8567300523464613,1.3503654324741519,0.7848019719028577,1.3601072290331575,0.9984258332493989,1.2166187905527368,0.9692888349045433,1.3170157564761893,0.8751018938789196,1.3424843474515131,0.7956506618770173,1.3450672338343275,1.004693690936954,1.2143263567024285,0.9596107574172097,1.3015670796691217,0.869951256347992,1.323346830387858,0.7954167116129752,1.3272795762967422,0.9819347796065152,1.213468497700171,0.945557092353444,1.2822059048460608,0.8739642927790439,1.3037976061687515,0.8104420596752469,1.3095345091545485,-0.9286666982176811,1.033720272271102,-0.8450891863747088,1.0728184879749139,-0.8077590488442248,1.1443468460581536,-0.7785761216131771,1.2142248845035724,-0.7587326898615637,1.2702540624147172,-0.9853911691094791,1.2019048562497732,-0.9232043183717232,1.295397988900581,-0.8459163369094782,1.331999197215565,-0.7781993612186308,1.355197929577482,-1.0060835676168032,1.2010786491260579,-0.92369590098175,1.278756082819348,-0.8332775685959738,1.3147398467683553,-0.7456224328257417,1.3344868952283513,-0.9922513659011457,1.1962610470243948,-0.9219230459747275,1.2596821022471785,-0.8424781291946767,1.2878755475899553,-0.7651805313718851,1.305379734627066,-0.9683475335545947,1.1930190568178167,-0.918942548316386,1.2387332133401783,-0.8558468797430999,1.2615274533130765,-0.7923273736669204,1.2750809738924223
-0.10860599371264508,-0.372980614325027,-0.020405475212697356,-0.4251854528465315,0.041597352601681854,-0.4276113934646664,0.08891359624384816,-0.4294152503589882,-0.207674359288849,-0.41659839688679867,-0.264320288917099,-0.412190247017963,-0.305792146003226,-0.4082544113697661,0.17439531531404975,-0.3980871651515614,-0.3452835522622203,-0.3688520187033886,0.02409719262751699,-0.3032218372697227,-0.20176569370809597,-0.29379228428321197,0.6878486576889575,-0.007612508474958316,-0.658032286825896,0.007612508474958316,0.8136488085234739,0.5120069151699871,-0.8218433931944884,0.5085539670743056,0.9596569709961354,1.0324325844181337,-1.0514971780216809,0.98347573402055,1.0323951779209977,1.1815869752962174,-1.1091931547835774,1.1473347247773962,0.9281640024060366,1.1886827266995172,-1.02129886093178,1.1566494815892474,0.8742027777370036,1.14028614670093,-0.9734150538329553,1.1056832333732804,0.942223748789799,1.0551085470081258,0.8099390798952191,1.096335710851658,0.7818380419328438,1.1697971293015743,0.7700282178107202,1.239519073981001,0.7543266193553128,1.2956471995810026,0.9714539705926468,1.2155136601456091,0.9541668228609644,1.3151929911736984,0.8666922976279795,1.3458730821846916,0.7877554657262097,1.354878075229698,1.027371717400781,1.2164362123994523,0.9901011436258178,1.3146401569641535,0.8881273974118784,1.3391110297830335,0.8032581276379773,1.3428416730785495,1.0362541089569821,1.213431527099152,0.9881621379119432,1.2970751803366365,0.891904689394577,1.3194664762991835,0.810233731190988,1.324044612811265,1.0121558869520917,1.2103213408610067,0.9744955727158466,1.275718444231548,0.8977060668708197,1.2973758812475868,0.8259916324417648,1.3028779642990338,-1.0504618321734918,1.0304626913562123,-0.9553467048155169,1.0699214363957779,-0.9150536093091182,1.1403816552591994,-0.8836404030124602,1.2103634018075924,-0.8603008611751779,1.2652213332968874,-1.1081983156687238,1.1984966377283093,-1.045134336558278,1.2925741942901157,-0.9628848671322643,1.3292696978056386,-0.8896266413335007,1.3515599080678276,-1.1391482750768116,1.1971934455269106,-1.0475250158083413,1.2758759984955543,-0.9470783265221538,1.3096785919334721,-0.8525423359732193,1.3272333438004933,-1.1300739848263914,1.1921080214656754,-1.049536745966235,1.2575815781590163,-0.9592566211606421,1.284016069754968,-0.8739297347777074,1.298917263892358,-1.1065624066699236,1.1886060409957973,-1.0504499460278023,1.2371776038274183,-0.97997526787346,1.260553962511386,-0.909593489331478,1.2734201969291528
-0.10289621162067954,-0.37359156957142414,-0.037283224223498626,-0.42590435683012395,0.009510761449264703,-0.4283337801859972,0.04669302230173113,-0.4303101345100349,-0.1783101468404353,-0.41709593007998474,-0.22091439721790213,-0.41255434756495585,-0.25134987114840474,-0.40839642529657844,0.10985544771937315,-0.3982486059789233,-0.2819707859849506,-0.3684337668233258,-0.00248770247659811,-0.3041073501317238,-0.17420999994971542,-0.29576960532718977,0.5007549496555108,-0.008729748010339593,-0.5190773722235128,0.008729748010339593,0.5945738652524127,0.5116443686836728,-0.642746482358486,0.5082330253851463,0.7000215448681651,1.0258540814327697,-0.816647740025236,0.9782199561429764,0.7516069737091792,1.1758389343773037,-0.8643529745097212,1.1413720843723192,0.6709736274940332,1.1823640554311974,-0.7952733413412536,1.15089487700002,0.6312620897841275,1.135749625149116,-0.7580693334354333,1.100295988475305,0.6928941845125116,1.0523311575546015,0.5851396625741667,1.088388500022751,0.5559414068746762,1.163302016006353,0.5441315749985554,1.2336204154870212,0.5317842126949748,1.2896901994769752,0.6999355021788092,1.2103074066243458,0.6875971223537878,1.3124039057737547,0.6192444789960729,1.3428202491094694,0.5613223842936238,1.3481453745383787,0.7446689545463114,1.2119583855413771,0.7117257144307093,1.3123628862245809,0.629335820895224,1.335739394276373,0.5664509067888565,1.3350612970962445,0.7550326073744129,1.2099268749873768,0.7126944038290067,1.2960526328273658,0.6365501694642921,1.3178087528123577,0.5766514567168052,1.3196189431999115,0.7422611775304357,1.2073343004302697,0.707890432466976,1.2766123792542066,0.647960517425547,1.2997397572757055,0.5960968681302146,1.3042055579117522,-0.8160548964403334,1.0263970690243762,-0.7455384212739274,1.065532036424892,-0.7147707138272446,1.1359683960780431,-0.6894538343893566,1.2052810054829228,-0.671176499760156,1.2595222909249575,-0.8602395902821772,1.1945642427007377,-0.8108636147856941,1.288772010472304,-0.7452214343331962,1.3251839287044984,-0.6879582517092616,1.347009573349107,-0.8821636930158767,1.193243737665751,-0.813842251952104,1.271732675144575,-0.7371868436430709,1.3058182982659945,-0.6651282187366713,1.3242743144078464,-0.8746049373083704,1.1883628748117925,-0.8146390923527045,1.2536887084853847,-0.7462943677589826,1.2809558164893278,-0.6812901796651974,1.2971189093570208,-0.8571395714647119,1.1853837431472165,-0.8156544670014081,1.2346194848457133,-0.7623205277945554,1.258138750198585,-0.7092594904691899,1.2714075314864342
-0.18468511359106493,-0.373974819141549,-0.10848104455780538,-0.42642628638999597,-0.053584557706287686,-0.42879861219257775,-0.00905889752084787,-0.43087580061912484,-0.27342417341662606,-0.41747806836906587,-0.32328158869356005,-0.41276999065050113,-0.3582889254358006,-0.4083703604249295,0.06429747752198046,-0.3982555974577037,-0.39540613823258025,-0.36795760461501226,-0.06689082788020063,-0.3048351272506247,-0.2692499621963276,-0.29731907781442146,0.5252356956638112,-0.009586756414492295,-0.6741635845801438,0.009586756414492295,0.6340242706185889,0.5116300163081211,-0.8192997590801667,0.5091358161302592,0.7544410450711039,1.024428082184455,-1.0247578953400491,0.9767167526754205,0.8128591755293157,1.174157638754976,-1.0858544687416742,1.1389138379308272,0.7158437533890005,1.1804293658657872,-1.0009365394041996,1.1483869375205094,0.6706160970643302,1.1344377034677817,-0.9562405174183571,1.0984501564560256,0.7498447475645592,1.0523550223661868,0.620830741913239,1.0872407231740797,0.5829884848444932,1.1605206716201075,0.5711864524420247,1.2309828104359624,0.5600625349810125,1.2866517380437774,0.7461834267197195,1.209746113738274,0.729234718508509,1.3126071605535974,0.6508335792799994,1.3410588665639338,0.5868636257159184,1.3441310730382339,0.8044241143247,1.2118627695551063,0.7663624834624447,1.3143340035537692,0.6699427028247594,1.3352142205972666,0.5989369596326385,1.33080706726211,0.8222086644580167,1.2097600025559696,0.7762426348207613,1.2985076957894606,0.685358293676519,1.3191881453384342,0.6165876639830794,1.3190295813364077,0.8119264203743809,1.2071472844671038,0.7730675462701433,1.2776878951029396,0.7011948600611398,1.3000097714232561,0.640617702711109,1.3030706353631047,-1.0228716972483862,1.0236651231323683,-0.9407661954813733,1.062997560405851,-0.9041203586522931,1.1326916476031308,-0.8748782485099877,1.2018827281195295,-0.8534901367078439,1.2563646247749478,-1.073032764731906,1.1914640315250615,-1.0176951699424261,1.2865598403666907,-0.9413858570259513,1.323202708093391,-0.8749961272129559,1.345687083580748,-1.0987168540941632,1.1906295450618418,-1.0180111792804183,1.2687958110535298,-0.9253578245266156,1.2991026001474286,-0.841167022123704,1.3138087747645748,-1.089691149777149,1.186137206978151,-1.019623993195233,1.2511732162005709,-0.9369760272438898,1.2764624384215846,-0.860635752076812,1.2903919966492434,-1.069658990169571,1.1832594439515915,-1.02137051404875,1.2316557236533214,-0.9570694171318078,1.2540813031457663,-0.8940136136034653,1.2654430504617755
-0.20467100784064607,-0.3750942961392699,-0.1213875764871573,-0.4274372089763826,-0.06049429073103679,-0.42963728302489457,-0.009789653912780086,-0.4316906083760314,-0.30339215181692375,-0.4186625851312845,-0.3590334338430153,-0.4138137491336968,-0.39706307200082763,-0.4091694824392269,0.07078181794120969,-0.39877056213760326,-0.4394404179104044,-0.3682276366424714,-0.07372975483180876,-0.3060465477382283,-0.30043818018361135,-0.2993033930552963,0.5856431354883033,-0.010224533354703498,-0.7521745630015292,0.010224533354703498,0.7060819284292426,0.5125257811050032,-0.9135650894550985,0.5102892800748734,0.8354077040231095,1.0239832686983033,-1.1431539853126167,0.9758607975155661,0.8995372057425142,1.1742146167985226,-1.2135892648229645,1.1374962193276412,0.7878049695286545,1.1796210747178935,-1.1171002340373906,1.1469651530064984,0.7377808757823364,1.1360747575560612,-1.067019196259587,1.0976316870570848,0.8357171824550961,1.048979116560898,0.6907290128968181,1.0869399632079797,0.6464451251069877,1.1608952933420438,0.6317594450739265,1.230584619184407,0.6172204578176267,1.2859328158256051,0.8325094385075549,1.2104487088757028,0.8096980927642524,1.3101855532631939,0.7279985720256712,1.3391187530944473,0.6579298697180114,1.3457692791669795,0.8959472559314692,1.2112912707425862,0.8570173450150076,1.3085193946881106,0.7584020426624692,1.3319108363825551,0.678745079575,1.3331969979366969,0.9161948823441944,1.208123857959998,0.8703930028454695,1.2924656191448451,0.7781285073957291,1.316189644963522,0.7016870252166005,1.3210810369269363,0.9050663474083873,1.2050262924691468,0.8670178310662235,1.2728463937690582,0.7941164726705902,1.2974550748555993,0.7273839478597459,1.30452352826644,-1.141991584322075,1.022637436279035,-1.0476048405249858,1.0630288299091193,-1.004674147179017,1.1326894767310343,-0.9718042881785017,1.2018204868043454,-0.9489542576312012,1.2548958710750073,-1.1970185516606728,1.191251342639415,-1.1329569804570894,1.2848376935528374,-1.049105191963257,1.3205514001783327,-0.9746813544214652,1.343402334850294,-1.2220988385280847,1.1904795531939607,-1.1317964363371396,1.2670962501691523,-1.0296389985912984,1.2988321304019688,-0.9345769728556145,1.3158568295568667,-1.2096615193034064,1.1857056527014156,-1.1310151580355894,1.2488813716656455,-1.0410437430276533,1.2737363685326508,-0.9556524540739035,1.2871010233440319,-1.185352452688505,1.1822750405214861,-1.1321716789359233,1.2286610432725569,-1.060789085945264,1.2494214161232828,-0.9895793366588695,1.2594236870695112
-0.2924436072345567,-0.375175273133454,-0.22321205808315836,-0.4275977765846989,-0.17207704387122075,-0.42959991066048736,-0.1280393355478888,-0.43160493281843465,-0.37584335788040396,-0.41918259831358146,-0.42316783896796956,-0.4142506781725877,-0.45473688671583407,-0.4094002019484731,-0.06148803786499688,-0.39853200221493035,-0.4910690681831702,-0.3680831830609405,-0.182521395496108,-0.3061861528027187,-0.3748117879249641,-0.30001489884572713,0.3743116988360082,-0.010357471284574926,-0.7571997348495156,0.010357471284574926,0.4758615894506862,0.5131686473454368,-0.8934669881077484,0.5119588874907454,0.581900182183256,1.023428302817212,-1.0876676807417924,0.9765667438011543,0.6361568395201724,1.1732430593984382,-1.1480465554086743,1.1369599677137494,0.5408376837339406,1.1783313980691543,-1.0659696722925027,1.1467729777497413,0.49840969521940165,1.1357056158705254,-1.0236338582796858,1.0983158111025724,0.5846102432778515,1.049074010294492,0.4653780146335767,1.082008544000945,0.4284229688737544,1.1531059643076274,0.4147735594684298,1.2255224294978915,0.4022237068850627,1.284451088913266,0.5809685006240083,1.2064474555018125,0.5643862423922663,1.3079203376756505,0.49838851469560164,1.3388930549332523,0.44219030934369413,1.3474530994054568,0.6396087419236607,1.2086943834213837,0.6077040743943497,1.308847296525349,0.5246981245984119,1.332758537381321,0.4589333826635459,1.3338922829135922,0.6606776103697088,1.2063836866477455,0.6296452666354159,1.2940471462174865,0.5522213000685717,1.31900595223411,0.48859971335671903,1.3248743041342834,0.6542306250081447,1.2036557197637996,0.6304856889007602,1.2757662792918,0.5714652441245021,1.3019641880778487,0.5166877027948767,1.3101185147683805,-1.0868977294784734,1.02148265962845,-1.0085577706292708,1.0599784843399496,-0.9712740345186276,1.1282559812267487,-0.9407956530024841,1.196815123885677,-0.9199304836680428,1.2506917189422506,-1.130915172485824,1.1898084055217788,-1.0772071168641202,1.2829289540922753,-1.0057879595385237,1.3191441180845886,-0.9430688984797002,1.341215997175244,-1.1547802623053818,1.1895140521881507,-1.0782705883492338,1.2665583802297264,-0.9932215024704495,1.300938803388177,-0.9125971849062343,1.320118441481692,-1.146183323034153,1.1853251778249811,-1.0795628617889763,1.250319733960193,-1.0044418195814628,1.2782809901891379,-0.9308775458732427,1.2943017595406092,-1.126583886112717,1.1823331247084314,-1.0815635060802489,1.2325344619329621,-1.0226998233289046,1.256749760078616,-0.9618476554758765,1.2698815230849645
0.0058142801012807015,-0.3751880512085174,0.07812257625412813,-0.4275892898160213,0.13187025821194232,-0.42937025433391135,0.17970994859978745,-0.43131098540774915,-0.0818824525478122,-0.41971770119164264,-0.13209073901504714,-0.41481892405703313,-0.1649126542261184,-0.40983605319008715,0.24791631458025562,-0.39807100550697255,-0.2029849849613921,-0.3680373154419855,0.12102645180661281,-0.30626060619574114,-0.0824847944095923,-0.3006677385433426,0.7076572874174912,-0.010421278289442651,-0.4861469547907819,0.010421278289442651,0.8130000333098177,0.5130509007231387,-0.6296395796617349,0.5134749453871561,0.9231389245548046,1.021863431194557,-0.8342954544787617,0.9768563272222129,0.9808136054788559,1.1714510695272924,-0.8983162814347813,1.1357263447780572,0.8796548834587988,1.1765370676873916,-0.811583323312758,1.145544893641632,0.8345198774519087,1.1342006606849415,-0.7669642954934343,1.09749680342532,0.9312392035869494,1.046999728383903,0.7985438286270934,1.081585208002062,0.7617005617913539,1.1545974858759696,0.748651520259772,1.2258376815603682,0.7337338828679321,1.283008961218411,0.9282226733392968,1.2048993804028283,0.9038491089382616,1.305221934176112,0.8306851650274952,1.3362526367631615,0.7693790775532563,1.3445455015336205,0.9907003866713686,1.2073716669205703,0.9550292966578908,1.3095565104261435,0.8636171353832186,1.3343331309935074,0.7922771592139783,1.3346284395734542,1.0132811128211048,1.2046229900287844,0.9756367437058975,1.2937300469294482,0.8903631526146449,1.317762397591415,0.8227454921263442,1.3222390910955457,1.006350531271292,1.2013307607820336,0.9748100215804905,1.2726980775817063,0.9100028306434731,1.2986305543877683,0.8524314555498216,1.3068851213267654,-0.8307691443933662,1.0210224938711927,-0.7442392166633539,1.0613224252211504,-0.7044310724951616,1.130862058762746,-0.6745945580415161,1.1979822383372307,-0.6526485429137519,1.2502207111610217,-0.8752213677318722,1.1895977817650227,-0.819553574739707,1.281164436142884,-0.7462330191900559,1.3168467102837518,-0.6812328529618532,1.3396892903622923,-0.9006863926663504,1.1882107542785851,-0.8230258903110806,1.2643417676085245,-0.735001609309069,1.298522120768569,-0.6508047404527894,1.3174440180286597,-0.8917662785641586,1.1836470831692667,-0.8247158359553023,1.2490630092436992,-0.7470666283708229,1.2764484965470306,-0.6693349138631314,1.292153837383982,-0.8717854158127989,1.1808040459577946,-0.8274302999548683,1.2318116818487606,-0.7666830281525344,1.2565253186330578,-0.7027441571552983,1.2705647038014187
-0.11707577311682767,-0.37487733888653724,-0.050705687658688256,-0.4271180325889396,-0.0009006069459054062,-0.4286888394753712,0.044517684748475,-0.43054655540773085,-0.1987147665648864,-0.4196848671423253,-0.24579314229350943,-0.4147572359271198,-0.2762462326831341,-0.4095881545802027,0.10628161614043695,-0.397277650438668,-0.3116649849681083,-0.36759631694522454,-0.010497379841105941,-0.30600132955566267,-0.20037459463057858,-0.3007666492692433,0.5346900358605838,-0.010496405749651062,-0.5771413592881334,0.010496405749651062,0.6310079297896687,0.5147314007588273,-0.7104231596572621,0.5143836112936068,0.7313816454013643,1.0218616107172276,-0.9007524149069108,0.9758919454595211,0.7853042362174281,1.1701801224166224,-0.9602981228402733,1.1337577498312426,0.689943920635749,1.1745810056562107,-0.8795766486614677,1.1436314259990574,0.6477907637714972,1.1338265711747906,-0.8382492463411164,1.0960544716376874,0.7436837499067586,1.0413486388403066,0.6221219815591958,1.0755811577048995,0.5861179571835123,1.147914691490977,0.5715594899054949,1.2198392101349649,0.5577924773856112,1.2794048885767324,0.7385710340791489,1.2033375091885314,0.7164361536749969,1.3038330129604936,0.6444803225079312,1.3334844241306552,0.5846591924142347,1.338463728896451,0.7940552890217895,1.2052490853027982,0.7605699951829876,1.3062026307926882,0.6741122657875641,1.3311055994297585,0.6071921039144085,1.3309325102981595,0.8143011215232803,1.2027630005815224,0.7766885907762789,1.2909127839391643,0.6972026767907183,1.3160555915059235,0.6343232344556944,1.3213458582621316,0.8073382650126847,1.2001579170822723,0.7777826003610993,1.2724463372117096,0.717425216154114,1.2987266534066093,0.6638266815229785,1.3063193278534868,-0.89764086120708,1.019051444217639,-0.8142350448392217,1.0589528623138127,-0.7763913744911226,1.1282794327817947,-0.748046953020485,1.1950837815688453,-0.7265455947788108,1.2468926731291208,-0.937779929531753,1.1856640040280422,-0.8858462143530446,1.2785279343328604,-0.8173614447149814,1.3134976932087716,-0.7563002749784067,1.3343019940713987,-0.9628476975874899,1.184066842479951,-0.8866740166453488,1.2608898756168743,-0.7996482930363744,1.2913846359601453,-0.7195374318347776,1.3050897505383257,-0.9549659139806134,1.1792811121286162,-0.8875192247990872,1.2446963746002424,-0.8114902940722517,1.2692895321054882,-0.7394105741267458,1.2815947422975191,-0.9366386937493663,1.1761579120931573,-0.8895901383568761,1.2252256886691097,-0.8299456265630222,1.247377184594567,-0.7703249198443645,1.2583957348854842
0.008454733709718075,-0.37463429285687744,0.07387185896756955,-0.42680645256047467,0.12341338413177817,-0.4281988223938635,0.16935169871790695,-0.42998495781720303,-0.07327768814367822,-0.4197166037240806,-0.12051898707294106,-0.4147810329868949,-0.1509482857420118,-0.409459280123119,0.23034655084413758,-0.3966343796697967,-0.18626959145098465,-0.3672609833521412,0.11438886906775764,-0.3058824991287845,-0.0754615993156209,-0.30083363604502994,0.6592615411361881,-0.010522457566182324,-0.4529175275476721,0.010522457566182324,0.7538320782950941,0.5151635672929797,-0.5864577010125754,0.5142114979383453,0.8519876757695012,1.0223837439681387,-0.776715783391467,0.974441318404392,0.9069822044697873,1.1699733376939128,-0.8363088472803865,1.1320031664493453,0.8113794030814183,1.1741060954235156,-0.7557688465508963,1.14191590207124,0.7687495490345946,1.1344236700728945,-0.7147394110797423,1.0944105597593674,0.8609211838831278,1.03686011591967,0.7395542125833593,1.0762244954129863,0.7052699003976202,1.1492900158826962,0.6921518620284,1.2204206041858552,0.6760042636335806,1.277974724856273,0.8575884377812177,1.199601239637988,0.8370901447550868,1.2975508610168427,0.7719672582610074,1.3284068244214942,0.7168254823600843,1.3391116872616906,0.9166220389989684,1.2017234603693538,0.883640711156363,1.3000049157207145,0.8042946653757852,1.326420646426779,0.7403781322494215,1.3316258897171056,0.9387262468070431,1.199063962748986,0.9051252536617584,1.2854844218005397,0.8309200780284086,1.3126964161594663,0.7688714881226217,1.3217168309259313,0.9321356563910462,1.19642974333982,0.9050810283740669,1.2670961317645428,0.849056280544326,1.2943855693705153,0.796739299030617,1.3051366223966356,-0.775387363116973,1.0147281228046603,-0.68978637895935,1.0532824505299134,-0.6523644999037945,1.1228549818153504,-0.6248804008849582,1.1906849251412912,-0.6034666699673692,1.2430478204385034,-0.814607524174054,1.1802091748153525,-0.7645622653139174,1.2748236809289866,-0.6957952662415813,1.3103296861852014,-0.6335426776099123,1.3312556788239567,-0.8417440840101376,1.1793389149442446,-0.7621062280220479,1.257219934647931,-0.6705724087387723,1.2841658183834768,-0.5887539648662542,1.2935939017560536,-0.8347650524112115,1.175145949111597,-0.7659537002324336,1.2413040834694071,-0.6862937316004983,1.2647544501995598,-0.6122070439489111,1.275110703527089,-0.8162289050248145,1.1725788318630763,-0.7691299961836674,1.2215041202387398,-0.7069372267272571,1.2433736795610888,-0.6449448770717133,1.2531577261077735
-0.1348141845196536,-0.3748691515881281,-0.07070796476033511,-0.4268945291874586,-0.021852413977164257,-0.42811786852822764,0.02394709101743636,-0.42983655758236183,-0.21532921759166102,-0.42009184887916867,-0.2620652934971602,-0.4151477629309889,-0.2919794745039657,-0.40972783826371456,0.08386691207333104,-0.39640125532409576,-0.326733152623872,-0.3672893598550941,-0.030379580099026218,-0.3062167342124685,-0.21810090660650164,-0.30142839190679016,0.508596388206199,-0.010529452369813695,-0.5918307237729394,0.010529452369813695,0.6011446015707025,0.5153353412640634,-0.7240573815051757,0.5149917182237912,0.6967266275864255,1.0226866115167499,-0.9122843855627357,0.9736265607348927,0.7515108465635941,1.1700529217017737,-0.9710244607679583,1.130765583638416,0.656840884477826,1.1738745516266191,-0.8916766674068632,1.1406298832594326,0.614547646303148,1.134886764710593,-0.8513951491884926,1.0931959016942014,0.6997440180339205,1.0387896089410804,0.581418503105572,1.0777002700444605,0.5508444021583112,1.1500518571632785,0.5390194048791901,1.2204550993483416,0.5257507695680009,1.277900516385501,0.7023998673501781,1.1998831660715985,0.6864167680878976,1.2972173188778695,0.6199275602434441,1.3279179831332737,0.564436933856814,1.3368037490063407,0.7597184113360393,1.201556520756692,0.7297334885285727,1.3011484399117395,0.6477821442538517,1.326327492788553,0.5842272052411159,1.328050198812096,0.7801638023243228,1.1986452508704037,0.7477365188490229,1.2862335472679363,0.6708068318241057,1.311759436760549,0.6096346282472171,1.3175117369537515,0.7726348535396504,1.1957881526858551,0.7448416633062451,1.2666376227869431,0.686497363210794,1.2922819554918341,0.6348861666425751,1.3004221718426536,-0.9173407820896501,1.0094971793897982,-0.8327637800885966,1.047698328925054,-0.7931578460665415,1.1171517300008007,-0.7634676386536156,1.1853298006745747,-0.7402667282049286,1.237902978130692,-0.953219254840072,1.1741415079364632,-0.9046934113778403,1.2698913680079584,-0.8385769875579433,1.3057213578865592,-0.7771923059297824,1.326669738582171,-0.9828759862223276,1.1737866373818469,-0.9036983521567521,1.253249637600649,-0.8152985137778167,1.2815775354116348,-0.7348143039189546,1.2921892208837713,-0.9772809414132347,1.1697777019120033,-0.9093498640817301,1.237515512738588,-0.8331217841298008,1.2630345159979288,-0.7599611191844052,1.274281112177743,-0.959649937169477,1.1675330194064435,-0.9136874733840673,1.2175511747775434,-0.8536751826887367,1.2402934192405088,-0.7923930766715348,1.2505518409457925
-0.0742395508829475,-0.37519462985848034,-0.012275225109833008,-0.4268954977180348,0.035166860190284095,-0.4279894946248331,0.08018791730387789,-0.42964172339836526,-0.15215086520738627,-0.4204393799705913,-0.19812179529659524,-0.41552074970333275,-0.22745490896401555,-0.41002073298267094,0.13746610484780356,-0.39611628906099783,-0.26145991951835085,-0.36731484891086547,0.02671904327777459,-0.30646608529021024,-0.15633536443200435,-0.30194050986299903,0.5497740801435258,-0.010306198227906807,-0.5210422670289506,0.010306198227906807,0.6386231136447178,0.5143888861285628,-0.6486321712414326,0.5143668778085602,0.7306231668941505,1.0210100961895243,-0.8326817541276804,0.9696140206366732,0.7843530503484767,1.1681696449005654,-0.8899024852217432,1.1225869753750803,0.692339001297154,1.1719846496210244,-0.8150274005160123,1.1314091021494752,0.6509374549845282,1.1330649989763413,-0.7758978393768047,1.0847182220105236,0.7379906061169337,1.0390871800316996,0.6205839982512763,1.0740716972092426,0.5896579413424698,1.1471721028447053,0.5782658496850713,1.2188956129600024,0.5627926313047308,1.2770113329669954,0.734116469937728,1.1969904569573666,0.7190272767180081,1.3003635360098054,0.6504178915319233,1.3312925617201938,0.5922231017344182,1.3394810322811792,0.7908399817541325,1.2004368223177813,0.7550362651165945,1.3034579975035112,0.6689220604127148,1.326237067212919,0.6029382385530495,1.3253438962261446,0.8103535671536665,1.1985860601575586,0.771413072110161,1.2871253022748792,0.6909266530082205,1.3086673209974713,0.6262083462878392,1.3108099226510626,0.8037885539058891,1.1958272255438933,0.771628656567338,1.2658744352856555,0.7083511808204375,1.288422876141702,0.6535954296416393,1.2928958379289068,-0.8526023227137418,0.9954969512264543,-0.7617941224883846,1.0349392994712003,-0.7199720882681095,1.1043636279062208,-0.6930859072977279,1.1714440702609592,-0.6728953670594268,1.2242191046139763,-0.8701995881861233,1.1576205527659627,-0.8378589731249269,1.2499344510170707,-0.7838624328135456,1.2886975216350685,-0.7327961714451637,1.313000438251326,-0.9082725890528551,1.157652648232633,-0.8600108899508498,1.2460823072566072,-0.7967068958424743,1.287777528008291,-0.7321985261504376,1.3108855762510716,-0.910491169192747,1.15463544511227,-0.8642554237993629,1.2307606192280969,-0.8089694281612547,1.2676334961125337,-0.7503594295743572,1.2901127024619052,-0.8956273820455658,1.1538601103388435,-0.8641073629477936,1.2153708429595784,-0.8182277738814432,1.2480692458968463,-0.7666539805392738,1.2688595429393479
0.06274728693198668,-0.3745557536718229,0.1254940718356235,-0.4262003806797634,0.17311277133148117,-0.4272126007175116,0.21867940082789092,-0.42881637940674483,-0.014320865832079236,-0.4200048111034706,-0.06102201524268252,-0.4151373868509358,-0.09098325041947174,-0.40963238874221447,0.2760782995491999,-0.3953064361441853,-0.1242388190696034,-0.3669899154003041,0.16395506299338647,-0.30593334757998736,-0.02056257874706619,-0.30154427541811746,0.6907541008851174,-0.010055237952729588,-0.38847013806582337,0.010055237952729588,0.7786906381157918,0.5133795054914431,-0.5148858296460906,0.5119028981763971,0.8705617922216112,1.0161958887931908,-0.7023098291976593,0.9461426616596441,0.9243708040351676,1.1655385790487385,-0.760556343537719,1.0966863258647623,0.8322567326835077,1.1694212550275258,-0.6890161026056196,1.1069378724644148,0.7906785918420941,1.1291883987855404,-0.6472972279173027,1.057587595613279,0.8819638285624738,1.0371726409901436,0.7641403151909977,1.0728257252418198,0.7315822378189779,1.1466451022885171,0.7185546575888607,1.2180565792205393,0.702454161842952,1.275299493869121,0.8784507954323978,1.1979509108737805,0.8603009479878597,1.2989705393204576,0.7954447616493375,1.329644137415612,0.7390896904421983,1.3399492539550661,0.9347359321730334,1.2001477362683821,0.9010438291233321,1.3002530128365641,0.8205292415992355,1.3241312411747406,0.7559562527823133,1.32658355397455,0.9543751613476625,1.1971482775022222,0.9193832162703728,1.2839237963144559,0.8430948451637319,1.3068178487073017,0.7793316628723628,1.3110794060979343,0.9470540358896133,1.1937729134319837,0.9180401285479499,1.2643361996504796,0.8573295980753645,1.2877510709025084,0.8023485043726726,1.2935279250091547,-0.7313829213616815,0.9790036989633667,-0.6366031853804401,1.0167357089558076,-0.5984877891039667,1.085915562925494,-0.5735348996254929,1.1496546340348108,-0.5488210970598882,1.2004430577313914,-0.7550967599035906,1.1464010614516429,-0.7282730616665885,1.2325380906822234,-0.6805126398508028,1.2703454190943,-0.636944085014862,1.2941604623752745,-0.8009945278633026,1.1431408498588413,-0.7594359093641283,1.2234035002205725,-0.6957022577043745,1.260246569716219,-0.6359483220015221,1.2782030303926446,-0.8090154922228977,1.137197562648623,-0.7678659779968551,1.208156671200098,-0.7109871396457098,1.2400880182237584,-0.656574541491396,1.2591250349508842,-0.8004372761955816,1.1340229713869576,-0.7684815495730384,1.1943809551418694,-0.7226341937375903,1.2250721809522578,-0.6724479355598609,1.2431980508400218
0.17556214693282593,-0.37358513201753146,0.2439853381387206,-0.4252752984657466,0.29544093940004734,-0.4261871055343695,0.3450052470842057,-0.4277282265953711,0.09327549016577212,-0.4193250877382431,0.04244657390129442,-0.41447646265327376,0.009808648010758444,-0.4090143193800269,0.4081457674071849,-0.39411750256443623,-0.025524799363874768,-0.36649155689026974,0.28475090283979654,-0.30495179088618357,0.08482581233144627,-0.30073728721223236,0.8549724377457366,-0.009403825939407091,-0.31370035614707853,0.009403825939407091,0.9500629219067759,0.5116011992762446,-0.44660065672772836,0.5058437431437148,1.0484626346570678,1.0078460726386074,-0.65437429447885,0.9170891053906842,1.1072136841481481,1.1603710438136439,-0.7284178493370979,1.0667504575294657,1.0080382413355744,1.1661710799398377,-0.6637363047199889,1.0799088201951386,0.9630087033532074,1.1231591053723384,-0.6132061475498671,1.029926546449776,1.0653887488652944,1.03988316830155,0.9404335938552819,1.0745751036769753,0.9041685479253416,1.1481837797131476,0.8915393200020838,1.2204841511052877,0.8785715965532007,1.278764258347104,1.0628258159447919,1.1969822838497106,1.049224717864166,1.300822755387349,0.9782179896622962,1.3329878199559808,0.9165845102881863,1.3425177261723258,1.124661857463485,1.1987157016562917,1.0903820275846214,1.301396440678328,1.002866618391896,1.3267406938963147,0.9328577161307807,1.3296059154054496,1.1459108137400689,1.196485975106358,1.1086206481590066,1.2855569119600034,1.027250069994306,1.3112882768408174,0.9583955311304609,1.3180491099208174,1.1380512954960718,1.1942326693126206,1.1095941238287488,1.2668624633439143,1.045986666990184,1.2931485127658464,0.9867025873907675,1.3014332975545642,-0.6906349252497603,0.946135757735168,-0.5913929874663425,0.9860943346925011,-0.5551465387214071,1.0547280192108945,-0.5456061828140003,1.1211017591193346,-0.5270587686929183,1.172890019800265,-0.7265687004597609,1.10144010365792,-0.7389969717508098,1.194200848779721,-0.7143793829271174,1.2390233887767306,-0.685981749010349,1.272741249565917,-0.7873441672623952,1.0999800219396982,-0.7727447080702229,1.1897267444992377,-0.7256854010683869,1.2345698877189877,-0.6751180495282557,1.26285238942449,-0.8066287791487712,1.0964644253660498,-0.7730306230655828,1.1731862483583364,-0.7293026204481485,1.2076542953799798,-0.6836278002839278,1.2273480002989912,-0.8049982475397627,1.0944022716944066,-0.7749434572671084,1.1558030804073418,-0.7326675067997168,1.185969403445432,-0.6881057080891222,1.2028867096377904
-0.08316075829302723,-0.37189506198395333,-0.02274380043321371,-0.42346126475639473,0.022391356691244205,-0.42422284867680893,0.06608743208143017,-0.42564093098645733,-0.15460498882065093,-0.4178884119084279,-0.19955952530225463,-0.41317833645534485,-0.22850307139132514,-0.407955654239055,0.12217443657593297,-0.39172703695163624,-0.25950757549967435,-0.3656530043263155,0.012236593513182749,-0.303313016218293,-0.163509527679281,-0.299345522291097,0.5137230424782329,-0.008431568501732517,-0.5140494815543587,0.008431568501732517,0.5968581941594634,0.5102336388637558,-0.6154209640826238,0.4865726813988635,0.6838693354013581,1.0016387665575666,-0.8054853013561539,0.873702283597505,0.7358021827783837,1.1591766302451048,-0.8796346054724268,1.012581398471024,0.6502957821103134,1.1663751036031875,-0.8377612100547575,1.0294367513610683,0.6107117386323004,1.1211407047372348,-0.786027104218957,0.9832231568156893,0.6977520615806632,1.0432945337505917,0.5875744107849246,1.080297232674115,0.5601384293057883,1.1547866192203213,0.5509412497052827,1.2253793701659117,0.5394012968153776,1.281420865793996,0.7047248420720367,1.202546733946791,0.6894611622350523,1.3038008787121524,0.625831627964029,1.334671069927209,0.569826285180367,1.3433654667291477,0.7559241460695485,1.2031300845643214,0.7259853625881254,1.3027532286235262,0.6503139030086845,1.3290745213222115,0.5878285740348042,1.3332300931663232,0.7717189800315131,1.199947069008777,0.7385657374481397,1.2861536067538042,0.6684479802149113,1.3118839936660507,0.6084969883132106,1.3187182163049456,0.761802612568385,1.1971141096126536,0.7344259358475541,1.2665435934908686,0.6792765113414959,1.2920225993285277,0.6276303036296123,1.2999319453975338,-0.8495976867361889,0.8965257620361309,-0.7696258085024189,0.9398145904359241,-0.7518495602049345,1.0084926784245256,-0.7523229392578353,1.0751132420804164,-0.7467271117063189,1.128172048601284,-0.9181948181924756,1.0389615299093895,-0.9708906259918251,1.1253798413283633,-0.9794649879619542,1.1757316079349136,-0.9767673274680928,1.2144296409725708,-0.9696391073225104,1.033365668137929,-1.0074327119069266,1.1258750483086295,-0.9992817200169213,1.1818437395817787,-0.9783972669761173,1.2222258884524637,-0.9865848536673787,1.0297790234070683,-1.006082940314626,1.1137357234289902,-0.9918483863033118,1.1618543652618383,-0.9655023650943768,1.195720982254854,-0.9807166242994402,1.0286265167317745,-0.9936467089643816,1.09862103566653,-0.9824171647102089,1.1379356162760121,-0.9562791808280272,1.1651459005162481
0.13622643986329996,-0.37108709656157035,0.2070509399004782,-0.4226303511799349,0.25976708579650853,-0.4232691320198591,0.3109922822118267,-0.4245401626669047,0.053818895750869206,-0.41729128915339714,0.0009413357373224059,-0.41271188936339703,-0.03323995977178574,-0.40776549136168805,0.376806345050914,-0.3900327060863465,-0.06939988438241781,-0.36520721918715054,0.24683388274849785,-0.3024873050117624,0.041913710894234776,-0.298768053699845,0.832750080485025,-0.008284099502514766,-0.36704421730643355,0.008284099502514766,0.9296925946548991,0.5085691181850271,-0.4733851853358619,0.4623278018277948,1.0321836847417412,0.9979698842528454,-0.6980213904421145,0.7985178714310953,1.0935565220066912,1.1602649036075066,-0.7948260014093739,0.9228130503485366,0.9956339739103588,1.1684857552134047,-0.7625166421949806,0.935010040556596,0.9499647779114513,1.1216630623571993,-0.6915997483869578,0.894562094034027,1.0494277721514476,1.047502153665558,0.9205326872126293,1.0834230632400723,0.8879176861045046,1.1574574761384802,0.87796390718477,1.2280884188899628,0.8676334036636749,1.2848556976939174,1.0583327717795123,1.2032675151716812,1.0457042481901202,1.3081245071955867,0.9681831246369381,1.3387610091759659,0.9032729258596541,1.3431956950285984,1.1197141334697485,1.2042966684459768,1.084158480619328,1.3085615134957609,0.9907310544634593,1.332372971617678,0.919430561517555,1.3311895943056176,1.1386856544164952,1.2014713665713848,1.099148270013012,1.2911692585623484,1.012322048806233,1.3152250002269954,0.9424509094938108,1.3188056103162564,1.1279476283704253,1.1986430856291985,1.096125948776844,1.2707782283567393,1.0278783000092615,1.2958454780491622,0.9670254526867732,1.3017866554683102,-0.7525555762665335,0.8352112761487072,-0.677776430350186,0.874563384114678,-0.6770328804800562,0.9431882685799915,-0.6894103459956952,1.006132758620178,-0.701635884254216,1.057752208621242,-0.9155105523994962,0.9660196134633953,-1.0165193549216434,1.0355801543123537,-1.0599471770331879,1.083731282156556,-1.0812484784069596,1.122771962979403,-0.9505012558386072,0.9655940651155068,-1.0493135751968747,1.0354671789028174,-1.0889315979137513,1.088532393323283,-1.106582589140146,1.1306511384481435,-0.9575024213224987,0.9664435576979639,-1.044931814363645,1.0327058124019792,-1.0809705408954087,1.0778082083020193,-1.0986253818622551,1.1159659393217354,-0.9447177082633456,0.9691623006162995,-1.0182867982612365,1.023724840241452,-1.0550615126729566,1.0601790029153397,-1.0750356847713163,1.0908526286611242
-0.14514846281728758,-0.37285388793927293,-0.06708044340851833,-0.42318335382391287,-0.008972509109623295,-0.4237121363988098,0.04742691981340519,-0.42462300850658624,-0.23520641546524218,-0.4177831016107101,-0.29372128798032227,-0.4133852900526056,-0.33179881897145186,-0.4090423737813185,0.11996354343190677,-0.3890505188370744,-0.3717803852951653,-0.36595438699507726,-0.02425771944612742,-0.30410539157026867,-0.24946361911515222,-0.3000715621226697,0.6197326688125331,-0.009324806804892682,-0.6995555840692438,0.009324806804892682,0.7262784998138326,0.5063907415625084,-0.7997454060908086,0.4486883458613496,0.8389914636031106,0.9897131427382456,-1.062864609733952,0.7576601071946352,0.9066932196452981,1.1564382656824546,-1.186538290300374,0.8597561723599287,0.8004192856758457,1.1664505242158951,-1.1986083711629625,0.8649248100122588,0.750129827650897,1.1164022963977478,-1.1008940521510393,0.8335464807011134,0.8602771601596871,1.0470620998912938,0.7200345462849315,1.0837298594065554,0.6847348109434118,1.1565826666456904,0.6735558809199078,1.2275147118659109,0.6556763071360354,1.2840376038260988,0.8683315426459145,1.2035501113735954,0.8464264410601692,1.3057328171168303,0.7648186186917365,1.335375584374608,0.6948566996695794,1.3417963846652832,0.9369249031929795,1.2054234273617324,0.8952529781251135,1.3069833753000282,0.7938861958149692,1.3301863180132443,0.7125405922748027,1.3301434561400298,0.9592631043889638,1.2028870129821012,0.9137558887083591,1.2893371191768537,0.8192476258544941,1.3119507684353406,0.7412648956147804,1.315582796472539,0.9481988005891197,1.1998438199838757,0.9107384062981944,1.2684120443567133,0.8375742116662529,1.2918194404972412,0.7706089064277892,1.2975202988426404,,,,,,,,,,,,,,,,,,,,,,,,,,,,,,,,,,,,,,,,,,
0.1787291786360602,-0.37688468438421907,0.2449833066223697,-0.4263076755900954,0.29522628908324616,-0.4270818965226616,0.3437936472345257,-0.4278754586729075,0.10066817993247446,-0.4202146197955912,0.05020309857971577,-0.41605293908726376,0.017058740000717734,-0.4122936472627357,0.4057907064137887,-0.39165324909124005,-0.017233953071377567,-0.3682439667745109,0.28272347382887825,-0.3076871864445108,0.08987934915931113,-0.3027821849738749,0.8357296893053046,-0.009149082632983696,-0.3002974303613136,0.009149082632983696,0.9257806472740414,0.5053151764710756,-0.37088352701516347,0.4433715507218831,1.0228766133015526,0.988371586964681,-0.6097546562342488,0.6460233362069631,1.0816613006862872,1.1547488614688055,-0.7223477414876556,0.715320744697171,0.9908587434230081,1.1646632383185032,-0.7547053914625044,0.7028006823792301,0.9471624768934517,1.1146255626146502,-0.668088644111218,0.68805557891259,1.0365086479804548,1.0433601566142563,0.9147927337119605,1.0825056367473704,0.8843253949732294,1.1565591536656026,0.874936645446491,1.225048808816261,0.8620361847522073,1.2795793692755733,1.0449538673201346,1.2015573549356615,1.0263774015727758,1.3011573015017004,0.957945976252934,1.3315282777323982,0.8989350288729565,1.3405969054776372,1.1035133349854667,1.2023397014685546,1.0674755791914403,1.3021257357265894,0.9814086176216982,1.3264102939771347,0.9118287277742788,1.3274098572624315,1.123083004091253,1.1992853913062007,1.0865063854120052,1.2863320864825405,1.0069942019113445,1.3105900934756791,0.9409031371629858,1.315867384775382,1.1139127124909562,1.196823448852193,1.0841961928398876,1.2659304207375537,1.0237712505241225,1.2912008088643925,0.9671248501289126,1.299470838876084,,,,,,,,,,,,,,,,,,,,,,,,,,,,,,,,,,,,,,,,,,
-0.19365516236261449,-0.38179003725881633,-0.12763959137137731,-0.43055127586764497,-0.07693500109767593,-0.43134905365077514,-0.02793561877501239,-0.431912674912256,-0.2720267450924771,-0.4243412712102786,-0.32277390662014105,-0.42056116900280416,-0.35657089766999245,-0.41753084763405157,0.03405677223403345,-0.3954586527988005,-0.3904028626423302,-0.37302796650019476,-0.08962202070942092,-0.3124426806363702,-0.281714652609664,-0.30662190834246766,0.467741794326838,-0.0078809268541917,-0.6783379269333316,0.0078809268541917,0.5594397514087295,0.5062559420554155,-0.7271945318196279,0.44692531917411293,0.6547823317837279,0.9868760875709189,-1.0897001553097492,0.5499372754908162,0.7138264342260239,1.152020088424225,-1.268694070825309,0.5590720082392369,0.6227637712417305,1.161788380838836,-1.3157224695837335,0.535438998483202,0.5784637314026603,1.1120436619833924,-1.2359338535450428,0.5355749898256923,0.6670158692994146,1.0404137078190123,0.5419910387998944,1.0791975244697367,0.5098438475766923,1.1535109649402997,0.4993430255915269,1.2225984523923064,0.4868954529097631,1.2775890087147037,0.6725168612422456,1.1974448537260394,0.6540980479969545,1.2972862690292544,0.5812970120894743,1.3283834893114213,0.5190164464382192,1.3383586257007443,0.7297077387581868,1.1983494818496978,0.6921059255118547,1.29881622877149,0.6013374626395623,1.3229689768684036,0.530106454578229,1.3241663863529527,0.7478546199320113,1.1955009774775014,0.7072903713637655,1.2828302750440952,0.6238559531357041,1.3062045584140811,0.556465265147233,1.3105805084028535,0.7379927597217089,1.193207637762295,0.7054038753650838,1.2630687902467888,0.640847515971216,1.287586543678084,0.5829828337463998,1.294803455662074,,,,,,,,,,,,,,,,,,,,,,,,,,,,,,,,,,,,,,,,,,
-0.03052810981410782,-0.38385342838233677,0.04232585810347456,-0.4327993153760861,0.09875982804044013,-0.4336767058519519,0.1529177786487857,-0.43413479219504564,-0.11646565467975158,-0.42658024575503106,-0.17219307482133245,-0.42302597024437344,-0.20978706324003826,-0.4202490499200166,0.22240200315677455,-0.39697025630507626,-0.2464324458085094,-0.37603847080654457,0.08337065995729573,-0.31435171519952704,-0.12760254124628637,-0.30797226973225944,0.7028336491004082,-0.006653316311333395,-0.5617043986367296,0.006653316311333395,0.7983127897634649,0.5076005035340291,-0.6018117020993288,0.44734663653307327,0.9027113642665037,0.9883728427514128,-1.041043763026535,0.427403455201771,0.966525014569393,1.1497675204422284,-1.2632877173156634,0.39653213139376575,0.8661770562881601,1.1592773746744025,-1.2941163255529382,0.3451388587980694,0.8182617861504298,1.1110836344302448,-1.2217057183532236,0.35419564556142674,0.9077881942989192,1.0401144708480574,0.7698632694192857,1.0803101786706397,0.7347322518471293,1.155121290511812,0.7217861477359404,1.222190332519532,0.7048751135153298,1.2746453251554466,0.9112038100717083,1.2011694620025848,0.8878458335368193,1.294545617924746,0.8075247681083552,1.325176492028757,0.7378887897447631,1.3359907973116334,0.9673178274880198,1.2018365160201179,0.9284919208878958,1.2954204989634734,0.832729179388227,1.3199568627807565,0.7543783175337456,1.3243479215117666,0.9832058214577383,1.1989529446173763,0.9397586348974373,1.282112725687562,0.8524234254814702,1.3065776846117234,0.7805111392838291,1.313693992075103,0.9704740768802246,1.1962146924380166,0.936591999309792,1.2639519291165144,0.8703029724269098,1.2892283487589946,0.8101533410710953,1.2984872592773227,,,,,,,,,,,,,,,,,,,,,,,,,,,,,,,,,,,,,,,,,,
-0.2840964365164195,-0.3829588596671457,-0.2131829720419319,-0.4320955981838383,-0.15798105511196903,-0.43284652911719823,-0.1050709074374666,-0.4331654285757843,-0.36659928931356395,-0.4263557514475571,-0.42021215098113845,-0.42300862395243005,-0.4565844984013027,-0.4205036887438022,-0.03691647430352821,-0.39561475968857557,-0.4903877447529145,-0.37621468002197467,-0.1739873027245472,-0.3127662834331684,-0.3785260980088164,-0.3065096707160618,0.42794346907045455,-0.001822478916644752,-0.7952721933424935,0.001822478916644752,0.5200798205750956,0.5144089874841387,-0.8580403664398394,0.4387729062728822,0.6196674335912877,1.001035820555746,-1.2980564217573776,0.3053604876042594,0.6819146991063663,1.160356845004446,-1.4604186509332395,0.2860277375181427,0.5826887379797719,1.1687487672740526,-1.4764646774523422,0.23406853840730732,0.5367368174824344,1.1224388405828947,-1.4146654849019513,0.24000499209884604,0.6224029337476954,1.0511487234833707,0.4905577090048768,1.0859817048481084,0.45326190267374483,1.1585973444368936,0.43882832253459964,1.2264673936624324,0.422770810556571,1.2814523016758452,0.6130969106861628,1.2146604417867681,0.5914098430355105,1.3079169490253635,0.5121383260606047,1.336008269878894,0.4441480509493652,1.3418004458979664,0.6678735855027178,1.2151878568338945,0.6269629410744754,1.3066569240191586,0.532094731144305,1.330031968068293,0.45534833433425936,1.3306757213021068,0.6860794385662037,1.2115962588381997,0.6391899124340995,1.2933270411563507,0.5532237735710388,1.3174120229588906,0.4821511934704537,1.3232131304529253,0.6765184943431422,1.2077284721552124,0.6413418952504355,1.2750007995948198,0.5764190780718803,1.2999402258354096,0.5167064572485763,1.3079971032878448,-1.1062911375977253,0.3839483067844319,-1.0471057273524405,0.3443575974109866,-1.0388692526367518,0.3015460607588667,-1.0611978251883947,0.27536080826714,-1.0818273902184183,0.2588000215898029,-1.2780411887133245,0.26014157493156026,-1.384591791170138,0.21664414680477953,-1.4611024559390555,0.19100554638317488,-1.526639955270012,0.1706841507223968,-1.3344910988022016,0.278317813516162,-1.4605858904205282,0.23330203464580818,-1.555387708795443,0.2055956832643662,-1.6297900915185721,0.18552528495124362,-1.368566914703448,0.3035105272261925,-1.4923903867858659,0.259668664782921,-1.576039824543602,0.2328085134011023,-1.6387631763378219,0.21166404797073118,-1.3851209626801693,0.33786556017436364,-1.4971306597911556,0.31609726556970996,-1.5667211954905653,0.3001751938582591,-1.616830221819552,0.28586193270089577
-0.2706940298983974,-0.38485096321716195,-0.2032043371098968,-0.4342882339360477,-0.15083093347608637,-0.4349287366132705,-0.10054409565966603,-0.4351742934255367,-0.34662912202826324,-0.42899288844238237,-0.3964061545572206,-0.42579949540801687,-0.42983044354778394,-0.42362423379225767,-0.034917847133806315,-0.39733949550061115,-0.459290989889003,-0.3787073095633969,-0.16812141531902372,-0.31379210924238726,-0.358907085285436,-0.3079842923384494,0.3956523464002165,-0.00045711433858393444,-0.7372117739445395,0.00045711433858393444,0.47989812790580166,0.5205690704265362,-0.8227966771377425,0.444657727531605,0.5678912006110773,1.0138087759437528,-1.055302154251006,0.31009444156957383,0.624368942246726,1.1738845719335618,-1.1628020147000264,0.24145675236529598,0.5302762546115625,1.1815574430463198,-1.1948687411241798,0.18874504447372273,0.48899615125548934,1.1369344481282393,-1.1408472983863875,0.205618156998384,0.5757977600898593,1.0611664910164933,0.4478183228442072,1.0951135946992634,0.4102938810157866,1.1690364700180438,0.395425301254235,1.2383299009682887,0.377586301357008,1.2945588321050439,0.5594204287130758,1.2257207260572804,0.5357010118494778,1.3227072392356247,0.4631407313249729,1.3513878592973514,0.40285527518465536,1.3569173323017247,0.6132772114054821,1.226363537684313,0.5693983827898161,1.32033871852079,0.4800265601254755,1.3422224830275753,0.41050915538807076,1.3403466922021399,0.6309341566695252,1.222440401062578,0.5823982868337504,1.304588217393626,0.5001909417597711,1.32728450133846,0.43448569826376543,1.3309686616548864,0.6222091360596645,1.218491173307993,0.584353019985732,1.2849723033899707,0.5207220483879215,1.3081370732512014,0.4643855560366388,1.31402558795099,-0.9928859264987464,0.3470528775942113,-0.9262636089453544,0.308509578420166,-0.9220440481476577,0.2610343378021096,-0.9450989394428619,0.217879373173064,-0.9509824952822191,0.179611993501283,-1.0970077056830454,0.1849842270236128,-1.1870076953036934,0.12434497085526683,-1.2512619947619577,0.08934983485385409,-1.3140251987655356,0.06044536210807278,-1.1667036338215244,0.19809028793367786,-1.2715944368873742,0.13426860624256265,-1.3496361051499153,0.0959506605699483,-1.4175283583988603,0.06410262315921572,-1.2105927945607688,0.2240080186530657,-1.3171715265747967,0.16151975547707725,-1.3885192866221157,0.12569963170864323,-1.445853744403359,0.09681351511384939,-1.2339828913335942,0.26241024099373567,-1.327363054800954,0.2275187768387804,-1.3840425998123225,0.2078869310814378,-1.4306591796035821,0.1896302958307783
-0.1276183831168828,-0.38414829503146863,-0.05712225306193312,-0.4337308023477333,-0.0028266977693324757,-0.43427553518256296,0.04976489545036172,-0.43446441297894084,-0.20465045722249584,-0.42866679163773014,-0.25468090663468895,-0.42554914923800846,-0.2879339038446055,-0.4235055610067692,0.11802339179241586,-0.396482362762789,-0.31562335420495713,-0.3786989967920444,-0.022646425032752635,-0.31274727358294635,-0.2173034890966354,-0.307462635066622,0.5529329739793665,0.0007041202022638425,-0.5978761771083277,-0.0007041202022638425,0.6372637611962964,0.5260213604478008,-0.7243422205547523,0.46510143443496793,0.7197905729145343,1.0221347329708084,-0.8137051499522432,0.2696161597104469,0.77824642001732,1.1806826950326395,-0.8486419731986752,0.18190107932067154,0.6818300104285372,1.188369441965475,-0.874124860683742,0.12245161909681723,0.640307103067315,1.1439354189258142,-0.8410982938698026,0.14229282604049093,0.7226117516290759,1.0685518569964878,0.5927276493430251,1.1043005141774331,0.5554981183238988,1.1777735134646257,0.5407668074619479,1.2472819330430622,0.5219088093008758,1.3029088774712645,0.7087426898486258,1.2312838678139089,0.6839430940885215,1.3292298674661345,0.6126569913211053,1.3591272527416218,0.5538082914818363,1.3675115728856195,0.7680431836699743,1.232824786179696,0.724067947108505,1.328002277665627,0.6377755632338463,1.3518381920647182,0.5703867836424178,1.3535832838521111,0.7892017573265687,1.22923402228144,0.746447484667082,1.3139303024557332,0.6666151679907251,1.3390821041282395,0.6010898385485215,1.3459285186811165,0.7808985093666679,1.2258091927417196,0.7468910108726297,1.2950300082154877,0.6863220801098594,1.3208175053425517,0.631651007741245,1.3299292946924761,-0.7246878669542652,0.29496935378179057,-0.6540046451174805,0.24559901532759204,-0.6544009649860577,0.18317895928291392,-0.6834716674321166,0.13372264087478142,-0.6985520918256741,0.09454741601488549,-0.821197355704645,0.10664405392732346,-0.9112463772030206,0.04315782327867436,-0.9749793327039232,0.007368146011890038,-1.0353309009546539,-0.020990870168681633,-0.8978939181045581,0.1207751258710535,-1.0029674898292857,0.05310924975286489,-1.0783404078767438,0.01222578165726197,-1.14231459576064,-0.020733393810674513,-0.9510966600314154,0.14850887543245037,-1.0556108233279191,0.08159990101115758,-1.123458464516849,0.04495111946072574,-1.1795787981007047,0.015553854779819333,-0.984384061859802,0.19055678093652023,-1.0818948850291408,0.15033392162444503,-1.1418824044100144,0.12766510978064094,-1.192645618855125,0.10678681309611948
-0.117854147554904,-0.3837070110410996,-0.05223895271863583,-0.43341246063028993,-0.0023532085513256534,-0.43381563506618853,0.046305692729420776,-0.43393665694976474,-0.18855381050473485,-0.42869909876610485,-0.23350847247426615,-0.42560399887004624,-0.26387423944503413,-0.42352645653532106,0.10903503239159583,-0.39591260123794614,-0.2890547069233376,-0.37898275257053887,-0.02204013806735808,-0.3120568395034761,-0.19824364490726093,-0.30700881271794567,0.5044551234527728,0.00041783848596791074,-0.5498788402140192,-0.00041783848596791074,0.5811270595299141,0.5275051203692932,-0.6893775251763478,0.475844541385087,0.6532071957217994,1.0233936793790035,-0.6149235127754837,0.2624048296540642,0.7060846374560865,1.18175730563378,-0.6098042120037548,0.16112342366209542,0.6189538596599949,1.1895734182027555,-0.6472291532564672,0.08774834251947748,0.5814878525366024,1.1450862838540512,-0.6309172027670906,0.11282804130645029,0.6582670976448661,1.0704725831462876,0.5371670227258402,1.1048068624651644,0.49966850512149247,1.1771584740578835,0.48421967123551446,1.2476282185452612,0.4675879936101296,1.3039321429016217,0.6384044159799114,1.2270074342714679,0.6111095450410027,1.327499415907925,0.5489345946330071,1.3588083799800852,0.4964333456069136,1.3697613241291111,0.6968773270340497,1.2301085620774364,0.6576271544934369,1.3295591063556094,0.5810801271062802,1.3551415560133389,0.5199736226550826,1.3585621630445335,0.7204224928763474,1.227482248098219,0.6807401509347695,1.3146073395094133,0.6090604069820136,1.339627338804009,0.5499781077397499,1.3463707152517064,0.7171120459321882,1.2239559208009119,0.6852647299007579,1.2935098866673582,0.6304637921165867,1.3196156052738073,0.5808087990321447,1.329140630302247,-0.5444509343129246,0.26416497934776284,-0.46086758775637454,0.2058296493517568,-0.4422423821052134,0.1337578718844717,-0.45971578785968426,0.07977747495569901,-0.46893972018175784,0.03688750489043635,-0.6117465299110344,0.05913524523318774,-0.6731450175915603,-0.0034381691148745314,-0.7154784303692072,-0.036903038350588856,-0.7568527839586823,-0.06652998371519052,-0.6886015513282909,0.07206383685519221,-0.767229860595832,-0.00034005526386096993,-0.8171473819249779,-0.04279439291678699,-0.8622714406110641,-0.07933245291446421,-0.7443412598050007,0.0987754763289333,-0.8221555848501352,0.03151895558757996,-0.86650806960288,-0.007372887308579288,-0.9047048292286399,-0.04071812571685045,-0.7809673720971051,0.1394746489059708,-0.8578187269187652,0.09551542035976265,-0.901781330339757,0.06868252715975652,-0.9405766005867066,0.04326341067631707
0.1345048630690062,-0.3812998203831445,0.20827840121668523,-0.4313275493854537,0.26129674295029837,-0.43143953793572276,0.31285241719492984,-0.43123571182561565,0.05855205824072121,-0.427150619662026,0.009230905249943062,-0.42443150986702344,-0.0243613756732349,-0.4226907654005349,0.37615784488225545,-0.3932117193645569,-0.053603937655219876,-0.37913694741021264,0.23420910932498748,-0.3088981224364372,0.04763585950302702,-0.30452663142608916,0.7942799884480102,0.0028299402423733193,-0.34168470619866503,-0.0028299402423733193,0.8785071656201926,0.5312636069812535,-0.5089580598191068,0.47800500251316724,0.9485786473602517,1.0258986196836533,-0.2899895799358357,0.2619358918060229,1.0055040136565336,1.1835331008288892,-0.2133635902234788,0.16496816774894743,0.9137872106390831,1.1913164787880244,-0.2517182891266088,0.0881527080361028,0.8737652707674469,1.1468742800643887,-0.2549541021828217,0.11714639314738828,0.9553541736255419,1.0751399968179922,0.8262108169770211,1.1087275286961062,0.7868487745801759,1.1816400658312696,0.7697206462243215,1.2519633165063337,0.7519741928821202,1.308827326917519,0.9373619689908942,1.2329692708707285,0.9113623242245394,1.3335977581894434,0.8418647006952142,1.364747251845981,0.7841691908946602,1.3740502924283122,0.9977425879342886,1.2357093423281909,0.956836048656652,1.3342942412725025,0.8736013488668107,1.3591890527957082,0.8081559904926924,1.3606260268719632,1.0215851994078449,1.2327608123490281,0.9823470851252845,1.3189354806347733,0.9058281840382225,1.3445316392732112,0.8428019235043076,1.3514765507339512,1.0172256135785722,1.2293038751974956,0.9854800194284498,1.2983122158417895,0.9277471470116995,1.3249337587864136,0.8749832394320435,1.3351334026326367,-0.1758827029287146,0.2582475656954031,-0.07932480994368706,0.198643715447335,-0.04484490376883155,0.12713642036901243,-0.04396530358612544,0.07124116303228502,-0.05363590637259919,0.025918111244175156,-0.2182255979937855,0.045808065281932896,-0.28716146669508885,-0.022455151957571497,-0.3303373902311281,-0.060408036900672445,-0.3668626365257162,-0.09256345873470445,-0.30533653765548613,0.05723506657981206,-0.3874275993376001,-0.01681148491340156,-0.4342386160008236,-0.060690382387286704,-0.4742514783354265,-0.0972538912832542,-0.3712826077100383,0.0830665517271917,-0.45321935126258084,0.01900249978676303,-0.49134250719210004,-0.020860444266563125,-0.5221545621713457,-0.05559125532591425,-0.4205331137821638,0.1236428871658927,-0.49549515148870765,0.07758038667719543,-0.5316217755048633,0.04771997735679544,-0.5611717897194217,0.0203443936150647
-0.2127961414102008,-0.3781626951095201,-0.1258859226771763,-0.42740016066204917,-0.06500644758186956,-0.4272947268704969,-0.005869499879146676,-0.426926399214419,-0.29869614229940117,-0.42354998563211005,-0.3555241503872467,-0.42093819724334025,-0.39390198418657363,-0.4192641480464663,0.06608452995478038,-0.38914484458505233,-0.4291454786253873,-0.3758088511823973,-0.09942469364122129,-0.30545067211361465,-0.3135740748866534,-0.30232667807811153,0.5436538902088796,0.0040265118952864335,-0.7713601789597319,-0.0040265118952864335,0.6369090762145172,0.5338780460169321,-0.9713435027332106,0.4773303124127897,0.709176434028174,1.0236295180165935,-0.5085664018120031,0.289486891089629,0.7746792375354922,1.1795520532305492,-0.3916340648047911,0.19223618903145964,0.6697849009630256,1.186284622374083,-0.4388248913402545,0.12886541580325947,0.6250937354214058,1.1424400492184967,-0.44672590287935166,0.15713203115460164,0.7262932236918422,1.0704766521835696,0.5758509890341471,1.1025448693552056,0.52802533276584,1.1756031203478243,0.5074437713842908,1.2461951874782164,0.4862685518691669,1.3034871731524214,0.698682822664531,1.2297102228208807,0.6683166490773356,1.3295422111338007,0.5828604538096657,1.358982180274536,0.511387768408367,1.36500709990883,0.7694035209144782,1.2332790876034903,0.7220380178144699,1.3326725358008926,0.6200493063139313,1.3567445897638628,0.5413491888468677,1.3563893837805328,0.7972031296590181,1.2309438902639565,0.7493795925171435,1.3182140638663404,0.6541191074412358,1.3424500236362653,0.5789164567855895,1.3468768616527513,0.7922028994742881,1.2275640236098717,0.75365296233537,1.2975911681977546,0.6820195260575147,1.3224086252547123,0.6190950939544065,1.3295081408256135,-0.4187007585358759,0.27401943158220826,-0.28809021723481154,0.2184010346953074,-0.23163729452559922,0.14850625785882765,-0.2242049126605326,0.09407905563216115,-0.21672530454924607,0.049443268630362615,-0.4255514401950965,0.0589732863218078,-0.5008467269490976,-0.015466308483495457,-0.5454859738931099,-0.05659699742814282,-0.5851896240085976,-0.09265397291031731,-0.526357981878394,0.07002415192567708,-0.611828859664921,-0.0093451632490511,-0.6618396380179516,-0.05623189263905562,-0.7061433061546885,-0.09595441891356021,-0.6056036230357695,0.09588800483307368,-0.6961299796604572,0.025209610908288244,-0.7416447285536275,-0.01891374024199194,-0.7785605164803897,-0.05763383978000207,-0.6673209099029623,0.1356797076454854,-0.7541932870925412,0.08230154862428572,-0.7994517730534977,0.04827831731562378,-0.836510904746832,0.01744445820141875
-0.18853091235644215,-0.3789087059848378,-0.10837835356977464,-0.4278324041623791,-0.05300500292006689,-0.4276429161942672,0.0011763896511875396,-0.4269938680993614,-0.2665078717337105,-0.42350733553421105,-0.3182961049546255,-0.4208114489988254,-0.3530448559780942,-0.41902052292354164,0.06859513888259973,-0.3888701782622934,-0.38462719243944893,-0.3752079345930433,-0.08421140352913142,-0.3047903606255632,-0.28043432915797395,-0.30243108576621597,0.5004898360450992,0.0051921545187020276,-0.6978279733641776,-0.0051921545187020276,0.5798265105637143,0.5405076369431719,-0.8815556190115661,0.47607620201205353,0.6373205532946703,1.0300869864082358,-0.33305031104448174,0.3045375565077177,0.6983543252359228,1.1882924019813919,-0.2229633254315434,0.20593520140726568,0.6008990601761502,1.1915210651367178,-0.26714482433188397,0.14756231616374987,0.5603506881272068,1.1482653135630587,-0.27745705516594826,0.17565833956682245,0.6614113504580791,1.0740226383097617,0.5213598631506866,1.10699124235579,0.4755315582801496,1.1797147904965688,0.4563462756252647,1.2508651049968753,0.4347674197457081,1.307772278934194,0.6292742844326659,1.234578809842119,0.6033138789499055,1.333676642594305,0.5242693997102447,1.3618587759610152,0.4616921524238843,1.3646578102603306,0.6976184566722108,1.2397601430552303,0.6534108836889041,1.339604185412095,0.5589719347665512,1.3612373567314477,0.49032839342628365,1.3575244977110676,0.7270857573348657,1.2376140709400771,0.6836813764734053,1.3247847527662586,0.5933017070071188,1.3468827797449283,0.5250563127750015,1.3481318346987645,0.7268073578670043,1.2331870057507017,0.6893291056187442,1.3031283271519127,0.6205293956969017,1.326151921119416,0.5634194283467805,1.3299439828870991,-0.26697679135276864,0.30762208908219557,-0.13921199136310086,0.25987066063690434,-0.07546210013381718,0.19251678247462614,-0.050665233358658086,0.13926928199191144,-0.03925885674679139,0.09795054411901236,-0.24302947062472952,0.10167687221124476,-0.2950111211171716,0.025211800102297434,-0.3280922344956927,-0.0186843655458493,-0.3596282170317744,-0.057058096614228955,-0.3342258521077342,0.11004507992085784,-0.3983355380903289,0.026611317251955112,-0.43555994741447407,-0.023232191900807476,-0.46870079665502884,-0.0665267390062125,-0.40511410987097796,0.13403913778336923,-0.4715383190806806,0.05998779242254007,-0.5032090866911428,0.012945504854265452,-0.5291115497673119,-0.029365569765367954,-0.4608875390423889,0.17238616094858852,-0.5256790140092099,0.11865722748735376,-0.5614312723315987,0.08265105993792284,-0.5915112449649027,0.04863693357938412
-0.14065923876215916,-0.3797802180462748,-0.05080931165916997,-0.42817663626308905,0.011227773065525278,-0.427909608512661,0.07215525189976393,-0.4272338601157625,-0.2286752382037124,-0.4239769970613615,-0.2859809535125917,-0.4213541809173815,-0.3247914843819669,-0.4195144772183584,0.14943480125962827,-0.38918367285200833,-0.3590305750926675,-0.37539695406707435,-0.022662381084139673,-0.3049507020790435,-0.2439405940671764,-0.3031251676696246,0.6317591682514644,0.005823059638702157,-0.7108047204141191,-0.005823059638702157,0.709292067827187,0.5454097673268726,-0.9195291053934063,0.47648066610378453,0.7761437346759594,1.0367472791731414,-0.2429643141144915,0.3318947006375488,0.844165638236077,1.1964395505171295,-0.0792559935884941,0.2480807030864592,0.731736298488483,1.196780995837349,-0.12976456079840498,0.18936408854626424,0.6870151906051821,1.1539180884021614,-0.1679465109124393,0.2103392450596106,0.8080531788962703,1.0762761412447015,0.6491998094847888,1.1105685868264183,0.6007666105266406,1.1858010635662972,0.5815856172610584,1.256601432596958,0.5541492427859386,1.3118886182630187,0.7827258908335095,1.2420720356813035,0.7480540321716661,1.3401815792708391,0.6567452532762619,1.3671191267706626,0.5828656700000348,1.3731891122001512,0.8519208151732793,1.245235819174727,0.7911764661653997,1.3415070414349568,0.6807340231656176,1.361101440995486,0.5994048917840173,1.3586193961677369,0.8761508709824998,1.241911911189028,0.8161365665526731,1.3256996437154853,0.7135390093577354,1.3470671628336452,0.6343452583669411,1.349924751434645,0.8676464703300242,1.2371065636560878,0.8181067588906484,1.3044390278554776,0.7389646678339796,1.3269248840750851,0.6715218504815377,1.3324299410800269,-0.1462372742839633,0.35466601620381744,0.005823277801470211,0.31646100353170464,0.09303792958224093,0.25737460509208177,0.13377596374223058,0.20818251790537692,0.16440009642787554,0.17018946858994558,-0.06936945769248412,0.16068959349641734,-0.1120943886002857,0.08365012914082905,-0.14036350883986315,0.040120228316953735,-0.16891289195559134,0.0015843684924555649,-0.16874863192552933,0.1668551928313653,-0.22336060647776107,0.08073978009561165,-0.2559105410789446,0.03038120326230013,-0.2857873060948539,-0.012933969465458772,-0.2520416141561849,0.1900331554895283,-0.3119038775224041,0.11221150026879488,-0.3403955685560107,0.06555191440452746,-0.36167590399488053,0.023444702414899873,-0.32202334713336095,0.22671663989259297,-0.38652448697944763,0.17263303746055797,-0.4168731515732467,0.1367663031655756,-0.4377513438123413,0.10220729062333656
-0.3291418344444401,-0.37948163692169506,-0.24703250265587257,-0.42767428658009576,-0.190204512847313,-0.427286665475947,-0.13430968986209865,-0.42668075551819884,-0.4099321544754194,-0.4236637616582402,-0.46134854159941585,-0.4210437194550116,-0.4964607139084232,-0.4191203585111863,-0.060767985346885205,-0.3889079140609519,-0.5227738086421116,-0.3749370818545694,-0.21991627254143628,-0.3044264415737586,-0.42308161951968215,-0.3027679070544319,0.38098791957671896,0.008267675931075974,-0.8484991728334541,-0.008267675931075974,0.4412290222837797,0.5468370774359342,-1.0472203623917768,0.47385925474541796,0.5042792574195867,1.0409736963966314,-0.39503264752125544,0.35376375420747175,0.5636141061291118,1.2018609905159052,-0.2174762707656402,0.2728973524814972,0.4579925965414078,1.2004028900890655,-0.2656626938530943,0.22198663222176082,0.41783384445369004,1.1576159709434417,-0.3155576564401217,0.2413345121311332,0.5348706415783382,1.0803119972314064,0.38982212547204237,1.1149320334522337,0.3460207932341814,1.1893163505503745,0.32603674525227055,1.2594687436888665,0.3011194346529539,1.3146754346642417,0.5077810409968085,1.2422747239296796,0.4725753820297246,1.3411649886345403,0.3875203706330382,1.367739554306135,0.31979976869405297,1.3724460693353506,0.5748282557047399,1.2471411254648563,0.520524122371342,1.3464764920854468,0.4204418389211207,1.3669062553262206,0.3476511438924548,1.3639838341041537,0.6010198177829288,1.2449467177281448,0.547581710854803,1.3319118450820697,0.4527213654904107,1.3526210641322536,0.3805955589057012,1.3534244131903022,0.5955205359448058,1.2410677420784848,0.5509197511339397,1.310713060001386,0.47759986496198015,1.3327327033252092,0.41674599970516385,1.3366266539358023,-0.3110700135595477,0.41576631283822935,-0.16544811261704964,0.38727264832707486,-0.07805933428329047,0.33415623151392365,-0.027052163758056417,0.2874567006525442,0.023624687241974432,0.25086112150864065,-0.2056910026970359,0.2337827545246589,-0.23270921346694365,0.1569165104398941,-0.24919799360840766,0.11407038260258157,-0.264785619024595,0.0742601401144046,-0.2951464027600914,0.23795846478480553,-0.3303053183981372,0.15292971507151687,-0.3468249774660567,0.10163517504386849,-0.3622434770189969,0.0553973337472523,-0.37380664345144365,0.26007417824261386,-0.41527151746965085,0.18234768024825523,-0.43022145056059546,0.13531570525416456,-0.4406284986548299,0.09213909154826276,-0.44426300495723015,0.2944166017261458,-0.49703735661301307,0.23871988395224192,-0.5220199662265314,0.20172712276759397,-0.5413345930780342,0.1661871631774555
-0.2337581209793068,-0.3801376963229559,-0.15675080318935336,-0.42872559641044444,-0.10269356965005404,-0.42798138870739966,-0.04907549205247298,-0.42751568037332693,-0.3124606185159971,-0.4254596214673713,-0.36037453037613115,-0.4227740174568966,-0.3927489119394023,-0.42049048461683236,0.022297341570121282,-0.3896404604167172,-0.4154695601676151,-0.3752433042137365,-0.1277821758850409,-0.30479245158636303,-0.32252933531012695,-0.3034396411908406,0.44114677736335073,0.009497962380503086,-0.7257749609085048,-0.009497962380503086,0.494970928751541,0.5490623158561455,-0.9260451950138902,0.4750303107696706,0.5534164807047625,1.0476426003743835,-0.31066496766820284,0.44253462951725336,0.6075366437240253,1.2082308671717712,-0.11927859358184403,0.3994929975027521,0.5075314368853342,1.206594119322382,-0.1568045498267469,0.32048294636282554,0.46898078344308863,1.1632653101438637,-0.21952903633386864,0.32822099405626964,0.583102720147541,1.086582759338895,0.44508324590611986,1.1225037398514086,0.40542605993421904,1.1975382038214626,0.38633330973007185,1.2674944221312805,0.36521061115079867,1.3226611321981574,0.5607281840591263,1.2514303193521545,0.5304699075409735,1.3501995941052307,0.45029450906445506,1.377548070152789,0.3852570265641754,1.3838786951938953,0.6209241478563057,1.2544066873485982,0.5707558481452975,1.352627294046973,0.4745323519437147,1.3720007607443963,0.40417692326112764,1.3698222870763417,0.6424638555216877,1.2519172015061366,0.5924573358900699,1.337906513940787,0.5033089498048775,1.3584099452569816,0.4349707755679815,1.3598870216775458,0.6345744433362446,1.2485816884987708,0.5952346056002101,1.3189667055877374,0.5261323648447898,1.3415981636567926,0.46739215167852116,1.3461534275356601,-0.24345601298378156,0.4798435944212044,-0.10354136208612663,0.4545558054369589,-0.014876695737476136,0.4065324248431202,0.04341733931334465,0.3649829107605944,0.10010707775050835,0.33296485534744474,-0.12949288543906487,0.3102137594107047,-0.14658593663184633,0.23067794959499527,-0.16000260979346628,0.1880968192375398,-0.17270086056580541,0.1487743744753198,-0.21466969211283912,0.3150423159815174,-0.23723922856405844,0.22971274737814204,-0.25017650332681624,0.1784274414789178,-0.26092529063831765,0.13269523018478271,-0.2920629593743271,0.337265107755928,-0.3191997446277762,0.2594021454169944,-0.32894746705737204,0.21164580950266867,-0.3346772907372933,0.167664430136779,-0.36275801819019227,0.3706702219290437,-0.40578733301223,0.3139118885470105,-0.42789961792019654,0.2760401397084187,-0.4439735086295376,0.23935944716571356
-0.07846105470251984,-0.3793023261036962,-0.0109654782634215,-0.4282793476796906,0.036307753523972995,-0.42726550670987523,0.08311574187386427,-0.42664853721658946,-0.14659554178594536,-0.4250228237601921,-0.18737406989183655,-0.4217668790460009,-0.21479241647536718,-0.41854927772314987,0.14764086326618592,-0.3871768539379217,-0.2317938085958773,-0.37296732597614873,0.016771080625454682,-0.30457870189182057,-0.15395514840749966,-0.3034321070655828,0.5147304840070567,0.011672377033882504,-0.5069304907565706,-0.011672377033882504,0.5585403157925182,0.5502026440617246,-0.6871087380543037,0.47358536601831647,0.6099846384900892,1.0514851445086268,-0.1923996460773053,0.5110662048148947,0.6551691284934353,1.2089768596037516,-0.03257692380460742,0.4737120961395434,0.5690368233318748,1.2075756461244456,-0.058895259695700024,0.40179286818432464,0.5355085163675751,1.164128065934671,-0.11293784269004489,0.4107515525126661,0.62654067544218,1.092439593373862,0.5142235699105201,1.127734743022991,0.48168020579610044,1.1996164384742996,0.46392613739679955,1.2693509040105606,0.44548071488171814,1.3249224096917518,0.6175852719917339,1.2517951911477265,0.5856290853455118,1.3511692140309766,0.5115751154108192,1.3795857214511704,0.4512821703265753,1.384245775671204,0.666727527542819,1.2559272418096683,0.6237757325092723,1.3570279915549006,0.5397643691864673,1.3799174902511648,0.47675359742583606,1.3792900950623486,0.6820999757192973,1.2549147909325904,0.6395897476124394,1.3440206621288617,0.562078770333733,1.3675646628223217,0.5009050590471928,1.370875400358579,0.6724787887847496,1.2524872256488322,0.6367424104218972,1.3258102155867089,0.5760121601829109,1.3505147120337808,0.5238681965907741,1.3561489895806136,-0.1352678703344486,0.53528463216812,-0.019020464007595227,0.5132845611416732,0.052776897681375154,0.4700883560552466,0.10503143057901547,0.43164256121678507,0.15715408531141978,0.4028952117250883,-0.04323230073152892,0.3739437502831156,-0.06324984356468796,0.29766125290729967,-0.07500665177469634,0.2568395578984869,-0.08686432192077365,0.21836480279466275,-0.12192307854411714,0.3790025294366621,-0.14789112045771055,0.2958015405067722,-0.15967065811810055,0.24655681023776546,-0.16864038585758925,0.20228374664409438,-0.19285352478961765,0.40199698013460056,-0.22185369906065955,0.32819881016265356,-0.22909456798047953,0.2818473262444363,-0.23134679607170117,0.2388672805786765,-0.25551755404937176,0.43607417686363814,-0.29730813461002514,0.38167150749248324,-0.31579570131435664,0.3460343950299523,-0.3282128474109789,0.3109241277148985
0.04451203163500418,-0.37959154978849324,0.11795296157363687,-0.42953904713897395,0.17052273416089386,-0.42836852591371793,0.2225637661954804,-0.427588762697572,-0.03156548796537559,-0.4259670702183763,-0.0762298384628176,-0.42220964683831164,-0.10608550176237319,-0.41810435067322277,0.2973127164848899,-0.3868230268799348,-0.12349626690681031,-0.372887782974905,0.15271811394608195,-0.3055896484507728,-0.036813507985042494,-0.3047824246687953,0.7033931009338166,0.014032874980571527,-0.4234216450649952,-0.014032874980571527,0.7482333031098375,0.5556531563890068,-0.621326573102648,0.47189071827349,0.8058386247373255,1.0633312436018076,-0.13725037092963985,0.5516366688623521,0.8563384847574017,1.2198052870213745,-0.008984024850205068,0.53811718960936,0.7605898143913036,1.2184053824313208,-0.037762316704745065,0.46038228726714414,0.7232149440742875,1.1748176352739679,-0.0761601564119052,0.4639140665935032,0.8301314474091218,1.101667362037442,0.7061189995379428,1.1356277853746497,0.6660008430350982,1.2082550224721873,0.6445342927345273,1.2781408771254295,0.6220094709839923,1.3328806522006755,0.8158815338595726,1.260158062670293,0.7845754564530281,1.3605354285021176,0.7074299178190031,1.390450384651708,0.6421740602425619,1.3987757270910204,0.863947659337761,1.2641070088903492,0.817384242435772,1.3635988591142083,0.7262843791411353,1.386282688732772,0.6553037920133591,1.3881439308287966,0.8757875486841065,1.2640263799949287,0.8229717154709427,1.3509534438289625,0.7383929856592416,1.3737073855305004,0.6705418997896476,1.3783167875721747,0.8617678888680076,1.2624042201018466,0.8178458036955024,1.332716823633459,0.7516857918705483,1.3564362087175532,0.6949709251847777,1.3624413086243026,-0.10797139575653936,0.5798128453541797,0.025674430998158932,0.5588483977170892,0.10962009476697662,0.5206148766295406,0.15564818491110494,0.4853569123434217,0.20131218963231776,0.4558663680027691,-0.016835308333356083,0.424458959313599,-0.04853445046565285,0.3513995980779965,-0.06947186504124232,0.3086139331498695,-0.09027465758274322,0.2707405544618656,-0.11158814447469383,0.42938409943560074,-0.15065382538814215,0.3508954922014112,-0.1741673682618321,0.30329569794932515,-0.1953192296784149,0.2620513303119167,-0.19393243831356322,0.44993208129982387,-0.23421169339536038,0.37980130177005805,-0.2530041126646004,0.3364556750059096,-0.2641670718414956,0.2973364046034524,-0.26495912887767076,0.4812315173812135,-0.3146383477310464,0.4267672827920564,-0.34199415098860386,0.3927956415215727,-0.35977229465855093,0.36044125229836294
-0.15003209868956752,-0.3770745293602046,-0.08115525967502467,-0.42852621292894055,-0.030915209087221448,-0.42754219188829545,0.018466351374881913,-0.42700304403976275,-0.2241390559200493,-0.42309310819606505,-0.2665473352247636,-0.4183316517616661,-0.2946844120337345,-0.413181957283228,0.09060746692016527,-0.38609018829408465,-0.31242393981296857,-0.369828865374911,-0.04455588709035022,-0.30453264364257054,-0.22613145793025125,-0.30301240617927644,0.4754960317446307,0.01586821870816759,-0.597487851861317,-0.01586821870816759,0.5155928075041504,0.5579221656049248,-0.7907616723862128,0.46859739767488673,0.5718251695206655,1.071741321931961,-0.43178792855266795,0.5448820107038115,0.6192148314858372,1.2264305551889123,-0.2973954533588368,0.5333202325043728,0.5277700241874276,1.2249080898419467,-0.289456181992559,0.46117010254183827,0.4919908747199174,1.1818742888408837,-0.3296872699169061,0.4618014144201549,0.5964190234472025,1.1078874446766493,0.48087556752350274,1.137890940367568,0.4411242018673435,1.2101810752303088,0.41766274928549807,1.2804032650176422,0.39647843546815525,1.337117913360963,0.5843377260418993,1.265642714893895,0.5510144625498149,1.3672231881585644,0.47462168095091917,1.3968155806835512,0.41135196571338145,1.4009235636599526,0.6288679361455759,1.270397487677279,0.5839084809790496,1.3705788499961695,0.49792351982611005,1.3923691939031337,0.43230843977595634,1.391282690213594,0.6393115566395368,1.2708583078261988,0.59145589314279,1.358415308691322,0.5124861306269844,1.3798602133721494,0.4506773591429469,1.3812119524756477,0.6255349300534528,1.2695576927901127,0.5861619546198529,1.3409177448484684,0.5238756007990256,1.3638520483922933,0.47243643335822877,1.3678753717891732,-0.37871133595716383,0.5966699874499272,-0.25399902926134493,0.5704438098957268,-0.1746750451599498,0.5274036770147551,-0.13526455798771966,0.4899817977254743,-0.1135797519797928,0.4598167218398452,-0.30644509736423475,0.4274624571042584,-0.3435888936723186,0.3588152638157268,-0.37372944978343603,0.3169068958399394,-0.40519147647220727,0.2787397308339832,-0.39352671041968124,0.4330377946210118,-0.4479576278337197,0.36099999689834117,-0.4853920771770296,0.3148427029896634,-0.5203749204077104,0.27422345886049804,-0.46944820359766476,0.45341096999875335,-0.522946992070236,0.3888724632288353,-0.5526217984064138,0.34555654180072376,-0.5769081316031732,0.30703432249173207,-0.5340835727023168,0.4848203775435014,-0.5971173919727636,0.4359490522946458,-0.6340296980548706,0.4024815492654598,-0.6615811889305933,0.37099991138693705
-0.27046004047091066,-0.3770965245067267,-0.18767876689059465,-0.4296609302385879,-0.12811885571504453,-0.428764008289285,-0.06977471010871346,-0.4282687529223448,-0.3576765180601582,-0.42317505088475604,-0.4076573247039024,-0.41786862566008365,-0.4407891867715706,-0.41224576439397187,0.017200534628201737,-0.38719316511912527,-0.46168613262531566,-0.3702207507446928,-0.14323221393002858,-0.30472237498422355,-0.36016085639015116,-0.30338352561692833,0.47185125130510824,0.017933376951169602,-0.8016934865784568,-0.017933376951169602,0.5222251114769069,0.5595330859619557,-1.045604353616932,0.4620580712505471,0.5871941592965525,1.074823045219275,-0.757328244691252,0.5294810797645475,0.6418391011262556,1.2305046332942802,-0.6122199330937967,0.5081595533681899,0.5329644740186259,1.2299254423255743,-0.5962168037051903,0.4417303517968349,0.49015764436402753,1.187006920657499,-0.6346236841520376,0.4456304730962713,0.6165417560034674,1.1141906082735202,0.480091873555501,1.1441140623290937,0.4347959049171324,1.216403687641123,0.408468819559014,1.2860810675068954,0.38255008981286676,1.3424113917527614,0.6015721173609554,1.271435776520548,0.5631620864850665,1.3734390757446076,0.46786070785234213,1.4024306444936208,0.3906673952693434,1.4044938357370231,0.6528235970515014,1.2753382522548167,0.5993131097176564,1.3763296153880231,0.4931673542418247,1.3964136508366092,0.41495750322138414,1.393075533131604,0.6642611546770238,1.275337545924367,0.6072437897585223,1.3630543700304967,0.5109777797573283,1.3840443920024894,0.43611278425654526,1.3843561191742644,0.6475824832896279,1.2736965048463669,0.6012591747428173,1.3458069576676706,0.5249827870313715,1.3685524462505052,0.4620621181705255,1.3712868868645502,-0.616108012592494,0.5708706314526325,-0.4599694488384735,0.5391314372545143,-0.3685810530959184,0.4920804115690704,-0.3384135947360195,0.45083730572754427,-0.32872647549421424,0.4152966410494562,-0.5546722459532827,0.39342770855462644,-0.6018370190950769,0.32398176963285324,-0.6417972110798918,0.28137097259733823,-0.6823832883009828,0.2448381490809872,-0.6617812826137089,0.3984847991305755,-0.7314387689290629,0.3252792986688444,-0.7820874665296386,0.2767609891960122,-0.8261999239913583,0.23564855448766975,-0.7504337557642303,0.4182893631645867,-0.8210399712824148,0.35069071381210887,-0.8631829605318069,0.30575938580603873,-0.8972682024356526,0.266776537403365,-0.822398556301522,0.45002997002360423,-0.902273034019402,0.40040672428404966,-0.9469338161548007,0.36530092371945744,-0.9797314327031919,0.33255591496104986
-0.0555131188079097,-0.3773537347879711,0.016481211814117543,-0.43044514245371285,0.0669627083357203,-0.4296859451570343,0.116091751092668,-0.42915991222322586,-0.12787398326212224,-0.42276049254067555,-0.1704033779085464,-0.4170885927741916,-0.19867784360374638,-0.4112346363890222,0.18954457030145658,-0.38772695822054737,-0.21708240453547897,-0.37047208880948485,0.05236660724654066,-0.30525413235825116,-0.131741450463612,-0.3037944998947285,0.5716091903368118,0.019972823995518717,-0.5097785314987209,-0.019972823995518717,0.6173209041034233,0.5571307596671278,-0.7183129594489304,0.45888801520982553,0.6727024328850564,1.0687470702634476,-0.507034115802521,0.5182978238300092,0.7156253798519905,1.227708405527266,-0.39597895269566413,0.4964446705596783,0.624371964882097,1.2275060942265534,-0.39362439339468447,0.42854791465058145,0.5891225234909127,1.1833984623582847,-0.4182660194214449,0.43139934994479184,0.700144295824462,1.1078284792347357,0.5836711611342089,1.139834174111371,0.5458004165926836,1.2123833833781807,0.5247206429796596,1.2830555017641072,0.502552992874448,1.3400432272451432,0.6859603541279411,1.268740623001234,0.6554679509217831,1.3668328704606836,0.5809580970801222,1.3970168215526722,0.517068293390051,1.4040270612100747,0.7298753384209282,1.2722946131383144,0.6919645759297137,1.3704869564101074,0.6065107049679599,1.394697424941011,0.5359924504392447,1.396882575404353,0.7406819690768016,1.2716389266875767,0.7008709912038495,1.3586167706639933,0.6224011445827544,1.3839134553984898,0.5561943780730999,1.390059573795922,0.7272280363478593,1.269303279226382,0.6950067047802891,1.3408666036215007,0.6366151634643918,1.36798102830815,0.5831687701862003,1.3772689776153673,,,,,,,,,,,,,,,,,,,,,,,,,,,,,,,,,,,,,,,,,,
-0.2523119381896484,-0.3761994600319307,-0.17642807892047968,-0.4290406626886042,-0.12386642459230776,-0.4284449797544865,-0.07269399234773226,-0.4277762912742691,-0.3261726895318613,-0.42082630435909807,-0.3700580979637049,-0.4152571920727305,-0.39995420514365426,-0.4095656985086016,0.004779908301626609,-0.38663149408063885,-0.4183141226516496,-0.36974393580097115,-0.14018978407456997,-0.3038447331000522,-0.33109595836147926,-0.3024345857160495,0.4028511624190128,0.01979837522238624,-0.7290255203491735,-0.01979837522238624,0.4511889530539793,0.552655158128794,-0.945262492050899,0.4585459540718679,0.5098993000627335,1.0554461175363126,-0.7300970004953218,0.48242876035406307,0.5531201937134086,1.2215945140875462,-0.6197208290046717,0.43517853637920734,0.461414756864872,1.2233593438106516,-0.6308091703381351,0.3617060369315224,0.42518205512934465,1.176300979821681,-0.6508133291293138,0.3779327833357854,0.5365347570589338,1.1045650953932948,0.4226662208115429,1.1362156447559901,0.38496705880142124,1.2097845444416813,0.36288412731805064,1.2793446049615118,0.3432043689290611,1.3359675184184021,0.5305988689114797,1.268941138300408,0.5077438218567231,1.3660803664236356,0.42842818985995773,1.3943562020885247,0.36230244383826216,1.3968522628852857,0.5692960016170068,1.2704292288036765,0.529607556680815,1.3653025810886992,0.43748290289217434,1.3848612488899947,0.3654140775811037,1.3824140935798321,0.575789070094002,1.2686387707246134,0.5324264843136349,1.3532116400174263,0.4493621366675932,1.3730968930152838,0.3829657906388165,1.3731279291894711,0.5594201667129098,1.266005398369327,0.5244214116632158,1.3372131975914654,0.45995815111809435,1.3592354792801442,0.4054391744946094,1.3613494659628569,-0.6060135803192134,0.48261521252171863,-0.4716200601685894,0.4236359010519103,-0.3989671543304238,0.35962402691312395,-0.3805766078846191,0.31049799538019,-0.38383366249740763,0.26912160249281364,-0.5827369192770464,0.2687228346790131,-0.6406403935284662,0.19899419130393778,-0.6867143061514361,0.15254408930453206,-0.7297624792267257,0.11009882938794738,-0.6775986015821907,0.2765622901316885,-0.7457879389964682,0.20493479719042615,-0.7919825030005482,0.15245098078197014,-0.8282582184183032,0.10614054156640729,-0.757582876608264,0.2971124696492558,-0.8182874338069972,0.23053611405697752,-0.8614506651530139,0.18103059475784425,-0.8970147238592334,0.13755643864244405,-0.8203182655530528,0.33001481137083916,-0.8827456339189153,0.27908844661250976,-0.9247970348224523,0.24371073487695707,-0.9568490197162961,0.21176299063416512
-0.0558048406749333,-0.37744106436271435,0.01790793661042256,-0.43037285843468087,0.06938894404216701,-0.4299826400681108,0.11948030198429989,-0.42939496322044374,-0.12790142938407023,-0.4212923525318113,-0.17057140355663616,-0.41564323101312134,-0.20054561865151846,-0.4099741404630296,0.19554578207536974,-0.3886254839211037,-0.21873560607449677,-0.37046893578120726,0.05351049433624786,-0.3046855429585789,-0.13074732665958727,-0.3028651895489653,0.5876414161235912,0.017530401540558186,-0.5277421306537312,-0.017530401540558186,0.6345352692495335,0.5483099578939475,-0.7191178412145619,0.4566178040114473,0.6948948259298094,1.0493888690540367,-0.5094597184297928,0.4037428629465307,0.7363152954528017,1.21735379555988,-0.4143021586385734,0.32702654289628563,0.6488334515075495,1.2202373236943058,-0.42198167635578576,0.2624123955946804,0.6137660399342332,1.172533422043341,-0.4474989184602609,0.2824410991609446,0.7243323216840817,1.0994474719019505,0.6134335728487942,1.1293862184284948,0.5768585226782584,1.2027500905010429,0.5554605425184128,1.274245331093941,0.5347177952028201,1.332254427597161,0.7253950102466089,1.2587059007165915,0.7023289263031962,1.358970642315011,0.6240599340780335,1.3884219095455694,0.5596347349475851,1.3924225287895922,0.7642742565897304,1.261845502312523,0.7211468779766687,1.3592234267595802,0.6287891997089993,1.3801418094072417,0.5565539082489186,1.378679841378846,0.7712510836216299,1.2613714140140653,0.7246666241556389,1.3477395891950539,0.6405668724304804,1.36823533316634,0.5735393579822224,1.3679165334532541,0.7556718018530026,1.2598850132884247,0.7196557578545142,1.33159732899915,0.653797122165631,1.3531020963806821,0.5984127728561803,1.3543538022549055,-0.36633250704925835,0.4187858866962086,-0.2451925658715695,0.3497531800698291,-0.18784841748474154,0.27909241005974667,-0.17896881944414228,0.22673220014543516,-0.18288120715343195,0.18096200552351202,-0.37380121756087703,0.19413310877660325,-0.4372135457520103,0.12435356037579495,-0.4811538693164948,0.07880408228330746,-0.5207869349582264,0.03682412728634414,-0.464030110129272,0.20489876600000695,-0.535188161036887,0.13391402782165232,-0.5806530349706819,0.08297960674943218,-0.6187751845399825,0.035967925698767604,-0.5366572565256216,0.22867953310178635,-0.6036091268460018,0.1625618352005131,-0.6444957612065695,0.1133813998747181,-0.6791418205667149,0.06870844479588077,-0.5922948891194051,0.2669340890934005,-0.6582091107878727,0.2144622875330199,-0.6992673537505065,0.17640789171498653,-0.733435688323846,0.14059637051805157
0.05553776968302983,-0.375309464365593,0.14031409860020894,-0.42865955505362763,0.2000543003755159,-0.42841510751671275,0.2578780474343051,-0.4279451419366594,-0.02995588629996931,-0.41900130667349605,-0.08076726997045514,-0.41326940921851424,-0.11692058479530354,-0.40760540087392805,0.344577279641796,-0.38767287762484315,-0.14033888760229674,-0.36929794790686493,0.1817108716067429,-0.3020716034909201,-0.031228097786996062,-0.2999604975399445,0.8030374052096183,0.015896918764176333,-0.5102832791399146,-0.015896918764176333,0.858530760529319,0.5446250225408777,-0.737403276456024,0.45637876062224875,0.9326617224127648,1.0480761759922934,-0.43601382645737385,0.3504595961375462,0.9776887353902451,1.2151864481426287,-0.31288475843925984,0.2584134136163973,0.8780327830563713,1.2185570665220964,-0.3473315042708299,0.19689139035585881,0.8379797699984808,1.1715943946475964,-0.3672827774388481,0.21967104968738527,0.9708471056700049,1.092136325487747,0.8338658869930023,1.1211351414659068,0.7928956410816843,1.1953060394257924,0.7721809796064615,1.2659095457499177,0.751864901406682,1.3233056404595651,0.9667344509642968,1.248876039418069,0.9441966855550944,1.3507756076934638,0.8498073755610702,1.38171130817062,0.7731547142493198,1.3818968639491196,1.017664058487668,1.2522660546862208,0.9676182126489848,1.3526722962303674,0.856386763280364,1.3732897867172127,0.7751946130927471,1.3683926565680244,1.0280152477264282,1.252045677987071,0.9711210165187683,1.3408876347160212,0.8698400235888666,1.3612529656499688,0.7944789194855243,1.3595088815505465,1.0105396127453299,1.2505546882303629,0.9634137425354514,1.3238403402343846,0.8829094402191691,1.3451516784622437,0.8192300810807006,1.345423001206372,-0.27573483188833253,0.35703116854485595,-0.13573153516412453,0.28953209920005873,-0.06925625867364524,0.21691949586364181,-0.05272963880252944,0.1623728742109761,-0.05157242688149119,0.11768361116927512,-0.2729326194999999,0.13159795758219212,-0.3433783749977817,0.05813317647965658,-0.3946188959004953,0.013679831017798377,-0.4412984326813627,-0.02592113735731811,-0.37676540520257684,0.14107158497364036,-0.45875825330291925,0.06330466743987559,-0.512810198842242,0.012440066024171829,-0.5613790142072109,-0.03319169884963018,-0.45971448467405146,0.1647257401781452,-0.5377672541864046,0.09273442152326573,-0.5804024604362837,0.044801320970908144,-0.619772692359392,0.0020591082674540073,-0.5235372478106959,0.20372376912186557,-0.5997320603830887,0.15087753014471858,-0.6414434316682758,0.1132534085332377,-0.6764232596001302,0.07796053587442822
-0.04695194648759697,-0.3734731336103475,0.018176105954484854,-0.4269094938710407,0.06415290322764253,-0.42670372261915696,0.10852596614571926,-0.42622009612845335,-0.11380026515637416,-0.41701127945812894,-0.15326394927590684,-0.4112949843584019,-0.1814283052100171,-0.4058074016178711,0.1742776535836554,-0.3865856649980727,-0.20045829143937524,-0.3686407116299174,0.05046538223432139,-0.3004223595021525,-0.11397222072302418,-0.2986855895810465,0.5278201934437415,0.015539805348471585,-0.48864291263501886,-0.015539805348471585,0.5704741744021109,0.5430378448959474,-0.6624062628423695,0.45325939353501354,0.6323902579194769,1.0456271987088863,-0.3635400271222179,0.3200495831050065,0.6637356734099179,1.2109992770677342,-0.27242015653541884,0.2223095194357601,0.5888551823220729,1.2146155874559617,-0.3107763141678212,0.16158452483202673,0.5580024218986189,1.1679682810795757,-0.3178924560717101,0.18636977110589767,0.6627145984129077,1.0843173179651722,0.5518236273156917,1.1178318302499124,0.5183491366343156,1.1918710516620064,0.5022800547282285,1.2612212039012927,0.4870049054108626,1.316406561576837,0.6571907034743166,1.2450191924272767,0.6373433361698759,1.3437174257968623,0.5705407302068339,1.375300692783787,0.5124678299187615,1.381090003489021,0.6991379138942783,1.2479426115032752,0.6650999489800355,1.3463587973504714,0.5826119636150014,1.3687882131627642,0.516874013674126,1.3669778453745443,0.7090883619804264,1.2472408698146213,0.668132146175981,1.3341259467984734,0.5919636463120423,1.3564489251890222,0.5313080965766499,1.3584721678207303,0.6963541759124043,1.244768121222375,0.6633289961262562,1.3151761263491042,0.6051786447771718,1.3396793251005856,0.5547975585758302,1.3449832625302953,-0.2572114445960768,0.30160120635151255,-0.14409760436247981,0.24619854864426755,-0.0878063153310784,0.17385790079186603,-0.07115883742807708,0.11588700358884045,-0.06714748828649476,0.07034389812380801,-0.24528244165316185,0.08440633109705424,-0.2985350200201839,0.010159009386648956,-0.3348953324977954,-0.03266411920784088,-0.3676473018898238,-0.06969386126584814,-0.3258204129958383,0.09286892129195642,-0.3828274729947561,0.011789108981368108,-0.4183963398443211,-0.03890887494200394,-0.44968431838584666,-0.08312454039559163,-0.3905721053891498,0.11605865431055898,-0.44748134493486325,0.04325569074226697,-0.4784907838808229,-0.0035489427203074394,-0.5045872912272749,-0.045569947725111214,-0.4424328147652351,0.15331431387204925,-0.4998829090443449,0.10096759798253677,-0.5292983246245249,0.06591183922429264,-0.5515227526271775,0.03192965441687834
0.11540855671593506,-0.37257817323805464,0.19201353884514424,-0.42575357086363413,0.2461343821600546,-0.4254691880569117,0.29839950358552925,-0.4248404054584899,0.03629667317885932,-0.41595952004970366,-0.010483448577631541,-0.41033106671632785,-0.043705202279436924,-0.40490604304714733,0.3751333242374842,-0.3856715298579106,-0.06738661708384773,-0.3680050185571911,0.22955529572555577,-0.299720228651666,0.035736323421582804,-0.29814966789944813,0.7924862950761982,0.01574381600970735,-0.40832548802987134,-0.01574381600970735,0.8425200786153404,0.5429002120674965,-0.6136620932625275,0.45176000052444215,0.916013652341676,1.0447240901136186,-0.16693212264263418,0.29879019800849527,0.9527292776098628,1.2096577435495928,-0.050362325081597166,0.20658759278175892,0.8654488640450149,1.21349627172442,-0.09013919277688197,0.14542167800320507,0.8292539029153846,1.1668802885712781,-0.0999841607193799,0.17043550117216485,0.9512597918124759,1.0820558178891753,0.8240237855300097,1.1158402627038242,0.783538026483437,1.1895922975295892,0.7635951646481492,1.2601892534125516,0.7455985749872626,1.316955783617908,0.9477811516983494,1.2420182970268607,0.9253182530743511,1.3422722505754534,0.8465068064395562,1.3738970144268212,0.7778895332443748,1.3804781792407137,0.9970340787677504,1.244972621481155,0.9581223296129395,1.3445545243723886,0.8626373335920453,1.3681153782073705,0.7852154425648209,1.3679813867990498,1.0081407419617328,1.2446120543233474,0.9631456346190701,1.3319860837471087,0.8752677009639189,1.3554529574970877,0.8028243987527185,1.3587845980352296,0.9929500932300521,1.2429639134762078,0.9571754642874266,1.3143061965679543,0.8897593797489912,1.3394426125705687,0.8290560337741617,1.3456311081184102,-0.05641242560305711,0.27664323268006463,0.06901858371812655,0.22583583078538966,0.13226264771959104,0.15489435879874128,0.15292655812035236,0.09846164399432299,0.16397313393387847,0.05266251992159482,-0.036875083716800795,0.06501997060356417,-0.09391813005519473,-0.009383062410023062,-0.1304444102058979,-0.05320057917063279,-0.16662553726421378,-0.09098080596570751,-0.1326719751636907,0.07238833494134096,-0.19228969588558195,-0.011959605532523955,-0.22844720720599762,-0.06328831775019683,-0.2622140792128245,-0.10548281705272704,-0.209714896479759,0.09509883184382886,-0.26837024094769385,0.018020041583350476,-0.2973357120417957,-0.02929648866381552,-0.3216146469365093,-0.06916160781492259,-0.2726477637456984,0.1323956660234687,-0.3324784453229737,0.07653636931195082,-0.3641869752039439,0.0405592109298866,-0.3886172464545504,0.007839137102688425
0.055745309973903444,-0.3723152019069053,0.1421900161504262,-0.42556545628726405,0.20316188982913694,-0.4252705966365212,0.2620575180186488,-0.42463600738818336,-0.03346142327731168,-0.4156939514344699,-0.08617792942261482,-0.4099305524429542,-0.12338969200008014,-0.4043255385365607,0.3487274579267418,-0.38545137416547354,-0.15043616800286794,-0.3677479074986203,0.1848527500440948,-0.29931482855665187,-0.03421052231741422,-0.2977672232988597,0.8211238661794891,0.016973426804302603,-0.5295552552011191,-0.016973426804302603,0.8757157975288502,0.5469647686732828,-0.7652763733324403,0.45379844266386565,0.9581938699320475,1.0478205972346921,-0.1493857597820011,0.282240473508261,0.9996504220660222,1.213054817517053,-0.01786233355198419,0.18988110727028387,0.902832048736593,1.2169264529311548,-0.058712172165674134,0.12976470211369445,0.8616064005540037,1.1701931795587952,-0.07382252044410573,0.15779338455047304,1.0000240265494376,1.085647477520187,0.854627304997457,1.1189006534049892,0.8075188037560319,1.191655931954645,0.7853876208029655,1.262611284636288,0.7706211083539166,1.3208142487865944,0.9912616468608385,1.2466138083123492,0.96686332101811,1.346649315276226,0.8763272362323147,1.3775447794082505,0.7990254444964694,1.3828401324087058,1.0512626529022087,1.2499950210346225,1.0096838760299836,1.3500372876268563,0.902980104476226,1.3734876038502823,0.8176621969819764,1.3732428586856342,1.067678569293216,1.2497202071783173,1.0221860806992782,1.337385128067709,0.9236628612785814,1.3611501166456828,0.8425828130721776,1.3646495063188862,1.054072876845335,1.2479270409386616,1.0180398899651206,1.3201268645098825,0.9426294315500382,1.345556353298097,0.8748583342878249,1.3516754485955682,-0.06908993447733598,0.2765644835041196,0.08028413126317784,0.22674112761010173,0.15895559609673768,0.158346275531945,0.18890947731004878,0.10130107255574107,0.21523567789013073,0.0564339227911659,-0.022050735922548106,0.06888853803884712,-0.07840941326283166,-0.007218117632058099,-0.11626269821000611,-0.05174647016157025,-0.1529976898046309,-0.09097562369518275,-0.12503972596646207,0.07432864032239425,-0.18266664247220088,-0.010338035754740233,-0.21880563096174857,-0.06163114463512881,-0.25353194718664535,-0.10472494086385298,-0.20969484776669364,0.09478129446014585,-0.2700294517405568,0.018161722851327895,-0.2973611713012977,-0.02910940715667516,-0.32020711696335996,-0.0702841682039244,-0.28201613892493654,0.12903466225114382,-0.34559190354792246,0.07279583631979748,-0.3760356287508716,0.03523759298883325,-0.39822288387767146,0.0010288620540544597
0.1455472346608059,-0.3732899802661794,0.22625239970418912,-0.42689770292054524,0.28331291577988804,-0.4266098346142089,0.33844296147619624,-0.4259585340332741,0.06170759922448359,-0.41678909212604026,0.012358936248792763,-0.4108025776806988,-0.02225680152436506,-0.4049936268635647,0.4196592808614413,-0.3867304239894463,-0.047888699412010474,-0.3688739330621508,0.2664908352378249,-0.30011657054791263,0.06106312591982816,-0.2987202747442814,0.8638285127091518,0.01717161935736493,-0.3962133951493592,-0.01717161935736493,0.9132108003789984,0.550571939687896,-0.6233350787438104,0.455852622443328,0.9902853833139136,1.0519540754788483,-7.866114741125955e-05,0.28686702527078184,1.0293466595986347,1.2175505233999568,0.12558478465665332,0.18948963431910856,0.9407270084299348,1.2214634736573977,0.09080092341271619,0.1330452215806462,0.9016795949577168,1.1745733409927057,0.06680763945825687,0.16218320241972983,1.0246654532745225,1.0882477067737697,0.889412185706495,1.1249479330434269,0.8504615169683397,1.199850541125192,0.8311405907342674,1.2719013697236257,0.8191401143620903,1.3293257746077547,1.0268557776499783,1.2497679114038553,1.0070794432775136,1.352717150752125,0.9249717745436791,1.38355684151424,0.8526544959249129,1.3894442806018137,1.0841404583533834,1.2512228102231202,1.0430678944419143,1.3517427732666387,0.9442393142019421,1.3758469773097548,0.8625914779083625,1.3778053239918686,1.0994898362821082,1.2495749074601517,1.0530382061660628,1.336607520973479,0.9619539239064246,1.3614491170536303,0.8847882003531397,1.3664021831095037,1.0862865397102128,1.2477066292850996,1.0513959053146573,1.3184803566366499,0.9819063454930221,1.3446315722038964,0.9164496842958958,1.3519542588001032,0.08735557207556295,0.29517952966797106,0.2350411278775597,0.24947689763144898,0.31111906307955495,0.18316354990493558,0.3517583403619447,0.12761912040456808,0.3797892421962329,0.08318750706640039,0.15499606867208,0.09225120620690203,0.11370936855046006,0.01452173369635618,0.0842880561174783,-0.03095958715138563,0.05539854476838374,-0.07095830930498331,0.06125632043449588,0.09529903090820174,0.021802313621102788,0.00865663627741738,-0.004924746454270565,-0.045577939791680774,-0.03184868796253051,-0.0920956333310681,-0.02007060649731435,0.11473394317873248,-0.06231266086780344,0.035686195246646575,-0.08204902904677586,-0.01482878542497576,-0.10105627227878818,-0.05931163253729024,-0.09232166806487022,0.14818257937137375,-0.1399609282775719,0.08998241560564282,-0.16598540921716093,0.05076378030086952,-0.1894505790059515,0.015249417050162811
-0.3622097272824699,-0.3732915924906311,-0.2862817063992266,-0.42823825968657603,-0.23243582587673012,-0.4282705436209584,-0.180467044168737,-0.4275396777633891,-0.4415852648616468,-0.4169659823056867,-0.48817071084424923,-0.41073718598771125,-0.5204640461200097,-0.4051698568508408,-0.10311777144773694,-0.38902517969434874,-0.5442390540995297,-0.36975355606130794,-0.24789649669062933,-0.2999611098571612,-0.4421507600122875,-0.29801841821447167,0.31811433432118746,0.01733871143032847,-0.8621465408763294,-0.01733871143032847,0.36114066736995937,0.5566600980978215,-1.087949283287385,0.4609832416428328,0.43443128788773927,1.0600281395490847,-0.4842485622686811,0.30662408974520644,0.47192150133429916,1.2263922020538403,-0.33910012230746867,0.21569202904780543,0.3885950116617925,1.2303624190354066,-0.37383966938152224,0.1578295570191557,0.35113958507243254,1.1831244248575934,-0.40916892325882764,0.18299146695746896,0.46720050736999363,1.0960188351565525,0.33732391516179977,1.132431578402552,0.30266201235301604,1.2072117746442008,0.2876407691192652,1.2804515323525814,0.2762535001360391,1.3387765836746082,0.47390685684840866,1.2595023223774364,0.4537199044679094,1.3638112430686404,0.3731643966925138,1.394751034664778,0.3023661849193886,1.3999280109746088,0.5258867703507055,1.2609162173138917,0.48686621348221026,1.3635779504041252,0.3911439142625394,1.3877286898137169,0.31335660543567895,1.3893237989511946,0.5373987154301357,1.2594568420903138,0.49378712829583365,1.3486502833141871,0.4057758229905098,1.3740638665511893,0.33173157999835234,1.378656197304796,0.5211240321577602,1.2576381019037204,0.48831167697257816,1.3299171180027796,0.42107508278700184,1.3558010569553094,0.35800205796596063,1.3626476075359377,-0.3780769868833211,0.3320035038545777,-0.23517257750635634,0.2900883528142065,-0.15806152518346087,0.22532301005662628,-0.11269695874114379,0.17097312434844347,-0.07345070474313611,0.12771241662687902,-0.2936387092547076,0.12992916823808473,-0.325224619002452,0.05195439421209353,-0.34627038931350096,0.006206763121882365,-0.36525900403717954,-0.034932630896687106,-0.3797272753888818,0.13106264067880968,-0.4103313608790178,0.04439111672326042,-0.42609036378026277,-0.010973827724719196,-0.4407011220990555,-0.05897532516821803,-0.45561550010748836,0.1496336793708369,-0.49192963948583585,0.07008712547381965,-0.5088894846976196,0.017923828284864857,-0.5215510658337906,-0.028266823218768947,-0.5241053951842607,0.18277537668134738,-0.568753074073403,0.1231351674192613,-0.5921388866945712,0.08331269870942183,-0.6116689240637084,0.04693282852069476
-0.07988749309659503,-0.36943634358018046,-0.012117528915653271,-0.4256119206619141,0.036057402434926694,-0.4261861912532536,0.08258013079360689,-0.42557599181652056,-0.15114220322306324,-0.41333406505761316,-0.192775327370829,-0.4070680271461839,-0.22149459082003403,-0.4020810088559679,0.1523674614801109,-0.38888803137705463,-0.24250382272871795,-0.36697439036178325,0.02303207470201142,-0.296114079595356,-0.15140997319385965,-0.29242262710515304,0.5304168134026492,0.018043371607040677,-0.522685990296974,-0.018043371607040677,0.5672116455385557,0.5590322697869132,-0.729900218102355,0.46214942906129464,0.6329321108174389,1.0688762956121955,-0.1694435957340472,0.32478990751206344,0.6669037756519446,1.2321736070477656,-0.01573777892082023,0.2512582161784319,0.5923528794570588,1.2354109851169095,-0.05539687793504065,0.1741419133948466,0.558516220505504,1.18903559155122,-0.09660754824981062,0.18713184562248988,0.6605642281852105,1.097138587245903,0.5473647843914732,1.1359991791487551,0.5160337051015377,1.2133698203378893,0.5029172110343786,1.2867421956070786,0.4930954085055676,1.3449861632257605,0.6705158057417286,1.265068119623428,0.6542468495811754,1.3681659414801797,0.5820475964507444,1.3992356469082228,0.5173272208767428,1.404964170382646,0.7147364596165947,1.2662967915862937,0.685000292999226,1.3679524957736642,0.6015098651932601,1.3925699005917904,0.5311070372064415,1.3944904392024646,0.7244685903412323,1.2642320648460796,0.6897259970791785,1.3522076247758783,0.6132334572355879,1.376920524683077,0.5471986424654067,1.381686769673309,0.7097213148798373,1.2617101908230293,0.6828830420673475,1.3323952302811717,0.6234131997160588,1.3575815872760233,0.5667976607092875,1.3643598476082934,-0.07307293415608566,0.37897746121101855,0.057758726309989745,0.34374520994494795,0.1329226289217403,0.2789158631640034,0.1776095761783097,0.2251977481949928,0.21852158956751228,0.18435870605566773,0.014947912467409945,0.18387555763471783,-0.005999171899214697,0.10315171512484209,-0.019317178437419202,0.05675871169743005,-0.032773678095403276,0.014278879556136364,-0.059341191876957494,0.1842530468853328,-0.08143009721672692,0.09547452453578512,-0.0898829102018201,0.038640527724816645,-0.09820345727575693,-0.010748161374272888,-0.12603235443602082,0.2008703742538261,-0.15212859306897344,0.11908403069102966,-0.16096300939849487,0.06571610377761458,-0.16584265007561183,0.018592704743189217,-0.18778247604094245,0.23101018443332866,-0.22642853275634545,0.1698685081588615,-0.24590724132962605,0.12958872686296477,-0.2610257829691346,0.09289792993570459
-0.17087513821198688,-0.364564409436241,-0.08681121576559549,-0.42103275073451285,-0.026467955582595817,-0.4217948147529624,0.03147969175205124,-0.42138537220328853,-0.25975014121422635,-0.4092994928568993,-0.311566825208343,-0.4033897460500513,-0.34680315065801226,-0.3989506138712732,0.1199427064270936,-0.3855997862208136,-0.3737795444724323,-0.3638016366309196,-0.04266734901725566,-0.2921781325685936,-0.2604751538050838,-0.28741295842873643,0.5896115710565124,0.018544109060950956,-0.722568769207478,-0.018544109060950956,0.6330583461096633,0.5583499297576127,-0.9819042528195125,0.46202106861910464,0.7175305340971623,1.0699532389520838,-0.2688781024725903,0.37953197994152943,0.7619058340473761,1.2316870625322072,-0.071859265902967,0.3259238299337089,0.6677559533890189,1.2347150000490106,-0.11980999165961262,0.24310893555734528,0.6243138318184792,1.1889781645160515,-0.17818048544754955,0.24954684671491226,0.7510858665115041,1.0982579338949747,0.608902738338192,1.135819857909604,0.5706687945063402,1.2106887789272647,0.5560639944465232,1.2841961203639845,0.5421187479888293,1.3422719902877502,0.7618971475465017,1.2629235362396125,0.7456108891030955,1.3660839215118887,0.6610859616460004,1.3986087334901374,0.5847266552432302,1.4068644467118652,0.8223505401513045,1.2643054343775482,0.7907366406824422,1.3675690662708326,0.6905980381353765,1.3939245973159686,0.605512521139694,1.397253296728753,0.8374740484062069,1.2628588003719778,0.7974364147141739,1.3516842074221462,0.7049822631194134,1.3777458281777297,0.6255302521731014,1.383331068728388,0.8212228461984734,1.2610251687343443,0.7878409335694502,1.3321876069364922,0.7160172215519325,1.3583160899203262,0.6478117473808715,1.3657758354848981,-0.17501084332483238,0.4272586164862331,-0.00987860030509965,0.3968894616477562,0.09717383647382215,0.3408492276201186,0.16601001265481571,0.2907616220050796,0.22548679437557112,0.25070854839797424,-0.03755565348471093,0.24132113880409528,-0.057788995879113396,0.16006439423448254,-0.0721812868996763,0.11370099110675423,-0.08642001299406288,0.07159373501370571,-0.13342515108407071,0.24198432705391326,-0.1543233210275563,0.15416019959146451,-0.1647679076327749,0.09725052033428284,-0.17481880960906837,0.04671945039971825,-0.22087991119330824,0.25850260510379747,-0.2410204941676568,0.17693068663847503,-0.24629940484203822,0.12623423310046455,-0.2488321403113405,0.08160771220235395,-0.3044226435872222,0.286928030077204,-0.34457785527323703,0.2252834182533667,-0.36209263312605483,0.18594409302627568,-0.3761231934316245,0.15043292569437558
-0.010001770478806135,-0.36066693279517525,0.07118878893986663,-0.41744977053788296,0.12939765687873903,-0.4185974479958748,0.18536910405355003,-0.4186668254344786,-0.09557226143199585,-0.405978305455817,-0.1449964160511422,-0.40058928312454123,-0.17861012261893525,-0.3964772540211719,0.2718213298053697,-0.3832459853731608,-0.20495333445582067,-0.36078149995994446,0.11382403471048097,-0.28954656302971277,-0.09630010431670545,-0.2840758924203523,0.7256632545866156,0.019077910699737282,-0.5421794698553177,-0.019077910699737282,0.7660461095626316,0.5570554652791162,-0.792608769400033,0.4609098982806783,0.848962114701,1.0734501470664481,-0.09928003859540176,0.4405391248538982,0.8920006530942813,1.230960530465315,0.10723662247297669,0.40108365636901394,0.8014601120028053,1.2335171126756335,0.0673208324497151,0.31934075123365274,0.7589712731308431,1.1883476805909108,-0.0002236459326445768,0.32355625655072195,0.879677024555607,1.0968496940458807,0.7426793888974194,1.133587407563418,0.706905207522526,1.2084952191302105,0.6918732010590967,1.2815083658856088,0.6760552679924748,1.339041140702748,0.8980805812965809,1.2603709009689519,0.8765917012619304,1.364743829861681,0.7921298907703109,1.396459938299324,0.7175806356990755,1.40295286422852,0.9571553158017132,1.2618752586937794,0.9209526921528505,1.366360748940978,0.8218241439429048,1.392729131141752,0.7391554437090083,1.3956326005450894,0.9710235520911953,1.2607520049259082,0.9314781206234191,1.3512522778300644,0.8407091368659487,1.3775121102969687,0.7631425224396743,1.3831314468461946,0.9535373588215296,1.259309945309215,0.9214865234418,1.3318855894415809,0.8516564207970504,1.3581808185608342,0.7841718225368384,1.3657599497617763,-0.05111186953831016,0.47490172299882566,0.11328810761725612,0.4478077094248994,0.2256735160695524,0.39390427136193185,0.2998075024936916,0.3473635729652136,0.36436456158208635,0.3132560666948804,0.1092689538186807,0.2983592675650133,0.09120880957822612,0.21776746156403767,0.07709536418854787,0.17115549790725698,0.06366485159196747,0.12975321354318436,0.013822134919006713,0.297990434447538,-0.0036640583506590842,0.20990043759065807,-0.011085600689685086,0.15439659888615653,-0.01803588646740654,0.10487031085265143,-0.07575463560649685,0.3128513649696915,-0.09391957006071046,0.2315697962032774,-0.09455669456036553,0.18153827995191263,-0.09299142816741605,0.136650605219887,-0.16125791112257556,0.3390278973147348,-0.19322431553007663,0.27734474702084827,-0.20777922712029132,0.23898964246864948,-0.21825884729741696,0.20432758864485048
0.19245876961647776,-0.3569316725608595,0.27024129339247754,-0.41413418354523,0.32630857177430744,-0.4154223268396917,0.3802181884922463,-0.41580417772670625,0.11107621237647955,-0.40362568952321715,0.06400455967600233,-0.39869130003135195,0.032355499804477224,-0.39481438905206084,0.46429307722193774,-0.3807405404636586,0.006068381601829219,-0.3584487144443919,0.3118172650647465,-0.2866542716453275,0.1099099476407987,-0.2811589393148137,0.9001554015156245,0.019526674545122497,-0.32023279005211996,-0.019526674545122497,0.941117610192593,0.5553049156846422,-0.5598727263338108,0.46070951235029173,1.0180013479515762,1.0751406762354758,0.08618501671257996,0.4822782590303181,1.0586189980210614,1.229195549481824,0.28680685442354975,0.4423870280677341,0.9737537528194462,1.231835889996907,0.24993678253061669,0.36892070714818875,0.9323319409248161,1.186986838051087,0.18291265547542307,0.3767823846147899,1.0489952287681366,1.09461283429565,0.9135017267423874,1.132167745400034,0.8801091658036136,1.2075067016902483,0.8657369302655872,1.2805594979982626,0.8523048968042413,1.3387279987072915,1.0646254771184607,1.2554654304556967,1.0388920111022946,1.361078109089516,0.9582273322298076,1.3946378920420643,0.8883840370021996,1.4041404803817565,1.1253954915528463,1.2583412633463669,1.0885366365094054,1.364893556558779,0.9933662703510855,1.3930405472584566,0.915568215552712,1.396716583241372,1.1413116257594629,1.258169589404564,1.0993698122268276,1.3497565776407887,1.0124792066630268,1.376524054004277,0.9407868569383309,1.3829595896443223,1.1254067084023385,1.2575429441931265,1.089416727777268,1.3303910976267554,1.0224245256013993,1.3568514919324781,0.9605357023330315,1.3652792930699906,0.11778446359596545,0.5128682476343368,0.27586812527628907,0.48643210904329975,0.37927511030031125,0.43427148982025,0.4521636363593336,0.3898764671745618,0.5237671141226667,0.35854844546545306,0.2714199254237523,0.33882690097953216,0.2575881119420376,0.2589436483176128,0.24581674742861276,0.21210138890482305,0.23459644659794124,0.16939084322170972,0.17745004977264103,0.3376070504739908,0.16034377907373185,0.251676118114618,0.1517456325205447,0.19718530183513344,0.1456405026699176,0.1485514164288767,0.08840437104867842,0.3517267023294447,0.07276261823733642,0.2725489848247844,0.06953906826014598,0.22392852248393613,0.06853027083464627,0.1799084037001827,0.005035568613955212,0.3779287614991481,-0.021739482541611264,0.31720870090063247,-0.03484651497920377,0.27916278819314927,-0.04494124810504513,0.24465609039836525
0.12767971121403382,-0.3565604143316658,0.20006649996008816,-0.41315096449700295,0.2522270652439002,-0.4144379389851915,0.30229685692642905,-0.41474207737935825,0.05288010077906418,-0.4027470095955018,0.009264633840366856,-0.3978796196475725,-0.019868691398274522,-0.3940384469561882,0.3811911551212429,-0.3793595077380707,-0.04493071411165054,-0.3573515033360524,0.23851743806442535,-0.2864015532472809,0.05033418369791595,-0.28092776753703536,0.7856624396611592,0.019573427697108046,-0.35012178924981324,-0.019573427697108046,0.828593721451028,0.554480561098936,-0.5725771071163315,0.46173657331761025,0.8945184349183618,1.0770375830561485,0.018466389572462508,0.5054633743714921,0.9342637123491744,1.2282828907439758,0.1899683547790976,0.45878406785525827,0.8543359204158764,1.2305866773586231,0.15692996262557052,0.39128250871264064,0.8144893515118583,1.1865629093222654,0.1009267355957213,0.4031738849372952,0.9273769612104976,1.0969955042275983,0.8038345041179734,1.1337862569710622,0.7700429737810875,1.2085657409027362,0.7609577433321515,1.28201722046622,0.7504995991685549,1.339969515903932,0.9352124847235266,1.2540990323179502,0.9179181015279441,1.3610393585798386,0.8402018846362688,1.3936067376580346,0.7726231001196773,1.4022335932297232,0.9914578491537035,1.2578848323059513,0.9565454311159636,1.3644910413215225,0.8658532152610384,1.3911096756201133,0.7937096329546068,1.3939923479915741,1.0066184299163776,1.2587599796604845,0.9689048616657969,1.3506069531598264,0.887090482636569,1.377146819493944,0.8186377584962784,1.383707132857413,0.9939174413117774,1.2593028907947181,0.9631392654877983,1.3337247446548592,0.9003436300370594,1.3602982343290355,0.8414678944214254,1.3682869518243665,0.03011277091250129,0.5269308189217984,0.17070159408415764,0.49938624956620825,0.2617380405920875,0.4498797609460229,0.3257967459699212,0.40778592560338056,0.38550499593657117,0.374467782016043,0.15816844464887972,0.35157992769444835,0.14195913633776705,0.27530714423331687,0.12968950508871774,0.23011666980974954,0.11701925136384979,0.18902330518004085,0.07004085406276644,0.35073229034541764,0.05271252886956607,0.2679168281397289,0.042796387628557045,0.2158011213053427,0.03275703960879408,0.1692426707107183,-0.012228401186502832,0.3675667678151965,-0.03487867125025876,0.29217571529965874,-0.041271659864537,0.24422671622177003,-0.04489850930288738,0.20060666339436808,-0.088063910698371,0.3974000755772957,-0.12068029959017929,0.33905629159974005,-0.13686983067433303,0.2999692763456982,-0.14865278178431401,0.2628293581477794
-0.06849294771399937,-0.3560829240470974,0.007136336109938285,-0.41241150913574054,0.06141282318051912,-0.4136951051026675,0.11361357114829217,-0.4139398063544772,-0.14574233412158485,-0.4020838253195535,-0.19071030299245414,-0.3972984781534678,-0.2209431587719971,-0.39352855316035934,0.1970785274304568,-0.37814957827564016,-0.2468946119946,-0.35685141507676166,0.046650810063411145,-0.28618497971001994,-0.14875402772966645,-0.2807573064282726,0.6153348262288991,0.020489064671312035,-0.5651377242179273,-0.020489064671312035,0.6601011835663361,0.5534677559601039,-0.7949034624685495,0.46077374814748256,0.7312348352465713,1.0754151739820617,-0.21142706666200484,0.5125811695318259,0.7731145702298167,1.2266292807802288,-0.004873000142177024,0.46874596235991867,0.69154426318618,1.229028878763203,-0.04580513318630523,0.40201681121174376,0.6490316842974428,1.185038283362329,-0.10573201227020645,0.4149630918290713,0.76592865818814,1.095112861895123,0.636771096258134,1.1328940309982762,0.6010950063957712,1.2067250344963354,0.5901267288733738,1.2782306132445829,0.5780846688785555,1.3349942619017912,0.7674705565731245,1.2540496697827779,0.7496402765978388,1.3585895654372027,0.672608031635477,1.3893292066237717,0.6063635289709399,1.3971669231697454,0.8279884042646523,1.2571588427146447,0.79202972547166,1.3608164055100263,0.7013483519639433,1.3859390673624887,0.6296209584775474,1.3880638018770033,0.847056917385434,1.2568640275853662,0.8082055152014749,1.3463176509555579,0.7254466152661037,1.3714637853501603,0.6567883205974464,1.3777314235523883,0.8370942016515179,1.2563894127832949,0.804533800342267,1.3283458990660522,0.7401240458279201,1.3541732066335581,0.6809376107526351,1.3621301636936032,-0.20668656108773736,0.5224713251625229,-0.0606947134359835,0.4968519843183776,0.032500009903228946,0.44804012876194355,0.0948531603846542,0.4047872753605302,0.1576830236940983,0.3716034383609209,-0.07988996172977546,0.34878014673649466,-0.0971583916820435,0.2741787744054001,-0.11293595010235503,0.22885493861097292,-0.13081171053360094,0.18725173547116014,-0.17127850086369958,0.34915124762772837,-0.19157997805276214,0.26659714329417394,-0.20676767714486102,0.21456861056287166,-0.22231506008683857,0.16794885571689397,-0.2560116408355288,0.36625005567504676,-0.2822089381081836,0.28932795310256854,-0.29144660108534776,0.2419319612880204,-0.2986548373752243,0.19875069914013413,-0.3344833144970385,0.3953881653114023,-0.3655425834397565,0.3356402176465119,-0.3790917381779558,0.2970814032222596,-0.38941774291984504,0.2603665917085273
0.1517361974296731,-0.35576584104471337,0.22460914978490257,-0.41192587073646014,0.27768896690072753,-0.41316962484987807,0.3279810412208577,-0.4133432726892867,0.07613387165222127,-0.40158802822417977,0.03175458796649473,-0.39673045531934614,0.0024328542452212183,-0.39296687551201426,0.40828062215473704,-0.37712885770604343,-0.024378323958528177,-0.3561391312079196,0.263074297919786,-0.2860672515849643,0.07211418539798882,-0.2805968177283674,0.8122741537691814,0.021049267918447002,-0.3353029655047226,-0.021049267918447002,0.856481288150658,0.5518923522825294,-0.5571166715723279,0.4600397878639415,0.9318939807101477,1.072336589060608,-0.017909544868055467,0.5059289518230045,0.971284162372085,1.223190075874741,0.16713844947755757,0.4594224774058414,0.8931665738695712,1.2256492477717473,0.14166142838174348,0.3896497685379024,0.8518625761142942,1.1817103726954832,0.08797075021911971,0.40444625058423733,0.9607303340884231,1.0895325259452182,0.837051549333193,1.1267303989211745,0.8023137026186051,1.2007685450743317,0.7906984662809281,1.2730126034355675,0.7762139852113252,1.330021786284018,0.9665347244578072,1.2498269284679429,0.9462111541746823,1.3519611311082405,0.8731235531557162,1.383147486838586,0.808471537028277,1.392122141119986,1.021201811955472,1.2521898505173472,0.9855843898894832,1.3523491748977214,0.8988370105615859,1.3788211615719164,0.8267766567190729,1.3833076690667123,1.0367248374996187,1.25110885466204,0.9948820662186977,1.3375222488606608,0.9141564157568001,1.3632532756375004,0.8454139707704132,1.3707577193513918,1.0250735574013647,1.2498447264932901,0.9894671636501791,1.3189804534014293,0.9265008657879477,1.344563241361889,0.867749267063669,1.3534552284992416,-0.013992610229797276,0.5094229852201416,0.12760167192371946,0.48163769162294773,0.21676425219358336,0.4328755516775524,0.2723316267558171,0.3902171976881211,0.3277916769861829,0.3546040515217109,0.10153288759454707,0.3335384492313168,0.0831815027782337,0.2589307662670444,0.06668583366507586,0.213570859377521,0.049726302871950664,0.1724672565759981,0.012557116218122708,0.3340723899917372,-0.009872189734250452,0.25298739672375053,-0.024567150226627175,0.20119303530207291,-0.038296326223834,0.15488936470005202,-0.06758954771659105,0.351329449042343,-0.09667363470301367,0.2760189782613944,-0.10849087748989664,0.22940829172213173,-0.11624176542209842,0.18678951492064388,-0.1406197208035925,0.38105238555695736,-0.17655925035683032,0.3232661783913688,-0.19332390275787864,0.2858121075242283,-0.20422041575031308,0.24993011750125552
-0.05818028425918269,-0.3555481045950737,0.014150310359512341,-0.41164072465396895,0.06670410377168305,-0.41292897308739723,0.11642315479324686,-0.41302317537860567,-0.13335095424259985,-0.40116034037977055,-0.17746198300961927,-0.39634224921542205,-0.20662508530651774,-0.39256540270730583,0.19568154943549296,-0.37675727769823086,-0.23375192476211484,-0.3558672484168382,0.05202642576481852,-0.2859907436609447,-0.13781678676615244,-0.2806121080078935,0.5955535481698423,0.021773628095893862,-0.5455087920934228,-0.021773628095893862,0.6396052475998373,0.5533682468742952,-0.7700195361536607,0.45824541134307023,0.7203107447680754,1.068863495641682,-0.2719065547405554,0.4970576891726661,0.7563616497826651,1.2190814808744588,-0.1052240488161651,0.45575576268520895,0.6787298122453677,1.2212839701316103,-0.11417357932655474,0.3841944727136875,0.6393212667282356,1.1777069474165782,-0.16543572640817306,0.3979286298071482,0.7426889707476939,1.0865228649336258,0.6179347072852239,1.1248840923874726,0.5870338553730884,1.200406781311225,0.5762908456679638,1.2708154648101413,0.5645769680252793,1.3258980075136129,0.7511686662385886,1.2468332190552514,0.7335463865743566,1.3473520832276193,0.6603630493947392,1.378815881954173,0.5959807193964206,1.3858818709150535,0.8050058398714341,1.2489040352213459,0.7725994893667512,1.3493446893130325,0.6841665127064807,1.3751171287952741,0.6118751154475276,1.3771309800070812,0.8194637993447779,1.2479827905098002,0.7795891518900314,1.3359355126145214,0.6970664437922486,1.36078110427496,0.6294168672026296,1.365998533776637,0.806033237334609,1.2469170322461902,0.7715406273563005,1.3164838484288792,0.7093000197623991,1.3416511520032837,0.6527880929623837,1.3496745724294577,-0.2625898489623766,0.4941015815858469,-0.12079766647427968,0.46667529072585867,-0.030177103832206266,0.418205118515317,0.025424484286449344,0.3749126871087933,0.07923445975131019,0.3383668673784583,-0.1423812793108254,0.3179255538435406,-0.16031033831099925,0.24368994603857944,-0.17768263481361013,0.1990203168232857,-0.19599273481427104,0.15855138606081437,-0.23154727326314573,0.31718547636366246,-0.2530355591873932,0.23708014363785088,-0.26880503031986597,0.1864817233810729,-0.2842614558718126,0.14158260010813872,-0.31097192337341373,0.3337494376002155,-0.3378334473668106,0.2596816896400595,-0.34912335356738533,0.2138767302087887,-0.35719454324110295,0.17173994029292644,-0.38285228165248525,0.36379634982034,-0.41814137131480655,0.30677092863499267,-0.4353594115411534,0.26974324142249095,-0.4467754425795381,0.23406356915283347
0.03767353630154683,-0.3552254845182077,0.11754938179059272,-0.41095822383010705,0.1750753425691897,-0.4122343581544364,0.22921637443139958,-0.4123288952257873,-0.04483571373048103,-0.4005417251452603,-0.09351511309370565,-0.3957421686211219,-0.12564416852071253,-0.39196207943398403,0.3152157843305836,-0.37611840956458065,-0.15602975170922254,-0.35544800666649806,0.1578086973972544,-0.28598079619871414,-0.05064826221945885,-0.2806814939521886,0.7527526314490682,0.022976340922250586,-0.5043601295497542,-0.022976340922250586,0.801733254408868,0.5510155918699652,-0.7613073651265057,0.4546033417057241,0.8956773087828793,1.0655959692911756,-0.2783559088923893,0.48526517488429904,0.9337367129020857,1.2138231288349421,-0.11568113594850576,0.4438347098509313,0.8468147783344975,1.2150660474314994,-0.12674178579886738,0.3714713434270316,0.8046937518238224,1.1722091643264707,-0.17421833693316896,0.3852456502284609,0.9212630452294597,1.0807232943742247,0.7847539481941701,1.1172057773586546,0.7492665638966641,1.1919592825152352,0.7351562626313916,1.2625663963679203,0.72280185670297,1.3182478022823538,0.9310384159394627,1.2399369623647425,0.9064324965678155,1.340679567863616,0.8238551387259847,1.3720447382708167,0.7514053829710345,1.3780409901060116,0.9877780676692615,1.2417064547715027,0.9487797696226429,1.3420490778702134,0.8504765231130453,1.367617755364484,0.7700970306012939,1.3694697063961325,1.001478845151127,1.2404224230014094,0.9546919952066544,1.3282812748476485,0.8634479916444456,1.352759872548676,0.7885171239169312,1.3576948470398846,0.9844621234872666,1.2386775520432074,0.9448397474409511,1.3090454197448076,0.8753078121042549,1.333992521801891,0.8123039957217628,1.341383834203508,-0.22262676659816474,0.48131854250266826,-0.06590850393007469,0.45366191971509673,0.0331906977988077,0.402982848858682,0.09354503268750569,0.3577109732945975,0.1517935793280468,0.320162799687666,-0.08966029875131694,0.302426065613078,-0.10929887878439488,0.22981741381486234,-0.127716487480361,0.18542865850944185,-0.14660924314986687,0.14482719300347338,-0.18618689604210567,0.3010999915581825,-0.21087992325633326,0.22286278370842916,-0.22702235110422506,0.17342570233730548,-0.24329280994221855,0.12897121240979087,-0.271652551174336,0.31708209900627177,-0.3051513628105131,0.24485206004909302,-0.31913246385289806,0.19966519816587938,-0.3299665748509108,0.1577107143782913,-0.3480931907371824,0.3466122746624346,-0.3895500930252292,0.29062263608538996,-0.41001122832348086,0.25412923604358023,-0.42447741481808915,0.21876842263544904
-0.11659480495233095,-0.3542637542741795,-0.03927529181496499,-0.4097548076918338,0.016113426369348736,-0.41100382590377316,0.06828846273172073,-0.4110677000980469,-0.1966319149563443,-0.39937386255291357,-0.24372624515592267,-0.39458086798586334,-0.27482049439558476,-0.39079065198326246,0.15102029943654316,-0.374961423215386,-0.30577201685954913,-0.3544052726430142,-0.0009039534488047889,-0.2851994345733597,-0.20239830257271282,-0.27999681202129323,0.5717856105388158,0.023114821195162553,-0.6469327746746604,-0.023114821195162553,0.6210391949760762,0.5478638914071831,-0.9098133312133129,0.4515626664122646,0.7151713858299517,1.059325624926709,-0.5148280616181716,0.4782900824357343,0.7518492025331349,1.2082763116929416,-0.36975779979130385,0.43496370731774187,0.66810204340416,1.2097410210246748,-0.3775013273618231,0.36350908103882024,0.628048477284079,1.1664190430432446,-0.4169661984723497,0.37749452101764325,0.742306978771553,1.0745262945944136,0.6125312109363156,1.10863488290834,0.5757585253970599,1.1824926600326902,0.5595811300649617,1.2544078285094549,0.5468975054993981,1.3119489889922316,0.7476021280325514,1.230775302341139,0.7216221843351257,1.3336220122514328,0.640790265481282,1.364971975943103,0.571724341082186,1.3707523590966344,0.8045124181144615,1.2338271465436301,0.7680054217857529,1.3374403467852085,0.6723790467637423,1.3635938207731753,0.595846154392141,1.3646507535458132,0.8191498889467473,1.2336246468335232,0.7811193442863575,1.324347988385017,0.6913790723167115,1.3496667007108631,0.6185003242202425,1.3541871885251695,0.8041863064904634,1.2329319821108375,0.7721220516367373,1.3054634439910477,0.7056085506843419,1.3307555420692796,0.6451957370563788,1.3377527749093736,-0.3819141399778063,0.4706885904606814,-0.23942947745549184,0.43923008692439414,-0.14656488671931167,0.3888787075774931,-0.0923335118655318,0.34666087372968585,-0.04237038759181598,0.3099723233948776,-0.26367100620144246,0.2893023101283657,-0.28239913089388347,0.21815664055000716,-0.296601362705916,0.17562059287203194,-0.30950423028103285,0.13639975473380683,-0.3543465550148053,0.2892708358877091,-0.3783204181161239,0.2135625585553419,-0.3918738148528779,0.16585362685415586,-0.4036215978792723,0.1231972364913171,-0.4342633848873703,0.30563906102683003,-0.46885126371970415,0.2352700646223215,-0.48469718282100327,0.18995271235455802,-0.49595396315117923,0.1473271019476555,-0.5053794361278928,0.3354296612365568,-0.5468742462174079,0.2812606416406004,-0.5697740585674821,0.24440083440810173,-0.5870521865109702,0.20773635261026618
-0.22839477370944478,-0.35422779084821987,-0.15491925796272377,-0.40954411651599804,-0.1032407978078618,-0.4106015546387554,-0.054185951708397184,-0.4104001926458473,-0.3031364776385822,-0.3992680962299159,-0.34680432160711666,-0.39439421548957226,-0.37631520566512644,-0.3905172492101177,0.02373183171056834,-0.37397495876873144,-0.40612884502481755,-0.3535206075291266,-0.1201969512829499,-0.28521769902273136,-0.30946715332482005,-0.27995432665610553,0.4188414247620344,0.022734977171281975,-0.7324810248802557,-0.022734977171281975,0.4660314679476805,0.5438181616509127,-0.9870449231997904,0.44815763746804316,0.5544659865591848,1.049259546521442,-0.6255371902473231,0.4722403016918601,0.5903515737936459,1.1992173896239788,-0.500269299845458,0.4277752012259055,0.5117102542704425,1.2010961545498093,-0.5041280706594459,0.35711279041861116,0.4742561213906502,1.1578599375605738,-0.5373218807964323,0.3717031352327443,0.5824176078764263,1.062756783374074,0.46062351297502196,1.0988153082961052,0.42394330910995304,1.1738513015893637,0.4084809075920016,1.2454590781873625,0.3972698111381379,1.3028840666448742,0.5895728707137182,1.223292689752055,0.5688945377346435,1.3251602261323157,0.49364625244220134,1.3552381848009805,0.42955548798300147,1.3602835108952858,0.6405824312883422,1.2251187553677416,0.6065160281224178,1.326112495762777,0.5186270790733835,1.3510424912527512,0.4484597252871321,1.353001800975745,0.6536426823311899,1.2235759773100776,0.6168402093517319,1.311721211661633,0.5351957375894204,1.3363720618974386,0.4679145714447809,1.3420962655678341,0.6394544257709945,1.2218656660743143,0.6103785120982307,1.2934274170739342,0.5481016271906747,1.31845475670448,0.4907155068586859,1.3258970959623633,-0.5043894507293603,0.4649629642041654,-0.3704525209817946,0.43572842462579575,-0.2861599017734551,0.38692725253655613,-0.23326776815342007,0.3461195762457884,-0.18513962115520433,0.31103058055361066,-0.3821550809258171,0.2873520210835613,-0.3928645026945028,0.22007065073318788,-0.3966913137942089,0.1799275840830128,-0.3967541723193938,0.1419587667002614,-0.4611825692788483,0.2865422006800829,-0.4794412468770714,0.21432458490356232,-0.480286786869854,0.17093257126381403,-0.4772036690385803,0.1304618023531805,-0.531480148954829,0.30140869908449,-0.567116026056541,0.23508696246031857,-0.5787687235417671,0.1917812468175309,-0.5833145619063519,0.1503381871411411,-0.5922146129627532,0.3284816464349901,-0.6257251027582661,0.27528065726871054,-0.6421104902156414,0.23896899155559487,-0.6536699608164689,0.203669889006817
0.02900637407143265,-0.3575394744887727,0.11455914321035063,-0.4115474736092905,0.17475041341547254,-0.4118855213647896,0.2318937310472632,-0.41094758208385385,-0.05817279368340136,-0.40324570828898826,-0.10896948001411892,-0.39835604804249714,-0.14338338264239342,-0.39381176946891266,0.32249284680353724,-0.3737976234564705,-0.18007328553741367,-0.3545417357484819,0.1550689509852876,-0.28743375584384484,-0.06559818082935855,-0.2836438394310911,0.7822010274711908,0.02204323469265346,-0.5645974516920708,-0.02204323469265346,0.838665237170272,0.5416125507584135,-0.8732761064802591,0.4468402322456993,0.9419702831470904,1.0446904076089516,-0.4575730693667714,0.46976009925346074,0.9843116431627482,1.193785281543487,-0.300017093798227,0.4273370540101286,0.8924473103980818,1.1957796487084726,-0.3044736237442716,0.35794169402158693,0.8494045968759404,1.1530295565857525,-0.3454178381404053,0.37076161083470965,0.9728718568495031,1.0576414181957323,0.8292093234848382,1.094355237922292,0.7882929160559219,1.1690346854028937,0.7739259829935905,1.240304090473955,0.7638938471541515,1.296971207616967,0.981685120625912,1.216412250224789,0.9596891916243308,1.3182512565294087,0.8744024424717928,1.3490915251522855,0.8015237800242713,1.3558375832425347,1.0446731538005012,1.218451537633895,1.0079688839724186,1.3205683160603217,0.9053262617479791,1.345059245687708,0.8242742047363516,1.3461391650259533,1.0613564072320436,1.2170289868417707,1.0247624383739238,1.3068664956789544,0.9284777247205955,1.3314222846384127,0.8503846379872031,1.3360227135171479,1.0457251840602269,1.2154072743550508,1.0158515412459512,1.288064394110551,0.9434261323640736,1.3134683964551634,0.8769869455915004,1.3206703033492688,-0.31935915674520826,0.47406762980573636,-0.17082020822951588,0.4468086047268797,-0.07792315559902482,0.3987753418517756,-0.013967748931571938,0.36080260936524516,0.04126739281649879,0.32583449116657504,-0.16231436592401066,0.30118542394509085,-0.17473774646099613,0.23480017868246497,-0.16522266572864996,0.1993221240390588,-0.14235730555207068,0.16809636638245348,-0.24261887896694342,0.3013648757366541,-0.2532150327914424,0.2350300511562044,-0.22396055844720814,0.19844847112789762,-0.18099848512999758,0.16726282083211422,-0.3190444745661977,0.31626143710067706,-0.3411783570218077,0.2521006606616951,-0.3342278510826632,0.21496239046517987,-0.31042972163909105,0.1823942967380942,-0.39094850281274907,0.34293879085515616,-0.4123522978957504,0.29101328050097264,-0.4160152478940404,0.25561429465461544,-0.4125770708807579,0.22310922678024994
-0.18400193112063176,-0.36404778507901037,-0.11061848694698455,-0.4153550270749756,-0.05848668598065391,-0.41486701792574826,-0.008893972684347867,-0.41338181250654216,-0.2611159181804222,-0.40936543882588505,-0.30500990654494975,-0.40466358572097894,-0.3350239783332386,-0.39961555863829584,0.06931969533842706,-0.3754198978853424,-0.36806673464781536,-0.35778093711623726,-0.0737330192146573,-0.29258014447183783,-0.2671901930164701,-0.2918821872157179,0.4685393065434763,0.020893328139222313,-0.7025031152425897,-0.020893328139222313,0.5192134532904478,0.5421554414005106,-0.995030863647713,0.4474207654728342,0.609125118438503,1.042907547807162,-0.6360792185982279,0.4716632467141841,0.6448518691385787,1.1915471442703927,-0.4913268019417893,0.4353912197450823,0.5653482630023168,1.193738434707763,-0.48934734937383967,0.36964197487597067,0.5279285188431219,1.1516091531927157,-0.5262435509369431,0.37718797231879686,0.6348898007955214,1.0558512950516228,0.5109006380460989,1.092373794462317,0.47695543490904313,1.165465728247624,0.46351748381499935,1.2362681515978977,0.45223971616459385,1.292975203954889,0.6460527164566257,1.215891279775058,0.6223014324073856,1.3172103587628468,0.542930120735436,1.3460426215733077,0.47628054529901237,1.3492671680700086,0.6986742484521041,1.2178405689594454,0.6628146665961779,1.3197194332485997,0.5712940002148241,1.3436606149166992,0.49984935422506294,1.3446105327961944,0.7109518724392798,1.2164105407417236,0.6743594382871323,1.305297349116238,0.5887753853621265,1.3299459895087629,0.5196980857499772,1.3347896777851191,0.6953548112846759,1.2143600551961078,0.6662586162006059,1.2866534077416751,0.602028177875287,1.3119154079797453,0.5435711987785232,1.3187917236203242,-0.5246011406553549,0.5009014397247765,-0.40079552641219873,0.47740854419985657,-0.3117931509037419,0.42855519948815995,-0.2542572686604298,0.39073363185662774,-0.217364823938098,0.3587816821273903,-0.37947303992176173,0.33398101824197934,-0.389405321884416,0.2670774022115239,-0.3539434284587344,0.23761163186368908,-0.30970810427553513,0.2198754813766168,-0.4428143145401871,0.334438004524812,-0.45797705806702343,0.2631041858025671,-0.4057422123252446,0.24112236716476912,-0.345467995678131,0.23578071036879297,-0.50246905497865,0.3478907099389805,-0.5161007517181977,0.283699019018822,-0.46588628127420123,0.261268685286801,-0.40566600212673626,0.25407893566766593,-0.5606418559056237,0.3718989742628265,-0.5661797075486489,0.32097751477516434,-0.5347505143454504,0.29452840337652936,-0.49201215703682677,0.27925988723633594
-0.12504145178311024,-0.37064020239753254,-0.05371067899149134,-0.42012695079807666,-0.0031461208187267818,-0.4188608569065581,0.045000061069769046,-0.4168367831694098,-0.19990278833720543,-0.41713958469234963,-0.24233895127735378,-0.4131797399754063,-0.27154656729806015,-0.4084412463668987,0.12075614737219492,-0.3771758695500413,-0.3044191157861724,-0.36288632464325343,-0.018137605979204465,-0.2981377823807712,-0.20635613183637092,-0.30011695835702856,0.5038801253925193,0.020043118326743235,-0.6290973944424544,-0.020043118326743235,0.5591569627986346,0.5435086387711998,-0.9475732293034467,0.4455621638969882,0.6453943288945154,1.0456112074779649,-0.5984822922780555,0.4866908094337692,0.6793633103905868,1.194530764811474,-0.451987723144016,0.4618686632028803,0.6025773244214997,1.196567354804216,-0.44198428554735536,0.40420110642147755,0.5664542771750817,1.1547885529447635,-0.4773383584029642,0.4059396028406314,0.6722771840368105,1.0581256258230818,0.5489235880576852,1.0963764511975882,0.5154524999023613,1.1715238201257625,0.5053264118017826,1.241750118873008,0.4939777247290226,1.297365239393119,0.6762126767453444,1.2200375157749255,0.6525002459877781,1.3190925404794218,0.579480229419261,1.347217600250637,0.519077590486329,1.3508721172279154,0.7320631851920802,1.222452119652202,0.7002907153744635,1.3226740268277315,0.616627968243002,1.3478397385332643,0.5505308044275038,1.3491852934235975,0.7490212448867236,1.2208718562624798,0.7170745644807388,1.3083152406170633,0.6381980514512325,1.333917528503945,0.5740031422665719,1.3398913420911354,0.7377915626553457,1.2187163044275817,0.7108545433839322,1.289745480781348,0.6518015808030364,1.3157060321310938,0.5973817344975489,1.3240064913223062,-0.4952423373236877,0.53845758325695,-0.3897748825593024,0.5225102660381856,-0.2933530977622524,0.4758910032769487,-0.2325580292976748,0.4409607749598459,-0.2066623674894668,0.41301278001546904,-0.3502581140977734,0.3819853268829238,-0.3278447110234283,0.3062146713917927,-0.2622597627943583,0.3062748412810686,-0.2264883917805131,0.32550164712143365,-0.403573194452361,0.38282012668261,-0.3784203363860369,0.3094992124468441,-0.2945001794390269,0.3213970042549162,-0.2587068042477272,0.34862341984011447,-0.4613786894344849,0.39407901531524137,-0.4351043995313779,0.3329448002184981,-0.3521668788402836,0.3471127422383715,-0.3164099602743522,0.3715956864598694,-0.5233777379518587,0.4151678725382352,-0.49208688619580726,0.37453574341601314,-0.4318445262122633,0.3783386182118875,-0.40243444571852804,0.3929768958548029
0.28133993104713206,-0.37472643177030146,0.3563415052792703,-0.42396250359475407,0.4093088960013225,-0.42204692856671105,0.4597509766000867,-0.419774177291782,0.2028937846922085,-0.4235621344769934,0.15868912459731152,-0.42050914718258486,0.12798061677881095,-0.41663192473089916,0.5389695868079578,-0.3790647237209503,0.0922584611093819,-0.36793190522924807,0.39249750677214934,-0.30117000929969046,0.1950177094130407,-0.3052234586645447,0.9346143304964155,0.017972092846981716,-0.24909961855112467,-0.017972092846981716,1.001918279240918,0.544918897744184,-0.5936618815479646,0.4486575379981263,1.0916807072536598,1.047317639179977,-0.25418461903276574,0.524168812214029,1.126779107229752,1.1967506899635956,-0.09398704872395053,0.528595217621262,1.0463045270059443,1.1996527901624152,-0.06650741798204933,0.4694684390904728,1.0089154756538392,1.15828323434363,-0.10258906539512343,0.4621901523956235,1.1183982427849355,1.0600792320371146,0.9893823178152882,1.0989583445117626,0.9542225245622928,1.1737232459189515,0.9438718909354108,1.2449960901016675,0.9326805787034671,1.3013889326775754,1.1245211989347543,1.222140956816566,1.1000973162285848,1.3221378663978405,1.0249110164477204,1.352901096025638,0.9599198206589159,1.359652775238784,1.1835176823077156,1.2248221398784855,1.1482160023703216,1.325908661615691,1.060397421933841,1.352320814203061,0.9888491513127594,1.356023652637402,1.201276438014258,1.2239658844062666,1.1666724585614936,1.3131578957715193,1.0841929103435293,1.3401063310436687,1.0153800512822488,1.3477336161351852,1.1890943747225993,1.2221964740532634,1.15975002551689,1.2942613027163368,1.0974516752825672,1.321836552930619,1.0389580710621957,1.3317773633671701,-0.1991796536650464,0.5813075668746948,-0.06092172121988589,0.5741264929345606,0.045804078489740725,0.541323177629612,0.11295195188140482,0.5120895515357217,0.13668836631576162,0.48479188750492713,0.022095359244742294,0.4337876723183502,0.08052702447019328,0.38265238116629235,0.13995776295511708,0.40685904817630864,0.1700736210072442,0.44241127296470834,-0.048808964116376155,0.4332808759667544,0.011669962249542637,0.39680674254240644,0.07301548882632666,0.43177822478427297,0.09723145296805062,0.47031363718774777,-0.11594947031481176,0.44730370065343156,-0.059551286849901,0.4242400897782418,0.006124375761622617,0.45795909394573275,0.0372268919883375,0.4916907680220136,-0.17662062585218974,0.4726647115351962,-0.12705810626719255,0.4641786369897029,-0.07200593629100968,0.4840521951935753,-0.03902451293204635,0.506534372436298
0.09237052313697787,-0.37999128343406746,0.17194168671313279,-0.42837751955591197,0.22635726859330693,-0.42628549025371093,0.2783749835560685,-0.4240191541117249,0.011916817239993311,-0.4284976593299471,-0.032482790136235104,-0.42566696717813907,-0.06623690835565273,-0.42190073572620984,0.3613598185560645,-0.3824848203240602,-0.10673753127391969,-0.3713113583724209,0.2068273969456559,-0.3046327421085926,0.002112527870953629,-0.3098158821479378,0.7665817108493294,0.016748097930940023,-0.46021007989290486,-0.016748097930940023,0.8479773445613662,0.5472426314219979,-0.8218448663445237,0.4444536796658878,0.9452962466762712,1.0521363975921962,-0.5223507484915476,0.5748351958251025,0.9795758838983853,1.2027277848726237,-0.37311187595939477,0.6092833662933783,0.8953757773252438,1.2059324381129746,-0.32862148549510906,0.5580086829645778,0.8578418718479899,1.1649515806253443,-0.3566782901037861,0.5413944401865006,0.9670222450456529,1.0666612731247225,0.8316378094167022,1.105839802518639,0.798668915184282,1.178553764174626,0.7891203528238537,1.2506869345145166,0.7770429344893797,1.308778103249891,0.97708481869339,1.2274717171769303,0.9552897740316834,1.3312393798475308,0.8750866806031378,1.36204469940253,0.8067490362330394,1.367349599598219,1.0394824929356872,1.2292654803927263,1.000639265174343,1.333461386959213,0.907521389528681,1.3588465276914141,0.8336097487942167,1.3613646017992251,1.0574387910570162,1.227568940115456,1.0171444545923627,1.3176022423370173,0.9302185822485445,1.3435265074116614,0.8594245378901734,1.3494885883751455,1.0443089140115458,1.22543952627856,1.012060033378927,1.2976518638683927,0.9439360631315796,1.3240087710194755,0.8814494527185097,1.3318370694362758,-0.4255019578608062,0.6235112488970278,-0.30033125895579427,0.6110539811904776,-0.20792245747678786,0.5881306641516548,-0.14425140480216617,0.5739402818242937,-0.11169579382977399,0.5640425237160215,-0.2627864140453939,0.49981380976144285,-0.16335222335759142,0.49013943292859236,-0.1347887951307436,0.535052263830019,-0.1396991799077629,0.5693756648605204,-0.3349527179460856,0.5037497183894178,-0.24551930021227256,0.5175252828457367,-0.21844235625825825,0.5633378888948983,-0.22560740082786818,0.5922941207524169,-0.4017558581939553,0.5221875857144095,-0.3269605385741783,0.5430011649872284,-0.2986967371590866,0.5810972789988941,-0.30047361365725456,0.603630315384493,-0.46028168345531595,0.5485769005116672,-0.40798778332325425,0.5739770876510213,-0.3786419725206157,0.5980511076122497,-0.3764992643295731,0.6139486784434817
-0.18296348479109392,-0.3790559720981251,-0.10795218556144417,-0.42742854928769,-0.0569681983776919,-0.42534291242969285,-0.008098344696217336,-0.4232415514953784,-0.2591898617633117,-0.42730021307657096,-0.3007634909617243,-0.42431125115778706,-0.3330472790326671,-0.42035074943536943,0.06842021870252486,-0.3828468619090908,-0.37456988942791497,-0.3699838737722975,-0.07695123248871616,-0.3042558473475227,-0.2693861235695827,-0.3089598897669735,0.4502481553716225,0.013868461884538304,-0.7074942276953337,-0.013868461884538304,0.5298910513568313,0.5455748652439021,-1.0369213006549884,0.4375664162568469,0.6235586279999774,1.0517474497917332,-0.8329285750891611,0.6327687994423598,0.6548654260764554,1.202530242326565,-0.7104713958075791,0.6962156786190452,0.5748339301784262,1.2050102528927846,-0.6717130404090069,0.6541486872691304,0.5395583780646734,1.1646345246926444,-0.6983640044507317,0.6306532174684348,0.6439407068181707,1.0669854671616867,0.5148433164831984,1.1049103205840776,0.4830600750952752,1.1785875612964922,0.4734607734583196,1.2502634508246988,0.46004189087260794,1.3076093883902753,0.6537719364527161,1.228544801647857,0.6340861772577707,1.3333207967696268,0.5571214336696705,1.3623164559715442,0.49545161842145596,1.3640743152092507,0.7129039344894307,1.2303452083861868,0.679929718730513,1.3349655813996988,0.5918335025190715,1.3585905435935954,0.5254016644935583,1.3577645671141048,0.7311183167574045,1.228040243787205,0.6928625166561495,1.316617202992335,0.6111740478700293,1.3388491970136531,0.5486188354393309,1.3408227998278897,0.7209075929281893,1.2251067786083647,0.6873342744780384,1.2951096726636948,0.6212382767631229,1.3183147095253533,0.5651213426950727,1.3226272686917868,,,,,,,,,,,,,,,,,,,,,,,,,,,,,,,,,,,,,,,,,,
0.132994094521263,-0.3814460624523702,0.2139099567615635,-0.42895827908462103,0.26829558475796883,-0.42694586275768603,0.3205258293271523,-0.42506843619995377,0.050182239303967334,-0.428376614906998,0.005039867866881876,-0.42520842128763814,-0.030061592296788092,-0.4210229252509736,0.39913625716229684,-0.3861689618215062,-0.07761408486782059,-0.3710909995802348,0.24604122179225388,-0.3064303192811535,0.038318615763710706,-0.310598970639217,0.8135139553821823,0.011478835275218377,-0.4377528619098427,-0.011478835275218377,0.9070428236630027,0.5455833988255001,-0.7898503895965953,0.4217970834454373,1.0094895472544838,1.054604261045501,-0.6318273718669438,0.7030985692746791,1.0439195583715468,1.2088857178840722,-0.587045733449485,0.804249818742064,0.9561036775180343,1.2112541958655736,-0.49920964224138636,0.7769509840906498,0.917651078847172,1.1707128880894135,-0.4961751810887876,0.7458733652631379,1.0333374748695754,1.0756208437701134,0.8967201306112584,1.114948172985027,0.8608070575029881,1.1885550040040147,0.8507734161412944,1.2589225452429262,0.836219052874637,1.314476062928715,1.0467559871288488,1.2359580206508518,1.0257215153500194,1.3394052578966553,0.9470415871588164,1.3680584047075919,0.8830209997595309,1.3712663285344109,1.1125184453766315,1.237633891916358,1.0800559631679048,1.3418545903354417,0.9886705556590833,1.366173659427433,0.9183908650639626,1.3664290015209852,1.1334054833457468,1.2354519832716375,1.0985602148711457,1.3241913765246032,1.015160950786744,1.3479103103776091,0.9494226286458771,1.3527218476072456,1.1232369124225001,1.233200837189357,1.0919318001598532,1.3043000183305393,1.0259483365957338,1.3292856720143424,0.9669620176654267,1.3361673621589463,-0.6858416527726094,0.7331206656899916,-0.5575634788519137,0.7192343773320948,-0.43002058380274144,0.7451189560022063,-0.36820728700037,0.7880661485633819,-0.35842256741602463,0.8275400845672232,-0.4792851405842122,0.7618795273804243,-0.38631401993067355,0.8205008676351503,-0.4011921850654116,0.8086059687984866,-0.4307930846222793,0.7921056186621052,-0.5558629011019953,0.7927794058061461,-0.45224848428978964,0.8566239904695571,-0.46627417957605183,0.8411522112596135,-0.5063359005073744,0.819958817494789,-0.6254856824739516,0.8224048971680524,-0.5244430696323815,0.8816286960657088,-0.5342613762088807,0.8633899750977015,-0.5674380545451383,0.8403994283814435,-0.6811393284728396,0.8478394324940235,-0.5940984202088504,0.8964257587700335,-0.6011173745778277,0.8787149151783231,-0.6307080962582853,0.8581797417511084
0.03792416414215974,-0.38313970191286373,0.12435621113151583,-0.42982900189736095,0.18191113441095383,-0.4280462262882697,0.2377091444403939,-0.42650057262744573,-0.05030148915268064,-0.42865920803879287,-0.09869403209385635,-0.4257005913218398,-0.1363364426517275,-0.4219161761965269,0.3185905893921466,-0.3885872268872056,-0.18944855211535283,-0.3725158478363522,0.1561725107775358,-0.3076192105745059,-0.06514165339036054,-0.3112568636111904,0.7634851803413877,0.008432365820443665,-0.5732813898423509,-0.008432365820443665,0.865418177525281,0.5438575626853452,-0.9342603622049984,0.4272979954814274,0.9798031807592467,1.0529440815447002,-0.8464607215035204,0.7718423498563004,1.0189136244946824,1.2086140009692479,-0.8499167097974096,0.8925959170319252,0.9231232935657366,1.211839278121403,-0.7617303927018834,0.8785114082538261,0.8814409154071631,1.1706028526010075,-0.7346112705953036,0.8431884947831559,1.000361242490901,1.0768456017916215,0.8581545073294057,1.118167386561663,0.8215171133421526,1.1916244866650498,0.8103434560302645,1.2622042590371818,0.7947980388278072,1.3177773171139222,1.0135620356393795,1.231887072462645,0.9992676028625396,1.3379593138721826,0.9157134730641091,1.36738708962752,0.8451555259861042,1.372684712595331,1.0899361429701204,1.2353474945777212,1.0572497825677294,1.3414290394477106,0.9575357823664881,1.365155887224648,0.8800210807346868,1.3652549690784606,1.1171210327142882,1.2344750625738463,1.0823360161129179,1.3247967780248646,0.9883619914305627,1.3473646472160092,0.9140162637688019,1.3507052872777676,1.1096651904142538,1.2328832404905299,1.0761432856042978,1.3033176462931013,1.0027826731949245,1.326671890478941,0.9384305168656281,1.33200323849089,,,,,,,,,,,,,,,,,,,,,,,,,,,,,,,,,,,,,,,,,,
-0.11730731033155654,-0.38320699471139014,-0.03899366749984016,-0.42970527275490267,0.012271477210900638,-0.4278220624621437,0.06232034586575772,-0.4262630811044111,-0.19544413647474593,-0.42882623912781875,-0.23906620579173501,-0.4262678628980572,-0.27278835048582184,-0.42306207846026284,0.1321479014540924,-0.38840153878949696,-0.3220130027658137,-0.37486241491165545,-0.015106985911499657,-0.3073962049883461,-0.21249065750613416,-0.3110594088085768,0.528158808944088,0.005593182387430501,-0.6655142266641688,-0.005593182387430501,0.6258947208174477,0.5445012096705744,-0.9676842015550013,0.4336475700433053,0.7342666437957903,1.058440226712406,-0.9477797937792093,0.8303381731745972,0.7727121609111097,1.2146833514028657,-1.0119401656616467,0.9595818913899773,0.6845714085179864,1.217910012451944,-0.9440215341807082,0.9600131858510303,0.6469673717691685,1.176697948969607,-0.8963066458144066,0.927750774008326,0.7527758704410872,1.080799427284983,0.6220710251216178,1.1207406999485985,0.5894618509850778,1.1950812630691454,0.5812066000169538,1.2660031936200915,0.5724735263125905,1.322344618940372,0.7632501012373546,1.236328548543705,0.7562217074812779,1.343903044020902,0.6799925524138334,1.37479926243019,0.6179660934330122,1.3783765105939048,0.8314712702491349,1.2385340050765636,0.8043868518874977,1.3476937234619903,0.7135339820987016,1.3716313824542241,0.6473775307962557,1.3693981681923955,0.8560468407940355,1.2370201591856855,0.8277862433893465,1.3308069941445588,0.7434691866920538,1.353708753352295,0.6802141997903178,1.3552918769364846,0.8501049647050959,1.2350927464589787,0.8242788685725191,1.308652361036743,0.7583407232288211,1.3331111189072853,0.7020406188929715,1.3381450646963522,-1.0001282539650904,0.8532539278759316,-0.8949802421989762,0.8795859825646009,-0.8505762811317765,0.9277367785147277,-0.8575452254973014,0.9796017452076056,-0.8734267055447579,1.021389023476831,-1.0128459683195652,0.9459505138835006,-1.0281315622041116,1.0149067773585712,-0.9917592555682055,1.0579809412641565,-0.9468720419609451,1.081019623050929,-1.085843554759136,0.9606716738248283,-1.0989910589698966,1.0336553738410243,-1.0441565839884743,1.0746537727877614,-0.9827184929806574,1.092996499955865,-1.1245698901900136,0.9744068512421588,-1.1277956113368492,1.044353295889306,-1.078356969096018,1.080525348868684,-1.0214125280400874,1.098111386349575,-1.1328792999706074,0.9851857138950838,-1.1421695550824396,1.0420902245744679,-1.1103191612234362,1.0718374129593387,-1.0659612838758448,1.0867661727223739
-0.06043295939545386,-0.38384654932186574,0.009863620738235756,-0.430656796041001,0.055580284988171316,-0.4287835300626669,0.10050975292937726,-0.427366037170277,-0.13031207932968325,-0.42958817949333045,-0.17049488414254793,-0.4271419516602259,-0.20125481852661706,-0.4241592518883926,0.16089680250403393,-0.38942985734082625,-0.24881300470937137,-0.37600928725817434,0.028671935861940046,-0.30766297278287763,-0.14888152282301045,-0.3109754852573957,0.516323220098793,0.003507827089228575,-0.5574809914012085,-0.003507827089228575,0.6138546826073895,0.5431596514822706,-0.7960342518609264,0.45594220267044916,0.7141325409167683,1.0616670899423042,-0.8508006595081906,0.8898218068090323,0.7533745532043147,1.218627528156891,-0.9504277119350172,1.01925598329366,0.6714234990665553,1.2220837781532528,-0.8879053860934452,1.0304918366081732,0.636106165248665,1.1808204664918955,-0.8317554821894855,0.9890289999571774,0.7293381895898945,1.0826232955070076,0.6142447642498455,1.1233306037681652,0.5834702614592969,1.196515340764763,0.5781683662184962,1.268514155490005,0.5710743058013117,1.3263331291872655,0.7392899182918333,1.236979616828694,0.7313687240378115,1.3440588076336857,0.668487462802119,1.3774108248055361,0.6138109773879514,1.3861192836147236,0.8035991345419261,1.2393987111344855,0.782346341282753,1.3482268449025794,0.706780016874286,1.3764489880442314,0.6454816883564026,1.3793925079382634,0.82858797052479,1.2382453023139617,0.8052338102206796,1.3318349196694277,0.7351336523950392,1.359122593486806,0.6761959080856573,1.3668053581816157,0.8248805622552137,1.2370329482444473,0.8020526228403146,1.3104689042784092,0.7477458735354163,1.3390709168024444,0.6968277858135034,1.3499039775821893,-0.8937935341053294,0.8948634968754633,-0.8037836393902603,0.9327463452891608,-0.7690417576283053,0.9944395656492353,-0.7997822256071649,1.0599553386243983,-0.830325266560287,1.1099731893094318,-0.9207445837333106,0.9804594835206104,-0.9666679686476004,1.0558408666809762,-0.9581861419235453,1.11216585900799,-0.9359002477014474,1.1533262503933321,-0.9866403748028327,0.9929858167505219,-1.0556918585413808,1.060808875186169,-1.055003752514653,1.1206675416262744,-1.0337292322354719,1.1617900396372656,-1.0130766322053062,1.0081132260469972,-1.0498426433399157,1.075105904982977,-1.030436521191713,1.1252318219578261,-0.9963850060712847,1.1598387647679063,-1.0127703189001065,1.0211855045592253,-1.0327540281293315,1.0786491693945153,-1.0218598742358311,1.1184524165947674,-0.9930205833025285,1.1456734261424542
-0.11022920348224402,-0.3843326331178588,-0.027873671102395074,-0.4305123605757461,0.025507937417101886,-0.42852320485732476,0.07806225636034839,-0.4271486515994302,-0.19158952235482204,-0.42968002794370075,-0.23978868130386105,-0.42737585338421025,-0.2763887589336454,-0.42465539557520005,0.1459481476350744,-0.3890106746010853,-0.33649701261305337,-0.3764838229284591,-0.009930764214227051,-0.30794945110436844,-0.21761450235660887,-0.3108781674716356,0.5588904148391405,-0.0002901704729447189,-0.6964096656914922,0.0002901704729447189,0.6845932201401034,0.5429089548795691,-0.9462459801863037,0.4766530322456166,0.8084142205497372,1.0621776400595515,-1.0691285735233733,0.9301828747156287,0.8587538224726733,1.2187894790707192,-1.2185609091466685,1.067814770085632,0.7618799158189086,1.2224041273317174,-1.1531122634581854,1.0845350908296842,0.7186072105175138,1.1812737052102098,-1.067375060166757,1.0389778003766266,0.8231016930478973,1.0812233003260612,0.6884951029498785,1.1205066409280708,0.6522355703550305,1.1921824311505735,0.6442621193646241,1.2641938205096275,0.6396083953182352,1.3229851764255065,0.8363039781911064,1.2382509548527605,0.8275481543402643,1.3441410185798908,0.7472957811244534,1.375330456382671,0.6812547045045034,1.3802358165841744,0.9125619930057588,1.239569263098571,0.8850072025065124,1.3499144930635387,0.7860031279445593,1.37402805109246,0.7134467789450039,1.3705567632988527,0.9425886707413537,1.237101732443693,0.9142068842391625,1.3317308665373266,0.8227981382495144,1.3557256201332388,0.7542980916186789,1.3578886559617827,0.9401132606253336,1.2337536925559829,0.9132844769117745,1.3082384592447673,0.8439362969999642,1.334545689678461,0.7840584983657504,1.3413895733941608,-1.0944601333764363,0.9350830898432616,-1.026839632370316,1.0003958268899595,-1.018315291071239,1.0665072197215508,-1.0513277561152996,1.1292518633059025,-1.0767039391108715,1.1793489798486663,-1.176947773743976,1.0466790404927415,-1.2364326245081363,1.1067271976349795,-1.2568792713363517,1.157467214544558,-1.2643345654417038,1.2013928149796946,-1.2403913137526184,1.0473602950465903,-1.3189626862183903,1.1060101614310316,-1.3502850497399261,1.157425586219606,-1.3712359087211614,1.1977943035412901,-1.2658317893022,1.052324121996622,-1.3309677794198147,1.1063553491143412,-1.36085750520817,1.1535090156692087,-1.3804113956129012,1.1898119552982522,-1.2592002618934264,1.0577467959891016,-1.3135142592327147,1.1054841945612732,-1.3410294173356538,1.1419260511848195,-1.3567148922874914,1.1716327722449282
0.24310563260098075,-0.3858509714372882,0.31922724624403637,-0.4318044150834231,0.36815728535375625,-0.42977084556610884,0.4165759772875938,-0.42840470877997644,0.16956937300029448,-0.4311875065432555,0.12351721415526021,-0.4290049315018645,0.0897728902524243,-0.42647837189901816,0.4767875122217106,-0.39009056948882,0.03378550416405758,-0.37889298521471726,0.33213160789431867,-0.3100425149475074,0.14167206376909403,-0.3126546039545419,0.8518552660778138,-0.005352472120351211,-0.30497471032573314,0.005352472120351211,0.9789514975861093,0.5354268471207251,-0.5136640242555559,0.4959804058674377,1.0958955707761926,1.0524358763560822,-0.6723092155902958,0.9738970132387391,1.1466714813967394,1.2084132720566692,-0.832714693929656,1.1222999809127634,1.0573064078706091,1.2141177215954837,-0.76983181547296,1.1342344249241763,1.0150400810075217,1.1727662966412742,-0.6809340819475967,1.086949616336995,1.1062059389386847,1.0730695825773782,0.9817828058403197,1.115871856933601,0.947061414656852,1.1882383674960386,0.9415221802283557,1.2598510991347989,0.9365817673606331,1.3184045525788257,1.1176788524757006,1.2298119588698584,1.1116450097968265,1.3358656196461298,1.0413728406694311,1.3665129171479444,0.9832714902795036,1.372696938107241,1.1905979316940927,1.2308583813756695,1.1673956210841114,1.341136237909676,1.079364261944918,1.36412836202654,1.014149948146443,1.3608544411224315,1.2196513067157506,1.227486679242762,1.1953739251161377,1.3211370595191785,1.1137794927812632,1.3447114370151678,1.0517096671335264,1.347902512248098,1.2183518801278308,1.2226951656635219,1.1952567526376094,1.2950360057362988,1.133024127440212,1.3205296023865678,1.0788915222907631,1.3274078934071463,-0.680576354910615,0.9683909265745766,-0.6378309438006406,1.0441226049634627,-0.6466762510075235,1.1182818491765782,-0.6770861539516839,1.1828260948031821,-0.7000303611296993,1.2368834786671565,-0.7805059852824959,1.0962624032497723,-0.8413625088138578,1.1589474053206679,-0.8753226838608952,1.2056116881623202,-0.8985914102075537,1.2494018096343096,-0.8283567686712082,1.0917156927946619,-0.8949936211548588,1.1495564400984686,-0.9286322468426165,1.198212052833539,-0.9537955765719321,1.235403691622253,-0.84737421291384,1.091419315323123,-0.9116441273346827,1.1431021788934699,-0.9434179827247543,1.190475433985937,-0.96397513813109,1.2266652235736148,-0.8433957482972622,1.0933032958961408,-0.899696044299487,1.1412793407594624,-0.9288363537406983,1.1793923167589129,-0.9501216524064605,1.2105338878707426
0.01342489749331351,-0.3885419104830176,0.10383541848056636,-0.43459444623153,0.16198132942807794,-0.4326061570044847,0.21951701007287788,-0.43124683424824195,-0.07248665189011984,-0.433865371886275,-0.12991312334416777,-0.43163351402406613,-0.1706507060956521,-0.4290547165317703,0.2872586408510921,-0.3925057860752744,-0.2384565212228173,-0.38164495574731805,0.11747954217195662,-0.31290615762363544,-0.10868151549646013,-0.31544812847061465,0.7263156714129763,-0.010018187736305703,-0.6434327801297479,0.010018187736305703,0.8887557208784995,0.5307664146956845,-0.8749409369184682,0.5182623701305006,1.0323278070283237,1.046393989855805,-1.089264452757132,1.0232903976803858,1.0978973883460241,1.2010509830633256,-1.2988172513155731,1.1767183598704734,0.9922863530366043,1.207676749179874,-1.225217601226402,1.188084740791415,0.9399048991401363,1.1669017280932659,-1.1232374521843698,1.1411950981020513,1.0435032282235024,1.0641731017425398,0.8954490947011737,1.1041850187989801,0.8538573172559412,1.17573965680918,0.8483128752119978,1.2485727388039463,0.8417772479981879,1.3085568177837277,1.0468810493339573,1.2213422315527325,1.0418363511014965,1.326124759159976,0.964486546812932,1.360687265029696,0.8987196225715918,1.370467536321654,1.1361934112364251,1.2227257946324745,1.111881912614437,1.3329309292225693,1.0118925960277967,1.3578702597430106,0.9355729345736363,1.3568715117988233,1.1742975197302126,1.219058280303003,1.150577091903786,1.3132799515855968,1.0580293278940072,1.3380934188878675,0.9850788657720848,1.3429020930620863,1.1761933529626543,1.2132538882250345,1.1509819961548784,1.2862487277631534,1.0793931363410465,1.3134312205274354,1.0170075457864722,1.3221134517808717,-1.0992647575138086,1.0095871563420762,-1.0651169275838317,1.088910351873807,-1.0965163262132143,1.1662202020748753,-1.1225049203610211,1.2276712867864454,-1.1388066273566053,1.283193747762112,-1.259933191218242,1.1555588882557228,-1.3156848024223056,1.2197092728369854,-1.338100308149292,1.2594715611773875,-1.3512406964652102,1.299363675096532,-1.2967544110458114,1.150012515775004,-1.3485982811041766,1.209479856320185,-1.373201802547635,1.2508958474993288,-1.3880363702832468,1.2828331729500564,-1.29955808559202,1.1462272960285396,-1.3486334068672838,1.1960378976995965,-1.3760241576133143,1.2353291312919932,-1.3947421977855683,1.270552185977075,-1.2836031656758415,1.1467365759020633,-1.3355254300509602,1.1947904533595053,-1.3569036081283614,1.2277945861242459,-1.3747007146569632,1.2577523628491902
-0.027950666602057132,-0.3923441969002781,0.056820145991449224,-0.4384544135888934,0.11171878770807452,-0.43644365459969275,0.1659502048079139,-0.43502771895394554,-0.10731051246060945,-0.4376271318859729,-0.16339561449018308,-0.43535469718716685,-0.20290265877155955,-0.4327399189554652,0.22805217349972895,-0.39589462875911857,-0.2660222574575593,-0.3854967442234384,0.0684370513530868,-0.3168422572027944,-0.14385043136185943,-0.3193352770749555,0.6422967026043929,-0.01609480219751131,-0.6451220418315767,0.01609480219751131,0.7998267853081105,0.5244515513866616,-0.8559705684460088,0.5362437204640024,0.9372195792629008,1.0407051333781374,-1.0906333162312611,1.0608886185382327,1.0003072411301646,1.1941239257052547,-1.2794179992425927,1.2092580474617638,0.9030031014092248,1.20091212885532,-1.1982921822522432,1.2207529212711634,0.8522295571436102,1.160423400175589,-1.1128177100797316,1.1757910279256338,0.9454826688429085,1.0554481384156633,0.8048832983365297,1.0968662349181209,0.7635330647935482,1.1701894449640549,0.7611898319146448,1.2423758556416589,0.7552738736045601,1.3007744707448248,0.9450286562272622,1.2143276651240116,0.942522290678008,1.320304465053619,0.8689506558545966,1.3545099502044005,0.8078634683327593,1.3644431508287174,1.0305617542031815,1.215242831684918,1.011651558996675,1.325668817100529,0.9186080607837281,1.3519099552534461,0.8485377808482198,1.3524947678713541,1.0691849132899627,1.2110036386277967,1.0505937863945842,1.3055996404577082,0.9646822446135491,1.3322868379163224,0.896411222071619,1.3389418751358768,1.073461448238266,1.205254222858745,1.0542798650415612,1.2796699988345528,0.9892088217741097,1.3089481117488595,0.9314994401324834,1.3195003477039955,-1.101010383310607,1.0503892299016735,-1.0505836459076046,1.119258831117758,-1.0731460337468426,1.1966603641893745,-1.0922479998038814,1.2601679414342573,-1.0930179320302167,1.3114906032298204,-1.2542468381207823,1.2001028897391384,-1.2947202335606267,1.274309371708776,-1.2944507947659383,1.3202709407634206,-1.283587628314094,1.3577320069845946,-1.2857167495631614,1.195506802675945,-1.3120739211835717,1.2678419773913052,-1.2951480070059498,1.3146165104832646,-1.263508515554226,1.3468768883798174,-1.282946942743864,1.1927161383244864,-1.3016898070127676,1.2577818966408896,-1.2812193557697966,1.3014861634888315,-1.246866734106673,1.3346845230882314,-1.2624896860551122,1.1924169805959786,-1.2856855624350059,1.2480214392341233,-1.272806178135541,1.2856117136571046,-1.2472739660300864,1.315261620262016
-0.16249550614938632,-0.39214355186981004,-0.0910438897130815,-0.4380299255547323,-0.044790790904475145,-0.4360467291957981,0.0003024261999499341,-0.4346265039593107,-0.22951359116010525,-0.43724331788889015,-0.2781311315998183,-0.43497162923083743,-0.3129449784478402,-0.4323880538760661,0.05036631459555662,-0.3956772640459255,-0.36622031747044315,-0.38575051156325035,-0.08185294103428573,-0.31731645533192865,-0.26101023640572824,-0.3194305213408042,0.39639627132005145,-0.018108827229472844,-0.6835002758808713,0.018108827229472844,0.5315730500868395,0.5201248044044894,-0.8491083057470056,0.5363616744774782,0.647386512384665,1.0341323791850168,-1.052992431851125,1.0486047094469377,0.7011207730957913,1.1862981114011584,-1.195632476201519,1.1979473632675306,0.6194747626306558,1.1929555547261395,-1.1238898881465023,1.2057154614092704,0.5762309986794886,1.152650482076592,-1.0592505117623883,1.1618062617631082,0.6517071593370992,1.0423597950538959,0.5330933611509738,1.083854275937866,0.4998047061813354,1.1594712229293758,0.49834521757169326,1.2322192292409324,0.49144149353959815,1.290767994347702,0.6505227484125877,1.2016587338887876,0.6490184564311182,1.3097862498304176,0.5861928657115165,1.344049313951257,0.5339378671651966,1.3530860370004816,0.722818119968615,1.2032391296791414,0.706706176684226,1.314534386032449,0.6282114201370111,1.3408813419118804,0.5692281565734059,1.341200988136516,0.7553964287413463,1.1995465209015042,0.7387656173575256,1.2946660568943622,0.6656865622417671,1.3206292056765319,0.608174050705303,1.3261938295175777,0.7583839876582882,1.1938512590382158,0.7437215210568762,1.268610257032588,0.6877210607450469,1.2968540121392222,0.637988567122063,1.3057406404394873,-1.080754753599654,1.077608435034028,-1.0214572406878402,1.1326739828030667,-1.0328873567653427,1.2049089337613132,-1.0404283399296879,1.269416553052846,-1.0350657017095573,1.3180935772554558,-1.196576726035145,1.2227187875382874,-1.2052366671534271,1.314576542273669,-1.1639504851635034,1.3548318149679293,-1.120304366909472,1.3816980801485437,-1.2129181927383375,1.2192029106949958,-1.209732272524338,1.3042413143437876,-1.1628072482874032,1.347098460981041,-1.1079295004020102,1.3736687059623192,-1.1997525091733958,1.2152941932741812,-1.1822111130593609,1.2839227009588228,-1.1305115261448013,1.3135101283474213,-1.0756048688211621,1.3308615909080521,-1.175595106769811,1.2132954778594132,-1.154543779465069,1.2607191645826732,-1.107055959800458,1.2830114775909127,-1.0539957520520769,1.2962571075588702
-0.04904149588722446,-0.39157568296570244,0.032133172931001354,-0.4371984298030406,0.08421024510407288,-0.4352133190612807,0.13442729314155272,-0.4337042338883494,-0.1238152977434593,-0.43663137053792184,-0.17922239524303912,-0.4343249915110266,-0.21842108719205536,-0.431720390704386,0.18809411768684803,-0.39463695027664414,-0.27827339289407316,-0.3853694895292537,0.040651030105141414,-0.31726533761416653,-0.16050087809586144,-0.3191571100090973,0.5727889664004238,-0.019777128135297032,-0.6290629953953347,0.019777128135297032,0.7274465082523133,0.51636997453647,-0.8005660911548158,0.5407345095696287,0.8572024572355699,1.0274810822405436,-1.0257346254505497,1.0558771424615592,0.9183498497872876,1.1788099677919837,-1.167382393421115,1.204010860505742,0.826741859297613,1.185355405787772,-1.0761303300536609,1.2093138613959602,0.7779535093815708,1.1453296180169004,-1.0146864701676637,1.1675185629412514,0.8531730517460067,1.0346681349463869,0.7260652116401438,1.0747768901366623,0.6914452005643984,1.146344355649218,0.6861293014812011,1.2196234851170824,0.6786964121858554,1.2788513907137729,0.8580565160078146,1.1925242517543573,0.8572287914073853,1.2979677755395411,0.7908012588057779,1.33247277294426,0.7357689381514023,1.341775494844897,0.9387574469351718,1.1952232280005695,0.9199648275240925,1.3055325604687251,0.833625611810156,1.3299998829159227,0.7695892220093856,1.3285493358666818,0.9746417754598647,1.1919755144610236,0.9573313541192789,1.2860764701535095,0.8765056823780594,1.3103808538076003,0.8133912657926361,1.3137534794063597,0.9782523290166592,1.186524324541148,0.9612390680148742,1.259453147127086,0.9005548796852989,1.2857376865242778,0.8471344875478338,1.2927523513698047,-1.0458743070504384,1.0674167581753407,-0.9807158043285239,1.1275411728316986,-0.9839970421367213,1.200898199487781,-0.9876312964481494,1.2644256611300129,-0.98106480140553,1.3108330262433505,-1.1650425329548655,1.2235950893909255,-1.158687127089482,1.3120528777736384,-1.0967102081255795,1.3459176432586255,-1.037431848768233,1.366762515988637,-1.1832600972140392,1.2143105742295466,-1.1279045592508556,1.285970225763662,-1.0425050576680157,1.3103094096408916,-0.9697657784858762,1.3223267794114062,-1.166647392825657,1.2064519463566412,-1.1061400592499577,1.2631698570513166,-1.0356501341435653,1.2819898638177707,-0.9751755103812788,1.2923612521733379,-1.1400745502530774,1.2008991213479965,-1.087283544822,1.2396774017821124,-1.0276256961887034,1.2548731151109491,-0.9704191431487065,1.2607147128321297
0.03319066546766808,-0.39152585895292996,0.12154066777244014,-0.43702959300942945,0.17742427115607448,-0.4350649088744015,0.23066107340703598,-0.43357830094201544,-0.047188677503242106,-0.43648753592142686,-0.10743699625914079,-0.4342198327997172,-0.15070951030560323,-0.4317478962593874,0.286350386222263,-0.394626347386786,-0.214163030186583,-0.38536864638920787,0.1298945689603213,-0.31743656803986003,-0.08701572269880646,-0.31914199749219635,0.7007161061662482,-0.020743303722292186,-0.5893480547801335,0.020743303722292186,0.8693238344449118,0.5137653033440913,-0.7660397538386617,0.5404886373757626,1.0108584326799743,1.0248046419109131,-0.9974512409447222,1.0648316351539189,1.0760991291634816,1.1741787588444763,-1.1286135407816293,1.2112989293138026,0.9778779794763169,1.1805189544429915,-1.0306820471861442,1.2163960348918972,0.9253587175077643,1.1408466703094902,-0.9720714051144868,1.1749754759375863,1.0035379793399277,1.0269501266088816,0.8654080637677387,1.0689107899132215,0.824887653375758,1.1407517902173754,0.8217576471500534,1.2144003366831755,0.8197838922764898,1.2740943878578312,1.0071574198219264,1.1868568527027143,1.0038853293484853,1.293700796045369,0.9328565536873648,1.3274312431269102,0.8726101630058086,1.3371809192268225,1.0954249598701837,1.1870195042891971,1.0769127765362174,1.2974337418486979,0.9875607688267419,1.3240700067401476,0.9183939197272918,1.3255522497288286,1.1356917543293574,1.1817310303897182,1.1181219544088734,1.2769341283387807,1.0347514265649531,1.3039889683581563,0.9668399021761913,1.3106027770068136,1.139361028117452,1.1753235227645937,1.1221243401180692,1.2502284838158089,1.0587506128522066,1.2798239508053986,1.0009872852975819,1.2902217061785703,-1.0066511218289371,1.0606748303434423,-0.9274735624273449,1.1199698337699056,-0.9283425307023833,1.1940693478406004,-0.9305430567813625,1.2585273904684922,-0.9241605374524685,1.3050907720428608,-1.1222992456217942,1.2220433531107062,-1.1089289399337225,1.3094364181020501,-1.0371809925426718,1.3426885592470703,-0.9701018030164315,1.3633811492155263,-1.1470613560952225,1.2127947266013572,-1.088379671899697,1.284448953261711,-0.9938527126536743,1.3091563725032898,-0.9120043253468276,1.32032212823467,-1.1307682380166104,1.2041048128862535,-1.0688794246216609,1.2625610579197106,-0.989871980702484,1.2828467891880808,-0.9197499932362057,1.2933568844281875,-1.1003955795185336,1.198089231259066,-1.0487854787593995,1.2380746426699345,-0.9836232400703102,1.2544797092506417,-0.9198392779096266,1.260423843641394
0.0391293584578105,-0.39166927467289775,0.13079798830248549,-0.43739892941761177,0.18946948819263731,-0.4354893996206776,0.24512252664965004,-0.43404525802815386,-0.04639735042985968,-0.4367752286868062,-0.10982429797215816,-0.43446427999118536,-0.15608966588714107,-0.43199743487604014,0.3028206911230878,-0.3951837897483299,-0.22259380524863775,-0.38553880617257613,0.14147663685320788,-0.31749433352674955,-0.08539681930979824,-0.3189653974529772,0.7387749447927978,-0.021967186143479478,-0.613936333040564,0.021967186143479478,0.920233143695272,0.5131986449080573,-0.7967906638259751,0.5397965299749509,1.0694628485180728,1.0255196102320987,-1.028991293149985,1.0590480403316922,1.1408540726039191,1.1752563378682672,-1.1551841987702542,1.2117772889064793,1.0366476737118724,1.1819533259034507,-1.0554090620306449,1.2190451684794341,0.9803475105235804,1.1414027688154813,-0.9977599693651883,1.1764160691662786,1.0580570025081282,1.0246164464732308,0.9140198738872979,1.0677639732892472,0.8711878189122892,1.1423917618946189,0.8702048249174964,1.2157889467337673,0.8662740952064646,1.2760466520929457,1.0665095045952073,1.1915102941574804,1.0543889238074324,1.2938082590695736,0.9816021909727187,1.3283210801399792,0.9196975599624513,1.3400486327857037,1.156037668910809,1.1906239280940003,1.1362148394557525,1.2973235795139628,1.0450599836514622,1.3260082906010282,0.9717183499277704,1.3292405813834025,1.1964497827265288,1.1835541692844558,1.1788063646798959,1.2739250801549167,1.0948505767816854,1.301693051263554,1.024687861514054,1.3108712660023998,1.1990392163527488,1.1748600963414466,1.1818709380341847,1.2469505125215856,1.1190612047878248,1.2760432005117015,1.0603080743345557,1.2875487014307234,-1.021157563194018,1.059617091026133,-0.9314842086401998,1.1157052862424606,-0.9304177146800805,1.1904821831575767,-0.9339670863405178,1.2570394844980366,-0.9265369914781338,1.304728832020432,-1.1397150512759704,1.2207751009989678,-1.115640422280521,1.3130406998670132,-1.039607939860782,1.3472783148595573,-0.9680180917902511,1.3683474570896808,-1.1645346370516256,1.2138226959517222,-1.1038388861363808,1.2884035430521743,-1.002822154763095,1.317945166709437,-0.9132608085582872,1.3348332935258962,-1.1480876364186232,1.207171728999793,-1.0863847450633888,1.270199443360055,-0.9990185444022615,1.2932277031043191,-0.9183656786399617,1.3061129160993088,-1.1176556378616047,1.2022677223682017,-1.069985258403193,1.2469581060003228,-0.9988182067988852,1.2651806141257438,-0.9252505311914463,1.2732448885444163
-0.26996968249634123,-0.39072064130090817,-0.1879961366783974,-0.4364031705391485,-0.13521671162835622,-0.43451177078511927,-0.08534765624070577,-0.4330683583073783,-0.34761392746356906,-0.4357779865524493,-0.40474504943714207,-0.4334776448115289,-0.44692777263446876,-0.4310141167287459,-0.033351813788301356,-0.3942966156142486,-0.5060116921821095,-0.38463290648847076,-0.17692491803290153,-0.31671029524873884,-0.3810302678590381,-0.31786856227479465,0.36145287662744646,-0.02194821846324837,-0.8562556163938764,0.02194821846324837,0.5241121940764357,0.512221887685835,-1.0156743620818993,0.5358922905092108,0.6587044731219686,1.0232296391300506,-1.217046831122709,1.039967665660061,0.7251404634731599,1.1718755152210882,-1.3246676596518352,1.2016190682929209,0.6300500977089225,1.1786122057111226,-1.2378281470883308,1.2087508052403844,0.5788781507852232,1.1369338857396394,-1.1870799058672117,1.1627837047458913,0.6464207870844167,1.0220748172765886,0.5179210796974651,1.0647690038069146,0.48058038744287757,1.1375358722308733,0.47776744069723487,1.2109178188019225,0.47440690997124974,1.2713698029500415,0.6539926193524705,1.187204236482037,0.6445515548570421,1.2890710997372952,0.5832221490587244,1.3243407096496795,0.5314021157779228,1.336311765700652,0.7335417902881228,1.187775216419926,0.717873497746309,1.2938511618721897,0.639198893454107,1.3227621315671727,0.5757821736693728,1.3259705059647482,0.7697262852836034,1.181808407165533,0.7571746862249943,1.272495685353715,0.6843765314887033,1.300769068440661,0.6229466233136257,1.310226526567153,0.7724824019944768,1.17459972803014,0.7584932550120148,1.2467361298694224,0.7046018649466774,1.276506325609314,0.6535676538707941,1.2883680548499747,-1.1964483231014447,1.0546013807697414,-1.1175448589401578,1.1112990455032445,-1.1133399962690238,1.1853946021575685,-1.1161968953075674,1.2526999533075671,-1.111201171315131,1.3019911859987896,-1.3027259471634536,1.219959329757249,-1.2712415479992427,1.3116091891681556,-1.1989503843613154,1.3457085887894922,-1.1331584210790286,1.3669260287260394,-1.3222763189769464,1.213062323902514,-1.2597653803621491,1.2868425324254134,-1.167294655240065,1.3161699086479077,-1.0872746068734644,1.3335900793515023,-1.3051694986830937,1.2062606344895423,-1.246230033805114,1.2673773072701033,-1.1687551591385543,1.2912305339191268,-1.0976858412481747,1.305157758968893,-1.2758356824110035,1.2014546187211073,-1.231931821017796,1.2440626759365867,-1.1692684491323977,1.2610765459522788,-1.1052597731480551,1.2685537188718201
0.10520194102473485,-0.3901261518971544,0.17979480919706015,-0.4358492985459385,0.22833850885505594,-0.4339926909309837,0.27424638177143856,-0.43253420620110783,0.03337861958481579,-0.4351885498244888,-0.019069060919793678,-0.43281276612357883,-0.05796846339559999,-0.43025070263912346,0.32193350202686716,-0.39379786972297565,-0.11208957243884794,-0.38377567346709357,0.19097637196572378,-0.31632141385418394,0.0037474268170912192,-0.3170917524052148,0.686486598313724,-0.022228967179471832,-0.43403703669736293,0.022228967179471832,0.8368670713453545,0.510915465966222,-0.574203231086044,0.5387343168903246,0.9612410633981772,1.0210036204260764,-0.7546379149331992,1.0379556538972738,1.0228782645393624,1.1686880669602873,-0.8520359560739582,1.1965658396128467,0.9363532015731273,1.1754283000143817,-0.7741683624732356,1.2037563538914127,0.8893171948113341,1.1333198982360821,-0.7276021757560206,1.1578320250763996,0.9508224760385244,1.021006830170039,0.830975934289393,1.064157940201341,0.7952366952114093,1.1370879083807823,0.7908221354384078,1.2101650662476526,0.7877504329575721,1.27024986835608,0.9573698696646905,1.187020061067989,0.9467563597030729,1.2872743503338622,0.891490144661737,1.3220040092769303,0.8441830977647574,1.3328405634296163,1.0298790203650858,1.1876723268946805,1.0145253938836492,1.292358814038092,0.9432868402496255,1.3206371168837021,0.8856046649900015,1.323596500817246,1.062856170171688,1.1817340712963915,1.0505678173253754,1.2717089262545205,0.9842733031971315,1.2994115385936906,0.9286126141829534,1.3085214797619085,1.0654217939181336,1.1742166216684893,1.05174326747522,1.2463104515456658,1.0025263390943424,1.2754849607591272,0.9557297425468362,1.286848829991388,-0.7272484606649876,1.0535637217178333,-0.652884202246154,1.10819150055494,-0.6483918534400464,1.1800019558937016,-0.6535696457758876,1.2465009727765903,-0.6488301721406395,1.2945056742142387,-0.8197604504882819,1.2198176834129806,-0.7835678492107407,1.3109604266386545,-0.7137490418635896,1.3448810008357142,-0.6522572612123929,1.3658823555831934,-0.8375565240323372,1.2139656323668309,-0.7712598240965517,1.288662564597699,-0.6827780776496403,1.3198250516611572,-0.6073384019202287,1.3397029960217164,-0.8223170738507319,1.2074853885737096,-0.7605992549843278,1.269371774114875,-0.6861617077243858,1.294211982641658,-0.6202494527621331,1.3097113777023401,-0.7956489360713226,1.203114175831461,-0.7534075624409801,1.2466314259419287,-0.6951914072565798,1.264987722396776,-0.636782515277756,1.274630939597642
0.02069227026349568,-0.38921190105815556,0.09819070757769162,-0.4350596148056859,0.14939057753271012,-0.4332840224260833,0.1980998833791977,-0.4317692735407023,-0.05527196871362223,-0.4342888887518017,-0.11026286499431986,-0.4318300147761757,-0.1512746059074419,-0.428983772166776,0.24826258319647748,-0.393056362839203,-0.20769679697821877,-0.38290501251223746,0.11216416867784465,-0.31590227251036923,-0.08487497368941514,-0.3161859226194195,0.635125417639435,-0.02241792822471362,-0.5466742318396608,0.02241792822471362,0.7930309782985523,0.5118901721010453,-0.690718318657942,0.5401589138781555,0.9249958969793582,1.0205879338535448,-0.8792557841850479,1.0400267336904976,0.990847930480218,1.1678166662137355,-0.9797620445991814,1.197309401188687,0.8997502267822295,1.1743453175721839,-0.9023175672477067,1.2046224167274748,0.8502228445159882,1.1316419369122914,-0.8528958000843804,1.1595301864219079,0.9168953948369258,1.0207465487024037,0.7900447417686396,1.0640108116385352,0.751062329302795,1.1367045469798422,0.7466452047161903,1.2108659280975123,0.740568065598021,1.2713034573935433,0.9220844993927177,1.183680214009503,0.9079052311985667,1.2853388086076665,0.851357901822282,1.3217824038306587,0.8030610236305656,1.3363685519838102,0.99948179567126,1.1855118487742877,0.9793113446814655,1.2904188388031266,0.904752233979841,1.3198941536501687,0.8437593086798376,1.3250360711421487,1.034488524853569,1.1805966221573385,1.0194014277388557,1.271174640131898,0.9498033797405165,1.3003297455225011,0.8896835754453544,1.3110229535123312,1.037210384681705,1.1746263317408268,1.02223202095921,1.2471068997274535,0.9706780218016067,1.2776228380048702,0.9203198188028082,1.2908570925473724,-0.8457351232223146,1.0523507865497361,-0.7671162710037689,1.1030949315130503,-0.7510065105754663,1.17325976854878,-0.7449315407020293,1.240966304639407,-0.7372591932386791,1.292380207678394,-0.9320382537502391,1.2218539029885451,-0.886998089791022,1.3123484877189073,-0.8146878079880472,1.3460846283252512,-0.7480021066209188,1.3669949705461257,-0.9549434444587687,1.2161671480749792,-0.8738131491511423,1.2891269987913225,-0.7810769877911182,1.318770326187806,-0.6966220537753052,1.3361971012512288,-0.940498714940475,1.2086476123355818,-0.8624248854609763,1.2668170868202573,-0.7829788731103596,1.2905960198409414,-0.7102774493665513,1.3053529310900465,-0.9137432504095088,1.203305363372644,-0.8577244032811857,1.2439006793432954,-0.7914869221069152,1.2604660749240424,-0.7268380059658321,1.2686558271635313
0.07161851669661615,-0.3881406458817888,0.14860760385529853,-0.43423278786419284,0.2003219527334094,-0.4325388928621205,0.24944329529503179,-0.43106646318633257,-0.004093603099098593,-0.43318898229534825,-0.05830152783222123,-0.43052418788093944,-0.09789533040232537,-0.4273831571757452,0.3000145980550359,-0.39228084573347566,-0.15267235306129473,-0.3816362035261959,0.16409935477990903,-0.3154875435527001,-0.03196215607389365,-0.31534608042955403,0.6871938509910934,-0.022978200738754125,-0.48873006745866543,0.022978200738754125,0.8434874886023979,0.5132462370213333,-0.6297193630503907,0.5409883457748684,0.9742086354671929,1.0187521178235683,-0.8143323589536973,1.039367506712979,1.0404363287506198,1.1652184116534354,-0.9168380240655115,1.194678450405694,0.9499300880160982,1.1716142387146387,-0.8360918666511095,1.2006581286677394,0.9007588954941148,1.1285435247159987,-0.7903011750896894,1.157340884274879,0.9655910593466898,1.020453337777001,0.8378959398054073,1.0629124183370549,0.7993341661443906,1.1363320081545814,0.7949484474696364,1.2095011761974772,0.7888368423294239,1.2686389421002335,0.9686319069286877,1.1807697412008398,0.9596888240399919,1.2826829340005235,0.9038598324877906,1.3188915420029304,0.8552973484006973,1.3328025402550845,1.0465773049485583,1.1830498612164673,1.026627350812237,1.2889498876987313,0.9506673285109448,1.3175176558134116,0.889372356170013,1.3211270255962058,1.0812674881746485,1.1787185259152222,1.0651497834234553,1.2700979808493158,0.9929681186582534,1.2976359065836822,0.9323066450027693,1.3059565935195376,1.0839696254854394,1.1727294625592464,1.0669812979130293,1.244723204813542,1.0134397458932678,1.27347203656966,0.9629554784694611,1.2845256170771022,-0.7794348268384317,1.048189266102826,-0.7065780319343998,1.0984807798096243,-0.6870387336877518,1.1689671844168055,-0.6737267733271263,1.2358893134730045,-0.6589365595473747,1.2873205438305215,-0.8607333757054785,1.2202443618910261,-0.8104437925863235,1.3081337064066607,-0.7382625320099895,1.340276279689904,-0.6728645037425102,1.3614485937874283,-0.8806272823187999,1.214110172936224,-0.797893054593367,1.2836017575867826,-0.7068891226329745,1.3144768853799618,-0.6220083825603379,1.3329444611876906,-0.8650185860817758,1.2056709133502235,-0.7894153278211189,1.2628492547640962,-0.7116240604894981,1.2864449832382343,-0.6373668858882007,1.3003818477248796,-0.8394788346335573,1.1995445071562418,-0.7859180162777646,1.2400066228516904,-0.7219535111947099,1.2575116542697282,-0.6570394317315963,1.2666458686160385
0.12706980428644393,-0.3876316616935474,0.20165516820235016,-0.4336537453851277,0.2526879665332385,-0.4320281259399098,0.30101774363898454,-0.43063983572489156,0.05263264676873859,-0.43233373736308733,-2.9631508235484752e-05,-0.42948304158790895,-0.037754680931873265,-0.42618582373335745,0.3511007036311816,-0.3918983265626396,-0.09073840241916725,-0.3804974878459808,0.218457162892605,-0.3152088456834971,0.02650181681110868,-0.31476712737649426,0.7326485247202796,-0.023081268422822696,-0.4179347875088634,0.023081268422822696,0.885775638819441,0.513010120558518,-0.5536034513780058,0.5405064561040156,1.0127275269110227,1.0179538494907987,-0.732996296191915,1.0401742704673094,1.0787503814425177,1.1632777999883426,-0.8317267878076008,1.19592606702546,0.9900133484532498,1.170010401340858,-0.7523619322234929,1.2024070422061977,0.9416883139522461,1.126306824071146,-0.709337680695296,1.160244789614158,1.005675800615116,1.0195619694795248,0.8809086724415457,1.0618614727107163,0.840487452221838,1.1355611771670067,0.8378331744343264,1.208751681752045,0.8330062567187004,1.2668883074838722,1.003896533402582,1.1815033123612813,0.9955569264410647,1.2832584199665467,0.9413742481270806,1.3176559463996511,0.8940485858365229,1.3298726257905333,1.0815933095075612,1.1824540017884713,1.064212980516772,1.2879505618170088,0.9902836769235683,1.315338926859707,0.9299566906877283,1.3178574760881387,1.117362297952989,1.1770911618146884,1.1034174591420056,1.2680405265995498,1.0330922716750055,1.2952166106536935,0.9735691569430072,1.3031995653288801,1.122291972104701,1.1700604978241484,1.1071778177466678,1.2415392581879012,1.0549317030358416,1.2700176220565282,1.005721909272334,1.2809400279202112,-0.7092156903621991,1.047454730621105,-0.6341403890285963,1.0941499143221913,-0.6083995065720103,1.1642502207667316,-0.5886780434457296,1.2325676414086928,-0.5697513618308674,1.2867239986051242,-0.7786463698791691,1.216872802070644,-0.7266869192772186,1.3074470151084912,-0.6527879156587584,1.3390558373051005,-0.5861267855723451,1.3570050183912141,-0.8037037902967631,1.2116323439167713,-0.7287412575648133,1.286943142125636,-0.6451359863848932,1.3221701199213467,-0.5623746353710837,1.342300442414644,-0.7923153471809682,1.204602137428362,-0.7230245745038997,1.2674926677982696,-0.6521869222466763,1.2942370985922818,-0.5792891351849505,1.308753412442149,-0.768518142234654,1.2003674977084051,-0.7199957626807568,1.246275548993957,-0.6607814442130988,1.267269406758583,-0.5975249773756659,1.2780753783300525
0.05303110671446156,-0.38727770071965695,0.13007053456028972,-0.43329150192725285,0.18319495541808764,-0.43172302631606657,0.23336573758082768,-0.4303931721220363,-0.024082447724146052,-0.43179848876710775,-0.07821458220745907,-0.42884870729072677,-0.11653639852946548,-0.4254466084562868,0.28569203945434685,-0.3917215243896063,-0.17042792761346207,-0.37979674206939407,0.14827004121475273,-0.3150461859535078,-0.050498581161034846,-0.31443116697752216,0.6813642863340018,-0.023242492089207582,-0.5069213111564178,0.023242492089207582,0.8392188378340388,0.5128923823857615,-0.6457291366507523,0.539399826021494,0.9702460913284289,1.0176399080576684,-0.8307114368783646,1.0367287067337705,1.0395230367831925,1.1628248617049273,-0.9298352849008029,1.1936686521863988,0.9470040721955818,1.1695814951622419,-0.8514655227357465,1.199945756068461,0.8969426437587041,1.1257862900152567,-0.8065969001442651,1.15758388014307,0.9634699686636753,1.0204848424619208,0.8335414208875888,1.064932226125177,0.792992950528154,1.1383192310886325,0.790609474543065,1.2109751649733649,0.7818426788289063,1.2684665763102305,0.9618685622354374,1.18252925104225,0.9495831335759323,1.2816690751310262,0.8967497786053796,1.3155240460831352,0.8501022537992792,1.3290620097999233,1.0425626351234558,1.1824631642290655,1.0276801914868168,1.2857403887017451,0.9561914173131809,1.315302003537799,0.8953616391449927,1.3206632676731338,1.0807281735461887,1.176044968430966,1.0691551762499507,1.2651135280689672,1.0011872112152111,1.2942280850511256,0.9419547591123556,1.3049689072493205,1.0869210763396766,1.16869126691405,1.0751320918336509,1.23923036471003,1.0261048993811728,1.2691148673669024,0.9776410690338213,1.2818668782223919,-0.8131019507000092,1.0498603165854066,-0.7338007776957672,1.095690949843657,-0.7076509559444983,1.1656071394074061,-0.6917273397065208,1.2343218752809422,-0.6770229359046503,1.2872516957894153,-0.8880612095367094,1.215233533953028,-0.8413307173515342,1.3063978916631276,-0.7672291507975305,1.3398986464435312,-0.6992516649160119,1.3594196391574147,-0.9122759871861829,1.2126335095035183,-0.8417129113436651,1.2914876547078604,-0.7585986392044097,1.3275070259602868,-0.6751201266698069,1.3481640715734813,-0.9001792073049999,1.2080140641293275,-0.836699369441909,1.272879071629293,-0.7666992476682275,1.3020951599092159,-0.6918711044928846,1.3183239316908573,-0.8735991792914145,1.204847613948821,-0.8274493227476651,1.2509076073234178,-0.769713411746381,1.274639404805399,-0.7057070710564082,1.2882747836862585
-0.21623807313591092,-0.3864822290799511,-0.13333086674766145,-0.43261906090139923,-0.07581964591738198,-0.43109677007406505,-0.021488626235904494,-0.4298251651207523,-0.29936696358437664,-0.4310186950845727,-0.3571609924439821,-0.4280477302574783,-0.397602101948834,-0.42460694375130126,0.03561753862682937,-0.3912323434479804,-0.4550450335600362,-0.3790931114799749,-0.1131576172679794,-0.314492744917955,-0.32706781995839485,-0.31374731738284595,0.4627573914903471,-0.0235089737577276,-0.8150443007850277,0.0235089737577276,0.6323386785354287,0.5131024866362023,-0.9639193314906065,0.5388676904160451,0.7731478312215683,1.0178018524597026,-1.1622756774864538,1.0330883181183415,0.8484908733176888,1.1629543461748049,-1.2658538988827337,1.1896342733308083,0.7485271549559908,1.1697012598348575,-1.1813469407670658,1.195816486481209,0.6944356593448523,1.1258825578990825,-1.1338559564422355,1.153298653330826,0.7717203379525505,1.0208393467800394,0.6298714928731798,1.0638420907729207,0.5870926108942662,1.137409764253996,0.5839244005719403,1.2112435557080408,0.5745118942474009,1.2699049647238174,0.7644035941286837,1.1828162577037509,0.7565405365521993,1.2820508267787782,0.7010244722638664,1.3187037764578682,0.649847039945598,1.3334781250551226,0.8522516059434421,1.1825613422914993,0.8403906313443241,1.286577347179828,0.7635373300305823,1.3168459803682209,0.6963620879789484,1.322395591773599,0.895098630911842,1.175859467498006,0.8880345718215198,1.2649577767366302,0.8149610129803843,1.294709034518812,0.7501739926117661,1.3058516958303106,0.9041449783400876,1.1674621194334291,0.894027352926918,1.2377965967171385,0.8400341236010473,1.2679031357106554,0.7861374058053499,1.2806168990069018,-1.1492817160149373,1.0545709429723564,-1.0613573723535872,1.1023512361758414,-1.0490169109250167,1.1733002539332122,-1.044874372836714,1.2409470311394055,-1.0283630047791534,1.292560429097878,-1.2406847154206708,1.2141676526790708,-1.196953586344047,1.3057776217553603,-1.1215929966969862,1.3408889619054702,-1.0537121968679488,1.3625816919288658,-1.274750214750437,1.2112156636180902,-1.2037149501806437,1.2915581428491685,-1.1140770881699438,1.3271559942075937,-1.0273812193040268,1.3482591037393326,-1.2675171142527204,1.2066479909531793,-1.1955219986464762,1.2735915216947213,-1.118615323531957,1.3017316683467348,-1.043444247435055,1.317357868805917,-1.2419443371190237,1.2038452931605397,-1.1864072157695624,1.2511724542141747,-1.1215672602889402,1.2736697109960577,-1.0569231062308966,1.286395362724086
0.03267956276308419,-0.38590164623532436,0.12127238389388098,-0.43219767460583236,0.18307879330558433,-0.43071236279449204,0.2417258617371909,-0.42947944196971777,-0.056378355718461545,-0.4304659157985516,-0.11802341441569157,-0.42742007783295405,-0.16070851095286331,-0.423878831110211,0.3040924557653572,-0.39088271037961914,-0.22174795619169105,-0.378386155934262,0.1440431992879146,-0.3141344749587854,-0.0851860376014873,-0.3132299596160783,0.7630575394573715,-0.02356375060651342,-0.6058561773923271,0.02356375060651342,0.9445319777003754,0.5130300031240479,-0.7645671628467151,0.5383898105133599,1.0955615725875758,1.017916224707151,-0.9769003168607063,1.0348319075676549,1.176670226985672,1.1630517868887693,-1.0860667639474746,1.1912038981819926,1.0691805741199942,1.1697886144178715,-0.9951912218348269,1.1964993079843746,1.0111572906835655,1.1258757833657131,-0.9447957542623336,1.15364496449363,1.0937472386312348,1.021587324763562,0.9440178485305681,1.0656862484453082,0.9014550965642738,1.1387717282581091,0.8998848251449716,1.2120922243156471,0.8892228325930401,1.2708558873309683,1.0881673236316785,1.181835940340944,1.081087003638699,1.2805768267691708,1.0213750204915677,1.3180998678987554,0.9658910526683565,1.3345411745843276,1.1835769774722082,1.1827215949441658,1.1695642161993194,1.2868552811750258,1.0882140056830507,1.3182873322184876,1.0162453209807463,1.3247569087844595,1.2309323156118999,1.177242835892485,1.2220874767375334,1.2673290433547413,1.1439063195744656,1.2976207626581744,1.07343709995851,1.3092302908101652,1.241410086377209,1.170258418292322,1.2285352392693056,1.2412934499542976,1.1705163420658917,1.2719075164416602,1.1123661711743915,1.2853258466640411,-0.9702727187753267,1.0542852171952632,-0.8829683535926308,1.1023318651125371,-0.879880445550204,1.174289358396609,-0.8834022773587391,1.2433230941379332,-0.8677973135014738,1.2950527300928696,-1.0872190900209369,1.213978755494219,-1.044531643716079,1.3055100385235805,-0.9634193863408634,1.3405846127454455,-0.8910274301526299,1.3620556785754379,-1.117935253218943,1.2099933097797206,-1.0488937524493085,1.2905387264427364,-0.956908963337451,1.3292672545942077,-0.8664294354055693,1.3539400738362088,-1.1042025842542857,1.2047815730761458,-1.0328719398044575,1.2705465712034105,-0.9556519942763495,1.2997391094711463,-0.8795641668196001,1.3169677662995931,-1.0742269111798874,1.201724075744321,-1.015090151162413,1.2456833156463643,-0.9485425371640569,1.2661820817790148,-0.8829580146148103,1.2782538695096621
-0.059253118511446684,-0.385677983556235,0.007866453525360551,-0.43204914035646874,0.05443976224355167,-0.4305701703057185,0.09891448505101093,-0.4293549714378081,-0.12589118914596598,-0.43029885627276265,-0.17219158017793748,-0.4272392019803056,-0.2039971145808959,-0.4236850338628276,0.14659457414376756,-0.3907576359668445,-0.24966632444149348,-0.37802507640003447,0.024859829075880722,-0.3139869646299156,-0.14802762294514632,-0.31306799405746505,0.49326425156884307,-0.023545406636326385,-0.5384756817282825,0.023545406636326385,0.6303241746346306,0.5130545506054215,-0.6569321093300398,0.5378307560951251,0.7454489288904266,1.01903487922982,-0.8185612346185803,1.0328097235399145,0.805982354999493,1.1644692580276232,-0.9012284975592247,1.1886045498286935,0.7239918382072468,1.1708422806618894,-0.8329517403675684,1.1937800878642608,0.6802607924859398,1.127206664170346,-0.7931920483302951,1.150730527969599,0.7459508519015883,1.0198954498566766,0.6347420887023015,1.0635413520529238,0.6020441417959608,1.1365325983393688,0.597214490319322,1.2095789302887812,0.5890531654967216,1.2686730466647684,0.748336756864335,1.1812968994937059,0.7359076699190777,1.2805678927262851,0.6896457612252148,1.317481229766076,0.6471936040041254,1.3342341284446468,0.8182520825691465,1.1826541553721317,0.8016529739182687,1.2866965727310402,0.7373742483505621,1.3177038581301022,0.6814565780228795,1.324082823615975,0.850465576973651,1.1771972461701208,0.83966290001141,1.2669953339420257,0.7782677528342625,1.296484677898072,0.7241096461012119,1.3077438674089148,0.8542089877285801,1.1698091387672305,0.8437486383139329,1.2398049592728113,0.8000624493057585,1.2693825317180918,0.7557532241609639,1.282671662194967,-0.818022127753111,1.0528963333984855,-0.7521995049457566,1.1022871445284406,-0.756216305562833,1.1738644492749828,-0.7658063166987186,1.2415592433527909,-0.7551704358829431,1.2922334818585226,-0.9122172118369858,1.2096118445438322,-0.884957905310055,1.301200102076571,-0.8272889344664753,1.3381612105004292,-0.7753414373830073,1.3620594739508884,-0.9343653319903772,1.205830819494839,-0.8866919714045906,1.2881004571374552,-0.8184925330210977,1.32919253314144,-0.751760499376963,1.3552843945483246,-0.9242280689542692,1.2015073949511497,-0.8736343002555617,1.2681672185645736,-0.8141227808980539,1.2963153066272883,-0.7579740984977362,1.31262592000361,-0.902101196717625,1.1996052252946559,-0.8608522618043368,1.2438346698044127,-0.8115729128444078,1.264416136344828,-0.7626934968952537,1.2760040112637505
0.26315392810811716,-0.38605737994666056,0.3419260698360113,-0.4323623503677304,0.3963347402166348,-0.4309096790158827,0.4483198986907382,-0.4297156665661649,0.18561396828804896,-0.4305477393507113,0.13151817384660971,-0.4275060980294181,0.09424301497641178,-0.4241590701156365,0.504179639924731,-0.39131453073354816,0.040978336064646195,-0.37825522664040523,0.36140414969882695,-0.3141738546212699,0.15924944345942146,-0.31301811546316594,0.9096436708893023,-0.02351116878970332,-0.29702759981626486,0.02351116878970332,1.070259576269436,0.5129852105250711,-0.4345980599714106,0.5373222255488941,1.2061954080065391,1.0194002678636391,-0.6254579034022895,1.0314477860745985,1.2765062360690025,1.1646799703979018,-0.7240933198524011,1.1871999751834403,1.18010511541927,1.1709439943758104,-0.644611514216573,1.1923617283628727,1.1290465776137533,1.1275007236811334,-0.5971555351408913,1.1490455021466268,1.203575365293932,1.0202443367545122,1.0748915755067163,1.0640813082339686,1.0380831773009747,1.136018644664882,1.0321891853032603,1.2087963940304545,1.0277512326343496,1.2674082270564038,1.2074336624954518,1.181436588709566,1.2006555578967593,1.2817788769440026,1.1417399282439642,1.3175688602995073,1.090266522739643,1.332203653023557,1.2902161919784523,1.1808427243220783,1.2722766833419397,1.2866367287631586,1.191079097522634,1.3159165965881094,1.1254609945083203,1.3203745781963754,1.329446169905823,1.173958101776868,1.3156205589293084,1.2657002100127448,1.2384789052232614,1.294223751895955,1.1740783547168823,1.3028010821681786,1.3345968227732115,1.1658368520423226,1.32083497389811,1.237152675916881,1.2650326461580306,1.2664387131679429,1.211722560901319,1.2780621404580954,-0.6289646809667985,1.053006274375894,-0.550161900307057,1.1021329575022674,-0.5582601012261289,1.1728594869346056,-0.572509964799491,1.2396448955684112,-0.5633082102810717,1.2893016923457934,-0.7388208471335347,1.2084006367703048,-0.7109221675012124,1.2994762184889437,-0.6424611304457589,1.336161225625052,-0.5801713539199217,1.3594046527464063,-0.7648602128475973,1.2050787435554935,-0.7128119823381135,1.2887564978754027,-0.6343855636925566,1.3294009055911127,-0.5563595213591188,1.3547163458966678,-0.7541110542576573,1.2010048658469457,-0.7012950562802933,1.2704237054410417,-0.6317078314596231,1.299191053904263,-0.5620206850774312,1.3150190593376088,-0.7284858661763662,1.1990237945735644,-0.6857892725275841,1.247161541544091,-0.6277734889813099,1.2695419345017132,-0.5670064121630264,1.2822372424543143
0.053073984321507506,-0.38634510123424615,0.13939899961518315,-0.43263201059755313,0.19886862773440359,-0.4312429582172962,0.25579907123530604,-0.43010224845304773,-0.03190034935441631,-0.43061548225092916,-0.09116801063227277,-0.427517020080886,-0.13204988147494348,-0.4242882236886545,0.3172236173501115,-0.39193828824037813,-0.19041799605710644,-0.37812000748741037,0.16067223509476902,-0.3142418584820621,-0.060806721149375326,-0.3127718893211296,0.7630350868135376,-0.023448404805722724,-0.5610879669415794,0.023448404805722724,0.9390188562145952,0.5124168693679735,-0.711559617770782,0.5364953750849935,1.0894159230342155,1.0186945631843258,-0.9231729098508571,1.0295342162097176,1.165344562793406,1.1638414637419612,-1.032659512769366,1.1847574814582482,1.0591674929248442,1.170049800886092,-0.9454080218678155,1.1897939518830891,1.0037027084195482,1.126709449270996,-0.8926132843911594,1.1464698064497363,1.0859481448036936,1.0180680002422824,0.9418905675125521,1.0635964146487913,0.9040860056737662,1.136642469143092,0.9003295737104183,1.2097184251839894,0.8894430314598137,1.2686126026631015,1.088333925394189,1.177269997236809,1.0762858090552,1.2789475814936453,1.012293031405566,1.3159926303977914,0.9552358102169758,1.3315633472117931,1.1803957066987445,1.177500764134589,1.1610084027880307,1.2846736135388555,1.0735699223614419,1.3153856974787046,1.0004031602471515,1.3206408372290381,1.2234910433511508,1.1714948901342075,1.2092123658817713,1.2638297247441295,1.1259490771315606,1.2935411340253564,1.0544679438910372,1.3033038748611085,1.2289249347429962,1.1641381966471183,1.2144743963509281,1.235709032090626,1.1531899410938777,1.265088100518077,1.0938410392214053,1.2767357800698198,-0.9278624740071137,1.0509900595573098,-0.8403472915666136,1.1002219288762614,-0.8471303517159757,1.1699110211889108,-0.8612699973297644,1.237188816263037,-0.8511028201208725,1.2875035324297313,-1.0444784307827621,1.2051854876735921,-1.0143478524856926,1.2954247032048618,-0.9397133133714668,1.3322517675517578,-0.8702811980331413,1.3558411204874303,-1.0749580259360316,1.2032916469704467,-1.019272061264388,1.2862166246456728,-0.9326623256744974,1.3269402485494444,-0.846779519427494,1.3527859128447157,-1.064626400819602,1.2000097810394084,-1.0082408895753237,1.2700727568125558,-0.9318574840295111,1.2994554773373008,-0.8542115966176439,1.315453033022567,-1.035713523725633,1.198053398170099,-0.9930475368079015,1.2478976785540787,-0.9281487071635638,1.2706071042979197,-0.8594453366004073,1.2832871861035287
0.14961690729000082,-0.3861378975222823,0.22275456739602736,-0.43232658729830975,0.2731077227844129,-0.4310133499749591,0.3213740807366432,-0.4299440597807922,0.07761983147938108,-0.4301780986932443,0.027395017466861186,-0.4270622492500434,-0.007250615145605776,-0.4239313666504222,0.37347939720652873,-0.3920764498584886,-0.05667358403858032,-0.37744110264559994,0.24080057004648786,-0.31410311190803747,0.053226379782978755,-0.3121949260305993,0.7537070703871926,-0.023143430421476933,-0.37087365805091754,0.023143430421476933,0.9018255830262658,0.5113153466324218,-0.49760531765897575,0.5352287707702437,1.0285353181835015,1.016174294244978,-0.677971363915317,1.026684976108826,1.0928888380864141,1.1613369581653,-0.7699484097226106,1.1813608947420196,1.0028147320399596,1.1675479295178497,-0.6961242963434716,1.1864136297249157,0.9559412818873361,1.12408889650759,-0.651175069336696,1.1431160892586252,1.0314549883245765,1.0167040991212444,0.9084416386480706,1.0565888853050331,0.8734058533814982,1.1294359169161678,0.8706615788470011,1.2036117884448165,0.8635744680654253,1.2629658788434555,1.0237596342991369,1.177906002066522,1.0187865021442095,1.2773348430800786,0.9657583073291864,1.3132743368039324,0.9188889599977694,1.3267916499518366,1.1002441708043649,1.1790847381949303,1.0864338181969642,1.2826153531602515,1.0140200496075593,1.3124270134420617,0.9545699138990639,1.3169747710342947,1.1381670600686857,1.1739347432454972,1.12877903586924,1.2643095241422926,1.0604814226552552,1.293800704862234,1.0021700762578887,1.303982707260711,1.1464280905679713,1.1677130664633755,1.1349414733214014,1.2400439597040804,1.0866387028309636,1.2703020591765535,1.0402286150483493,1.2829706823120037,-0.6721748468295101,1.0480878631244603,-0.6042253323522642,1.098937059165873,-0.6117887550332822,1.168654233165324,-0.6223091578857217,1.2352470161554265,-0.6146831671813044,1.2836453521501383,-0.7781700787809464,1.2021850052354734,-0.7513690403153054,1.2934738475976415,-0.688187516932662,1.329853175034337,-0.6296642341773474,1.35265482892235,-0.7983946794920574,1.1996018078572548,-0.7515961058264525,1.283146752462199,-0.6810748917317079,1.32309577122342,-0.6098477359631201,1.3491092817581358,-0.7860503161870037,1.1960760771265038,-0.7444459141688264,1.267471498042692,-0.683755187898016,1.2981252428591354,-0.6195191112521397,1.3158005904078316,-0.7600215056003236,1.194229504412879,-0.7303246446418707,1.2454577182161606,-0.6791136149818388,1.2703574085251919,-0.6228426528557293,1.2850853463151235
-0.0070487638924262505,-0.3866223302498983,0.06126864163002891,-0.4328191704543967,0.10830181068065,-0.43159263614957843,0.15343301679126925,-0.4306087217838271,-0.07440943168881979,-0.4304571839429552,-0.12140950226709281,-0.42728547757856017,-0.15384444618219265,-0.4241571490634305,0.20224175099256284,-0.3928020229071828,-0.2000759366543829,-0.3775269857767694,0.07818915631997235,-0.3145298248549597,-0.09717422518822427,-0.3123504579503991,0.5582280531402679,-0.022993903394570477,-0.49396662654906387,0.022993903394570477,0.6967837748013797,0.5109471172336034,-0.6121107841415185,0.5349196977732791,0.8152396096751121,1.0159165163626698,-0.7811898930176273,1.027500565316354,0.8754550847923638,1.161183354773858,-0.8667153861890502,1.18322044072689,0.7909119926552723,1.1672120788533842,-0.7975220703693834,1.1882137890551847,0.7470637121141451,1.123664361474887,-0.7554122990805391,1.144701365989738,0.8104400913406384,1.0226506712927164,0.7022800399631808,1.0641611098398371,0.6715720927882426,1.1342412701277802,0.6684663527995814,1.2065743461145761,0.6617068292764954,1.2650506470924776,0.8112116694967525,1.1801161351151592,0.8075075187217979,1.280537563953817,0.7592650562104596,1.3154693702535591,0.7163929407595978,1.3293138491791976,0.8813087175179233,1.1811189490162861,0.8706627617779658,1.2857440443918882,0.8066359256166322,1.3146949447136564,0.7520932408470377,1.3196006265224385,0.916593367948992,1.1759006279054496,0.9070785165249297,1.2670269009180632,0.8451675841538477,1.2948650057051343,0.7904397398143058,1.3038691542274454,0.9240573133074858,1.169742339541241,0.911448953938891,1.2416122630587156,0.8640483438764057,1.2706289701964297,0.8184978904493774,1.2816273612587201,-0.7729771546832586,1.0466157375592908,-0.7106771953400854,1.0979926443933838,-0.7160610935867049,1.1679491607330272,-0.7227270779488072,1.2354193634971928,-0.7139915996109409,1.2864467427794624,-0.8717780133942908,1.2042481093266761,-0.8444916807593361,1.2956052754582141,-0.7820036837181855,1.3303933997480537,-0.7244195371526058,1.350967479498829,-0.8889653545370403,1.200469568483057,-0.8435928653598836,1.2827658874861574,-0.7755308937001149,1.3217667865227607,-0.7061201592921617,1.3457482475670104,-0.8754169266005593,1.1952341694788091,-0.8346408078877401,1.265452546850763,-0.7753934630866695,1.2937082630580579,-0.7132360910029959,1.309068803508152,-0.8510574103283842,1.1922673978353528,-0.8229690393489948,1.242331811634456,-0.7735975111957826,1.264971861077539,-0.719467118266524,1.2776418363469528
-0.01540663151873283,-0.38648636173695844,0.05307989185067711,-0.43267170653569714,0.10020376138031704,-0.43148680784157767,0.1455144887935442,-0.43054052668059917,-0.08298248878330683,-0.4302243413888299,-0.13020885492122797,-0.4270446319636525,-0.16296886662827764,-0.423968876983323,0.19456760705579298,-0.39275228982838006,-0.20926975222796865,-0.37725227265298206,0.07017647064306196,-0.3143734818059911,-0.105982799947168,-0.31210388558395674,0.5531453065666465,-0.02292286497468895,-0.5047097819226134,0.02292286497468895,0.6914651418763265,0.5104538569895172,-0.6226625414936436,0.5342112009159007,0.8103920407749472,1.0149281724216686,-0.793063453867739,1.0285270970963747,0.8708826242729335,1.1602896971482102,-0.8789354977019977,1.18483386476109,0.7859248598199481,1.1662107785473137,-0.8089227263653245,1.189457221635342,0.7419353871574219,1.1226265695841011,-0.7666426947854503,1.145419434634872,0.804826149750391,1.0232431631809011,0.6949760421482433,1.0628475319536137,0.6642624697729305,1.1315641496552566,0.6619776746388564,1.2041985078462103,0.6540870015543164,1.2632853499062993,0.8058858032870062,1.1795669912030862,0.801435932911492,1.279522033317233,0.7495360345865666,1.3150774105838356,0.7031829973636253,1.328995705150372,0.8775392430114684,1.1807182241251324,0.8613575458130963,1.2849526863069447,0.7920365964716852,1.313974856548436,0.7343581055825741,1.3190633925030246,0.9120438650251634,1.1754226891665795,0.89796822621975,1.2662918398353025,0.8317927544598606,1.2949316305980423,0.7741891788355569,1.304084853587613,0.9187134915588734,1.1689474873568648,0.9044135887292301,1.241095966567085,0.8538852901400363,1.2702587141541255,0.8055256800687202,1.281129346462299,-0.7827810326665703,1.0445156091739844,-0.7200877958521925,1.0975039421172867,-0.723273139917077,1.1675724225448179,-0.728717745295876,1.2338917188148375,-0.7178617766815043,1.283442730935172,-0.8812023468964315,1.2039018850976728,-0.8515664944399218,1.2946288661208158,-0.7878289002925154,1.3291362824959212,-0.730239777773962,1.3495989301877827,-0.8975773543842176,1.199441170297964,-0.8489751730213873,1.2797131093208922,-0.7795569061012553,1.318433979048114,-0.7103594103714638,1.3430586715482504,-0.8835922883748412,1.1941802109972162,-0.839422513218076,1.2628449652121516,-0.7813790814087622,1.2926332592397427,-0.7197532064540663,1.3093348942595804,-0.8589970769914013,1.1913952782438846,-0.8279566235410293,1.2403036835661987,-0.7806170414080619,1.263277160934714,-0.7276642343292049,1.2763381156705464
-0.1175643022998089,-0.3860726099699047,-0.03709078405823774,-0.4322163676685895,0.01846546459727342,-0.43108416080170064,0.07204963720146498,-0.43018713515067086,-0.1980379635698142,-0.4295996361288146,-0.2540517601864638,-0.4263666889418878,-0.2937430088590527,-0.42331727844706724,0.13028423631658037,-0.39251228481631445,-0.34898759855635225,-0.37652745343145705,-0.01626212529340235,-0.31397288215528996,-0.22517389022782608,-0.31152300215379336,0.5582035712447898,-0.022824666162015683,-0.7005958287362836,0.022824666162015683,0.720580319956609,0.509429924874764,-0.8395736977199496,0.5330161491293502,0.8617390865055872,1.0128357714387688,-1.0427218458397483,1.0281352629677591,0.9336248914984373,1.1579434896593612,-1.144479282352345,1.183275866339032,0.8324574472770863,1.1638854475021312,-1.061028341195171,1.1876693965047995,0.7802025809407341,1.1203471844028883,-1.0109226201117305,1.144061668683498,0.8590947768133328,1.0184810286549675,0.722983769765601,1.0605725640624446,0.6837127386328131,1.1333983798296896,0.6800978379857967,1.204788137323263,0.6692548523859573,1.2620016433033578,0.8575168871267819,1.177372500008517,0.850149492479008,1.2773962515596116,0.7834335932702472,1.3111145638522625,0.7240195816863769,1.3234500002311842,0.9420395403417264,1.1778950744862267,0.921325876438021,1.2825075838533195,0.8330979286056192,1.3102149275989332,0.7609698334451642,1.3131916952471563,0.9813989630468754,1.1726137125297016,0.9637827229151014,1.2637121553318305,0.8792288895014919,1.2914994062087013,0.8079192030417662,1.2994081691230952,0.9870854875354442,1.1661791453834434,0.9688579438757225,1.2379425595192017,0.9058410460333121,1.2658469469862108,0.8464790967995058,1.2757890285786444,-1.0342745865134524,1.0412089322752265,-0.9578140170513917,1.0914927647077228,-0.9578081528855877,1.1619540558182233,-0.9619502563412182,1.2291820592284537,-0.9484816977740099,1.2796434126173222,-1.1422408873564673,1.2011124092854355,-1.10684521164945,1.293241245464769,-1.027966174392802,1.3270185800702803,-0.9576399514469198,1.3459604293294423,-1.1648509652697792,1.1962619102127912,-1.104109935873018,1.276204681866519,-1.0177447903681758,1.3141233397547678,-0.9335892911439289,1.3373806281196052,-1.149847568574727,1.1905365188564399,-1.093482780180449,1.2591274836759534,-1.0202380620338716,1.2875644340120795,-0.9461799411817635,1.3029749328910263,-1.1219960706602052,1.1880598518052605,-1.0818693004053515,1.237447226108966,-1.0229322886496763,1.2602316549442336,-0.960434440995128,1.272696259384761
0.2459604656114765,-0.38453060665860667,0.3228958120697133,-0.4307016281818179,0.3759685307283836,-0.42961222640101465,0.42720515511527474,-0.42878581487463646,0.1687000433220706,-0.427941757550542,0.1150814996631572,-0.4246690276446153,0.07612614396089365,-0.4216547634295966,0.4834698022946276,-0.391478978851648,0.02326152881528406,-0.3749886415435387,0.34336747971919607,-0.3126475086951332,0.1429654460744309,-0.31007257959761425,0.8984741165685549,-0.022346423311105323,-0.3154810950885927,0.022346423311105323,1.0507690507837493,0.50810028218659,-0.4477712887572565,0.5312658211654023,1.1861276029214158,1.010019614709664,-0.6442394237601341,1.0247549869436208,1.2548977042740377,1.155037757361762,-0.7419518579510919,1.1793360208170527,1.1578648366409237,1.160897067116264,-0.6607435168359592,1.1837058442617616,1.107805357885379,1.117480486748108,-0.6121740262452663,1.1403141489929494,1.1826143097946986,1.015829154265479,1.0503140820728953,1.0564296463006602,1.015386230357562,1.1294764620007034,1.0121591139244999,1.2011724692627495,1.001405083108846,1.258074963649645,1.180256994570786,1.174125533470887,1.173821730188679,1.2745242405438377,1.1143728518444773,1.3090772009822103,1.0617548269910955,1.3218145259670644,1.2614624491774817,1.1747431363909564,1.2438753656264843,1.2790935972396458,1.164383122503803,1.3074531089077868,1.0993627330642037,1.311363915383697,1.3003786308366654,1.1692566506702544,1.2843334926023942,1.259602230064805,1.2094621371297127,1.2870154292733675,1.1462203866987095,1.2955856312590739,1.3064375494996427,1.162635856875843,1.2897359367750272,1.2335525080720875,1.2333745228366284,1.2617269650923835,1.1802778873937618,1.272249516235671,-0.636250805480334,1.0373889256521116,-0.5607599503158638,1.088035984748593,-0.5619395700972993,1.1596514547800365,-0.5666792169515822,1.2268228985250926,-0.5578311064213375,1.2761227688343904,-0.7410724350471507,1.1970121331088772,-0.7059903613095886,1.2897815211794794,-0.630664999295532,1.3230470170690924,-0.562190696331357,1.342391335929631,-0.763530157954378,1.192055021319663,-0.7030934064606569,1.2725377309317034,-0.6180427102569379,1.310774590985609,-0.5357418944246239,1.3346407586250273,-0.7494422098934762,1.1864703525706424,-0.6924684438079913,1.254660275563373,-0.620622698988882,1.2824578364427037,-0.550046880429465,1.2970267047392352,-0.7221956320357469,1.1844700430397812,-0.6822466301670888,1.232164371985075,-0.6245399658440588,1.2538248149099607,-0.56449729147844,1.264888730078056
0.003975577658695184,-0.3819606968305652,0.08545964512702067,-0.42800661809683166,0.14170635842782994,-0.42694610745126554,0.1959285865261146,-0.4261496542683303,-0.07834091461777438,-0.4251940231013091,-0.13525675477964308,-0.42191380757362756,-0.17718558594838804,-0.41890632375116327,0.2560722291711239,-0.38903899143358794,-0.23305058847047147,-0.372389289725203,0.10756524582772078,-0.31036924379978253,-0.1052111020628036,-0.30772911978347833,0.7025501607247111,-0.02108809760010573,-0.5940321766759468,0.02108809760010573,0.859073216614678,0.5070175901565368,-0.7338880236570899,0.5298337771238598,1.0031733482867289,1.0071138106441142,-0.9439160831794561,1.0214655139821036,1.07616299864013,1.151697212599633,-1.0473431843680365,1.1752825908446198,0.9739835113104709,1.1577160104295998,-0.9600192782298641,1.1796462981280964,0.9208416519041744,1.114411938388151,-0.9080722568911754,1.136453752062759,1.0039291677911375,1.0134173939969184,0.8646867480131851,1.053008890211378,0.8243683825428092,1.1248674423223217,0.8192732526844627,1.1972881304138663,0.8097788732078064,1.255486665543712,0.99866796231248,1.1690380374024039,0.9928912791602165,1.2697459938307811,0.9286188445532131,1.305183767023856,0.8713198316793416,1.3187597452391167,1.0853486178086025,1.1712636002145775,1.065985603936279,1.2764537743576123,0.9791625561389392,1.304463016321675,0.9084859766170182,1.3083873788507745,1.1268239572747023,1.167407955711163,1.1098550053374263,1.2587215947659425,1.0275408521542007,1.284972556492487,0.9592954676725727,1.2923690944111805,1.1341505820876503,1.1619934258972167,1.1164284421258652,1.2335178506898314,1.0545313567079584,1.2607040534806941,0.9979542464864605,1.2698320603416386,-0.935716830393236,1.0342488691994673,-0.8543463551405631,1.084669199736817,-0.8562132439357854,1.155766671550178,-0.8632237987741628,1.2224562762996225,-0.8566241933800585,1.272246879355698,-1.0491318597329182,1.1939673599857805,-1.0112588700556258,1.2846994868297663,-0.9343103043870629,1.3188640614551561,-0.8662016106668705,1.3396802159175525,-1.0753082136445,1.1893310336495877,-1.0105454466162613,1.2693113804814509,-0.9229291538226119,1.3078518288604386,-0.8377501961890205,1.3318866905849036,-1.0618524335661106,1.1841104914425742,-0.9987520308675876,1.2514584374085778,-0.9231355788013788,1.2800947031938879,-0.8491847073180959,1.2962558310049048,-1.033144011218096,1.1821095577176384,-0.9860393514740933,1.229333711493144,-0.9241520610091454,1.2519320285232964,-0.8606260895335753,1.264849890827
-0.23177697333982059,-0.38054303770362097,-0.15918225976590866,-0.4265167280358511,-0.1088738884925464,-0.42549346803358723,-0.06036199238771786,-0.42474697121964144,-0.30572336174005693,-0.4236368857528605,-0.3566408961769919,-0.4203570622549345,-0.39426349364225055,-0.4173320990144329,-0.006445490771493292,-0.38783356865498686,-0.44392435915119666,-0.37087879065699236,-0.1387675074901527,-0.309162733793775,-0.329003340109566,-0.3064647419985632,0.3972589116119122,-0.020631044545096202,-0.766803605853337,0.020631044545096202,0.5338928351489851,0.5053250459094418,-0.8920051529573217,0.5285315943208289,0.6633351000786909,1.0051757631294942,-1.0809182312786918,1.0192590107259654,0.7278333743550235,1.1493970156329885,-1.1729943884962224,1.173072174442778,0.6368459899669071,1.1553009225747004,-1.0946604549728365,1.1775641847622662,0.5895838270977642,1.112208984011744,-1.0481103128927374,1.1344848263442333,0.6631254589641813,1.01142944302917,0.5380139449980135,1.0533282896333946,0.5043261097244409,1.1250506162333496,0.5001772571062016,1.1960754187263827,0.48846849987795476,1.2531160422642174,0.6638038481886626,1.1685413004612937,0.6519459081448468,1.2691400018605916,0.5931165808601284,1.3031904105506353,0.5419798523740026,1.316888840499713,0.7410671987171638,1.1696169028522574,0.7201266424475875,1.2742522582539,0.6405928341558242,1.3013528108100165,0.57626808304918,1.3046472362618717,0.7769181848164838,1.1643323434025854,0.7588361806725955,1.2548401960550792,0.6836815423283709,1.280952757943807,0.6214317409793219,1.2883930150843075,0.7812408223286487,1.158073047366783,0.7652622958842804,1.2287894116637441,0.7097320026175349,1.256164031662838,0.6578582586776518,1.2662429742010537,-1.0760239880310845,1.032358760563949,-1.002968639798574,1.0821756851703244,-1.004415974833829,1.1530706425961108,-1.0106888505042588,1.2207284591585332,-1.003147135728781,1.2715043951698841,-1.178855048492054,1.19032808965988,-1.1439265094690012,1.2815148208473555,-1.0734198318645765,1.3149528460541564,-1.010501848536322,1.3350702949504762,-1.200863047065661,1.1874568962265244,-1.1441457035181921,1.2686332017365285,-1.0647757345993167,1.3056129870301993,-0.9877852315887635,1.3287694395073373,-1.1881486144535136,1.1836066979435822,-1.1349400769006468,1.2525074777535405,-1.0667572488040031,1.2796918230606658,-0.9988115428668427,1.2944845009726473,-1.162320227180157,1.1822197369657605,-1.1227959414027529,1.2302952100820042,-1.0665374004442174,1.2515459952486692,-1.0083270509819908,1.2632325005917586
0.13548018366292394,-0.3785287696085361,0.21507878487745563,-0.42435513484194337,0.2704932491366423,-0.42335052756455227,0.32394881879478654,-0.4226355730984232,0.05368356243450722,-0.4214584948078347,-0.0023683290718289067,-0.4181678911355335,-0.04408164316764826,-0.4150977727948344,0.38347445068285885,-0.3860384776186061,-0.09789496291537426,-0.368867818675256,0.23824638628176653,-0.3074639968819281,0.028852906559707885,-0.30468845589796845,0.8348970502070772,-0.01987098868729116,-0.45349047047321167,0.01987098868729116,0.9810039762643026,0.5033318614069351,-0.5916960117362521,0.5259764884128878,1.1220533348993875,1.002378808641085,-0.8014774028099833,1.0157514118849846,1.1932177504602204,1.1461771034822135,-0.9027707545154448,1.1693459707385339,1.0933652123466853,1.152348678180286,-0.8162685434641177,1.1738955792307295,1.0412185548759176,1.1092920340134562,-0.7648951110760366,1.1309078787005833,1.1199016391205796,1.0112112047977915,0.9854704406743698,1.0511503878344464,0.9480762481723766,1.120977085059439,0.9440981364461111,1.192729503409074,0.9391271563792551,1.2502305109900684,1.123772093901776,1.1634098788514717,1.1172004022602358,1.2654413127548985,1.0464671917287174,1.2999026104768665,0.9859036660753079,1.3120418389216517,1.2085422692229044,1.1643994886494544,1.1880632052001627,1.2712296682776383,1.0955096925125531,1.298358541626723,1.0238762621105983,1.3009289305229534,1.248005899516186,1.160259960489741,1.2311785128902892,1.2523950725703652,1.1449782030843858,1.2789907519500323,1.0751859084802868,1.285220749664905,1.25264092064454,1.1548107270760135,1.2356790349934348,1.2266452957979308,1.1710409970248765,1.2541529114628234,1.1119690828784927,1.262669465180047,-0.7965069999921628,1.029743836330109,-0.7208243119203509,1.0811751177672226,-0.7230973743088153,1.1512417746627508,-0.7272832956877625,1.2169696831497065,-0.7146921954191363,1.2670903639609012,-0.913820166923239,1.187593202476138,-0.8769224085915406,1.2772228401236432,-0.8004223358858475,1.3103511529220673,-0.7304584540060277,1.3298541437564104,-0.9373787102366571,1.183035087950845,-0.8772387410628449,1.2631809463807686,-0.791498643050276,1.3006500221745512,-0.7052261771149693,1.3236100439340341,-0.9235320933164125,1.1780120515638897,-0.8681555831812922,1.2464569660965168,-0.7950290981497234,1.2747075165995692,-0.7189693221456495,1.2903530214242687,-0.8959942837786583,1.1757639965534532,-0.8556500600821383,1.2249181233932183,-0.7953256598415712,1.2470951424217935,-0.7304626390615331,1.259596772645121
-0.0480730902434062,-0.37731639270181067,0.026336467267647382,-0.4230349494594051,0.0783875556470856,-0.4220373631787036,0.12853860795473607,-0.4213304931147185,-0.12540953555671325,-0.42008147357633485,-0.1781008593946382,-0.4167395204762245,-0.2180288146701729,-0.4135298125649083,0.18466881757732842,-0.3848882946549727,-0.2681961856386175,-0.3675781248373636,0.0490623782448084,-0.30648162880965596,-0.14790467347247854,-0.30363171709131226,0.6138920249790469,-0.019528987407150106,-0.6037236262698283,0.019528987407150106,0.7482068423097171,0.501482125856226,-0.7338750092765755,0.5242861067742235,0.8812137189777441,1.0015858885674755,-0.9323046209675298,1.012798271789545,0.947420157685306,1.1445497452122364,-1.0277175188200918,1.1659411019954182,0.8537211271826396,1.1506209711707018,-0.9460133839452558,1.1705302890448652,0.8047844552157466,1.1079460625430517,-0.8975881660054166,1.1276259322246742,0.8798987068954232,1.0097018371833983,0.7532457727852417,1.0500702111595732,0.7201044765562747,1.1199097323566507,0.717816872290628,1.1908328829066324,0.708384686351664,1.247785138355545,0.8847227750038261,1.1631714301848746,0.8792334494903856,1.262367820903846,0.8125358190929228,1.296743534839624,0.7548398339671409,1.309237301401554,0.9644505840676619,1.1633517746786226,0.9443348428845098,1.2680901874022519,0.8576052404293046,1.2949217876144117,0.7907387118926233,1.2979367547202885,1.0006040331015318,1.158323555922242,0.9838450404437166,1.2488933195578455,0.9034884189839498,1.2757153222288777,0.838449308478523,1.2826224270599749,1.003885715787216,1.1518016919280374,0.9870815748345377,1.222898044615579,0.9263620138412971,1.2507224323378767,0.8710118362046607,1.2599137519573613,-0.932106349238882,1.0269365658637712,-0.8544574015713686,1.0765196953156728,-0.8566454620061715,1.1463212727455014,-0.8646341264090615,1.2127407213216619,-0.8570018887556818,1.262602402664897,-1.0370524727384913,1.1830410187027418,-1.0043388614111683,1.2732007664534257,-0.9327684789006007,1.306731450372706,-0.8686528686072774,1.3266204571714595,-1.0651719730857674,1.1787160988322523,-1.0070801244468899,1.2591475110575632,-0.9227353582778957,1.2960482711044443,-0.8431367386120127,1.3180525313280123,-1.0553265170621942,1.1739929926042796,-0.9997779317080701,1.2433180409571873,-0.9261727481853236,1.27044069218401,-0.8551597839297128,1.2840665222017444,-1.0303455031521347,1.17212348087206,-0.989928532008138,1.221370249987231,-0.9305099762467036,1.2437175665064557,-0.8695431875424331,1.255179039400583
0.008509156572307892,-0.3769917395451622,0.09218573206764202,-0.4226667813724292,0.15072469429654384,-0.4216726748315496,0.2064782931181524,-0.4209640324235529,-0.07900550119465255,-0.41969304797566215,-0.1381413927591883,-0.41633404950893,-0.1844877166229215,-0.41306425858372375,0.2697564846033928,-0.38450033831540015,-0.24071566792609814,-0.3672361143133129,0.11817079782701882,-0.3062192710038425,-0.10444994012833507,-0.3032925945852304,0.7543164424694786,-0.018930286349511008,-0.6204806998585549,0.018930286349511008,0.9072395823293941,0.5011075301833182,-0.766622992472252,0.523761116297268,1.0555523597132155,1.0017304403972969,-0.9916829944822408,1.0119181646584126,1.1293052726526929,1.1445758004165305,-1.0992135780650685,1.164909990450806,1.0244163046520511,1.1506633230502603,-1.0070545001729494,1.1695233584608198,0.9691987302711277,1.1081561525320063,-0.9524218889266374,1.1266323724951504,1.0595926400995597,1.006450634438288,0.9148549953905312,1.044885703704737,0.8742941763084581,1.115621485644604,0.8748381782164918,1.186197363066286,0.8637946019751739,1.2433439371866537,1.0566087604855563,1.1613918680318769,1.0488528212688186,1.2603821315803996,0.975669990419091,1.2946853305422212,0.9106244830904927,1.3073898225686373,1.1458189368897387,1.162624047199204,1.1225910065762676,1.2654395301283587,1.0270332207680237,1.2924484514384584,0.9512546447733639,1.2954453787960223,1.1867240143704658,1.1582415037028886,1.1696040626149349,1.2485329168583637,1.080085526415166,1.2751754181916455,1.0057858501366501,1.2828428063857995,1.191865492076569,1.1521348014477306,1.1748412699292197,1.2240064184100767,1.1081815527652208,1.2518993864566985,1.0464249097638716,1.2619849680827668,-0.9919631263164397,1.0246710517761064,-0.8993557761244687,1.0749428467087778,-0.9032026029276117,1.1446088072068952,-0.9164330791122521,1.2103090464464772,-0.9085030163293503,1.2587155116858413,-1.1078717381563539,1.1805886619116968,-1.0712091391766883,1.2706842645135223,-0.9928360453397651,1.304619928404257,-0.9206836884934957,1.3252326689869471,-1.1421056585669047,1.177368715700318,-1.0779441159856527,1.2605266477976718,-0.9837141182524317,1.2977076820491198,-0.8941776327511293,1.319528515762925,-1.133046017090023,1.1732839023738455,-1.0720648759626479,1.2456787215672414,-0.9881614028863823,1.2725277383591558,-0.9064072436092011,1.2844866783572688,-1.104100543880188,1.1714738813562844,-1.060237666967174,1.2232443629865914,-0.9919407280427304,1.2463662886935525,-0.921043748414013,1.2577556385390223
0.23105112937096595,-0.37677099874465214,0.30231116085584325,-0.4224093400506826,0.3521148333646785,-0.4214153465737545,0.3986974985671822,-0.4207050646878869,0.15679534222320624,-0.41943917165000544,0.10722343528620235,-0.4160787605188123,0.06682535424670662,-0.41280615957369765,0.452851172449518,-0.38426283455713534,0.019907873125368344,-0.367085022622672,0.32451948772430367,-0.3060539345735359,0.13493251411612756,-0.3030887807139419,0.8641150758898256,-0.018515357192710812,-0.3041901582283237,0.018515357192710812,0.9946659257362203,0.5008816705925172,-0.428628858795319,0.5233296537711325,1.1181616700306372,1.0038374668112746,-0.6203788474620222,1.0111225920968854,1.1806917346979562,1.1452816242356734,-0.7115854396025612,1.1639999031908825,1.0917925062688898,1.1510276197114937,-0.6332817670796581,1.168654734527008,1.0450608023850063,1.1089244184348428,-0.586877844071957,1.125765921813996,1.1171467999887215,1.0056279922807005,0.9959116493999945,1.0454167042618585,0.9620165533428179,1.1157419656230108,0.9629527351298791,1.1852459565889883,0.9541904592275462,1.2415766366952654,1.1173987587385372,1.1622287672803115,1.1113027640015252,1.2598017076763846,1.0518707236726856,1.2936001603138492,0.9986232675068538,1.3068597212801798,1.1929170754852962,1.1624959866029205,1.1756689748011624,1.2645218394808373,1.0978702620064322,1.2920886661971394,1.035188292529245,1.2958954829189797,1.2282178772873085,1.157034594192131,1.215791125834397,1.246212078472536,1.14290756283959,1.2729435940786302,1.08132592614469,1.28100118155954,1.2327758032547627,1.1500784228015752,1.2209256647422257,1.2209688786599224,1.167303266858726,1.2490355994050923,1.1159867996224546,1.2595251278770867,-0.6167663530599319,1.0229578005271067,-0.5422888317900489,1.0747005098450337,-0.547142750663181,1.1447621177794582,-0.5559018998798905,1.2104806873988834,-0.5476658191122556,1.258095649365648,-0.7203358601552388,1.1797210466578119,-0.6898502844917694,1.2681907006057676,-0.6216230077829844,1.301735528898671,-0.5589844210688212,1.3216015805906918,-0.7451446775123614,1.1760704607492736,-0.6909771941018557,1.2565866068023568,-0.6140770125881387,1.2947387954424647,-0.5392711893278029,1.3192289226186342,-0.7345979760690631,1.1718103295135156,-0.6827369444200564,1.2408897560011192,-0.6166808903195601,1.2698889585192636,-0.5491559453689223,1.285463454518072,-0.7081370961956971,1.169497400297471,-0.6730086529386726,1.2192280528643429,-0.6176341385989821,1.2427063570841774,-0.5578993308789475,1.2558181562399244
-0.10118505056814224,-0.37690687675538587,-0.02316628170014729,-0.42259293733480235,0.03136766599272226,-0.4215951309112064,0.08170711141293169,-0.42088520045220923,-0.18241193355452898,-0.41963041370221427,-0.23609608746314906,-0.41627260435922775,-0.28115797128432934,-0.41300157049104086,0.14124657262759066,-0.38441239764255575,-0.33197421375395664,-0.36730614083722446,0.0011383908607891893,-0.3061326656648702,-0.20629399054893607,-0.30309117411948244,0.5908382439901103,-0.018299754193626484,-0.6866556112094746,0.018299754193626484,0.7353473879959465,0.502088864398883,-0.8239353769866521,0.5239515995111952,0.8673078153991307,1.0050816771724624,-1.0350478217472971,1.0119527778788349,0.9361231464842833,1.1466238533038937,-1.13483143487441,1.1651201907550195,0.8388554077402379,1.1524828709018702,-1.0487133898116983,1.1698749960130004,0.7877360341321348,1.1103644200100393,-0.9976633114685527,1.1267892997259734,0.8679753883014556,1.0057961806320594,0.7325684482551703,1.0446794009043032,0.695828269874249,1.116202022580816,0.6943280131296392,1.1860170189113355,0.6851317044892821,1.2429022464235069,0.8685619741451476,1.1634716798070261,0.8595350539302411,1.260837777849835,0.793304749910264,1.2948274413336984,0.73519026169557,1.3081681109864447,0.9496020735984189,1.1633824505270265,0.9289441000015707,1.2644883707678203,0.8433088404679647,1.2928474436105064,0.7746914143782044,1.2974866969508878,0.9864263758606672,1.1579113572238484,0.9706792407734037,1.2465258474842924,0.891019913636688,1.2742422464377812,0.8241670928948932,1.283767695150943,0.9891981864589575,1.1514743569646744,0.9750568194250867,1.2231131997783864,0.9171353883888944,1.2523340043926692,0.861441671796514,1.2642851510826212,-1.0298593744293345,1.0262765311239772,-0.9450077502377139,1.0762560815837765,-0.9486853896801887,1.1462899127234951,-0.9630095479273835,1.2132277109204261,-0.9597827554556801,1.2621619403650297,-1.1403287166448368,1.1784494836745658,-1.1103358438777169,1.2701459532661976,-1.03561444599203,1.3042612069616606,-0.9665671326104054,1.3238715719735816,-1.171826266224907,1.1764670321461739,-1.115917819860869,1.2608665542926347,-1.0303731004368264,1.2984630883472839,-0.9474868382455575,1.321611394311191,-1.1636065075221884,1.1738738061961842,-1.109072702412169,1.2463551964862931,-1.0343310577618234,1.2735228353677839,-0.9585789284556098,1.2868824662425302,-1.1368217488734604,1.1728282621077886,-1.0975942126794123,1.2243804786275814,-1.0352582740334637,1.2460192482470944,-0.9697549999641389,1.2572150690818495
-0.2790438853247696,-0.37638314723870653,-0.20548556970301254,-0.4221467287620149,-0.15408352192857877,-0.42115034724147216,-0.10690282708593386,-0.4204345078956724,-0.3555803540380923,-0.4192062724173694,-0.4061491306205249,-0.41585703559649984,-0.44869371488075865,-0.412583783590235,-0.050648973288532205,-0.38396302244692376,-0.4960842030499153,-0.36695679646972046,-0.18264412007063732,-0.30560084131134085,-0.37835768524970476,-0.3024967167956478,0.3729116804322245,-0.01820387812470135,-0.8302513033049177,0.01820387812470135,0.5083037621251847,0.5018303994665522,-0.9589448879735778,0.5233432380037952,0.6313593523522814,1.0039425109620312,-1.1587452647119971,1.0107764648597224,0.6961900509688301,1.1452261349832829,-1.2526478991692376,1.1637107224047534,0.6049731466800125,1.151167657260763,-1.1711215954476655,1.1684859557683298,0.5569522054196773,1.109064939429951,-1.1232086360465636,1.1254460176142698,0.633278612528577,1.0042257270891943,0.5090447457157536,1.04217022607737,0.4703054153471303,1.112314905767224,0.4651563573986192,1.1831073504308494,0.4585425020552837,1.2409785885124072,0.6359187354521065,1.161985577435047,0.6272777722121964,1.258643163858378,0.5654120810695672,1.2922465010925082,0.5105908313176536,1.3063192898501688,0.7123191872644812,1.1630874686614998,0.6922069288221337,1.262585015384354,0.6117498467154102,1.291113859413224,0.5443485091543175,1.296423214772717,0.7471413918525484,1.1586150604095007,0.7302570532370383,1.2456392875806557,0.6550488284617699,1.272630386138595,0.5896563558992938,1.2815083538320906,0.7508071412303663,1.1531673280122672,0.7337331301316798,1.2231248310327136,0.6773851107874684,1.2507079872223388,0.6230086658122249,1.2614341016968658,-1.1592138120838031,1.0254575777929575,-1.084609883303378,1.0717786783958585,-1.0822589639680575,1.1419273690143428,-1.0860422190709547,1.2094707386581685,-1.079594293615659,1.2595930854556214,-1.2584995769670242,1.176457676420777,-1.230932814346784,1.2667920338586574,-1.165448322460787,1.3020287103627368,-1.1029512392542895,1.3237264972757041,-1.2856450091278193,1.1756327620991738,-1.2350172114049358,1.2594328711397833,-1.1561040686768231,1.2986724544167645,-1.0763918601903804,1.3218346759384776,-1.2761790913111537,1.1733806256733377,-1.225369401164517,1.2440574218947933,-1.1547983600833047,1.2711276248784944,-1.0829487064775987,1.2843471999847722,-1.2527510520260712,1.1722363968668998,-1.2114844095955528,1.2222096708169317,-1.1520293296234727,1.2425317092097532,-1.0904584759051865,1.253313085367629
