pose_0_x,pose_0_y,pose_1_x,pose_1_y,pose_2_x,pose_2_y,pose_3_x,pose_3_y,pose_4_x,pose_4_y,pose_5_x,pose_5_y,pose_6_x,pose_6_y,pose_7_x,pose_7_y,pose_8_x,pose_8_y,pose_9_x,pose_9_y,pose_10_x,pose_10_y,pose_11_x,pose_11_y,pose_12_x,pose_12_y,pose_13_x,pose_13_y,pose_15_x,pose_15_y,pose_17_x,pose_17_y,pose_19_x,pose_19_y,pose_21_x,pose_21_y,pose_14_x,pose_14_y,pose_16_x,pose_16_y,pose_18_x,pose_18_y,pose_20_x,pose_20_y,pose_22_x,pose_22_y,right_hand_0_x,right_hand_0_y,right_hand_1_x,right_hand_1_y,right_hand_2_x,right_hand_2_y,right_hand_3_x,right_hand_3_y,right_hand_4_x,right_hand_4_y,right_hand_5_x,right_hand_5_y,right_hand_6_x,right_hand_6_y,right_hand_7_x,right_hand_7_y,right_hand_8_x,right_hand_8_y,right_hand_9_x,right_hand_9_y,right_hand_10_x,right_hand_10_y,right_hand_11_x,right_hand_11_y,right_hand_12_x,right_hand_12_y,right_hand_13_x,right_hand_13_y,right_hand_14_x,right_hand_14_y,right_hand_15_x,right_hand_15_y,right_hand_16_x,right_hand_16_y,right_hand_17_x,right_hand_17_y,right_hand_18_x,right_hand_18_y,right_hand_19_x,right_hand_19_y,right_hand_20_x,right_hand_20_y,left_hand_0_x,left_hand_0_y,left_hand_1_x,left_hand_1_y,left_hand_2_x,left_hand_2_y,left_hand_3_x,left_hand_3_y,left_hand_4_x,left_hand_4_y,left_hand_5_x,left_hand_5_y,left_hand_6_x,left_hand_6_y,left_hand_7_x,left_hand_7_y,left_hand_8_x,left_hand_8_y,left_hand_9_x,left_hand_9_y,left_hand_10_x,left_hand_10_y,left_hand_11_x,left_hand_11_y,left_hand_12_x,left_hand_12_y,left_hand_13_x,left_hand_13_y,left_hand_14_x,left_hand_14_y,left_hand_15_x,left_hand_15_y,left_hand_16_x,left_hand_16_y,left_hand_17_x,left_hand_17_y,left_hand_18_x,left_hand_18_y,left_hand_19_x,left_hand_19_y,left_hand_20_x,left_hand_20_y
-0.0877742845040223,-0.3810508625256615,-0.02749552071722016,-0.44877167130578477,0.01142195222868073,-0.45203019825064883,0.05097169123473233,-0.4565934789074315,-0.1671392497925143,-0.42936443972787025,-0.21061460227145992,-0.42018636624104233,-0.2509492553356493,-0.41076739055322636,0.11076983064237217,-0.43100767284897085,-0.28496903196932355,-0.3634233630324036,4.158797857846731e-05,-0.32093046670196335,-0.16201429002230158,-0.29620611288026844,0.49435399812683845,-0.07492746182815596,-0.49435399812683845,0.07492746182815596,0.722253865915679,0.36547277715835425,-0.5199134191747455,0.5624050461631444,0.8317297373325446,0.8085685645145815,-0.40767106386713214,1.0038624224150097,0.8962268329373694,0.9446833845515629,-0.3685148794028402,1.1437231223589936,0.8011398994083421,0.9504056559064262,-0.2857387535234647,1.1042786465054353,0.7608544493898318,0.9156421847230694,-0.27839623328112734,1.0593520850266398,0.8298151563764671,0.825366719191166,0.74265275966306,0.8626516483646198,0.7190900973015634,0.9273914651075429,0.7157651487837408,0.9878679297171962,0.7057839586195211,1.0382307054472928,0.8383543455922244,0.9462949312178641,0.8296622898634571,1.0342586910186258,0.7728301512876464,1.0683078526249672,0.7243726094051143,1.0769061874468508,0.8934067583540115,0.9411165068534901,0.8713043715261228,1.0345220783206417,0.8031241644670258,1.063663151071166,0.7521610678692218,1.0678573875636093,0.9193790350170814,0.9352239677966927,0.8993186070770463,1.0195608438034587,0.8320106062554052,1.0491869891075012,0.7797904666991387,1.0569680400507782,0.9228816223768207,0.9317539616323465,0.9081564673033445,0.999146974618359,0.8568227105329149,1.0277475691082638,0.8133473407086064,1.0380356853840442,-0.40505971151337317,1.0177094022809672,-0.2921634076242156,1.0247660567396895,-0.2376935158624708,1.0766464486121872,-0.20431478382255436,1.1335329444789104,-0.17040844665650207,1.176765952064996,-0.3174241766343956,1.1242759691707016,-0.2665697294990265,1.203334924144295,-0.21933971603215915,1.2219608200034517,-0.1820426650421423,1.2276483206354623,-0.3811557288000356,1.1401548004461286,-0.31809082593057797,1.2215365038852215,-0.2590030459851432,1.2206260422643218,-0.2258874685588906,1.2085152764097251,-0.42350119188407626,1.1453305426066032,-0.36583111973305293,1.2184411549136747,-0.3087993742440767,1.2159032040795659,-0.2775876320057598,1.2045754106526347,-0.44838798276753594,1.1448972200318766,-0.4041588449682194,1.1980331953179657,-0.3554313621478998,1.2017701489000392,-0.32822704754901355,1.1955457967414749
-0.04156426949606501,-0.38763779562311423,0.022926745440170492,-0.4481876386092691,0.06157512274170456,-0.44727427696828354,0.10143082561361193,-0.4472856321440112,-0.11498003709502462,-0.444389837415115,-0.16077648553780105,-0.4400352629964327,-0.2012575754702174,-0.4350329352112348,0.15761809684554998,-0.41693344362912504,-0.24349078929341564,-0.39389600524496127,0.039658109720692086,-0.3183495038141304,-0.12126926258032458,-0.31127876997784104,0.4996519585261923,-0.018652622897067428,-0.4996519585261923,0.018652622897067428,0.6832907744707454,0.4438709452442671,-0.572498013518077,0.4972993981623172,0.7394337360735384,0.8968323016860605,-0.5171366269678388,0.9527252142152527,0.7895532736212765,1.0365206222400243,-0.4939841127539611,1.097213245546452,0.695359835323377,1.0328713497048871,-0.4051441845895476,1.0690383078372325,0.6586618546820971,0.9933043250333603,-0.3912386684329946,1.0239519324297741,0.7317836260000238,0.9064638730098159,0.6390748296650925,0.9400519323713993,0.6092057032865605,1.0021334220789633,0.5980680771884346,1.0636818530873153,0.5837736722881067,1.1134955766729442,0.73084410012675,1.030758773445003,0.7094199089918192,1.1205861136745212,0.6479235520828492,1.149681848642719,0.598511546342251,1.1542074759068115,0.7856839352150764,1.0328638287437333,0.7479182739018692,1.1276072607054783,0.6733199384159655,1.1450807165534036,0.6239604804042871,1.1387414497697481,0.810308148232625,1.0321199009101123,0.7786137445393924,1.116035899235115,0.7080105413438459,1.1342960103892847,0.6586576491149786,1.1317288591591301,0.8131991012195167,1.0305355641382081,0.788390713278351,1.0960664122197417,0.7345150319552148,1.1162266969223364,0.6931448986478287,1.1190177788152045,-0.5155476034131772,0.9535630390040014,-0.40384420619041267,0.9843032179539353,-0.3559683596903269,1.042570953139426,-0.3304964527160956,1.1050486301661688,-0.30034369182729853,1.1521338606508655,-0.4427339208169077,1.0849454021250942,-0.3970995372536696,1.165226054931867,-0.35377022703139466,1.1890368285531738,-0.3160871980245849,1.2003545757089604,-0.5075024560383156,1.0914335876648047,-0.4485821005775097,1.1758305721885554,-0.38811039869526637,1.1872075366366768,-0.34830932292109035,1.1848169615738082,-0.548422768426017,1.089336133551778,-0.4997255595982941,1.1690703158159585,-0.44273972747031326,1.176945405840252,-0.40465317783706933,1.1704598608753067,-0.5697770050931356,1.0837172077326254,-0.5368558200349404,1.1457238441438384,-0.4894804664943296,1.1612323627796879,-0.45437063120471344,1.1619618657999438
-0.031631267672542096,-0.3874877855072122,0.02966900450125762,-0.4467878171304723,0.06739699932610528,-0.4459079596251412,0.10726671024607658,-0.44555441565289317,-0.10287525900866817,-0.4445091339006623,-0.15119376571218116,-0.44078136594016715,-0.19263760007630515,-0.4362581508518776,0.16166533959746837,-0.41532764612939915,-0.23976617016398147,-0.3967249875241084,0.04655087431827433,-0.3176589322626067,-0.11061217744731484,-0.3111165100773189,0.4998117002943272,-0.013720941982737444,-0.4998117002943272,0.013720941982737444,0.683110753555777,0.4506372762510378,-0.5754976414179886,0.49133935801483986,0.7322504815913445,0.9043463525076765,-0.52648407889234,0.948280718725942,0.7821471784909678,1.0435982920932259,-0.5045315242737861,1.0931284062947464,0.6891039078899247,1.0394823306354686,-0.41291486406613637,1.0665127908535836,0.6524050052295783,0.9994034050501028,-0.3975256269047794,1.0211681268061035,0.7182823980409616,0.9087317377639705,0.625497243269199,0.9461948941547834,0.5973625025411425,1.0093263682810005,0.587930648087882,1.0706647117594414,0.5753040247725245,1.1206197439308887,0.7186609592193536,1.0396075670064175,0.7015381317872288,1.1275585634541836,0.6420140671718256,1.1554420753704142,0.5926531438024473,1.1609222117579352,0.773901793665148,1.0419224044130377,0.7399722854962499,1.1340162261632005,0.6672520762090057,1.1505631582295333,0.6162155662498743,1.144338562227189,0.7980675339982637,1.0405933812420671,0.7704577665335369,1.1217600175227491,0.7023041378751503,1.1405475164975185,0.6514199294448887,1.1394878191378277,0.8002847285482154,1.0381175954546416,0.7787138940167584,1.1018453442145617,0.726782573699611,1.122287635551734,0.6840578810422075,1.1257797334113426,-0.5282230451262185,0.9436587656211441,-0.41555592088346105,0.9780036489560979,-0.3665644509959955,1.0373039097649732,-0.34062467406547703,1.1004713906460375,-0.31079353474241506,1.1482861496589472,-0.4534073596357777,1.0801136600648071,-0.4085729958845959,1.161131766414679,-0.3663059228571706,1.1851131613565205,-0.3291000713556604,1.1972150705791678,-0.5183739579243768,1.0867551365242354,-0.4596876150673642,1.170428968849074,-0.40057131784561556,1.1833050654044688,-0.3599903090920555,1.18155400072678,-0.5588548271126272,1.084522930241807,-0.5100363900597342,1.1626076839377237,-0.4544348059242749,1.171207074702924,-0.41590015079679,1.1649437257001891,-0.5795728235617615,1.0792056907673273,-0.5468045930189409,1.1384823386664749,-0.5008990649927482,1.1533370018976652,-0.46624313458583144,1.1537295019600136
-0.09104915617597502,-0.3755117707073727,-0.042593008869302645,-0.4443780372313001,-0.006168689924036593,-0.4500729336413465,0.033233528490955615,-0.45643987199170255,-0.17014443072728402,-0.4203635207881139,-0.21903288870511256,-0.408365419580457,-0.25989823912322985,-0.39701316546984344,0.09077526050244616,-0.4362131018442122,-0.3021702540884204,-0.3512996728622487,-0.003747293670787176,-0.320146577849225,-0.15537287394668614,-0.285944972524338,0.49060470018179075,-0.0964729400377909,-0.49060470018179075,0.0964729400377909,0.7476780247139961,0.33050099831771246,-0.4854796280779183,0.579659714658626,0.8717135337980653,0.770098376338656,-0.3611120402634173,1.0220614785516111,0.9460290531047729,0.897822366489959,-0.31512575282691213,1.1613681293284177,0.8536075853806694,0.9098481822121665,-0.22601922033488883,1.119343538403166,0.8098469286983474,0.8765775443982953,-0.21774930919395385,1.072128445595243,0.8570388506742034,0.7741869826771816,0.7713252932265636,0.8303585107734206,0.7558096690309566,0.8981230158139238,0.7582948414031782,0.9595444956142104,0.7542481915996508,1.0105927434531876,0.8830776711635119,0.9061516842044279,0.8786788075290127,0.9956512317422739,0.8262214062332298,1.0323714787840481,0.7797414129244804,1.0465679897221902,0.9368855451383615,0.8983974087123334,0.9187707261957035,0.9939086922967559,0.8517250500094237,1.0230538538249059,0.800504502571916,1.0269780878308332,0.9599467599751966,0.8920104953578893,0.9470242489607228,0.975650234391689,0.8850038519068355,1.0063390712467257,0.8351546753918979,1.0153481372288191,0.9612952363319606,0.8888797026633365,0.9520135679090801,0.9551597585047724,0.9060971131370898,0.9846053065164315,0.8650971319094921,0.9964136935040432,-0.3654300425595684,1.0155710132385654,-0.24684372978869304,1.0322129851882864,-0.18997317497436422,1.0822016118023745,-0.1550524900950545,1.1401227100939855,-0.1147184525616303,1.181585497239834,-0.2666329072773738,1.1381689293464228,-0.20831498506389917,1.208049011039964,-0.16495448924038394,1.2260240436169847,-0.1279826146126053,1.2339116802203571,-0.3303729578715481,1.155480675324197,-0.25890847790206684,1.2268501931325924,-0.19965803748815017,1.2316106423244828,-0.1600626073246212,1.2249421036793247,-0.3715346678057702,1.1601087318161558,-0.3107832786521319,1.2284629626156482,-0.2556478267359182,1.2300160176325532,-0.21919734812990568,1.2195796644299595,-0.39319238858556455,1.1583800401017434,-0.34923224934967007,1.2119294914315308,-0.3020849572620549,1.2194241439740923,-0.26873437254178306,1.2148434825399503
-0.05495822990854395,-0.3812517584563299,-0.001687053903038548,-0.44573338445578065,0.03442942504035797,-0.4483399338881356,0.07424749599562507,-0.45126918887590434,-0.1293644228313637,-0.43301367247374045,-0.18010596467385592,-0.42533603774260387,-0.22204994221663812,-0.417738360829246,0.12927979804941903,-0.4264761966197854,-0.26954358927628497,-0.37682132777203636,0.026319102868077864,-0.3187815579610421,-0.12654354062023224,-0.2969833826649892,0.49722953304524625,-0.05256226277098799,-0.49722953304524625,0.05256226277098799,0.714953364429517,0.39497068564227444,-0.5335310051639813,0.5345001747433367,0.7996341801060526,0.8447065784109767,-0.4480068771134859,0.9849279685641668,0.8647134277757491,0.9771564342552578,-0.41484799519160526,1.1276602007688143,0.7712398437845871,0.9810734800143419,-0.3201556119715704,1.093614283107802,0.7299915104678532,0.944127707546375,-0.3071765657813433,1.0477395303826602,0.7822776473297434,0.8465353236238818,0.6939989764373682,0.8957004294883439,0.6733766157943966,0.9621190082903793,0.6701053782525989,1.0240995326021032,0.6613818162944616,1.0745336358180368,0.800495183256805,0.9798016166087219,0.7857304117948851,1.0681726147977308,0.7298720785107425,1.0999651869779865,0.6816867038437379,1.1107518143875554,0.8537944979789046,0.9776422478531949,0.825633975928056,1.070856743854326,0.7560089887880914,1.0938223263968678,0.70401764752769,1.0935696993868194,0.876115926420628,0.9738820012924694,0.8547349396065689,1.056215007070232,0.7898828863599371,1.0807961659843062,0.7387742631136162,1.0848792526857955,0.8767137521622292,0.9710051808651355,0.8605073705722852,1.0360566270275864,0.8121885192708596,1.0609420224833017,0.7701904054004017,1.0687722556674926,-0.4505725522168405,0.9751164042511953,-0.33431312331199814,1.003356270015765,-0.2811654620725777,1.058377374012063,-0.25285130899557223,1.1187941074945504,-0.22103490475155427,1.1641668200843363,-0.3618353731726315,1.1034577177650815,-0.3119847674164826,1.1808764904480353,-0.2692935214883317,1.2023840356591518,-0.23220806826938545,1.212607835766911,-0.42714118231116793,1.1147027961713916,-0.36447323629870004,1.1954821427236888,-0.30488988984827936,1.2043396055975324,-0.2654891200108054,1.1996662401981666,-0.47021923926069337,1.1155581469364024,-0.4166709172618347,1.1917233090137838,-0.360904381644999,1.1957229265735936,-0.3255135369791733,1.186633657389756,-0.49433193069909825,1.1115251670391464,-0.45752687266092457,1.1713183351248613,-0.4106842891909102,1.1811290608280867,-0.3785277993521303,1.1771422042438227
-0.03944977794027599,-0.3823670848679524,0.015446640263163398,-0.4449516037984748,0.051185888073698664,-0.44632911701701533,0.09107828578864496,-0.44784551507249604,-0.11168890579490821,-0.43683643189714283,-0.1633721892583039,-0.4310140542141796,-0.2057022561787681,-0.4250116133714785,0.144973073255985,-0.42136945554203437,-0.25547060435588337,-0.3866232722463124,0.038904090638393965,-0.31719630048742475,-0.11407977188446719,-0.3001761259949262,0.498812976242303,-0.03443275667581235,-0.498812976242303,0.03443275667581235,0.6990570170954795,0.4184405365538315,-0.5514340016205402,0.5139569631940103,0.7690688427320225,0.8739123769730708,-0.4807744639515824,0.964036511315133,0.8289072216441248,1.0074905592316272,-0.45425693723129956,1.1074110931438688,0.7362406180637189,1.0080957289689323,-0.35659417121514736,1.0770091656338134,0.6966375297208168,0.9697267559508205,-0.3410262394393441,1.0339114001952527,0.7513532674890996,0.8716468125294603,0.6607827856345094,0.9176907978318258,0.6372292211792085,0.9838080809967185,0.6321120095575261,1.046052822817419,0.621911867839172,1.0967011852066169,0.7628745340854134,1.0066308890756317,0.7477016892486468,1.0950923628380675,0.6897968219913964,1.125189497050602,0.6402342235013035,1.1337471706809459,0.8167934585648836,1.0060504041748175,0.7873709478862951,1.0993737967822608,0.7161921717911527,1.1195192398236908,0.6635947663411528,1.1166601233677855,0.8391595533969318,1.0029880850228077,0.8153456622965626,1.0845346026515652,0.7495043418770335,1.106877646394125,0.6983224594599367,1.1091959125928479,0.8393927123577719,0.9997048017634221,0.8206671673515757,1.0637025260721975,0.7713827079246208,1.0870831924317592,0.729237380122404,1.093676126196187,-0.4860652747423791,0.9515561386976572,-0.36995766151171067,0.9834132555388462,-0.31609810334216404,1.0404647887321294,-0.28897702492403665,1.1012069059058207,-0.25932247366351485,1.1474217922634715,-0.39714495264011895,1.0810044329424422,-0.3495845978099884,1.1602080525973997,-0.30870374646823917,1.1845733887434788,-0.27263344465701783,1.198174321981592,-0.4632642238492804,1.0899035653516878,-0.40532370194161976,1.1744582602792006,-0.34417397345247813,1.185617458236009,-0.3025539580939603,1.1832270642887441,-0.508286383797041,1.0899156343916179,-0.4591558982568317,1.1698094581726994,-0.4020980077720143,1.1731332013205102,-0.3672071254506867,1.1639549445434443,-0.5343162960889956,1.0858749079738699,-0.49886441835277534,1.1489742864767092,-0.45112052866908436,1.158625420718695,-0.4202807437983435,1.154184846774465
-0.0908527349604582,-0.37091806013573037,-0.04541408344621638,-0.44178780222253045,-0.01053226918908441,-0.4482176757415978,0.028752752781909825,-0.45531866224664946,-0.1695470373201429,-0.41609226925546877,-0.22043360209539478,-0.4031700485478268,-0.26161104749164926,-0.3916061039844797,0.08560780411663806,-0.43699794997137903,-0.3062625078777344,-0.34761696534300146,-0.004694359390725941,-0.3181443001660353,-0.1533679799097709,-0.2789074577916402,0.48935757274106817,-0.10261172448102691,-0.48935757274106817,0.10261172448102691,0.749907084580797,0.31690117513472715,-0.4741732528046077,0.584294547852469,0.8846943112354927,0.7606300374960455,-0.34035336815555983,1.0187673120968095,0.9592771829798504,0.8838341168615422,-0.2964397472896249,1.1557176266047342,0.8692135739530581,0.8970312842083817,-0.2035724050742217,1.1136548185419275,0.8255937340052895,0.86432148613175,-0.19298226243728964,1.0697760548965893,0.8624364904680859,0.7595911758375135,0.7788979412819342,0.8186716982837186,0.7653827963361312,0.8871354959983416,0.7701586687603227,0.9493151750150207,0.7665560354443375,1.0008474782011345,0.8927891513792986,0.8913434482015452,0.8902037029394025,0.9815757392409834,0.8373108861782583,1.0193275699841369,0.7898865013108357,1.0352046778557495,0.9466644183441046,0.8831376947018106,0.9305236470572724,0.9798244533538126,0.8633240749215031,1.0099980941416744,0.811279875717229,1.0152982854381243,0.9689846959283704,0.8767418057195299,0.9569357614931941,0.9610449656967819,0.8952885752273435,0.9924732543596622,0.8448602839598794,1.0023604355686686,0.9692439324140029,0.8733142738090496,0.9598955999999284,0.9397059684559504,0.9144364448474602,0.9698290793124976,0.8734861763551676,0.9823819924928731,-0.3484423159456257,1.0018009086428956,-0.23029128548029204,1.0158822329173272,-0.16669329185877024,1.0623487549920725,-0.13040851065234324,1.1182514790282831,-0.09420922240979422,1.160262363835272,-0.23872899420779933,1.1111704086237817,-0.18013244985799842,1.1837784082984293,-0.13816498244458197,1.2046392429348995,-0.10524568548683352,1.2151819478420653,-0.3030446762254616,1.1308356652677425,-0.23336357226841623,1.2069947402212644,-0.17289420383876336,1.2088906897234837,-0.13632605925923136,1.2001889742652638,-0.3486383303198947,1.1395258617883512,-0.2882124557827856,1.21246743037674,-0.23172090280572108,1.20792470095915,-0.20040810277602708,1.1938837700853056,-0.37707367741065173,1.1409854774428287,-0.33335362884785785,1.199195045574284,-0.28598804241037523,1.2020790863615376,-0.25686384521337674,1.192698669696962
0.045109737010044,-0.3774642773124231,0.11202414208432698,-0.4290903850932637,0.14664844029701884,-0.4231964912854811,0.18612879769081803,-0.4162402049024041,-0.01236434258197742,-0.4478409018155065,-0.06535590524662314,-0.45356975171497455,-0.10852610181169814,-0.45720489906352263,0.23235742650466648,-0.3797377028020102,-0.16632133279563122,-0.43213887612029794,0.10677785382195197,-0.2987439481011296,-0.04557682269074768,-0.31275785887041485,0.4945094868100282,0.07389429920421832,-0.4945094868100282,-0.07389429920421832,0.5945010667505609,0.5561254617775148,-0.6458845187134608,0.3827788801303405,0.567081787334564,1.021374265123129,-0.6671505817728334,0.8340251203402667,0.5923596094722302,1.161827466230573,-0.6737411258264515,0.976103792657388,0.5041981563161336,1.1430860431749648,-0.573804209017386,0.9690574508857627,0.47504629968626416,1.0973707695038804,-0.5486365068889794,0.9343348562396261,0.5449597273740204,1.0118148963450166,0.4461301562276302,1.0379041972654008,0.40864389455367817,1.0972879083570293,0.39114810562883523,1.157281226293689,0.37066960256529086,1.2044339381464666,0.5278863111543288,1.1459494556527534,0.4926703793899298,1.2293929307324607,0.4301346075422247,1.246243372601176,0.38061438499899564,1.2444236399220332,0.5811077716048821,1.1571189617688311,0.531258041682424,1.2422539709585423,0.4576105309915134,1.2467109993912746,0.4072370126452082,1.2329627982968008,0.6037114496196696,1.1589452073401576,0.5625529623677878,1.2340807935833298,0.49327855981794616,1.2417919685910561,0.44258930719239103,1.232881423640298,0.6047336804739538,1.1557099644282895,0.572693330856029,1.2147520129479497,0.5193711309200943,1.226880334225528,0.4765815879033103,1.2239103586758369,-0.6699878709244325,0.8080825682652992,-0.5619388290867213,0.8597467367538366,-0.5142910281691192,0.9249997323599974,-0.4988753733310296,0.9911614960997651,-0.48048148472236407,1.0445739058795862,-0.5949650874231874,0.9471614200528525,-0.5670778209154101,1.0363626125623562,-0.5348019123062203,1.0717498878449807,-0.5087719151596307,1.0935146939956153,-0.6635734421688707,0.9440506653546281,-0.6270972040491574,1.0409097107559866,-0.5697459028606378,1.064494531189617,-0.5316294221809852,1.0684127927158749,-0.7110673465630961,0.9374546598797645,-0.6790319226767665,1.027345720507614,-0.6235535351735669,1.0443362839775792,-0.588407827931487,1.0431954841851692,-0.7409546723047259,0.9295498833908952,-0.7198387856249988,1.0009931031077361,-0.6770251809069244,1.021118447094326,-0.6461097250288933,1.0231520243325287
0.0051249344083805414,-0.379385966774095,0.06543685079798714,-0.4382677351329313,0.10032807734485974,-0.4362834205917965,0.14044550579960755,-0.43371792614031535,-0.059156237672867804,-0.44315882099805454,-0.11285283065960919,-0.4430887460471876,-0.1569477984197776,-0.44203170393486674,0.18951164050969616,-0.4026712057418827,-0.21280392615264027,-0.4110644964531615,0.07408837460654644,-0.3080696738597073,-0.07817142564821312,-0.30516431544624684,0.4996269650669912,0.019310509520662326,-0.4996269650669912,-0.019310509520662326,0.6524218925358776,0.48431884689650695,-0.5997543908046206,0.44849288952926414,0.678358860852889,0.9528018963751657,-0.5662996818695925,0.8941599630328751,0.7167625674084251,1.0890100504905438,-0.5564064665258994,1.034373247075649,0.6276343675037026,1.0804465368059102,-0.45921374886892835,1.0150234035556311,0.5941715184520704,1.0384658030490157,-0.4384423499794006,0.9802055347968639,0.6525198205122349,0.9460819917282638,0.5574346753542309,0.9829811353127187,0.5267904728016292,1.0464832958187642,0.5162815407559772,1.1082025603485939,0.5012433639562948,1.1576050877183242,0.6510660326118578,1.080223425023031,0.6254533360306945,1.1678089481830927,0.5650887798701733,1.1925974091555929,0.515336892477592,1.1970892969276035,0.7051442201486914,1.0856377510806337,0.6638523786212552,1.176443687554336,0.5907731795404361,1.1892692160558476,0.5391004142872885,1.1812875686794537,0.7276412989729383,1.085538728862401,0.6937395985990179,1.1655800175930031,0.6256443440937114,1.1805948479207513,0.5744897993916894,1.1770784620032884,0.7280092291141925,1.0827171113227745,0.7017666630763296,1.1452923515564875,0.6496262513955499,1.1632135578942815,0.6067612706517957,1.1649654160546465,-0.571002556511001,0.8651289908983792,-0.45782559015733687,0.9020626829911758,-0.4014483453915225,0.9590637162625519,-0.3770340167943126,1.022180742108343,-0.35257288419601074,1.072452333871437,-0.4780691281041029,0.9877674553286447,-0.4400657897054628,1.075119877624929,-0.40288900938313404,1.1077728634242212,-0.37319823972096383,1.128147824440581,-0.547639060006488,0.9946542258449794,-0.49499368769052515,1.088477522883918,-0.43319037237702207,1.1063049926965167,-0.3937053609568076,1.106775223325254,-0.5961759193094153,0.9955722609952246,-0.5466237590947723,1.0826549675919472,-0.49055648662715245,1.0923436989775965,-0.45716765149623756,1.0866964391175031,-0.6266883238905482,0.9929648378554463,-0.5927425248331285,1.0613614548470394,-0.5490673822977743,1.0759871873630646,-0.519471193284291,1.0746848024533424
0.04398914835064732,-0.3764070262077104,0.10941980346284147,-0.42915487808053654,0.14407594649651362,-0.423750842822403,0.1837971733689806,-0.4172647329536347,-0.013262227845501417,-0.44610231243829507,-0.066652204014172,-0.45128002108986753,-0.11140801331491042,-0.45465814738511473,0.2286500533736149,-0.3817076816248561,-0.17133469786390007,-0.4299918134004871,0.10495831707201562,-0.2987331024671534,-0.046680826428214604,-0.3107702061091724,0.49527583061398817,0.06857004892534424,-0.49527583061398817,-0.06857004892534424,0.602482316357634,0.5425959331247335,-0.6414885570747711,0.3832178021663966,0.5855487306648519,1.014254956619558,-0.6419898643351266,0.8154226547299945,0.6076923504591378,1.1524834601147884,-0.6434866188210517,0.9557167115157148,0.5199767524703972,1.1359441313500749,-0.5472817285422216,0.9463758949215502,0.4917420475622315,1.0914959199351424,-0.5224323831776275,0.9160422067533093,0.5570912509390525,1.0069521250857605,0.4589198937856411,1.0335464681341622,0.4220199976211663,1.093148731655716,0.40540906239694424,1.1538325415096973,0.3854269724520689,1.2018514469796462,0.5423358149723113,1.1384812112450733,0.5091503957639226,1.2234573029544036,0.44634560101547605,1.2425933126587507,0.3956271330174552,1.2427015301176212,0.5958140306025145,1.1499467756667288,0.5455435905543371,1.236392745114991,0.47100294259553926,1.2423178602229754,0.4197078803905,1.2296128106748085,0.6180756620518805,1.1528043234601362,0.5764758866691065,1.22928937113891,0.5067731138641032,1.2377121897335792,0.4556077764416487,1.229167896820325,0.6186565115270634,1.1506587464693403,0.5864199139175553,1.2102769041099601,0.5325392403913828,1.2228751610002497,0.48929734150247145,1.220147931908487,-0.6446653800755563,0.7907446269772069,-0.537403387064006,0.8331339233796767,-0.48475432426830023,0.8949185170101572,-0.46441134941107876,0.9598791185215028,-0.44198542777501,1.011666588757104,-0.5621084832269979,0.9106304779598189,-0.529621146860299,1.0058601217622634,-0.49353385755122925,1.0447125775699215,-0.4645297573063393,1.0674085988050193,-0.6334179695946933,0.9131516160454223,-0.5855965135790652,1.015276151439079,-0.5268070850653228,1.039907458208926,-0.488369701997019,1.0439476718778395,-0.6829307649185341,0.9130872049070383,-0.6367686000991943,1.0072350625768447,-0.5828276195681358,1.0220830101214753,-0.5520268133828782,1.018685098731862,-0.7123352478050958,0.9110544206784699,-0.6776012120492972,0.9845616941258569,-0.6323873031163814,1.0019959425076943,-0.6027623535659955,1.0009195558250215
0.01618555723085957,-0.378284132444095,0.07725119755955002,-0.43576003035070987,0.11220759397032538,-0.43300306415504014,0.15233153767253427,-0.4295366427456952,-0.04606405575665132,-0.44335083637078176,-0.09954908726079578,-0.4444715997088773,-0.14461532115665626,-0.44447812984705953,0.19958896088132463,-0.39748859815874066,-0.2031390269156247,-0.41564825446243003,0.0829047268774923,-0.3053660220577849,-0.069341060474764,-0.3059609511041278,0.49902074113170053,0.03127778637257424,-0.49902074113170036,-0.03127778637257424,0.6412168454279161,0.4934770574142605,-0.6126050186526365,0.4247328592051699,0.6625836895848333,0.9663329340479275,-0.5696582734481397,0.8346257049794816,0.6945701176662926,1.1023248342950949,-0.5588140250326449,0.9771122659340143,0.6053124446168995,1.0928373258269164,-0.46405980708540984,0.9622265703408666,0.5742590603756159,1.0508458278873212,-0.44063439476678207,0.9279044637415906,0.6324348776442378,0.9617636306120066,0.5366412379391008,0.995514465503858,0.5040904139518049,1.057528441125854,0.4914535860989606,1.1187323268970095,0.4750211459614247,1.167869711695956,0.6275229384091398,1.0957641071887079,0.6000734450579864,1.1822804005813727,0.5387536335016411,1.2058936185135223,0.4883609024460868,1.2092661703043321,0.6810023412573958,1.1026054834806047,0.6375420755828259,1.1922329337776583,0.5634645380091485,1.203488802686437,0.5115548850751968,1.1942555267123367,0.7030880390871959,1.1032269257971794,0.667455334544341,1.1821852663698054,0.5986714369906015,1.1958394802913206,0.5474410779692936,1.191133983845449,0.7033241609522435,1.1004893081284692,0.6762158404861508,1.1621746353722529,0.6237670153910094,1.1789117114305072,0.580901678997432,1.1794974240153364,-0.5810856767851704,0.8107884969330684,-0.4703480005589947,0.841426953590733,-0.4080395602062971,0.8989761617623313,-0.37905006261348856,0.9609062138464429,-0.3521385201373631,1.0105508790639028,-0.48654616207556267,0.922581454296888,-0.44752807621747726,1.0113777911818123,-0.40662284436937485,1.0503439808668604,-0.3733995445476631,1.075286603968125,-0.5570962968602329,0.9326535852051151,-0.5029274524208913,1.0253529430316972,-0.4405780234352152,1.0506222504065528,-0.3971736513415231,1.0585521312816033,-0.6052466028727083,0.9381206600761899,-0.5525496589666719,1.0239725436192293,-0.4955462012509003,1.0381816537602444,-0.4589270495656642,1.0364781827780964,-0.6314692191774791,0.9393875155281083,-0.5932820679843028,1.007160575985292,-0.5448247037712641,1.0242040020892527,-0.5090735145525811,1.0247626270985566
0.01575142804337837,-0.37817339359802743,0.07619608083773961,-0.4358475232494331,0.1112091463068871,-0.433233841632497,0.1514611650400109,-0.42990612992670674,-0.0471424865856172,-0.4429676801938942,-0.10064410173837382,-0.4439043858587046,-0.14582362444456337,-0.4437648020927766,0.19868908555292733,-0.39802229035108583,-0.20470972512055793,-0.414859829661128,0.08286951800026061,-0.3053627983971396,-0.06963941022654699,-0.30545000173746617,0.4991032914681249,0.02993166292881193,-0.4991032914681249,-0.02993166292881193,0.6435319319395598,0.48976072440093277,-0.6177068253040217,0.41644047825218794,0.6695445653784761,0.9623723114295313,-0.5589647677473777,0.8125808531668919,0.7020180310038336,1.0985022904354413,-0.5422620367013847,0.9488322344030339,0.6113160800350178,1.0896701872711279,-0.45059272900259356,0.932480786242713,0.5806765761060981,1.04808471964948,-0.4278184734694537,0.8952833195414615,0.636833084160841,0.9599084937602442,0.5407944330439377,0.9944432336990411,0.5086106592069906,1.0565006030313626,0.4967690261642498,1.1176983071092317,0.47998381115400746,1.166950194264358,0.632428577673761,1.0934429344338197,0.6051251205020731,1.1806659071318966,0.5436907783393655,1.204680795605092,0.4932225055304581,1.2085047844481756,0.6859700044419922,1.1001257850066903,0.6428497482164052,1.1906210107069652,0.5687444333936694,1.202734797785059,0.5166102948817822,1.1940817625387785,0.7081187556865665,1.1007524374477462,0.6732020292157957,1.1805985302134432,0.6042485006028865,1.1950790083182632,0.5524855469360975,1.1909568481129382,0.708443710724549,1.0982917310477474,0.6819881067469634,1.1605794047587552,0.6292016141183863,1.1779094282247777,0.5856884031757172,1.1788747062856946,-0.5730837507680389,0.7839618419813101,-0.4610959663568318,0.8091664530870006,-0.39375388278952445,0.8639063931047575,-0.36222704714017784,0.9234321782519092,-0.3330424135879021,0.9710796128219192,-0.4788445724848499,0.8858460554894558,-0.4410531825267011,0.9735152725924262,-0.3961446210495987,1.0116148848824102,-0.36293085324992136,1.0339061670936316,-0.5487989124125502,0.8982977159759999,-0.4933909360149685,0.9909962414627821,-0.4296098431042705,1.0089854755427972,-0.3917281184891108,1.0081456004187916,-0.594531867301801,0.9058997759954396,-0.5373369241184904,0.991372658611463,-0.4797573065522569,0.9998156328618127,-0.44822496257355604,0.9929775694974037,-0.616874537628346,0.909320547403914,-0.5719354443705079,0.978676169337734,-0.5227814157880788,0.992765549866268,-0.48925611317874357,0.9900873457119935
0.06881111187296851,-0.37314022815107223,0.13643065804320226,-0.42220042288016474,0.17079661126136553,-0.4148918252361031,0.210345442123056,-0.4061048739291902,0.014977545618564896,-0.44605831897022646,-0.03801588135337859,-0.4542921291088067,-0.08288459653854424,-0.4603019771142852,0.25283904753092235,-0.367998142391035,-0.14571128203245437,-0.43992232605721127,0.12550975519151544,-0.29166217235652664,-0.02601707057360233,-0.31262640553968074,0.4904084200772015,0.09746579665391865,-0.4904084200772015,-0.09746579665391865,0.5737628815247297,0.5719747064319618,-0.6826047750443441,0.3137454445064219,0.5375342006943782,1.0436280476419788,-0.648439049586153,0.6909241134497862,0.5505462300770528,1.1841736788055723,-0.6404179431489267,0.8353784704179177,0.46105409766472505,1.1627537284207292,-0.5512736525906985,0.8277509380666743,0.436534250761557,1.1173864529062145,-0.5250921727687137,0.7896517395091988,0.502753760852541,1.0401319301556744,0.4041730356562866,1.0605910179077074,0.3641124555814431,1.1192007771071837,0.3427521724991043,1.1781446402899416,0.31798762073577663,1.2244253444864963,0.4788796903924755,1.1742247342380998,0.44141721046597937,1.2560528565743072,0.3766328724089035,1.2704088125530029,0.3260234607938187,1.265124408301707,0.530486739093943,1.187768606209046,0.47634167900191965,1.2707552187787023,0.4005376690539808,1.271779786046184,0.34978184263066864,1.2542698137359973,0.5522362537657889,1.190938060206285,0.5076037034825044,1.2651292452602254,0.4360335921793543,1.2688568734189365,0.3846843187622896,1.2560521866771828,0.552996170623335,1.188156524748658,0.5188160721237327,1.2466090833784538,0.46354894230959504,1.2552342372877232,0.42004294851793894,1.2486575395808326,-0.6625949954054344,0.6694680948784337,-0.5625724188528807,0.6969215243897866,-0.491063555984489,0.7527798352422485,-0.4571094781029232,0.8136345771955721,-0.4339664347025678,0.8645436176725958,-0.5924187067631806,0.7594152764326499,-0.5460263229737531,0.8576352889619879,-0.5024328717421137,0.902018339653053,-0.477880758170416,0.9284175299800405,-0.6643447282237784,0.7677739799767914,-0.6027621875232569,0.8702999928628674,-0.540251543507405,0.8955501130397886,-0.5076496551738953,0.8969957061664289,-0.706276541183141,0.7751815155110418,-0.6424438195545235,0.8693539024542514,-0.5848835613248611,0.8851734046086597,-0.555883774784644,0.8815202191451053,-0.7211965994773664,0.7831766310519032,-0.6677909310012317,0.8587733721603281,-0.6195575846686303,0.8774956489352406,-0.5902409037870617,0.8771345664123446
-0.03614360164148115,-0.37818084449889744,0.015387986664331867,-0.44414299833356724,0.050379991155308244,-0.44664043766380407,0.09094353482512986,-0.4491305557009888,-0.10823033656848222,-0.433498844819959,-0.1614736370528984,-0.4268098835416365,-0.20624149335012398,-0.4202357947070067,0.14242553943328737,-0.4241304119305936,-0.2614913806481897,-0.38324074373157596,0.04102556762321416,-0.3153491584455145,-0.11073047457334079,-0.29375326339112745,0.4982539057191389,-0.04174979563570883,-0.4982539057191389,0.04174979563570883,0.711084759867621,0.3895607254531919,-0.5915416185464036,0.47736055650341785,0.8071910518491897,0.8499966006529264,-0.4192472892147437,0.8072364051383497,0.8586810827219076,0.9839723566042139,-0.36171113887191764,0.93206841100144,0.7661576082182117,0.987521971686364,-0.28361332114445037,0.8956204138787582,0.73014966099324,0.9505798933070607,-0.2749032153893808,0.85468288513584,0.7722006879156572,0.8619873738775642,0.6830193480654794,0.9089534940077222,0.6605029923608756,0.9760299539275139,0.6558880894961937,1.0382862473619823,0.6460981867293688,1.0893452683922895,0.783327451382814,0.9988950140785157,0.7725311173133254,1.0871212303735616,0.7150118317879703,1.1188211811166802,0.665591657493056,1.1289361282369417,0.836626587583877,0.997009803112695,0.8104575344912208,1.0909731235834772,0.7384173074951995,1.1132760099342822,0.6846808581067226,1.1113370829584375,0.8595095370626915,0.993222974487599,0.8395206203655462,1.0762780537693832,0.7725958268610228,1.0998947799947307,0.7201651469537522,1.1027593963028004,0.8608519698949143,0.9896942425846369,0.8465232076494492,1.055220899189634,0.7964495293199743,1.0789366253549275,0.7531081768696021,1.0850403053576292,-0.4438412138514719,0.7850298742008479,-0.33804416191881653,0.772639654264354,-0.2406587588292887,0.8040801374463965,-0.1905720633753288,0.8539482643966869,-0.177633893598605,0.8965516803629064,-0.34925393648498826,0.8414379990252554,-0.28660565834360274,0.9202449396656192,-0.23133649482370747,0.9391887183705466,-0.20442959992690654,0.9448420897417878,-0.41474285846087455,0.8685697718699079,-0.3344487154933802,0.9464482436093571,-0.27084406402146266,0.9551659819701428,-0.24576420333188648,0.9503915260448584,-0.45349426491533196,0.8868210039112664,-0.3747543008874206,0.960789117044772,-0.31463766077387195,0.9642031863763568,-0.28767603858445984,0.9566898046582459,-0.46840329958939064,0.8996335400319264,-0.3998178159483593,0.9585318359936317,-0.35121736404046233,0.9663641044698825,-0.3263426356433501,0.961464234920789
-0.07222785495492563,-0.37257366560985866,-0.02738689472239259,-0.44352013659626394,0.007148033679329705,-0.44943653699818265,0.04730941716578185,-0.4558621940144558,-0.1494451453338437,-0.4208443928041143,-0.2017819657902166,-0.4090425441727663,-0.24567733702653075,-0.39822848172296205,0.10101158979097531,-0.4357869198218408,-0.2972796409363609,-0.356028626151816,0.010802065960777178,-0.3171269414455555,-0.1382674619519495,-0.2811400022627535,0.49185808547693477,-0.08986447435424276,-0.49185808547693477,0.08986447435424276,0.7457209752553305,0.3172956095469458,-0.572782742904374,0.5263310109247212,0.8861346690735005,0.7640062319626649,-0.34434082979185754,0.7952529994300913,0.9509537820044517,0.894069587533526,-0.275146235755524,0.90657829902473,0.8587610569462037,0.9062496466825609,-0.2000082685761059,0.8603991316227535,0.8193545909949843,0.8727272434720947,-0.19596831749020965,0.8208786722014364,0.8535161704563075,0.7824709848352471,0.7685456723512911,0.837272293665925,0.7523839069024163,0.9066372171270854,0.7543463935245348,0.969637313248709,0.7479445555410235,1.0221259130171072,0.8767188933177773,0.9141260377545948,0.874440292153667,1.0051726876263283,0.8205675597930434,1.0433980996597556,0.7725160633151861,1.0602646962885898,0.9302843802573526,0.907970573469087,0.9120554868186015,1.005737202003101,0.8422703536278588,1.035858591648094,0.7885334902595275,1.040666146408487,0.9527878767062612,0.9030640957115182,0.9394482686154736,0.9891800119316303,0.8747618245817295,1.0195597363057185,0.8224426605959638,1.0285645466199844,0.9535544901948716,0.9003369610768537,0.9439359561816938,0.96783296023421,0.8957261640416292,0.9967525537425159,0.8529390387324587,1.007764974853521,,,,,,,,,,,,,,,,,,,,,,,,,,,,,,,,,,,,,,,,,,
-0.01085107060936206,-0.3786645776896628,0.04439247927684555,-0.4415284170868731,0.07932672893770229,-0.4418739409134802,0.11999382094508425,-0.4418210931123259,-0.07955343797135153,-0.4385697978447,-0.1330323908637194,-0.43524918552723885,-0.17800477746977397,-0.4315828568324809,0.1696890890280439,-0.41336805366418056,-0.23586585017320952,-0.3982076556082498,0.06212496061683502,-0.3105656878698653,-0.09067534160126982,-0.2989012441158584,0.49989232948861273,-0.010375881574510139,-0.49989232948861273,0.010375881574510139,0.685653588227395,0.4287301663070324,-0.674774567214661,0.4145748787197789,0.7540469065619603,0.8908685419380575,-0.4594857391460123,0.6636247399794456,0.7992469234393154,1.030617629138697,-0.40636565540958774,0.7720632634555574,0.7045287836211231,1.0280408360840763,-0.33086366606363865,0.7316416944990544,0.6709184110796012,0.9883259935153212,-0.32252161575698074,0.6934803640965798,0.7187134048891408,0.9077154695847924,0.6245505193860363,0.9472501298424272,0.5973905611952444,1.0115208567983247,0.589055991434552,1.0747096719839708,0.5747547697422248,1.1264755057127305,0.719185631743464,1.0402179221961756,0.7000347386422019,1.1308478989922044,0.6402609344722583,1.1594252546116297,0.5908715933744466,1.166514187694234,0.7731431837344741,1.0432522502163888,0.7384133416379143,1.1375092004735392,0.6652874712086545,1.1551392623771137,0.6133523805221275,1.150303523543441,0.7956834126114452,1.0420509217052247,0.7670073214529921,1.124222882912512,0.6988939852840094,1.1430011285633372,0.6475335984547399,1.1424167096223399,0.7963151433226399,1.0391233964885909,0.7748904031798923,1.1034515600958776,0.7232917833762593,1.1240005930806554,0.6806096105357599,1.1274940405115657,,,,,,,,,,,,,,,,,,,,,,,,,,,,,,,,,,,,,,,,,,
0.002329050713228039,-0.37778587059131175,0.05954508356059381,-0.4389250617722849,0.09417483293454273,-0.43806883259140234,0.13469437611860693,-0.4366115816072782,-0.0641498838554095,-0.44017687537905875,-0.11753913047676934,-0.43866492819857916,-0.1624051734444413,-0.4365764973385242,0.18324461204501927,-0.4065086675520365,-0.22141220775824663,-0.40521932687523365,0.07271496156790838,-0.3070250292277591,-0.07996964101083187,-0.30050049282718666,0.4999563534994272,0.006606405645720061,-0.4999563534994272,-0.006606405645720061,0.6694063379769191,0.45056240350587884,-0.6817394120483709,0.39125137723989484,0.7225371991877555,0.9130753975483787,-0.43760313846177396,0.5151812474274297,0.7673111648802944,1.0538663317209302,-0.3416693063905953,0.5462402223569025,0.6706057483639695,1.048278319182346,-0.3170961744078317,0.49894599211969554,0.6380612533011896,1.0076881593082245,-0.32765050161303444,0.48311118988833746,0.6842560701368643,0.9267366519642578,0.5883067021088552,0.9637484962312706,0.5585733282681276,1.0269448904034415,0.5476127917571953,1.090042717195297,0.5326707789454285,1.1417736263965939,0.6781576671482672,1.0623046653473278,0.6577095006015031,1.1506800445415073,0.5977973637495108,1.1764049469671092,0.5486975864513043,1.1807977165340444,0.733072487015435,1.0663770686479033,0.696746213932896,1.1578383257768652,0.6233814641887889,1.1717009383448769,0.5714528659572302,1.1641164048368355,0.7568383184490399,1.064757318207895,0.7269047976119661,1.1441108267925162,0.6588376047019948,1.1601094939374157,0.6077207847569358,1.157842274768761,0.7583775314520219,1.0605173970185122,0.7359455234602811,1.1227634832225106,0.6849156443706541,1.1410292666053605,0.6427060531515962,1.1432775541009976,,,,,,,,,,,,,,,,,,,,,,,,,,,,,,,,,,,,,,,,,,
-0.004147326903605124,-0.3770970029784411,0.05208969941437072,-0.4393332745656263,0.08639551511300356,-0.43904120442735145,0.12679016708003843,-0.4382494210339474,-0.07157755712004146,-0.43854476020879024,-0.12479189269152838,-0.43609074087554733,-0.1693492782722052,-0.4332564639774107,0.1761633545991237,-0.4089395315586512,-0.22781773666788804,-0.4002727086759654,0.06757634629334698,-0.30687671414201706,-0.08481289895601046,-0.2980694917731882,0.49999810876424855,-0.0013752207730709776,-0.49999810876424855,0.0013752207730709776,0.6771424501679764,0.4386593857936117,-0.6911121158651522,0.4053257889113578,0.7375568474817854,0.8999944659024446,-0.43314883708023816,0.40251272603441796,0.7864263982485268,1.0399655163585,-0.33536467204836157,0.4053257491048543,0.6883193111168593,1.036121589287866,-0.3127429180729693,0.3448389263332644,0.6553425008927914,0.9963002116409093,-0.32103295486827027,0.3400258670012192,0.6977196416601374,0.9137347135669581,0.6038041979259443,0.9528772162313832,0.5749955110134453,1.0173083126224507,0.5652548383147173,1.0799861092374632,0.5494972205768611,1.130673949072161,0.696104998472069,1.049316397402098,0.6748941796159462,1.1379836286069926,0.6159723047118546,1.1651813082974558,0.5674520909965646,1.1728301821646565,0.7508103138717326,1.0530084154417882,0.7150450796425141,1.1450852529468305,0.6425893481925469,1.1603578928956457,0.5910144583101336,1.1546139319604174,0.774659836213599,1.0512741365143525,0.7459032277399212,1.1311663963485532,0.6786026195320294,1.148348040890278,0.6276586700484118,1.1475771702214306,0.7767440093525664,1.0472413247250845,0.7550275913826063,1.1095820886336039,0.7044863593137636,1.128756031260073,0.6626606204453538,1.1322456383105808,,,,,,,,,,,,,,,,,,,,,,,,,,,,,,,,,,,,,,,,,,
0.011894867682073276,-0.3765923016817834,0.07022905185024297,-0.43714674624064365,0.10426111417409718,-0.4356380257937455,0.14435726728729026,-0.4334941533988908,-0.05321953449409206,-0.4404907227775258,-0.10635033220011428,-0.43987922767123583,-0.15079704120767487,-0.4386366361688468,0.19226585887785722,-0.4024096514266393,-0.21051283698990159,-0.40774725631323255,0.08087825141890911,-0.30374518786099514,-0.07140319171086863,-0.3002577881065364,0.4997325044338775,0.01635310405533586,-0.4997325044338775,-0.01635310405533586,0.6620702045021968,0.46056694180699526,-0.7209385417327527,0.4032722211416331,0.7056220598113673,0.924950685396609,-0.4407938782943292,0.29079547709905457,0.7498092327739285,1.0660234266662332,-0.3383400965367611,0.21801146074372568,0.6513574193304609,1.0585210766326405,-0.31651055116398774,0.16622050001632338,0.6199124041056269,1.017709580235122,-0.3300568190453266,0.1827562637345179,0.6642256172142245,0.9374012684828497,0.5692193590519746,0.9745223399679219,0.5382342037551776,1.0374330515808148,0.5262021242795848,1.0994834282408825,0.5089511456329048,1.1493332261922629,0.6613083092001429,1.0728292552250025,0.6346861769990404,1.1605009630227217,0.5738350308630832,1.1842267227728063,0.5249698700325146,1.1881519906122002,0.715915645485005,1.0778998208669082,0.6737178212197495,1.168358545001717,0.6001484217535239,1.1801020517584573,0.5489874755382428,1.1714042506537625,0.7389974645961226,1.0764310985165837,0.704374569254777,1.1552266020589093,0.6356524250969783,1.1696024799396183,0.5846188288437807,1.1659954774693395,0.7403308841670118,1.071929311151204,0.713531545942001,1.13311262944815,0.6612363457398621,1.1502085623107385,0.6188250947176178,1.151638395485227,,,,,,,,,,,,,,,,,,,,,,,,,,,,,,,,,,,,,,,,,,
-0.019448187151460596,-0.37776920074650255,0.03470358093141961,-0.4432498163963559,0.06863038108184259,-0.4443181004159105,0.10856220334307798,-0.44528797654968033,-0.09054966352138223,-0.43678681088202254,-0.1435355864012035,-0.4320683102042294,-0.1870206462984433,-0.42748065295617654,0.15958426434207418,-0.4179968193806699,-0.24452270522183964,-0.39131320567410266,0.055839029352067936,-0.31006380991063975,-0.09677656275262034,-0.29461823815756044,0.4995248812774885,-0.021792039480302033,-0.4995248812774885,0.021792039480302033,0.6943318841660656,0.4085958788903861,-0.6908592221628221,0.45805755997464276,0.774298042817502,0.8717998246237919,-0.4282201544090454,0.19244911474382223,0.8292345723329485,1.0096536314029445,-0.3150229095892212,0.09040229595761023,0.7303816048931548,1.0096897907676254,-0.2998967719367582,0.05186397103641617,0.6958710857697171,0.9712634718740558,-0.3178175960368184,0.08444301373832364,0.7328536960774691,0.8887646678515191,0.6405679229280351,0.9330036580242519,0.6146657194195246,0.9981927481489506,0.6080736903667232,1.0607194680947931,0.5960217492756419,1.1114750906123063,0.7408551393212519,1.0245128393486804,0.7205456904527483,1.113737013399775,0.6610320393115753,1.1417005790711032,0.6117458577700138,1.1478445832208026,0.7956702520174992,1.0252654091194096,0.7603063037725702,1.118980679908522,0.6877299316885181,1.1360878382577067,0.6360221362919968,1.1305335049791434,0.8182947373309932,1.022211018862514,0.7901352758723724,1.103765092643687,0.7225227915584127,1.1233398481563306,0.6710945995662977,1.1227559307348538,0.8186709652559742,1.0178734635145483,0.7974662345524959,1.081508303055343,0.7463533167880759,1.1023636742845802,0.7035923673797864,1.106255245526083,,,,,,,,,,,,,,,,,,,,,,,,,,,,,,,,,,,,,,,,,,
0.06844375642258416,-0.3715664741661337,0.13795771485882452,-0.4220911606795457,0.1708522791471668,-0.41501199898824337,0.20934982455897963,-0.4064770542647912,0.012106916557456491,-0.4463587537806273,-0.04042770372122959,-0.45448773499548917,-0.08263101994243321,-0.4602738161339085,0.2539809961610129,-0.3672179211850765,-0.14678645021180495,-0.4387291267124019,0.12587985365803422,-0.287544112347738,-0.02704700939032992,-0.30922387565700393,0.48998753562471836,0.09956010713340625,-0.48998753562471836,-0.09956010713340625,0.5739534176404173,0.563933252497429,-0.8107957621758926,0.2723268162941394,0.5412201200945771,1.033247759207895,-0.4524037634878789,0.0241429017899817,0.5614772193249465,1.180584399280053,-0.32628840066177695,-0.039999884195759255,0.4655083843929151,1.1568762720590648,-0.29768855056819243,-0.07064198577996283,0.44127009956658164,1.1112685053240081,-0.3202462116034295,-0.04328143101641595,0.4967763988033885,1.039064017518956,0.39639495748831344,1.059791121447725,0.3557959503578433,1.1173650408802902,0.3337783347648307,1.17640889836149,0.3092114781936771,1.222577809395345,0.4692333155126815,1.170391068198432,0.4301213654841313,1.253448601942347,0.3666602806594968,1.268157166846797,0.3169976002136676,1.263711506396674,0.5236166007795683,1.1853089251207782,0.4683392121674906,1.2697250428455276,0.39375053046748415,1.2698333458830509,0.34395480629093417,1.2522196945095563,0.547693608637652,1.189027786242936,0.5023878770621931,1.2633012312295042,0.43169194491957397,1.266421687791759,0.38126310565443566,1.2538988290302393,0.5503833647928982,1.1857528854728727,0.5152768937768155,1.2432163064104735,0.4602478456717066,1.2515559287287041,0.4171881686090214,1.2456413611008816,-0.43537935730211064,0.02339498103253145,-0.3419685219886948,0.009113035756165948,-0.26937698543763045,-0.03679684691206909,-0.23115302350619715,-0.07842600371359905,-0.213692232057745,-0.11363926787865936,-0.3226438678882962,-0.1089878034182773,-0.2743607112535267,-0.13329281398264362,-0.2457942981764954,-0.13888503648193154,-0.22867652532133262,-0.14387568218207508,-0.3769287596625054,-0.11876329392679695,-0.3190936219537887,-0.1290079300329343,-0.31474412615835773,-0.09749057453211939,-0.32556889687320195,-0.07770129584813183,-0.42713727042913263,-0.11564538774859659,-0.3644010151435465,-0.12011566854635197,-0.3606082390797724,-0.09219938546062374,-0.3737208118389251,-0.0751461480122432,-0.4739439348639171,-0.10430693400193113,-0.41075033082052953,-0.10886768072908896,-0.4029936114503846,-0.08464226049089435,-0.41376531629183877,-0.06805915386008547
0.02987615170585173,-0.3684958884774784,0.09472700446812783,-0.425925084756068,0.1282802273957795,-0.4219818147587429,0.1675673349093945,-0.4172223255808849,-0.033712216741355445,-0.4382617457926927,-0.08722926470422461,-0.44146584536800876,-0.12998243784801802,-0.44338126062074923,0.21613871309536842,-0.3824233768571109,-0.1923819806972727,-0.4163698823156936,0.09512629803618199,-0.2895918845905533,-0.05957927685006535,-0.2967948627277825,0.4960972729372721,0.06234978575906822,-0.4960972729372721,-0.06234978575906822,0.6245614870325821,0.5206364188927508,-0.8020639536756797,0.3466698467633655,0.6374316458771664,0.9943889378794801,-0.4336211750769627,-0.028158606976148217,0.6708180562422613,1.140346283191178,-0.3250494933196175,-0.1023730439058939,0.5727789069033583,1.1257011221641313,-0.2985594019658571,-0.13549173158546918,0.5444767842749839,1.082241275816181,-0.3164546415828978,-0.10872733403501587,0.5927089274478022,1.0059793768925753,0.49495389273068907,1.035911629106981,0.4573249542198192,1.0972024926768744,0.4388816087050682,1.158328777536955,0.4194309083241545,1.2072812646927502,0.5803701774142297,1.1421873433948453,0.5453554158836583,1.22787398479421,0.4830813567894253,1.2475533100872735,0.4330393591466587,1.2476962622117858,0.6336369046655529,1.1517966921539118,0.58396586542743,1.2396359714962744,0.5101390502340118,1.2477766334975264,0.45884821906977524,1.2363259953759356,0.6564354706010961,1.1531274622308874,0.6157731954881485,1.2310688574164865,0.5457320995953986,1.2415392395511393,0.4938467301955038,1.23451791178747,0.6579980365965413,1.1503847718739102,0.6267531492182936,1.21178266675427,0.5727992525219523,1.225467619321084,0.5290395980420024,1.2236156747267797,-0.4607051237029886,0.04266289691056269,-0.35745938633187524,-0.00028864043219995654,-0.29117139621625254,-0.06112841018195878,-0.24844241906606923,-0.11158561773895301,-0.2213547068486466,-0.15616440274969995,-0.3886309191809657,-0.08116676773478147,-0.35597163477540283,-0.1310794528347899,-0.32172257901059875,-0.16905572111008607,-0.29212017702011955,-0.199196159810529,-0.4353280103775971,-0.08393340275470426,-0.39177441049118805,-0.13494690533356118,-0.356278232440089,-0.17592558645501336,-0.32309483981682874,-0.20860415962064713,-0.4673559677916325,-0.08134267896164334,-0.41879140702234957,-0.13113918547280307,-0.3814752221993408,-0.17044595184483483,-0.34637049854621915,-0.2014586696602885,-0.48734577813179814,-0.07277616294972168,-0.4446311967001954,-0.11614233252651159,-0.40790645247110724,-0.1480248485679469,-0.3731690752560175,-0.1730862750805737
-0.058907278779726964,-0.3556076517085155,-0.00959636188296044,-0.4281415958201273,0.02408716534661687,-0.43239862431526077,0.06353947522346572,-0.43729271882181964,-0.13808331918963465,-0.4095553618674012,-0.19123415482156003,-0.4000451301953652,-0.2334936236622757,-0.39186509747372916,0.1192428214822555,-0.41525953524961334,-0.28847825786718145,-0.35053830910302136,0.02323722116186017,-0.2938500702763345,-0.12836159911609007,-0.26393096605968314,0.49780302183497377,-0.046820417041805985,-0.49780302183497377,0.046820417041805985,0.7322517609876136,0.3732250010880066,-0.715110577789219,0.5264591989117262,0.8607672624279784,0.8357866155591043,-0.42541969721278083,0.03917786401756332,0.9245927304771353,0.970144446825772,-0.347059376214257,-0.06086458967036549,0.8270735566027828,0.9788965469770747,-0.33105576918833574,-0.09349615231313815,0.7902085734971402,0.9423450412144168,-0.3393562340446132,-0.06156838096539734,0.8159390931862207,0.8550749647838887,0.7265972484361304,0.9089486709150029,0.7044861215717071,0.9787509360521941,0.701216507609428,1.042703731509401,0.6918018522808448,1.0941855144166002,0.8326974450410363,0.992273656917677,0.8197915766980554,1.0835199194650407,0.7640531944445101,1.1180154879774256,0.7152412647254301,1.1309519758713797,0.8887402577387963,0.9886806641202491,0.8614091677686522,1.0859708077323265,0.7912313323391381,1.1108531660311909,0.73822885475473,1.1113515416605275,0.9128482602336997,0.9840454126686934,0.8930005340861372,1.069371331503896,0.8273246722670192,1.095814173141561,0.7751240243644139,1.1009936499505566,0.9149886554539851,0.9801861765067595,0.900025417960004,1.046913724905817,0.8506188690783076,1.072803813220423,0.8073033059052628,1.0812976474138916,-0.4350637248080649,0.11147224793727521,-0.35799133874307015,0.04466330438754445,-0.3060398487949859,-0.019081693869459133,-0.26746056926252404,-0.0679834036300306,-0.22972054845051798,-0.10809963947650794,-0.4018438593684657,-0.0480903568648852,-0.3555461001562656,-0.08324240197697262,-0.306038433756768,-0.08736905253427828,-0.2784119880792431,-0.08368491406769171,-0.4363725940383898,-0.04217915058822372,-0.37461509051035025,-0.08562791679626192,-0.3231510694512324,-0.08355731013167006,-0.2974712096181345,-0.06947415956910069,-0.46329677233958866,-0.032970181723465074,-0.39921797926648683,-0.07602167914769657,-0.35283929059439456,-0.06951001673916665,-0.33262054583021305,-0.051283719868068026,-0.48443670714554193,-0.020115703187895247,-0.43114247630452573,-0.062036295525247906,-0.3864416089333989,-0.06215649104902986,-0.3616319344216403,-0.04988067147149791
-0.05623082482141932,-0.35616085553003257,-0.003477822242371213,-0.42899222767323697,0.02951084639015146,-0.4324310155535086,0.06765320717489244,-0.43628023255452963,-0.1332267713715946,-0.4131538912108675,-0.186794826127431,-0.4048612962742403,-0.2291054761962484,-0.3975936173094394,0.12661401432280056,-0.41266257867909206,-0.2852762190831237,-0.3571443718457098,0.02557351286664954,-0.2918409881168803,-0.12849564746134798,-0.2647667075074667,0.4988492050115167,-0.033903844315618666,-0.49884920501151686,0.033903844315618666,0.7259244838848327,0.39651098121810935,-0.7375565229805793,0.4908312189225094,0.849574442847387,0.8707749820498283,-0.4337266889057796,0.0014468396364371973,0.9092483008373138,1.0063589385624638,-0.35817446159292393,-0.11839823202576408,0.811192664112736,1.0126561947601307,-0.3422392994650382,-0.15285108212985432,0.7746331512244797,0.9739905650288382,-0.3489455706010421,-0.1197426427790313,0.8005018456414972,0.882305515763909,0.7094384978261079,0.9334395727427413,0.6855818469476438,1.002611149197713,0.6800167821476427,1.066956957589536,0.6679028511730226,1.119732505082612,0.8141400650482175,1.0224731902795876,0.7982832771704431,1.1138300796914014,0.740633441228998,1.1467884412531912,0.6910680260805878,1.1579039721551467,0.8695961228527861,1.0199991536326924,0.8390682830677241,1.1170684237093311,0.7674055034258442,1.14016341256657,0.7149781902007032,1.1389968430635262,0.8938643217520535,1.0153552927089469,0.8713567931797431,1.1013333228603313,0.803666297412976,1.125637867880893,0.751691463626333,1.128656799224575,0.8967040762158951,1.0110210888458186,0.8807069076281042,1.0787133843419507,0.8297984899532888,1.103195594005748,0.7867400940874196,1.1097315460761137,-0.4402693492656284,0.053579900030861584,-0.3535750966513985,-0.009225408070116162,-0.3029758034183483,-0.07309393563556031,-0.25629636292020397,-0.12090495076432636,-0.21361481663297605,-0.16435028623703563,-0.3970401020568942,-0.0973268779080049,-0.37469622080006315,-0.14192707721090753,-0.32118897073369634,-0.16630018682095019,-0.27729103877174205,-0.18038890657181048,-0.42727966574621573,-0.0945237063040871,-0.3954042111529968,-0.14655259464555742,-0.33725554648145006,-0.16893384786218613,-0.28764694853083733,-0.1749116969433009,-0.45602313448350734,-0.09042352333752987,-0.42135097136025873,-0.14461496898063272,-0.36123035850268764,-0.16054053208348934,-0.3108595332731974,-0.16015294117235482,-0.4793397681794249,-0.08209335952074973,-0.4536706379609936,-0.13006505207768823,-0.40489620116668884,-0.14767100441306927,-0.3591824707543508,-0.1508123011404857
-0.011271688517210394,-0.3610969438563725,0.0564122121999788,-0.4258982222002214,0.08987714335389232,-0.42368053212760964,0.12604480345377195,-0.421145071989167,-0.07607561893473365,-0.4307333316401755,-0.12871275232053236,-0.4310462543768495,-0.17094946653066895,-0.43022296830837325,0.1853259900199811,-0.3870980158667106,-0.2316316834803986,-0.3971674137401602,0.06089262210365519,-0.28378662114895736,-0.10144419299245212,-0.2803487743866622,0.4983724188243518,0.04031044722109781,-0.4983724188243518,-0.04031044722109781,0.6603248192161074,0.5043856323924384,-0.8169859099865586,0.35776922545586715,0.7115652773615712,1.0001585254787355,-0.4319804086767597,-0.0819522706148713,0.7503086479418668,1.1418026859522534,-0.34000231896113026,-0.1946134279377584,0.6520909861348481,1.1329649886464048,-0.32269119375137834,-0.22517151694479884,0.621592947393624,1.0885504320737378,-0.3315620369397948,-0.19232526259416266,0.6617096995231457,0.995124625977692,0.5608142979496247,1.0309644561267408,0.5250030388358358,1.0972975214476877,0.5093763011652184,1.1613026326057114,0.48922680152987674,1.21159771026395,0.649869195578557,1.1332899024542629,0.622802345714707,1.2246748291920546,0.5594576926285846,1.250008973562395,0.5080106583035495,1.2532763240095042,0.7087970267890944,1.1402713352588965,0.6634105991195319,1.2363301452073558,0.5855543904445027,1.2469692533782046,0.5332276349591067,1.2351029694212514,0.7353161213379884,1.1406154154196546,0.6996266222187817,1.2254631700950014,0.6249806823437484,1.237585305352987,0.572103811541756,1.2298205508639786,0.7391223000317829,1.1368083625645162,0.7113201944290662,1.2028172772995422,0.6540087127011357,1.2178181405017656,0.6091466731779791,1.215461900812074,-0.4347650594858694,-0.054648265136308764,-0.33848826918983105,-0.09784452321125739,-0.2768875591999165,-0.14691640796242939,-0.22271503906588722,-0.18366347027566982,-0.17443166927184456,-0.2214092412784659,-0.36976481297976377,-0.19883324827804869,-0.33843214719822096,-0.25013257343109474,-0.2773997910671607,-0.2606210376214965,-0.23833418964854725,-0.2571865601452604,-0.392463271266932,-0.20306527904400537,-0.35438052847446194,-0.2620216573108544,-0.28408953023584993,-0.26590323652174574,-0.24419138269624907,-0.24932976235974355,-0.4185428333068421,-0.20640277043200947,-0.3747210572824698,-0.2648007271671155,-0.3009280040465261,-0.2609577037911063,-0.2638155901323001,-0.238911899084719,-0.44199682136541363,-0.20626114681284347,-0.39876748511844484,-0.2568140142383228,-0.3365459082296431,-0.25592481391713034,-0.30073102980649563,-0.23672296436568288
-0.03982694139140673,-0.36104241592779945,0.024482382953704876,-0.4309845301011273,0.05833449586994768,-0.4308044533537907,0.0945874768670825,-0.43044486047421154,-0.1087014085974223,-0.4270027900371413,-0.16097505417598965,-0.42384300278452103,-0.2032878741516369,-0.41998854553673703,0.15713782950652228,-0.3991101419703933,-0.26182011374470315,-0.38113566024664575,0.037689802620089474,-0.28817452101740676,-0.12629991461994608,-0.2733053232816207,0.49997963279717894,0.004512957788202779,-0.49997963279717894,-0.004512957788202779,0.6946505240838046,0.459342661012968,-0.807988852698713,0.4066608807078802,0.7818099264928008,0.9547053960841176,-0.4407568571553332,-0.06197265468417264,0.8286852710440942,1.0930195869880885,-0.35688231996113495,-0.18742186112661524,0.7317268086682239,1.090548443145432,-0.3495927104139032,-0.21831347932556613,0.6978015021058697,1.0482425187263946,-0.35299389369704887,-0.1846769206671141,0.7270511941885202,0.9494292478973665,0.6299258908521479,0.9939174998062927,0.5998944198457352,1.0629357525040126,0.5888414398440938,1.1273459788742355,0.5712616356770053,1.1783153297066131,0.7242868240544741,1.0887128938770958,0.7063599043339261,1.1821506564804398,0.6475065509385337,1.2123033148742894,0.5983023430389334,1.219366581986336,0.7843097847963996,1.0914582670545019,0.7486882373540955,1.190486471638185,0.6733416460051114,1.2080581876484648,0.6203664696462659,1.2009447311956316,0.8121552003683824,1.0900800580715917,0.7850143535889248,1.177255909705516,0.7126014134481731,1.1961501924870308,0.6591101797531432,1.1935328361794537,0.817123059754326,1.0861356623613607,0.7952707317947559,1.153967529721483,0.7402682424138282,1.1740893530656171,0.6954334949615576,1.1757732146812494,-0.424968781652606,-0.06154697985106497,-0.33892754902067523,-0.10186901109171245,-0.2808639681772038,-0.15148469999376962,-0.230695584568062,-0.18892606950911398,-0.18840452731659718,-0.22658694431591894,-0.3605492156439116,-0.2144474338896232,-0.3392989378234041,-0.2724908411207244,-0.2860826316892305,-0.29730443014658403,-0.24542641023768944,-0.3082129733574488,-0.38282434467573145,-0.2172534082395736,-0.34810436694004593,-0.2813318568855271,-0.27127847158640067,-0.28228349440734507,-0.2270694783505187,-0.2607636133905309,-0.4106639357566531,-0.2154468992566576,-0.3706320109842225,-0.280062938838412,-0.292083229140498,-0.2761807196941726,-0.2520385473344292,-0.25129624185355814,-0.4399894844782778,-0.2092430356677636,-0.39791071667831013,-0.26516820439689204,-0.3351890398153028,-0.264975554431314,-0.30107575944899156,-0.2441774429699597
0.023303939076232624,-0.3630825432286171,0.10117653791220897,-0.4201517589290308,0.13456983955349255,-0.41356451852566123,0.1695689023517549,-0.40654431139591046,-0.03088262738067302,-0.44053473613876265,-0.08221595460090081,-0.4470160847897235,-0.12453991405531502,-0.45101589750762777,0.2274805589683215,-0.3627000437281953,-0.18900952756950426,-0.4222720635412569,0.08681833182643968,-0.27682034241395614,-0.07891159875248206,-0.2927177296093437,0.49060928266234155,0.0964496333095294,-0.49060928266234155,-0.0964496333095294,0.5956274665129346,0.5808186063927837,-0.8757053684471591,0.2402441912912925,0.5911428442608637,1.0847702825556302,-0.4191591355654416,-0.15305996765411667,0.6086075321324954,1.2297508048023635,-0.3162650363327018,-0.2674301095231506,0.5168878654306909,1.209406158583979,-0.30623408538898833,-0.298586369566133,0.4911933849906781,1.1615040407218133,-0.3135568681008473,-0.2651137257601002,0.5379583263369155,1.070464105730399,0.43424336701188104,1.0965333166276203,0.3912840540890466,1.157952926704713,0.36597990950901377,1.2190535949199721,0.3375433520406584,1.2657076015417073,0.5087102288292374,1.2074937841422348,0.47106161616297,1.2964042373566658,0.4061941851190482,1.3136411792913283,0.35714763814442657,1.3101980590012325,0.5675623762970292,1.2208407365494423,0.511565014712976,1.3116093775860311,0.4337501006194859,1.3128528329497444,0.38557394067342615,1.29491280134202,0.5956178949080493,1.2240007670915412,0.5506554902426115,1.3050400449332145,0.4748852804077578,1.3080851822867565,0.42455592007302667,1.2935386776266362,0.6019237303979599,1.2207279086922314,0.5666869226629042,1.2836410783538588,0.5077857943821246,1.291588175888968,0.4645399226850955,1.2830793422255478,-0.40177949317331496,-0.1541853388673751,-0.3027021379109304,-0.1707940814248529,-0.23598266425226175,-0.20944820154010457,-0.1796267309603708,-0.23925983164391615,-0.13757266295559128,-0.27259756824408105,-0.29780379657516115,-0.2834754484740113,-0.2564381385163842,-0.3330693418030634,-0.19905733661234873,-0.35025998417796533,-0.1605908350752646,-0.3574639784319372,-0.31867228232770867,-0.29419656225084795,-0.26831173070148207,-0.35030343805206987,-0.19406585764143036,-0.3318283316688475,-0.16086390408221438,-0.2984997329344356,-0.34796646251499824,-0.3006462685013303,-0.29536000345439456,-0.3601359313394133,-0.22177960276933728,-0.33477324719824975,-0.19302518657399903,-0.2977392468082639,-0.37848691943487445,-0.3038684628824489,-0.326797456831464,-0.353909463228437,-0.26782634658909327,-0.3382372363501008,-0.24133682676426804,-0.3082594457781002
0.007939518818123815,-0.36317081262101214,0.08410436164517872,-0.4231819231316402,0.11762827133575678,-0.41758264718623234,0.15224143984801525,-0.4121147825599264,-0.04832860075648671,-0.438212360146221,-0.0996139162202015,-0.4428199066975576,-0.14218885615817975,-0.44538550327022147,0.21333905470795972,-0.3703294436402662,-0.20586053004793986,-0.41308350772080443,0.0745256739928757,-0.27946451204876643,-0.09265304808124698,-0.28869661283770465,0.49409328468842967,0.07662784106183831,-0.49409328468842967,-0.07662784106183831,0.6204187640873379,0.5581039341399174,-0.8683421163127142,0.26791680581453164,0.6354308794183932,1.0628447812771349,-0.4190166404593102,-0.1311683426479957,0.657438120601538,1.2073794778790983,-0.32709837707958717,-0.2506414243124316,0.5658566942325551,1.190806111014456,-0.31857592624816644,-0.2826984590338922,0.5381545344365776,1.1438643453777562,-0.3244182496639743,-0.24932751194963823,0.5809786258074225,1.0507065937742854,0.4777067682494835,1.0811675834564627,0.43598282065328453,1.1439332697544888,0.41296985694662475,1.2053090268492042,0.3857352621332491,1.2527812130922085,0.5542683585875606,1.1870619331460106,0.5217809349686108,1.2778181047917605,0.45748038172280553,1.2994746363618868,0.407177681101618,1.2982576683574658,0.614912375264574,1.1985266758100832,0.5634889525085874,1.2928632156548483,0.48684065061011655,1.2984956096636882,0.43811240930787604,1.2828756402834065,0.6443117251548064,1.2010511988456094,0.602692941163905,1.2847797927510316,0.5286219482651063,1.2915572351599245,0.4785883692433476,1.2793291052025557,0.6514370869944527,1.1973659149042024,0.6180517220188496,1.2620843504629677,0.5595529813108209,1.2730059095791568,0.5164421851784431,1.2667235923566584,-0.40285895786134784,-0.1466344845056481,-0.29690445174982333,-0.16793392227602816,-0.2341655398972935,-0.20641936063111296,-0.18051197860288828,-0.23903412646584093,-0.14280786249727478,-0.27500324722821373,-0.30045441400252904,-0.2736561565309117,-0.2587047174518641,-0.315256671043115,-0.20306472906789397,-0.328425252266558,-0.16525578622284362,-0.33176852776636556,-0.32015149274186755,-0.285492537711719,-0.27868024735158314,-0.34202731218729593,-0.2073197016065283,-0.3344889641720182,-0.16680947017192227,-0.3089266389871137,-0.3504853571807603,-0.2942663654878036,-0.3031134728913796,-0.35172682658953736,-0.23514789943577402,-0.3296294410860347,-0.2054623118815152,-0.2928070965042126,-0.38206908074756846,-0.3007950658645826,-0.33304154666423574,-0.3490537894618521,-0.2770838517755531,-0.33614218201791995,-0.2479401116283338,-0.3068030957132723
-0.01787881487902885,-0.3627753418793267,0.05450679993295239,-0.42800141770523686,0.08840507459754589,-0.42460439207182893,0.12328472196381281,-0.4216232907678515,-0.07885414988856736,-0.4338339351397588,-0.13039519198260002,-0.4349966182346322,-0.1731938811048649,-0.43467510079783733,0.18800364199195754,-0.3842612369802564,-0.234707505176262,-0.3977141841431489,0.05463814404610867,-0.2836945534690603,-0.11328482217763267,-0.28135619201743983,0.4981890853580221,0.04251629370179599,-0.4981890853580221,-0.04251629370179599,0.6605166445956053,0.5160536626633009,-0.8508537218483255,0.324783867719026,0.7100827925158272,1.0201161584222627,-0.42860391903176287,-0.09486805069931888,0.7408331173301453,1.163306725911681,-0.3458652573469991,-0.21861637915534102,0.6495397014404338,1.1532690282593212,-0.34062330088152715,-0.24850381651117792,0.6185077307960961,1.1082153817424913,-0.34307789712140707,-0.21549835094057918,0.6562338432779882,1.0128607491730137,0.5542694002118772,1.04858562762321,0.5163460706968713,1.1144260165632482,0.497081423028698,1.1782565028711591,0.4721584553788364,1.2278332534573198,0.6397292471067453,1.1507147089620775,0.6120149257927114,1.2428069481904755,0.5481606546194572,1.2687138260024784,0.4970670942644891,1.2720541072619003,0.7000998575485067,1.158779854529417,0.6534594287717748,1.2557218611535328,0.5758144868955485,1.2665333324915928,0.524723814863806,1.254895382250331,0.7283507232982349,1.1599841565453664,0.6907941465234956,1.245855616009141,0.6159872345850695,1.257493391108214,0.5641472346689116,1.249024531376221,0.7338579850844019,1.1563688958238478,0.703082750236357,1.223126056785345,0.6448354922334248,1.2374561381833111,0.6007853289570217,1.2338754384142803,-0.40592174301787975,-0.12662858696422347,-0.29953404962605223,-0.15414753573793286,-0.24023637370492978,-0.19444844687409332,-0.18889385009790963,-0.22977084475865878,-0.15554337142383312,-0.2681758571305648,-0.3113042450680821,-0.25553684393872356,-0.2766764858766515,-0.3025259537498032,-0.2214564383635586,-0.3076992066337735,-0.19072797663597704,-0.2985548054294396,-0.33170874844368187,-0.26619762748554104,-0.2932965967399875,-0.3248760868277539,-0.22655658808825335,-0.3161413222011878,-0.19692085066106366,-0.28722360542286257,-0.3630278627172699,-0.27455367273738357,-0.3216433399192357,-0.3337537983888498,-0.25534763847205083,-0.3162143480098257,-0.23007294275500628,-0.28268677529969966,-0.39656459366725266,-0.2801113695724037,-0.35006832617814754,-0.33067759970881067,-0.29599080846268044,-0.32063451893145006,-0.27075057846735556,-0.2929844645924459
-0.0029570169368803353,-0.36190150046549924,0.07195540595592852,-0.42453435677571083,0.10547280442329003,-0.4197542910463084,0.13976189287922672,-0.4156253102903775,-0.0612117657351638,-0.4351792312403247,-0.11273474779356915,-0.43833373664871456,-0.15565541003398276,-0.4397430715578027,0.20362803029581453,-0.3760846395663801,-0.218961829588893,-0.4047543839133746,0.06626612167132247,-0.28012973045959394,-0.10169702679429127,-0.2839143212287014,0.4961198797799048,0.06216964602740511,-0.4961198797799048,-0.06216964602740511,0.6427428916477639,0.5435967831637933,-0.8634551804202236,0.28793596867506965,0.6716658525698178,1.0507256857516627,-0.42127621184462105,-0.12387113819447954,0.695756345101394,1.1954008532390883,-0.3365668505006628,-0.2443456516320676,0.6060105668895605,1.1819060274639315,-0.32960699590246206,-0.2734376908521483,0.5767989073999115,1.1355895629457367,-0.3334540464763401,-0.2401195054191795,0.6196513599526866,1.041693883557871,0.5166262202475245,1.072834822313581,0.474722752514882,1.137466503424575,0.45255392113360815,1.2010613827428251,0.42533659553256054,1.2500448935618758,0.5952890587795784,1.1768806968914574,0.5679214110930747,1.269252889580311,0.5030258192540055,1.2940419605986384,0.45081935066077217,1.2975820934970523,0.6556537435096881,1.1875005618985366,0.6065603402760309,1.2834613433062523,0.5273003307844059,1.2927007621129196,0.4744106464742541,1.279942270811494,0.6847590843055467,1.1903896736898423,0.645763484004931,1.2756379577213894,0.5699010587680009,1.2861126598550718,0.5160760708441471,1.2770248004346048,0.6914807828650846,1.1882128223937931,0.6608565280194746,1.254363429835137,0.6016571020932084,1.2681376017283699,0.5557758549168416,1.264613219706297,-0.3972577443564805,-0.15041299393414173,-0.2870325704805159,-0.1699779464602756,-0.22348618655510155,-0.20546791703964334,-0.16807063643111467,-0.23745161078124774,-0.13628237311318026,-0.2764865423878717,-0.29365845078927083,-0.2704062347528555,-0.25608891817184903,-0.31382232491222006,-0.20012999656783062,-0.31816328087044954,-0.1689386546061373,-0.3102606981024141,-0.312244284489778,-0.28216403839743054,-0.270598813433014,-0.33763333496083286,-0.2048284268808201,-0.32540265476584523,-0.1769544693499464,-0.29475461745976644,-0.34288175640566854,-0.2926909223970538,-0.29640028510631783,-0.3482169042121311,-0.2311124436743101,-0.3260419085488293,-0.2093853691911135,-0.29056184087752057,-0.37637058002804397,-0.3007593407132556,-0.32567825065578665,-0.34837819061933084,-0.27374705315961645,-0.3341485818451271,-0.2536491755741657,-0.30392426714594356
-0.04826959244246583,-0.3579971041217315,0.016798994824690678,-0.43007321181344327,0.05048367860591965,-0.4297330585705838,0.08506316659747593,-0.43027630642318954,-0.11528180315378227,-0.42324916692145886,-0.1663642483367849,-0.4196994939327299,-0.20987809332227542,-0.41542558848423916,0.15343762065382058,-0.3996365244605965,-0.2695571170825711,-0.37186186827802015,0.029979349953567005,-0.2858958943770065,-0.13661834661899944,-0.2672171024553579,0.4999849370065846,-0.003881078010252322,-0.4999849370065846,0.003881078010252322,0.7116924401252042,0.4552967422540873,-0.8209709831626447,0.3960501638031984,0.8060723475959101,0.9553875384911666,-0.4298401136676114,-0.07664750125948554,0.848121249205512,1.095852125906901,-0.3630026241856782,-0.20642367576191736,0.7580573745578577,1.094196332131347,-0.3611180685064783,-0.23663866462374325,0.7230542220085947,1.0521548153151057,-0.36087606261859556,-0.20275354286524364,0.7556038119252075,0.9549277086468507,0.6566730780334437,0.9989276772350261,0.6252217107126558,1.0677447192628975,0.6119312865983603,1.1335661555318768,0.5940161681116918,1.186620643436078,0.753062516600129,1.0937767596584702,0.7356010666823024,1.1886640335806349,0.6737907878989237,1.2211183834072958,0.6223478976676834,1.2320683918364286,0.8122390837799439,1.0960121598793424,0.7742967018946886,1.1968084559038412,0.6952983799614134,1.2147637773336688,0.6412556487252131,1.2079715215030322,0.8391556402851268,1.0943012704218962,0.8103791965860847,1.1833227676619946,0.7358519806159232,1.2012308332745454,0.6827196468558118,1.1974564925712234,0.8431897989905098,1.091070245917088,0.8218516235800852,1.1612613930883957,0.7649707678003907,1.1808920294381862,0.7203065824568462,1.18160978361388,-0.40209333298346955,-0.10433731908774069,-0.2980137556299914,-0.1382650482828169,-0.23780706398621243,-0.17955885739496705,-0.1856144452845061,-0.21777540778503074,-0.16669044072182365,-0.26077084746027285,-0.3132681827628092,-0.233804749509169,-0.282184465744566,-0.2808658223663691,-0.23068166779143254,-0.28721896410174813,-0.20201170536692764,-0.28022480443387754,-0.33455866086262953,-0.24263982873643805,-0.3023263445916738,-0.3010991045817996,-0.24122105044828598,-0.29627538690475025,-0.21241681484234123,-0.2710879243041772,-0.3668511504889866,-0.24964674143480092,-0.3328380447941304,-0.3090557933214652,-0.26881315724727767,-0.29752017522011515,-0.24103104706792677,-0.2674071395586872,-0.4030268536610261,-0.2541077246353421,-0.3648120262910638,-0.30500021584170256,-0.31377956686753034,-0.29844186919892,-0.28769822227847,-0.2727764000349577
-0.054338573461787734,-0.35622256582700595,0.006956650735057339,-0.4300010448397525,0.03998240236744832,-0.43054643647956853,0.07474952303064455,-0.4321361711523253,-0.12241961152319326,-0.4199618016962962,-0.17283943985402872,-0.4151231541818817,-0.2177777385533492,-0.4095419062902825,0.14326678577737442,-0.4033605825103068,-0.2787878018618308,-0.3640020030832272,0.023154697096942147,-0.28611756475382133,-0.14184144585311845,-0.26287778998411715,0.4996833517682994,-0.017791794895343,-0.4996833517682994,0.017791794895343,0.7265226626509169,0.4357953177134619,-0.8155098808056855,0.41672929693641525,0.8338730144567724,0.9356276724052447,-0.4299069441210537,-0.0674994270441599,0.8790515486626808,1.0743081739430551,-0.3664780868581058,-0.19862525677019707,0.7895641112564953,1.075372146830878,-0.3661636350131826,-0.228776903343408,0.7534338135367985,1.0341608814926062,-0.36534367710509846,-0.19391543040810993,0.7851325303708583,0.9346203147933717,0.6885083418833047,0.9810563442565354,0.6598504247564012,1.049817867880668,0.6481680736549109,1.115747554087653,0.631912880591137,1.1700749154050019,0.7865969100305072,1.0743362026939893,0.7761508143987795,1.1678874884697903,0.7166619555295596,1.202645470939805,0.6655344163184106,1.215871254678935,0.844626516387339,1.0745556943190755,0.813374059518242,1.1736427770997575,0.7355201891238092,1.1961581529474226,0.678605670385474,1.1932570361325394,0.8714946451416957,1.072063855632916,0.8476154172812628,1.1595455620890773,0.7756083287770147,1.1825574082011694,0.7202791269078579,1.183941478188813,0.8757589760140959,1.0696895788571368,0.8576499432624498,1.1384215757265805,0.8032648909225649,1.1621037896905408,0.7572509331526786,1.1672413653519873,-0.3962639114088937,-0.09981156119898069,-0.29353153012921634,-0.13383954703496007,-0.23547275469992768,-0.17652049766409644,-0.18370441516145836,-0.2151293009381612,-0.16713894299037277,-0.25757218460300557,-0.3102721911014772,-0.22752938271848397,-0.2806668256266943,-0.2769605389781854,-0.22883160236445252,-0.2849262761086429,-0.20196524887392286,-0.27704708399671774,-0.33109805492552613,-0.23564638449040848,-0.2990107654421249,-0.2957925431466211,-0.23651783916098737,-0.29233863536498844,-0.20999136063795168,-0.265946669340503,-0.3635754235592668,-0.24213173368201865,-0.3261175672268587,-0.3010686709531509,-0.26209564789110523,-0.2896626012723399,-0.2392450794287826,-0.25851398043436224,-0.4001484538502475,-0.2461780547499607,-0.3605912957800356,-0.2981451881422563,-0.30972700406889836,-0.2926261001960352,-0.28700352644819194,-0.2663585339181415
-0.07992139755562618,-0.35088036322309313,-0.025249503428431547,-0.4289000281437213,0.007135700432882525,-0.4319472906573141,0.041770265683162444,-0.43634471483187953,-0.15181243166100836,-0.4093716587631944,-0.20122236503138888,-0.40081794299059786,-0.24662848515071456,-0.39164761970390166,0.1117472967205806,-0.41281293447704426,-0.3056101874541147,-0.34124582138731974,0.0011409449298213446,-0.2866951976871368,-0.16104363795820326,-0.25076556187127014,0.4967775748561982,-0.0566748720333302,-0.4967775748561982,0.0566748720333302,0.7596048337771842,0.37792538474836557,-0.7833713589458897,0.4733370978269975,0.9046701713759159,0.868767317227016,-0.43248884313192815,-0.03603182805589105,0.9600614127714135,1.0036637961948225,-0.37936445769405047,-0.17294733106683377,0.8708081593136425,1.0119244264387692,-0.38187283451986037,-0.20348084362668709,0.8315008931108702,0.9736649537382005,-0.3786172461569124,-0.16813448734516515,0.8613514961188117,0.8721705831705058,0.7670582636566334,0.9231214593745107,0.7442962205944336,0.9933784557537799,0.7389330608767222,1.0607202036107966,0.7270194775286619,1.1162789759507952,0.8752352274812311,1.0091872297897286,0.8708680310423077,1.1051229786477694,0.812423771240389,1.1438354811710296,0.761588013310491,1.159784096979519,0.9320587421578824,1.005488330838441,0.9092251697467014,1.1086443530498478,0.8325058334149634,1.1361313070346812,0.7761592422118565,1.1366530472735668,0.9561437588110551,1.0015613945358504,0.9369764697963008,1.0907033233346333,0.8669019692644547,1.1182082296819744,0.8133454963050754,1.123265591406094,0.9572898525132943,0.9989963721814065,0.9415144101847241,1.068807691269031,0.8893154224870125,1.0959129418205102,0.8460389165259947,1.104109257404705,-0.39740497801392716,-0.07541510093704068,-0.2996040755034296,-0.11461404168347422,-0.2444312866303462,-0.16021552553792584,-0.19582974689975713,-0.20206682367540513,-0.18335819140691825,-0.24578586128788044,-0.3212706952741377,-0.20691812630291018,-0.29585821622225766,-0.25716290977768447,-0.24484039005715852,-0.272104870319553,-0.21603214924957637,-0.2709631474749578,-0.34281533392905256,-0.21300989884944851,-0.3149809283279195,-0.27456891372420306,-0.2522948664243217,-0.2741848608353749,-0.22447139322764142,-0.2485569327030585,-0.37632598786993704,-0.21685971316284194,-0.34356557467333926,-0.2778512086113824,-0.2808599601634037,-0.2692616663585899,-0.2580851294778538,-0.23809834921225007,-0.4143075025574033,-0.2180071762129029,-0.379016288690823,-0.27217922585181753,-0.3294644292290701,-0.2694971887582643,-0.30722540914276797,-0.2437587469726808
-0.09263658203452321,-0.3473972185394863,-0.04275040052937022,-0.4275096252150469,-0.01080326228384219,-0.4319942002415213,0.024066560206772426,-0.43804491555666464,-0.16605992022674773,-0.4027704225575616,-0.2146224028384074,-0.39211623928067996,-0.26074960812887327,-0.3807046503022462,0.09338462117743714,-0.4173163945978116,-0.3195784208183789,-0.32736107421296295,-0.011257538733123977,-0.28642926036238836,-0.1700482317391028,-0.24355801379890846,0.4937095288369133,-0.07906264058095343,-0.4937095288369133,0.07906264058095343,0.7764679332341652,0.343011131365966,-0.7646024282710222,0.5029750165926922,0.9429774978493622,0.8267925368894865,-0.43376744233799636,-0.026273487595608165,1.0043227778110513,0.9590763035323038,-0.38666138453365567,-0.16793653896767058,0.9155569041754561,0.971518224247241,-0.39033866366032927,-0.1976327199266506,0.874529543547862,0.9351770498624458,-0.38602971606607595,-0.16160336429067124,0.8994672347821795,0.8312229903524837,0.807792660996436,0.8880142085525455,0.7886494533188484,0.959141820321525,0.7866798352436047,1.0262356731546591,0.7797471903711819,1.0822241669760915,0.9203858053085873,0.9686868090625483,0.9241650497410413,1.0637696441151703,0.8685458738020958,1.105240069658521,0.8170890546626266,1.1241378862832143,0.9760336856587546,0.961579800847073,0.9606452484387211,1.0631132030069155,0.8861743466839842,1.095132323640761,0.8271100863789166,1.100110172661058,0.999707395381046,0.956160376913336,0.9854418905277883,1.043824867537068,0.9184973361476132,1.075861397823633,0.8635375153407755,1.0857872571108007,1.0006642706960833,0.9536720575567357,0.9894907929428688,1.0219273255316594,0.9400565892289956,1.0527355382254318,0.8953485665377305,1.0653234676355927,-0.396329869005416,-0.062164239126013585,-0.3019126043454616,-0.10392781265127521,-0.25197953970356596,-0.15177922976553324,-0.20636815794497204,-0.19510612694804227,-0.19544906267185858,-0.23899288043605976,-0.3313993327393802,-0.19421584072752765,-0.3051432326543724,-0.24439231690896696,-0.25444084103821385,-0.26184508329213996,-0.22495366353485244,-0.262995690479016,-0.3527729113212505,-0.19955730205971012,-0.3225900110529011,-0.2617927939287895,-0.26002997078951345,-0.2637684223491912,-0.23110713827386667,-0.2399098310467704,-0.3860298544558898,-0.20208486959644745,-0.34851973464134445,-0.26533205585973707,-0.28557076966697337,-0.25818713772949153,-0.26202777928344456,-0.2282571250914663,-0.42354755517512716,-0.20159472377542664,-0.38735558961921324,-0.25765861207694823,-0.3369400377838189,-0.25658398787093056,-0.3137362176792328,-0.23209955313281894
-0.043018692650763954,-0.3563859663281422,0.014112198633550876,-0.42935513920246365,0.04653178625094283,-0.4298490524259737,0.08225320348624034,-0.43151841067622493,-0.10878040976726547,-0.4205125456601973,-0.1582534542426772,-0.41609781187194467,-0.20644526812944528,-0.41051238253573047,0.14567769611680928,-0.4021608947130572,-0.27403545353716785,-0.3650002298299034,0.02677982231034134,-0.2855569223956693,-0.1323845860980806,-0.2632251245189678,0.49971702252153416,-0.01681955416212054,-0.49971702252153416,0.01681955416212054,0.7275604982488797,0.4367755165559287,-0.8263299021200373,0.4011325430837715,0.8315339991430674,0.9369650871058453,-0.4227340971898089,-0.08513751782979193,0.8757957092026447,1.0757362756415536,-0.3591643120844503,-0.22383030124210876,0.7862765196787576,1.077074258402497,-0.3590910305245417,-0.2519600186760307,0.7501631855484231,1.0360491277040982,-0.3592813629131548,-0.21503533279384085,0.7880367917544634,0.9351822911907387,0.6901151275219932,0.9794065578131507,0.6648501189620627,1.0480635758705423,0.6564287096999107,1.1150390921735853,0.641027280605111,1.1694919535648312,0.7937275645126168,1.0749111339008766,0.7879161499252711,1.1689434996219668,0.726580904659584,1.202341616994132,0.6721933122369818,1.2147221192524589,0.8494536446203171,1.0742808406895128,0.8234879513072475,1.172817146956833,0.7449651045286855,1.1955772823982325,0.6849403985369095,1.1944080540066833,0.872770242598068,1.0710288801812204,0.8480786683295771,1.1551262065734653,0.777127523328103,1.178532175892672,0.7209919235292244,1.1821565837543755,0.8727221024903867,1.0680206970375716,0.8527181040850274,1.1336280959430718,0.7997788695222853,1.1577050837982799,0.7543803735620467,1.1648288989391218,-0.3722928259415824,-0.11523582251997462,-0.281340193420622,-0.1461063721571536,-0.22959508888919428,-0.18848685638856108,-0.18266954288675163,-0.2256316695193951,-0.16794611136367188,-0.2661360865583571,-0.3089293768806064,-0.24006849051313078,-0.2740997951783527,-0.29177496188038454,-0.21906241549403438,-0.2925651293339043,-0.19177700495089123,-0.27793116920745836,-0.3292704109469144,-0.24649262811100925,-0.29015334620042216,-0.3066682200985307,-0.22653906213086833,-0.2961166314554701,-0.20235188355332176,-0.2666884564830997,-0.3598947095496103,-0.2516332460755046,-0.3135159920906181,-0.3106844151149472,-0.24811204485337013,-0.29356601186078757,-0.226703060145395,-0.26038698221492507,-0.3945723082846349,-0.25421377951744745,-0.35012680978778,-0.3046391285292716,-0.29672616150237446,-0.2972195644193022,-0.27305843735050384,-0.271587266029652
-0.0756896448060657,-0.3497422646374182,-0.027399301190697688,-0.42773416238190004,0.004345734504485343,-0.43157340554641094,0.03989101889920648,-0.4369799268215133,-0.147695916827822,-0.40657816119798434,-0.19646609610759946,-0.3971088454476712,-0.24401845180732415,-0.3865775700365308,0.10488717031329851,-0.4142808765416569,-0.30720648308398574,-0.33447178011650186,-0.0006212187423390834,-0.2862744343741778,-0.1544091918463861,-0.24831840527671317,0.4952866819392219,-0.06849162498901665,-0.4952866819392219,0.06849162498901665,0.7686152971129251,0.3577463022611603,-0.7842288258618777,0.481046067651372,0.9221484221197566,0.8425114204684462,-0.4233212724837599,-0.029621828713360044,0.9806156781782527,0.9754301593942951,-0.37375125449770685,-0.17234635107074653,0.8917377391461883,0.9862019777777564,-0.37758359611325576,-0.20400073404887448,0.8516831604414066,0.9494255570519631,-0.37369723634402396,-0.1672442960467346,0.879564649810117,0.8438994795497434,0.7879016601018927,0.8989402463897237,0.769755680615516,0.9691870095726131,0.7690411495675249,1.0360359282760154,0.7610445963935221,1.092341887782794,0.9004029800124658,0.9831382656501331,0.903742440301178,1.0765432803554227,0.8476842604236473,1.1158610795533845,0.7961920511157651,1.134955083496324,0.9549912503456667,0.9767797069055889,0.9393336741312045,1.0751863363138214,0.8645388470168851,1.1055957439014743,0.8045123812272167,1.1111431363910085,0.9775775462317292,0.9709476614404339,0.9624980725882855,1.055332610718629,0.8960266579637696,1.0855701077648463,0.840818279394538,1.0955324649455063,0.9772550911774194,0.9678955528776105,0.9651381704411689,1.0337280588052367,0.9161725214783614,1.063051489149586,0.8717435817202405,1.0752890975052267,-0.38106173988460523,-0.07192559931030264,-0.2931748827742709,-0.12195291911233161,-0.2655850224454855,-0.1774491767102384,-0.24164767357931594,-0.2188487417671239,-0.230494323618262,-0.2516819716046004,-0.352795685154548,-0.22064193607802843,-0.3127261421757677,-0.2738333562675903,-0.24995860702408068,-0.2706993389312867,-0.21753532048805224,-0.2481510622037579,-0.3735734322385181,-0.2201963526571079,-0.3070917011360075,-0.27610725617287485,-0.2366009219971911,-0.2572895744339075,-0.2140483787771244,-0.22276528185310104,-0.3950949600955707,-0.21750288661463163,-0.3142753778102321,-0.2738099894914604,-0.24820483708075208,-0.2484761355739465,-0.23291051964584183,-0.20990761039497144,-0.4178618469816043,-0.21155122993409345,-0.34126593276364425,-0.2628863432100849,-0.2874251893734384,-0.251599226501771,-0.27159934059168755,-0.22344424372768676
-0.009640663893622907,-0.35883427427045084,0.0479403303076348,-0.42668295730439537,0.08032763065251969,-0.4255785998392875,0.11688095461729499,-0.424906149034221,-0.07255662311889574,-0.4260591744580366,-0.1221679861123751,-0.4245921741704279,-0.1706717637842628,-0.42196624425742596,0.1738486292971813,-0.3912365637570766,-0.2432195052714658,-0.3805686373112241,0.05177277143202789,-0.2828964617582446,-0.10345734750394035,-0.27118536280914546,0.49984221266279544,0.012560351920259689,-0.49984221266279544,-0.012560351920259689,0.6989544813601788,0.47582737244964796,-0.8512854427919163,0.33709716689169805,0.7685388036320364,0.9745688676814545,-0.4013757908071866,-0.1259900883590938,0.8043206667936739,1.1141106525325701,-0.32443729173317976,-0.2547045586508442,0.7151645049364453,1.1102181659150074,-0.32288691788857227,-0.289525445711326,0.6818337058476149,1.067705266840529,-0.32689980174191274,-0.25206890684226924,0.7245730722323892,0.9697252429690022,0.6281134104086334,1.0080403441754284,0.5980810995330299,1.0743091685189303,0.5871921856913973,1.139316440750217,0.5726484347022931,1.1927230863605705,0.7256735958609657,1.108768094489936,0.7137544462859967,1.201506375489083,0.6515264470413997,1.2304275658674901,0.5986947894050088,1.2406194544717946,0.7786263234441538,1.111513504584929,0.7452616879564157,1.2064954517780486,0.6651262702091475,1.2238518894368395,0.6059734194360658,1.219376703440433,0.8003926283160548,1.1100252987437011,0.7701546473507147,1.1914054209902456,0.6976357183227977,1.2097045965753774,0.6415196541220743,1.2093863566385992,0.8006109511843038,1.1079225793672955,0.7771223500725827,1.1714637091210387,0.7228536529728107,1.191912819666211,0.6770354205293857,1.1960442777256475,-0.39181928298100444,-0.13646253698043737,-0.28924981677018546,-0.181456959378208,-0.24697897527450463,-0.22757500491842597,-0.20846877781322026,-0.2593860612665777,-0.17905568550349277,-0.28617079842984244,-0.38568362592880884,-0.30316583147926723,-0.2507334076627531,-0.32277375191222246,-0.1926223895062878,-0.29199782927559503,-0.18051646166179364,-0.25990861749127636,-0.393123944730928,-0.3012874361923232,-0.23508768997704807,-0.3204475897750121,-0.1834456368439562,-0.28283778056771947,-0.17857157632544352,-0.24839629645982528,-0.38271504141051377,-0.2919424787393291,-0.22813881610010145,-0.3099594286006044,-0.18813556663773534,-0.27157554503869485,-0.1914081963676455,-0.2371416219635679,-0.36183255312176504,-0.2780023396000687,-0.24730667811455162,-0.2969536980411855,-0.21332505796806941,-0.2715610921030955,-0.20877507237301776,-0.24581091084884218
0.057898696183596096,-0.3568635217449528,0.12323726588648008,-0.4139630798080232,0.1555131722737227,-0.40781658091084844,0.19211570936172942,-0.40067557293647454,0.005876546515477432,-0.43307881150348904,-0.04356841112062789,-0.43962861053485436,-0.09160202121041387,-0.4449472943807433,0.23923630601661094,-0.35713589309136123,-0.1730958961975297,-0.41632700534724465,0.10426394897754568,-0.27084622696256244,-0.04835429774249481,-0.28531398085241494,0.490421730403444,0.09739880054749987,-0.490421730403444,-0.09739880054749987,0.6078695190949683,0.5870877659863938,-0.8941315281712161,0.1821442552109285,0.5907599520119367,1.0887232203825812,-0.3627968876461363,-0.2167232734930709,0.602239334297987,1.231914377538561,-0.2553406346312735,-0.3236290381712042,0.5151687706139406,1.2130784728884103,-0.248097877255459,-0.3605986599310052,0.4895580991124564,1.165647954897024,-0.261643498454798,-0.32405149506218345,0.5492923093621587,1.0762367397853714,0.4479268007589722,1.0975105461286543,0.40691757289877967,1.1567056159415892,0.3836072349366337,1.2182250084137747,0.3588718962937723,1.2679473074001457,0.5264214242931508,1.2126956098546247,0.4980494239454593,1.3022562055444102,0.43103033654884654,1.3200357898245232,0.37618159958341435,1.320967332796635,0.5787669332702223,1.2244205369453425,0.5290565151568155,1.3121474454123334,0.4476155963893984,1.3143172630856443,0.3905280048175843,1.2987250435317008,0.6006379560710873,1.226763992815112,0.55565022901657,1.3009375586449352,0.4819449077320016,1.305032265920106,0.42798789417789834,1.2942359653246287,0.600969873294907,1.2246025928329765,0.5651418196983705,1.2816503161149042,0.5077225560312092,1.2912998664437836,0.4620024897059637,1.2867956024487144,-0.37882734762710685,-0.21211749587644993,-0.33742240169186194,-0.25867030690956266,-0.28532383790476223,-0.31057242270161567,-0.22776314069466927,-0.34245206561868147,-0.1886408183460915,-0.37027341703619115,-0.32241513547887257,-0.36726776397571015,-0.17832986901877118,-0.37211105753380935,-0.11902411293421385,-0.3362345848596229,-0.11340841859926111,-0.3060588334256747,-0.3106939814947012,-0.3563336843885752,-0.1540933219708366,-0.35417048110313837,-0.11074839175245584,-0.30941160860052225,-0.12406644737669795,-0.27928746486863604,-0.2910603147715686,-0.3332125066125978,-0.14453007978275523,-0.3302161707351216,-0.11600369434430743,-0.2865866209188864,-0.13389894083098966,-0.2588890822478343,-0.26595977186178993,-0.30152695937339546,-0.15326381450144208,-0.30090658275936466,-0.1386768016493304,-0.2711123357894796,-0.1595875615707512,-0.2503295856008306
-0.012275938862866062,-0.3622735526111541,0.040099693096128056,-0.43057364778124224,0.07288168859325488,-0.43127756051946065,0.11026859880731486,-0.4316013665115799,-0.07845180995179801,-0.425696053950763,-0.12799415928192537,-0.42213051816018415,-0.17591161476258266,-0.4176816665327144,0.16465680641951438,-0.39766683336786585,-0.25003855355621496,-0.3732649450223439,0.05144289402984061,-0.2870074512168888,-0.10080604706465605,-0.2707436656211017,0.49999465814629107,-0.002311238882833618,-0.49999465814629107,0.002311238882833618,0.7123047036447131,0.4532674449004318,-0.8429709246614534,0.3554448650284982,0.7949250192264554,0.9467482488765643,-0.3919486281206271,-0.13301801643565447,0.8346827720722293,1.0844467063058993,-0.2923701913248539,-0.25693957757177144,0.7455026319822571,1.083655656992975,-0.29448513370716384,-0.29708205043288605,0.7109803732793273,1.042517752595175,-0.30581506398183467,-0.2601514807395321,0.7517271709241352,0.943018898636379,0.6579788833483544,0.9841926263911063,0.6287128313045162,1.0501926565552542,0.61854279556068,1.1146804363165448,0.6053321681987585,1.1677105711608238,0.7557038328019844,1.080992761916518,0.7457762531714506,1.1739859670679966,0.6835851065225115,1.203938418012983,0.6300119419992363,1.2149230671981435,0.8092698164324938,1.0821317221126199,0.7783647996587836,1.1775509619138653,0.6994592612292871,1.1959630593071318,0.6408167367966994,1.1924769184257622,0.8317287321498722,1.0800301968144799,0.8033441825788232,1.1615644772345661,0.7321894497344836,1.180879528803889,0.6768019791989207,1.1815711610740993,0.8325730733413367,1.0776201686532174,0.8095692420461331,1.140547231948097,0.7555065228713923,1.1618404757099945,0.7097280414601912,1.1670205485409413,-0.4256570821258261,-0.1285177801349918,-0.40935264429190854,-0.18940813694958017,-0.3505694872094988,-0.2472557954653102,-0.2707127380397749,-0.27465498017256723,-0.21286613449268962,-0.29080367633673854,-0.3702015678298064,-0.2997148461669821,-0.2248656440348577,-0.3230514444925444,-0.17793136590786982,-0.2970310209485476,-0.17970510175091753,-0.27350034473302026,-0.3517283309941132,-0.28843087032812065,-0.2021801409671369,-0.3101457484636185,-0.16603467874252661,-0.2764346652650034,-0.17707649783748022,-0.25285330088624725,-0.3275806180284147,-0.26559619536952833,-0.19057799765584318,-0.28232419319570284,-0.17016274566979414,-0.24713787767857054,-0.18940018924514107,-0.22587311568619223,-0.29995644092537044,-0.23372007189783572,-0.19796218349333264,-0.2328401348344669,-0.1934761298618837,-0.20759731524966363,-0.21585560061300121,-0.19305322434268313
-0.05110819959745429,-0.35933760031704476,-0.006315875002907422,-0.4336268827097954,0.026179961680158608,-0.43826607269883916,0.06373090132435563,-0.4427974765145477,-0.12409390382655333,-0.4152816443931988,-0.17282270747471187,-0.4062969124924109,-0.21977153446660752,-0.3966875657078826,0.12140899963504949,-0.4141483571445937,-0.2884347696485879,-0.34611066617289266,0.02133280074562863,-0.29071810091742645,-0.12850647920023886,-0.25841557394465076,0.49697528547745573,-0.05491416597383035,-0.49697528547745573,0.05491416597383035,0.7570031560878482,0.37531419942977107,-0.8002253671891294,0.4452482530932118,0.8923734231480313,0.857053643106272,-0.4034037372308242,-0.08527350754252297,0.9467864925191578,0.9897204212576959,-0.3093285180772654,-0.22290723171162002,0.8573791671953879,0.9988650934931267,-0.3137575543491281,-0.25482967621192654,0.8185740760683017,0.961886236159097,-0.3253783076682259,-0.21636545308209937,0.8481480498977313,0.8581530480035243,0.7586747624416537,0.9095089803775228,0.7360570965472167,0.9788283039975137,0.7311683471404691,1.0439164211248642,0.7231965996032109,1.098143706815269,0.8674969698842773,0.995931503399737,0.866776380026668,1.0887701213610734,0.8078251071888504,1.1254345947531197,0.7561316260578209,1.1416312005201033,0.9201876288890041,0.9910270710740463,0.8993266753279484,1.0890703526565444,0.8214629379535927,1.1147989180249127,0.7625482238583929,1.1152796482484717,0.9416430692687903,0.9865176910845425,0.9212555857693432,1.0703907837045143,0.8515789022946526,1.0961931658061335,0.797605219532232,1.1009723309974258,0.9417107969691834,0.984019077730718,0.9245061948708038,1.0490192857685168,0.8727193703769069,1.0750416864607182,0.828677134612858,1.0835899448785757,-0.44088144866306245,-0.06709407831377687,-0.44209776504017506,-0.13068288996872998,-0.3860430065107647,-0.19663176034721078,-0.3039734653533926,-0.23303422365228302,-0.2432556998648222,-0.2501816019671113,-0.39195145878517385,-0.24777164537210677,-0.24700027575940434,-0.2871240537461097,-0.20835448978057963,-0.26509073580973086,-0.21173754398722544,-0.24533624817869842,-0.3616879743477044,-0.22874614686843062,-0.21141480882396588,-0.2558606119950646,-0.2006127856637704,-0.22657150453077848,-0.22757104118751786,-0.2080717241953068,-0.3281568727413515,-0.2003171048171175,-0.20087455733595916,-0.2160694105534548,-0.20726778566397958,-0.18985971765320445,-0.24083922370330832,-0.17734891055349908,-0.29582033608554,-0.16700339228313973,-0.18953630480908862,-0.17857076678326422,-0.20096284715220744,-0.15685687412514415,-0.23234975972961672,-0.1456041843339009
-0.01962232391495336,-0.3624091278203555,0.03294442689752872,-0.43248236875034796,0.06583047620978315,-0.43424307323246053,0.1038546149222276,-0.4353582288013196,-0.08741244467623126,-0.424767735210828,-0.13676520638291334,-0.4203101212820438,-0.18390997702980633,-0.41506374642260735,0.1591042800740145,-0.4012730297566735,-0.2558207145490766,-0.37209444545582465,0.047586600142570594,-0.28718764131891356,-0.10485857715313956,-0.2689961921597024,0.49992942025750764,-0.008400878584547841,-0.49992942025750764,0.008400878584547841,0.7191485932556404,0.44388928606793904,-0.8396772948380814,0.374232076172426,0.8100705054120756,0.9363024858646568,-0.39424978385473064,-0.09368366727921615,0.8523459989360548,1.0734977938117245,-0.28538664003734826,-0.21812537876730342,0.7621327385148761,1.074495868447439,-0.28737342273941446,-0.26017429137633863,0.7268225642040506,1.034212916830906,-0.3036557652625368,-0.22767444541194426,0.7656922898540275,0.9329747360781578,0.671628136028234,0.9765951890475146,0.6426241933034679,1.0430784173193,0.6333187336160083,1.1075210865727791,0.6195603093999733,1.1603548773575645,0.7695033905333691,1.071957829572364,0.7630511830654014,1.164793055769075,0.7004182062133741,1.1952166045481936,0.6462487102093608,1.2060463658878426,0.8234581272939218,1.0719980721704965,0.7957333078916986,1.1681478745951643,0.7161623852756728,1.1865019140290602,0.65716810915552,1.1821864188274693,0.8460771958626205,1.0694781190260187,0.8197612755734034,1.1511351308238194,0.7481843720799125,1.1706214594202144,0.6929054494632283,1.1709604901034203,0.8470184654288541,1.0668874265900092,0.825600789077963,1.1301611050135136,0.7716660078689931,1.1517508792643774,0.7262052634388572,1.1566460711386775,-0.4383065400234771,-0.0986040307032677,-0.43467184668906833,-0.1665370841550815,-0.3750603157229961,-0.22571300369037395,-0.2885700572312929,-0.2528864509346546,-0.21998834334000208,-0.2631539653882884,-0.36820864010717874,-0.26969364965720855,-0.21551203345569958,-0.3039982189029286,-0.1791150031220154,-0.28149144040881235,-0.1870485793264175,-0.2643617759101584,-0.33465101576770806,-0.24658779011540893,-0.17650871189253634,-0.2688545484400781,-0.17270933758303172,-0.24037021850250928,-0.2080086883078065,-0.22418338970713753,-0.3000791630013022,-0.21391613488161548,-0.17472798823083044,-0.2234059174645171,-0.18670657281549818,-0.1992637198588572,-0.2248139555757646,-0.18835378549117796,-0.2697302401674176,-0.17812398999882734,-0.1695138643584577,-0.18491221352348455,-0.18565742275174318,-0.16776959574038994,-0.2216657916444866,-0.15927404293603445
0.0486788739517082,-0.3596884330834761,0.11615071979252048,-0.4176553602484698,0.14904901480101312,-0.41279554323743956,0.18700600175557994,-0.4062591811507819,-0.005732343127453668,-0.4344189487054819,-0.05490066786963483,-0.43989109601258053,-0.1009827111462492,-0.4439795368490952,0.23490868943842919,-0.3617394268431568,-0.1781417492772741,-0.41605954195559813,0.1022145357525499,-0.27195530181347644,-0.052324380754308585,-0.28485785437781824,0.4914162388176582,0.09225009607749125,-0.49141623881765806,-0.09225009607749125,0.616678588368831,0.5797960137868022,-0.9035000862633764,0.20057518735591018,0.6064098179230423,1.0808989807605405,-0.37262758955388886,-0.14819920009119475,0.6203797176541411,1.223985874299448,-0.23549988315610731,-0.23855356531416227,0.5308123545122443,1.2068191177531415,-0.2261466782569289,-0.28269397766183574,0.5041412405674465,1.1603103795639378,-0.24988251618277427,-0.25633723680568105,0.5634835313498375,1.0693617262441306,0.4613634753159346,1.092744386864983,0.4197660735404152,1.15180557425132,0.3983572301447577,1.213641528657607,0.3735086723577555,1.2629174430478807,0.5382032432897672,1.2051388181631957,0.5127076150517128,1.2944024345118208,0.44443517591674575,1.3114396326616304,0.3880320968589401,1.3104261254669316,0.5915457949326954,1.2166847255720747,0.5448736454528893,1.3052861419438198,0.4637961139373371,1.3088937606698643,0.4067156469283288,1.2944797065820282,0.6148193275652992,1.2189946327416348,0.5728647264111582,1.2941186324689162,0.49899592885374233,1.300601766852143,0.4439385071890608,1.291338636015814,0.6166736428351104,1.216651355598031,0.5826791043232046,1.2750161555124693,0.5256345514784674,1.286503133221086,0.47977395302524256,1.283305130237211,-0.4127022778155009,-0.17575135886483897,-0.3988070195315563,-0.24619502220336187,-0.33224314805694877,-0.29120195633678825,-0.24099176547349904,-0.2970153019259307,-0.1671640979975473,-0.28784271614829543,-0.31352792869389856,-0.3298110559273007,-0.15290896561870587,-0.33544742245777853,-0.12051687873321328,-0.30713817575029356,-0.1311111310752061,-0.29177250494136053,-0.2820024902157013,-0.2970444540486073,-0.1167959680365884,-0.290707193852537,-0.12499501615734043,-0.26342241569400987,-0.1691215158045002,-0.2547322492000963,-0.2517249449845042,-0.2559528935409163,-0.12013681939797975,-0.24912144139722422,-0.14341462853291542,-0.22982778368817708,-0.18849808005487728,-0.226236960290645,-0.22773319050605695,-0.21340588770527327,-0.12452039078804865,-0.20972713477860766,-0.14727526189744639,-0.19768364717543863,-0.18824117219725173,-0.19548920458306407
0.014140881534328163,-0.3628254537671485,0.07814313001374383,-0.4262935303698296,0.111503650035487,-0.42426501503250047,0.15020404925291386,-0.4210099220157093,-0.04696914445199419,-0.4326552596709892,-0.0964469274644943,-0.4338653791793677,-0.14161893950301518,-0.43388384943783287,0.2027513418323855,-0.38081705694492224,-0.21392493561412756,-0.3993427129217493,0.07783031138230304,-0.2797603638239401,-0.07922440199395209,-0.27951482396153693,0.4975053907683312,0.04988372636892811,-0.4975053907683312,-0.04988372636892811,0.6646440128882282,0.5248402115011349,-0.8875087607811398,0.2791007236080233,0.6972284063409442,1.025449434930651,-0.3858724960649621,-0.09985676658089399,0.7235186051438833,1.1671356473532757,-0.25475049322277604,-0.19623063565655643,0.6324227202857186,1.1577431253608035,-0.2479362933707862,-0.24238034177810666,0.6017861633736529,1.1137154522898012,-0.27035369061521447,-0.215306816030455,0.6553774346091621,1.0172419828437385,0.5564175910329456,1.048510377819806,0.5187963051011362,1.111027503662489,0.5010085351046103,1.1743939615838745,0.4802695280375102,1.2254492460073432,0.6420770837926891,1.1562613750208766,0.6218457556037014,1.245725647300547,0.555593240077765,1.2681527067092386,0.49976914497437486,1.2714233443479357,0.6952608970073914,1.163419079404981,0.6551205465705351,1.254956539015781,0.5749888327287259,1.265142589479699,0.5171191085433017,1.2547963810375893,0.7178298596570277,1.1639752370606018,0.6819132236807557,1.2424918582820224,0.6090610993676439,1.2549927265679568,0.5538021926530593,1.2499780979276,0.718958474537661,1.1620555160790458,0.6901535711674511,1.2236146965370438,0.6347796854121818,1.23963111897287,0.5890443830068441,1.2399147142807851,-0.4310438266423661,-0.1326981510402025,-0.42375246640153746,-0.20451903781042696,-0.36205177670373856,-0.2567619512170434,-0.27662431014055383,-0.27331988499361504,-0.20576635579782587,-0.2727287445481574,-0.3445742417531508,-0.2959657844053113,-0.18699325591885096,-0.3169129390797423,-0.14971104791051995,-0.29497889292817847,-0.154631567112266,-0.2810223546714988,-0.3089900350826438,-0.2660698628688413,-0.14690399934023193,-0.27452684858324344,-0.15564548066555495,-0.2488902917587441,-0.19892979299924027,-0.2376098880037596,-0.2748938035759224,-0.2275669801303159,-0.1471247830109345,-0.23492349257871714,-0.17036587256622243,-0.21426660628801766,-0.21394574217237672,-0.2063259922179221,-0.24722275285292075,-0.18684702585106044,-0.1427789437826371,-0.19728942562670007,-0.16404131271037165,-0.18375952524344433,-0.2040889237566705,-0.1766972448228118
-0.011419076695134926,-0.3624696373638334,0.04807315357537085,-0.4302454468572349,0.08145606643675593,-0.43052210630587096,0.12042829425880938,-0.4299720939927215,-0.07738540560327682,-0.4279318797994131,-0.126905272499184,-0.42574280384969443,-0.1719733557402171,-0.42264427691947126,0.1757270784958209,-0.39393310820147015,-0.24148103745771976,-0.383300478590378,0.058014098350939874,-0.2839586516430463,-0.09879244266752976,-0.27304550880961037,0.49974968881795245,0.015819245442172693,-0.49974968881795245,-0.015819245442172693,0.6994346606852155,0.4779740755353013,-0.8682427551134558,0.3437309317549212,0.766610104806455,0.9756218000830048,-0.39145309566833963,-0.06606373513147819,0.8032523461512026,1.116071944645301,-0.2659346780339007,-0.17041401549304017,0.7107146289178827,1.1131068486499858,-0.2620868006095517,-0.21570914937085486,0.6769956579371413,1.0713063498593811,-0.28313053254427195,-0.18737063420105954,0.723510177906528,0.9704073567210978,0.6264102834028417,1.0093699798861966,0.5945998632713766,1.0751722504147907,0.5825253097667696,1.1397545957847421,0.5640519503456599,1.1920099151112322,0.7179250037601766,1.1096918322905645,0.7066215785784339,1.2016411677733099,0.6423534945867149,1.2289580678084877,0.5868721577132416,1.235944254300822,0.7725426243542771,1.1131650156992707,0.7388591586973732,1.208062650968634,0.6594804714387009,1.2239185625925049,0.6010844603608297,1.217065975166008,0.7961534492844823,1.1122133048781844,0.765073048568751,1.1938452111087483,0.6926535570001504,1.2111659716826138,0.636970871567506,1.2093308384498023,0.7978076315510109,1.1100284342713245,0.7720630162209062,1.1733068278487635,0.7167993734935251,1.1929740397881416,0.670558281504942,1.1960202929009218,-0.44169454189321955,-0.09641211645280479,-0.4382314674368344,-0.16803152693246834,-0.38010649517112455,-0.22516907819490875,-0.2951997265301663,-0.24772875046290496,-0.22265913063461298,-0.2514742606680293,-0.36761873449451477,-0.26452865180303414,-0.21124934840311807,-0.2993436241247315,-0.16972669315659156,-0.2791534166338466,-0.17225102684376692,-0.2631155960863417,-0.32955833049271877,-0.2372214798638282,-0.16687730866528885,-0.2588020154548198,-0.16838940093954374,-0.23116912285501945,-0.2072479551044191,-0.2155217653686763,-0.29200335962983603,-0.20188576170471417,-0.16593805295288622,-0.21734517024987626,-0.18416967934094253,-0.19486628137335382,-0.22542352289263842,-0.18368059998185945,-0.2609661813706328,-0.1644277903491201,-0.1601195885178142,-0.18088471047221744,-0.1785198642508243,-0.1658916578125881,-0.21631828329575922,-0.15627679140689477
0.04670854613795199,-0.3587401976078646,0.11656997333246664,-0.4161749216989569,0.14926737868454584,-0.4110662797820787,0.1875592443540028,-0.4043406475154374,-0.008784275101456875,-0.43404267256419515,-0.05841118413042488,-0.4398784866658779,-0.1026544463864195,-0.4440839190185724,0.23717516794886837,-0.35982139049491174,-0.17625823365867913,-0.4167956104758002,0.10298607112054392,-0.2704233179307803,-0.05415419008948868,-0.2854324086209064,0.4903625442531946,0.09769634176126421,-0.4903625442531946,-0.09769634176126421,0.611595834395509,0.5862333454849211,-0.9137634475346108,0.2002874065430862,0.5962474235765647,1.088158454444309,-0.3743430688411687,-0.12935028648337515,0.6093765257362758,1.2327662312772973,-0.23304354337398572,-0.213236471316992,0.5180286389000343,1.214635433968455,-0.2226083830495943,-0.25654545126475226,0.4915817164024193,1.1679138679022643,-0.24758121238905897,-0.2316108004020551,0.5540279946167176,1.0759895656414948,0.4521089649188942,1.0987767561063773,0.4105559873282952,1.1589323146263653,0.3886139767721325,1.2211024005569573,0.3627435059962003,1.269486154175076,0.5290725996121013,1.2122650956569936,0.5000672143010861,1.3019137077344054,0.43146045460098026,1.3179962064692528,0.3756555751825337,1.3167858922272389,0.5813965320953016,1.2247701146443661,0.532205310866684,1.3132813504318737,0.451315980087913,1.3155318156997384,0.3952083095040616,1.3000416560637709,0.6035260774374819,1.2276624398006943,0.5589032993653226,1.3026500643430763,0.4849755061365567,1.3075401476690045,0.43098411546630266,1.2972877217589764,0.6043404407549764,1.2255819302363744,0.5680948946066295,1.2834420238590705,0.5109178863779053,1.293800681739704,0.46578230079435795,1.2900184762682416,-0.4206883721454716,-0.16181042638028675,-0.4052172572550287,-0.23153315778640474,-0.3383359533976471,-0.2789634618405999,-0.2512747719172285,-0.28790145676866513,-0.1791384388355989,-0.27944810832169137,-0.32135678865903394,-0.31641503423846673,-0.16179957108406057,-0.3247197432179473,-0.12191309887799362,-0.2996086710896394,-0.12513050579406515,-0.2858396207215026,-0.28982193279546753,-0.2823794668406864,-0.12878032086304356,-0.2758846367835897,-0.137244759049392,-0.2499908111939024,-0.1809287424887882,-0.2420401696705098,-0.25887026048268896,-0.24036685007482603,-0.13157666106621557,-0.23474263640002796,-0.1538449808922286,-0.2161792562231601,-0.19794609139228694,-0.21255216191568718,-0.23382674217454852,-0.19776319791094404,-0.13026192214710341,-0.19741411000821682,-0.15141470896757678,-0.18564724004921462,-0.19188887251139014,-0.1827298865411228
0.06313404670001689,-0.3557287051878302,0.1355082730837327,-0.4099199311883189,0.16773749372927396,-0.4033494239714144,0.20567237408759387,-0.39484734662081733,0.010589669933216403,-0.43345904804911867,-0.03905866858583605,-0.44156816532924303,-0.08281915255006823,-0.44775284539984106,0.253340588479814,-0.34826047757557327,-0.1570319658825002,-0.4238926882534155,0.11523620270229862,-0.26511480398527226,-0.041001526224865484,-0.2875415920403409,0.48517476605872445,0.12085299491473918,-0.48517476605872445,-0.12085299491473918,0.5827600562443188,0.614163072279512,-0.922042526501226,0.16060027288907527,0.5438273545611921,1.1141388980077884,-0.3657643892855649,-0.14564112416577701,0.550689858646273,1.2592378676543259,-0.22023001704669218,-0.2241784581380249,0.45949335917646217,1.2366568026285238,-0.20970436388610478,-0.2663955047256479,0.4352400695622192,1.1887721146207462,-0.23539988996192435,-0.24250738063138436,0.501369125505586,1.1003655334125768,0.3988288335111357,1.1187732544488815,0.35392102199080744,1.1766833876873393,0.3285003363573914,1.237526491653755,0.3002734407037089,1.2845646468791092,0.4703609500451347,1.236086102498506,0.4363226023966516,1.3225198008677543,0.36816238386252154,1.335864827395192,0.3130181418935176,1.3331492028661451,0.5225356034043365,1.2508257774709648,0.47029498719764445,1.3366276544666102,0.38900100686509154,1.3346403568726013,0.33292247463309554,1.3160587375228396,0.5448680249230973,1.254611912683832,0.4984123828468991,1.3278911070084964,0.4237142747584229,1.3292049794825185,0.3700778768042194,1.3163385876678122,0.5462767278904985,1.2526572854761264,0.5084949466653277,1.3090708963054436,0.4506346195693915,1.3163321528913934,0.4056103730575807,1.3101325592011492,-0.4066492086676984,-0.17508428431825607,-0.3887594942975884,-0.2432969845883502,-0.3191763836162818,-0.2885042853621045,-0.23088078837444523,-0.29533802553136496,-0.15847162949050644,-0.2861871788638624,-0.3034256593313176,-0.32378588471851916,-0.13819536125500978,-0.3255169724059425,-0.10480783900367728,-0.2964020061472025,-0.11535157733981798,-0.2830449352118415,-0.2767131211331164,-0.2867930900148815,-0.11121911713877582,-0.27380844476353444,-0.12345703534779998,-0.2490207326695334,-0.17016248340928344,-0.24484077465516252,-0.2493032330473099,-0.24286098491437222,-0.11610957269503618,-0.23072596759889824,-0.14054036346341214,-0.2138735632900461,-0.1868148648004826,-0.2138591591136447,-0.22722063515973345,-0.19983612127869915,-0.1217335329426108,-0.1941409125917436,-0.14392343665955373,-0.18343798406353246,-0.18517857688518705,-0.18354797444444595
-0.06953785073513306,-0.3543334259794665,-0.02263109920686521,-0.4310197368394851,0.009570388335518168,-0.4365978908898165,0.04802562626489604,-0.4425064130554815,-0.14718971493556618,-0.4075396890215134,-0.19667504577621714,-0.39699540219213253,-0.2399457550853994,-0.3867782600977241,0.10916931181760015,-0.41671688515688665,-0.30034928839520275,-0.3375590174098764,0.011158420071640883,-0.2888447374450945,-0.14210687270927277,-0.25305235577191054,0.4958989642228626,-0.06390788122518248,-0.4958989642228626,0.06390788122518248,0.7667053981059873,0.35992876302401333,-0.7929009330335114,0.4895743487554518,0.9123977049337608,0.8397106864770393,-0.39260124219020825,-0.0025209035625257717,0.9719078381098885,0.9723020641114931,-0.2871537323984736,-0.12827479450922488,0.8781644142169663,0.9845814959942467,-0.29236507830592356,-0.1696945430656898,0.8381331343604688,0.948845914166358,-0.3072138914358007,-0.1381782000176222,0.8679354368552703,0.8434921232996856,0.779709543104144,0.8975928980950983,0.7582755839822655,0.9675053635938031,0.7560989808019144,1.033673158171204,0.7482177382891588,1.0883695125844248,0.8896827284127904,0.9813115302268002,0.8871602011960509,1.0739375993284404,0.8288489316244528,1.1113645328468855,0.7773416761790817,1.1285589289765363,0.9428212006783773,0.9759668123558598,0.9231879977982187,1.0747609614721423,0.8477354179646331,1.1023467301525727,0.7898725719614959,1.104763671522358,0.9644119261941985,0.9712523556911244,0.9461237381262911,1.0565498074487871,0.87800889006615,1.0844154172752878,0.8244371532387168,1.0911113050506238,0.964518199790801,0.9690252286502049,0.9488435784517316,1.035688601299469,0.8979138021573756,1.0632521359404248,0.854091838594589,1.073167409229739,-0.44004692800444856,-0.0025276341379923944,-0.43811326199810957,-0.07170333243079385,-0.38646996782766313,-0.1383192250493171,-0.30637174456336885,-0.17579992336024403,-0.23483330380640957,-0.19424438483533502,-0.39357714962627194,-0.1793884632051891,-0.2450085708853624,-0.24200094400920336,-0.18805623153966097,-0.22684884094198768,-0.17886711815908296,-0.20755195085134232,-0.359308410928462,-0.15619012477684818,-0.20135125490856753,-0.20872682526346806,-0.17166798651479984,-0.18410821508877806,-0.18858732466746744,-0.16174850323565962,-0.32079637785233434,-0.12622690095320058,-0.19190257162359176,-0.15721528321131373,-0.19178381497006297,-0.1328913863312837,-0.2244582478146521,-0.1161986911928422,-0.2846198007471067,-0.09455885245082121,-0.18471801941815866,-0.12114405090052739,-0.19337731234695144,-0.10349667467928249,-0.22609647565140684,-0.09024137518280004
-0.06880200028447592,-0.35388178323896163,-0.023936036762023816,-0.43053078400323563,0.007804972781116802,-0.4362259607107095,0.04670370200600189,-0.442446598501048,-0.14667117736846827,-0.4068582098372447,-0.19620611706459337,-0.3963213827837793,-0.24068043450677046,-0.38580181868429186,0.10714934703419333,-0.41723995334857783,-0.3013571529249063,-0.3370316555197959,0.010585003724452244,-0.28879573372381717,-0.14065688229103926,-0.2527249687598054,0.49560285459618364,-0.06616502487050087,-0.4956028545961838,0.06616502487050087,0.7689275899686567,0.35660052567720124,-0.7763481083902513,0.5059336957391591,0.9177890075906672,0.8363746471457872,-0.39097389214378386,0.003471496027001428,0.977945898105495,0.9677905852795573,-0.28604064217423886,-0.11959821841843588,0.8842043307279063,0.9806968628125735,-0.2898005566383636,-0.16004250662949557,0.8439619537301986,0.9452957952927195,-0.30520391436771926,-0.12790227190291475,0.8729658913982463,0.8397470592996306,0.7844143217209665,0.8940537208017335,0.7632192863934405,0.9637179467888672,0.7597740847927205,1.0298592340096828,0.7507481456031373,1.0845448872975012,0.8938512229517283,0.9777718302823374,0.8929147394275397,1.0699580389031356,0.8353108435669939,1.1077145653987603,0.7841130471331403,1.1244103297625714,0.9479871405906498,0.9717928647800869,0.9296463731513853,1.0709967956405508,0.854613817849883,1.0988836722242232,0.796970507370514,1.1009233636953568,0.9700829607562584,0.966654557399748,0.9527956256627254,1.0521278781285255,0.8851327306790217,1.0809042383330425,0.8314291001091668,1.0879347120043634,0.9700793010958556,0.9639382106799885,0.9544972075227635,1.030485845544992,0.9038413221043657,1.0585257036937827,0.8598613151400643,1.0686030825869657,-0.44028242839628684,0.01686961801291032,-0.4228865703267166,-0.04844270548256127,-0.36088526511812663,-0.1115191169942979,-0.2768160323978878,-0.1456249251869675,-0.20944629596401726,-0.16206368025444529,-0.3737707636794761,-0.16548048262060958,-0.23990695010675897,-0.22818993246728866,-0.1631078634541163,-0.22822383902532956,-0.12152242351903185,-0.21748266264335558,-0.35246771871491167,-0.14360549626907398,-0.19717656020821828,-0.19529484797828658,-0.13304168720661252,-0.18108879095886604,-0.1087215895773963,-0.16059687415875276,-0.32619184576435867,-0.11377846634805885,-0.1926415998495738,-0.12701716598944351,-0.20117349251666558,-0.09654517020671531,-0.23490114330732276,-0.07644252521150055,-0.29766308658477697,-0.0817500237957896,-0.1938778928698133,-0.08767728160807983,-0.21150105850802614,-0.06534956307423324,-0.24536959591238222,-0.0514341268067933
0.032903914771577725,-0.35912175574293675,0.09472079026805515,-0.42093524147640665,0.12657692517272165,-0.41796114592387434,0.1667289333325389,-0.41348361977683046,-0.028349502739841007,-0.43130928227709275,-0.07975304512644907,-0.434690204245193,-0.1266882948886791,-0.4365176563552062,0.21662812871220863,-0.3735390337513536,-0.19839985118750894,-0.40494440484573596,0.0909333074826997,-0.2755066393837529,-0.06350637007584199,-0.2814279489463516,0.4953902382430787,0.06773855514746205,-0.4953902382430787,-0.06773855514746205,0.6474867786500684,0.5471206269859682,-0.8529757017492547,0.2954277159938896,0.6638163552378731,1.0487492519941448,-0.371762338523492,-0.09136843719799692,0.6867506068052684,1.1907311352128924,-0.2319647711770311,-0.16949261083029424,0.5930318073440346,1.1783763799518054,-0.217090803086509,-0.210736553743156,0.5639509723765247,1.133682326796146,-0.24446793708020556,-0.185391820172697,0.6163294157754704,1.0416533017202751,0.5165360204936789,1.0693163621995663,0.4801409151803542,1.129550286493366,0.45932956154562327,1.1916555029071587,0.4363986136447744,1.2416010927756411,0.6031424016904476,1.1772151055418862,0.5732522906438939,1.2670699883226326,0.5072367585996167,1.2879917849385876,0.45346432180143786,1.2890057104973083,0.6576238390895819,1.186107241344825,0.6097140854522027,1.2782145844876727,0.5295388412703785,1.285609158291455,0.47334176500912756,1.2726400690365676,0.6800666984521109,1.1869903724941202,0.6373619880297043,1.266216400727818,0.5638177418032534,1.2763394443440033,0.5092771914093459,1.2688317990301168,0.6797597465123781,1.1842143565913175,0.6454731046800594,1.2456155348839821,0.5881528806076646,1.2599288264561859,0.5417481439595019,1.2581043577298052,-0.42751694092121045,-0.08079707798256337,-0.3636784551531055,-0.12847104500791387,-0.27852121397476487,-0.1707505924011372,-0.1995549592723293,-0.18733021949594145,-0.1400866253672354,-0.19544019995801315,-0.28726912260584675,-0.2338578768565986,-0.1644496364622233,-0.26445051774975614,-0.07928399018798286,-0.26432309043981894,-0.013017410339815402,-0.2572629716005044,-0.294178489102031,-0.21459426741326285,-0.12840110459942844,-0.21531175668511393,-0.03330197538388913,-0.18915361772201966,0.02777236698789552,-0.16438356189224004,-0.2957595819606543,-0.1827912445009602,-0.1505093746039715,-0.1522707324869037,-0.18483129003072324,-0.12246453067805699,-0.23211525225461097,-0.11118541755440126,-0.2944527808339397,-0.14554893007284964,-0.19019522355510443,-0.11884165530046183,-0.21808251345986676,-0.09950914118757635,-0.25498906610786914,-0.09448293670396442
0.02800133640556345,-0.3590828971772063,0.08869354776731035,-0.42245628954945164,0.12027162526245383,-0.4200523350035407,0.16061065857053528,-0.416283154548746,-0.03356730623340592,-0.43134484518077465,-0.0853501438152926,-0.4343086623119577,-0.13299565607193645,-0.4356020585643972,0.2109255399127182,-0.3774786415422262,-0.20445996088739343,-0.4024164187327906,0.08715516956053712,-0.27787276468931804,-0.06711769510898109,-0.28174585919240624,0.4964741292980433,0.059274268766048806,-0.4964741292980433,-0.059274268766048806,0.6573045488114487,0.5359262972253576,-0.8214429460488325,0.3167709032179277,0.6794196200037362,1.0399674327695057,-0.36548684743818227,-0.0650193356080289,0.7041517383641889,1.1795999597181313,-0.22388693656078026,-0.13694757099861266,0.6107353794371976,1.1693324298958816,-0.20276726515513088,-0.17734507617526066,0.5812260934310512,1.1251308125326425,-0.23060951021082118,-0.15377237026442211,0.6311411355724974,1.0285699814792901,0.5333533518595042,1.0583068595326934,0.4976371881254579,1.12089326780071,0.4758371693197907,1.1828654983250673,0.4507387450384124,1.2321545501308697,0.6177291743647226,1.1659588415582334,0.591436027980006,1.2553108519350127,0.527721087047587,1.278920780527992,0.4753782830838131,1.2817042498109552,0.672081932375125,1.1735737713350969,0.6279385294397725,1.2659960895714288,0.5491084134364438,1.2743339506738274,0.49399287378747997,1.2611382341685908,0.6946575340069322,1.1737725339626945,0.656222341808739,1.253776651562486,0.5834766923712913,1.2639565498077245,0.5305437409482193,1.255856280294447,0.6949775377589086,1.1702005580864183,0.6640658799890087,1.2317915976936598,0.6071623673481387,1.2461250752702746,0.5616685364940945,1.2440664516824758,-0.40476927450735745,-0.046333229141116095,-0.2867864631487174,-0.07254999435005142,-0.19920683140826637,-0.10843246432297887,-0.13314016507302798,-0.1329323070376302,-0.0770859092734994,-0.15330785804527391,-0.25278635211889205,-0.1955841535058916,-0.15595675528018663,-0.23711319818616045,-0.07765510892067877,-0.2529195342029608,-0.015056242261673347,-0.2625796378924957,-0.285775961080841,-0.1893289949794203,-0.15538463870285685,-0.204765838678395,-0.05783455352576354,-0.19053387610002512,0.010912913666454447,-0.1739685129278353,-0.3080149497519697,-0.16621280298754412,-0.17204191747851855,-0.13387854728698967,-0.18172476017364061,-0.09141777402324701,-0.20979693288778709,-0.06729949100561741,-0.3195900330872865,-0.13143654117217274,-0.21563680188883652,-0.09478640364298282,-0.21889850878620962,-0.06737519726311299,-0.23613656714831974,-0.05506252545836017
0.03836283923739375,-0.3565052578904911,0.10121196774971837,-0.41903940970742903,0.1325281788404435,-0.4156105766133767,0.17275569244304448,-0.41084344942444334,-0.02017537514186257,-0.43223718944701817,-0.07157080115723087,-0.43744343459723656,-0.11918607105985128,-0.4403681614924082,0.2220447073048667,-0.37154660166360454,-0.19126552578990916,-0.40932990669979924,0.09554991601619624,-0.2771409069179267,-0.0580487147486518,-0.2865137077981831,0.494840016559666,0.07164745641842095,-0.494840016559666,-0.07164745641842095,0.642640532434311,0.5521198600804536,-0.8051036147575082,0.3084489587468148,0.6484918626933656,1.058501351224477,-0.33985517605092186,-0.05054244864570087,0.6684448171602113,1.197805080196077,-0.1914444471669264,-0.11286802553844275,0.5759062153254173,1.1851239324378866,-0.16050743815509497,-0.14623281586787573,0.5481821465071526,1.1401856666107075,-0.1902435016445488,-0.12282840196207401,0.6003196396251513,1.0442903004708968,0.5013874752324592,1.0708246414918619,0.46237208039048966,1.1308879303929216,0.4385425872605112,1.1919288351003676,0.4139280753400147,1.241214811628337,0.58332824255522,1.1813027171936878,0.5496468959842585,1.2685852188201083,0.4853934333071137,1.2898621405568738,0.432975439640481,1.2919946224648098,0.6364196517633751,1.1913645196506313,0.5861833874617953,1.2811557727923175,0.5075818852928823,1.2874935398258398,0.4524499538803624,1.2736882361540829,0.6582366263515651,1.193006667263368,0.6160727868852228,1.2719953968652526,0.5432188435203583,1.2807437551385608,0.4894784283806847,1.2717921512432633,0.6575956847547093,1.1906567304379228,0.6242624303441295,1.2522354688816233,0.5672855626183431,1.2650147180915896,0.5212256887040561,1.2615834190523922,-0.38098393215217147,-0.029578350180138695,-0.26727100602818704,-0.05708263241465096,-0.18940495416596545,-0.09214514376028579,-0.13975038467212159,-0.12060156237606655,-0.10902001656093385,-0.13763547459476738,-0.2203768594159053,-0.17296371723799817,-0.13614509441000863,-0.21715977990128044,-0.07746250563391083,-0.24006535624759304,-0.026157438526735147,-0.25706293916370393,-0.25655651278128433,-0.1704820674525017,-0.16156321661988107,-0.17992916815411641,-0.08944276684709891,-0.18608280867050336,-0.03238952275466534,-0.18871358876394292,-0.28646666846099367,-0.149949498104934,-0.156954033174578,-0.10207370391248101,-0.13558355701140246,-0.06459947420499829,-0.13888787765567376,-0.04194279181601824,-0.3053295393545228,-0.11520980435452283,-0.19357822714323378,-0.06701811789276457,-0.16958588454100398,-0.040976968017617535,-0.16896178284605923,-0.028085713777370156
0.07416705720891202,-0.35175244234954184,0.14251041916270252,-0.40765533798323894,0.1731880209874193,-0.40128029442259167,0.21271787690914362,-0.39273337979925066,0.023302413005042735,-0.43215279062641115,-0.027234927168988225,-0.442047704494268,-0.07422421207532104,-0.44928695512893985,0.25781321686021125,-0.34910415418635865,-0.1488593252408601,-0.424834905757478,0.1235354959869044,-0.26756466656091277,-0.027971079990692333,-0.2917059529566741,0.4862156253792441,0.11659487826260008,-0.4862156253792441,-0.11659487826260008,0.5868534321763875,0.6072647214933912,-0.8138852060096855,0.2431727972868088,0.543988087417659,1.1099690131105557,-0.3087545596105576,-0.05463073274578053,0.5501003684206491,1.2499403279621686,-0.14961816023817467,-0.09830181435814901,0.4598518328722118,1.2284986079653333,-0.1130571423335111,-0.12793336482032638,0.4368435293718552,1.181366244392057,-0.14601365749435713,-0.10820117411736427,0.49722963374913604,1.0912371831743801,0.39631331557991334,1.1077368623451505,0.3500852710309111,1.163389374251645,0.3205451607563974,1.2217394453305641,0.2911755912142699,1.2682470267499104,0.4653064215663011,1.2271698961594342,0.42332198588305003,1.3099512780578149,0.3558046416293544,1.3234152121971305,0.30261748087364443,1.3186695364232135,0.5168020840114431,1.241612026685759,0.4577781777056748,1.3252194141163232,0.378983359143153,1.323288181032153,0.32614202072369997,1.304338390758778,0.5385410509678356,1.2445489350182015,0.48846921248707303,1.3178287935720614,0.4152354372743283,1.3196605673057964,0.36293307997810986,1.3062434521416038,0.5393080613915511,1.2415450539189736,0.500612166604792,1.2993840045098797,0.44266462427980335,1.306792031647513,0.39730147899414625,1.2994351870133118,-0.34196053387745806,-0.04032259738063274,-0.2148312757548694,-0.05187178810495858,-0.13073309329179425,-0.06674378689442416,-0.07924856391292451,-0.06995385263045574,-0.057113195153797994,-0.07014123175920993,-0.14894210953970904,-0.1637518965433418,-0.09593596464729348,-0.21220994574266097,-0.052017586130189454,-0.23348494326930141,-0.012423648834349732,-0.2523942400330235,-0.19948741484799445,-0.16657481634981114,-0.11452136444078856,-0.16804187495273967,-0.07176169321411412,-0.16869246352120207,-0.04392672009363829,-0.17504105806064782,-0.24194721570419084,-0.14642474024762292,-0.11791152864077435,-0.08144285949416027,-0.07631037835741439,-0.0415796762121629,-0.058615882585250745,-0.02077612680981198,-0.2720935996239101,-0.11024301008362576,-0.16185386506213217,-0.04792035463984992,-0.1172898079234776,-0.01938496806326648,-0.0943831231378651,-0.007170138512960923
0.06356389163777293,-0.35490155199100676,0.12942973865619992,-0.41315202062695877,0.16039207554647536,-0.40801030644061226,0.20063436446777577,-0.40098020373477206,0.00950448371917809,-0.43308462131645176,-0.041229410829274366,-0.4411369448844733,-0.0882705293160432,-0.44669529182680884,0.24677730944249332,-0.3592143257702516,-0.1609848541831817,-0.41936047934901627,0.11709839064639121,-0.27202792467555625,-0.03302989352422558,-0.29110525878244886,0.49010136558256956,0.09899823965152384,-0.49010136558256956,-0.09899823965152384,0.6070607785446667,0.5852023384810507,-0.7760638296404513,0.27562840974198183,0.5815724582979087,1.0882553513592814,-0.22678413054840096,-0.029759132053881077,0.5924284085426741,1.227731212533916,-0.07521752272676595,-0.08734163305371975,0.5017115943161529,1.2094238225026899,-0.06322481636600233,-0.12596371342288687,0.47744234894442744,1.1633387203627406,-0.09426493660793603,-0.10311284612859861,0.5342189409897002,1.0706510852990079,0.43367112746652925,1.0898315650305972,0.38897544130178197,1.147497005320936,0.3586370483098038,1.2076009275058406,0.33043074261948535,1.255666475415582,0.503156442784067,1.205775825059715,0.4651175023594596,1.2917157982905951,0.39787680722787794,1.3084529235422877,0.3447500635956947,1.3054623838853103,0.5560729061791667,1.2194188776858992,0.5009559519673618,1.3067319369430612,0.421940150635003,1.306848305567118,0.3698704894175854,1.288803668007227,0.5792959183942911,1.222836422197225,0.531668331640728,1.298583448220724,0.45832935223934873,1.3016696462046584,0.40752977540111096,1.2889724248425922,0.5813773195716055,1.2206893532389111,0.5439955595472503,1.2800686560485208,0.4861883007898033,1.2886202354433136,0.44219115134926096,1.282168885613237,-0.3293490260316002,-0.012913528899813436,-0.2265751409647225,-0.04066617683059201,-0.12505641374155413,-0.05460983380073741,-0.03391617502695403,-0.037148859920959995,0.022236997224746532,-0.019411743962642627,-0.14420251983235105,-0.13713078176624993,-0.06369632514557111,-0.17126370815769323,-0.008745487773213514,-0.19315090796804507,0.03577804654606261,-0.21076337453382232,-0.1801886070722671,-0.1304172856662329,-0.06391996143648074,-0.11507980850466926,-0.004330304319498773,-0.1043999238675545,0.03534516685851865,-0.09941303172299054,-0.20755625047114304,-0.1016688706068824,-0.05225020748742074,-0.024256118437584483,-0.05019941683236189,-0.004425041873751566,-0.07267888238092686,-0.005831607238682365,-0.2207141903924142,-0.058081050968528065,-0.08558331696705948,0.009584249697203073,-0.08513353345596358,0.021460978753170375,-0.10829593242911689,0.014929568012256719
-0.025832070540760553,-0.359849818670699,0.021346966701562366,-0.43246989771612426,0.05268330868440647,-0.43539318832484425,0.09368221458019213,-0.43889462278013947,-0.09965797677891462,-0.42122095119708736,-0.15079623437390818,-0.4161439805168823,-0.19763346771305415,-0.4096005575654229,0.1478365183004753,-0.410795432371407,-0.26072389685306163,-0.36451658248871066,0.04712889274046596,-0.2930898404233643,-0.10107602486279131,-0.27391300613225306,0.49918324032680833,-0.028567334086818656,-0.49918324032680833,0.028567334086818656,0.7344549585862254,0.41116937725233005,-0.6370620288392649,0.4591081376831115,0.8367297272939388,0.9030677420243087,-0.19356348310093116,0.03719531508908073,0.8826307477841457,1.035233947074101,-0.053411541822915215,-0.05108587952312946,0.790566765066935,1.040493382939039,-0.05748590173646355,-0.09349389234225225,0.7556852097420995,1.0023090294807013,-0.08987897121747791,-0.06256360609992673,0.7846330631769375,0.9004103040500602,0.6925051706210847,0.9448613594615222,0.6642952709453358,1.0107997494494774,0.6511293188139599,1.0756823887465463,0.6345057606686774,1.129063130920738,0.792011696218938,1.040880405065411,0.7737689961010862,1.1314172010635926,0.7132870233408416,1.1635112121253337,0.6618097585893536,1.1748215341275938,0.8455688677734392,1.0401641452852015,0.8127852547376683,1.1362011797915992,0.736925728124395,1.156693534536444,0.6810547396875213,1.1539712905343593,0.8677753122820924,1.0367834000270668,0.839875982262912,1.120333218180017,0.7704492573943473,1.1425760482803395,0.7169266471976321,1.1450490905567199,0.8680830303215407,1.033652353608685,0.8460542203597479,1.0995054574987706,0.7934259839205067,1.122667055896084,0.7485919450642909,1.128810358371397,-0.2759397187875908,0.07351600854578623,-0.17854660375759707,0.02087270446421433,-0.08225715791378965,-0.014387191319080492,0.005344138033975047,-0.020252812045643054,0.07718873606885318,-0.023013675790673118,-0.09801650286953183,-0.08143477007092487,-0.014334008022161704,-0.13011141665524356,0.03977336269221738,-0.16114113627594095,0.0849331607628418,-0.18636269046819343,-0.12744305605238243,-0.06504596107227734,-0.0207500457693917,-0.0871503286826867,0.04559987753194103,-0.09890197922759265,0.10040020749658347,-0.10998707113555053,-0.15417841853630035,-0.033029604473876144,-0.030649567680964163,-0.018621210382786784,0.03723933139484561,-0.006436095466398181,0.08633921093233989,0.00014412355212941244,-0.17377588380508577,0.010815363312489328,-0.07229133012896406,0.022938318068685678,-0.025156353058603788,0.034948225462438746,0.00906809702013438,0.04263297746210322
0.07859495538002687,-0.3505878723138281,0.14490421856279168,-0.40613266099706585,0.17565727551257104,-0.3998593137624933,0.21583655242261623,-0.39135282381373493,0.025066153066573102,-0.430498111228317,-0.025399276653019973,-0.4404262278803958,-0.07124943504315409,-0.4475563585394412,0.25938674666372613,-0.34917079203573953,-0.14375710957986954,-0.42215434289346926,0.12938841428008713,-0.2656001209731958,-0.017599844619866464,-0.2903134246093199,0.4860926538529212,0.11710649798463,-0.4860926538529212,-0.11710649798463,0.5804853715068052,0.6042009044797395,-0.7291686429961043,0.2586703723016026,0.5352515825263413,1.1012961833263775,-0.14328583621073354,-0.006523226899415414,0.5414986398643518,1.2417525585415794,0.017202956680542083,-0.04889807956116026,0.45229492359220347,1.219673484280499,0.02098717995108526,-0.0891661951053818,0.4300275165982269,1.1732897996621625,-0.02529248105268416,-0.06943870109873124,0.48524405651144503,1.0854768973757556,0.3838244124679716,1.1013447166010502,0.3356191626981365,1.1557362165928942,0.3035258443153541,1.2135080106055633,0.2722980716185612,1.2595969666735247,0.4496395657302395,1.2191923103085227,0.40531398301493327,1.3010282239829938,0.33829524890956125,1.3149820998207675,0.2862633043580278,1.3101525578115596,0.5016891392768181,1.2348941832842975,0.4418549704427984,1.3176651724703645,0.36408906212577496,1.3164666472221953,0.31256584306754787,1.297666488318915,0.5247510669457782,1.2390097068689068,0.47402073058643,1.3115022962351994,0.4011451336711495,1.3135525751336352,0.34935879640425654,1.3002639841440937,0.5272438828516184,1.2368326094211033,0.48709980072268005,1.29383103663679,0.4295317311831744,1.301327902469444,0.38473623732594325,1.294277035843321,-0.21391574240777406,-0.0014357702490642391,-0.13264288055336154,-0.048206127183381846,-0.022141072003684238,-0.06794619195426968,0.07240936064977223,-0.0654936992203975,0.13971904982534578,-0.057457333732698755,0.0021081736953639544,-0.09092382173980654,0.1153374338772213,-0.10114689892653105,0.18943112855954766,-0.0990197801423895,0.24696595239308092,-0.09167715194395341,-0.01820121034510856,-0.06607311393416394,0.11113121751917535,-0.04789913395329485,0.19759355159124795,-0.04178851102029968,0.26734149401861534,-0.03547309419096404,-0.044938178600964704,-0.03505019186433067,0.07780742591378488,0.0160880296719819,0.1345267421519126,0.033706473878110786,0.17095809190298408,0.04286494250156702,-0.07665837658003591,-0.0027845439913789924,0.009233330810230998,0.03445022638866814,0.049217991253691036,0.04680110311307198,0.07853002871576317,0.05211139448139036
-0.011976681376221824,-0.3559724217268784,0.04007712268172111,-0.4252894506913572,0.07112914046267485,-0.42677346527422133,0.1117145281215472,-0.4284462791285452,-0.08439680188267831,-0.4192354766094967,-0.1359387510596499,-0.41633525620982176,-0.18123945227980154,-0.4119338790241621,0.16533971749359141,-0.39850165713542784,-0.24451826691978962,-0.3694814859315859,0.06030064282352928,-0.28585125520355276,-0.09120492167509917,-0.2740821758081292,0.49991620077634846,-0.009153808024074929,-0.49991620077634846,0.009153808024074929,0.7138155102347198,0.4450110362163091,-0.6213890727723743,0.43379014087750706,0.7916125761328396,0.9398618054520486,-0.09891870178779323,0.03390871220882359,0.8325333815736212,1.0753906064715388,0.07506781971557551,-0.04376186163806812,0.739988319114284,1.0759499423143655,0.0828148666401971,-0.08641745339384632,0.7065791362953331,1.0363921618311,0.025959891700674663,-0.05535057884195287,0.7380093822558179,0.9383806479289101,0.6429011151841847,0.9786568119715477,0.608724195081977,1.0425519877629041,0.5914203142703,1.106071639182152,0.5729080587490694,1.158598168113919,0.7351425102474884,1.077393107740158,0.7103081528321961,1.1667045982987894,0.6483669218773872,1.196271619558781,0.5972806109982979,1.204020032863262,0.7898965058337049,1.079841194773342,0.750312572513644,1.1746866352785188,0.6743468132575006,1.19200599477317,0.620563686715442,1.185867807440219,0.8136927909955666,1.07782010416038,0.7807393155085998,1.1611818353087175,0.7095146052131609,1.1803432235509317,0.6560690944674457,1.1793120424769579,0.8157492017750444,1.0744112339048029,0.790258689262172,1.1400824704799455,0.7353634221173512,1.1610114259119666,0.6899623675452903,1.1645524436589243,-0.1272195723374493,0.037915630459734964,-0.050856504019326176,-0.02780273604425621,0.0702670412935322,-0.07333736379043856,0.16727128467299895,-0.10506405665188334,0.21626983368609928,-0.14018715994683878,0.08996196213486088,-0.0918689867343459,0.2185283877943628,-0.12345475030729296,0.3118029489134256,-0.14493809284106024,0.3875672586162601,-0.16178635665666685,0.08251332354031714,-0.06338897042456938,0.22179032864132492,-0.07112875093309835,0.305071727588184,-0.07756355844859318,0.3718432564493647,-0.08465450158457309,0.06775153492435067,-0.026745179228103537,0.19965343755633444,-0.007535797537301236,0.2561686409372259,-0.0016133943261056145,0.2945615871976292,-0.0031266621073383974,0.04491410997989738,0.013458081242908022,0.1349746833652053,0.027395214365990225,0.15621009364455665,0.03342870320411878,0.16934086035742202,0.0312287108547761
0.0013789495553058336,-0.3557132643000868,0.05643879910250055,-0.42063181615239753,0.08729207397894952,-0.42062526479102186,0.12780942370039894,-0.4205040198299108,-0.06851332738231332,-0.41967298372256084,-0.12022935608047501,-0.41855355061819854,-0.16563869805604542,-0.4158116436402192,0.1798827049837123,-0.38858306783706414,-0.23073609415999113,-0.3762131277679762,0.07087138445585343,-0.2822883575118439,-0.08338849835616129,-0.276694926641035,0.4998773640940653,0.011073430650399101,-0.4998773640940653,-0.011073430650399101,0.6929252124649261,0.47493640218640804,-0.6062400734276092,0.4046662605769816,0.7460429864107676,0.9752517099897957,-0.022218960660994238,0.03134122616005096,0.7754959937439281,1.113140344051696,0.1772614429849031,-0.041573182540557474,0.6884012061696342,1.1087251229985715,0.19583858503743648,-0.08425191413088386,0.6581050373083838,1.067697845509014,0.12531435681260408,-0.05482187264751098,0.693018687204275,0.968934242917795,0.595314127937551,1.0052130734490905,0.5594806968001963,1.0681021701844284,0.539544208062957,1.1313389045917266,0.5167128201586367,1.1827210115712705,0.6823382953271144,1.106862605849845,0.6534042528101296,1.1959623182764225,0.5913397097219889,1.2229438680594882,0.540602897154538,1.2290891355526912,0.7379763097354558,1.1116988646511439,0.6938559401828053,1.2055730413500807,0.6177049602553418,1.2196983076016743,0.564516322756676,1.2115932494131374,0.762402266163274,1.1108223141255722,0.724933319987702,1.193500033592923,0.6528141065926432,1.2096564560860774,0.5996073806590358,1.2064799848709404,0.7649427802499444,1.1078550865412835,0.7360471500634073,1.1731011213175184,0.6799532566675621,1.1913267275228692,0.6342444998806129,1.1925243222683106,-0.046460954677366245,0.025090235290449982,0.028718737566177134,-0.03707550093793141,0.1253182440268868,-0.07194788236613905,0.19330205294343436,-0.09698375309012494,0.19980910933697119,-0.13028822204574092,0.17020135870649128,-0.07852886828263196,0.32306278927476834,-0.0985630741658676,0.41333753767481346,-0.11098719585950746,0.49050943793959134,-0.12160610821099316,0.1670019959383923,-0.05589064860272457,0.3355223670284583,-0.0701368874059493,0.4399442393625135,-0.08598956860444128,0.5252312850573171,-0.0980974558345205,0.15450910162472561,-0.024186416889948468,0.30626496448664153,-0.004554647043504081,0.2926479846933611,0.0054838793852204784,0.2639143705327856,0.00926214307142519,0.13863882868636432,0.013213743831732799,0.2566418635958598,0.02142516921086099,0.296140995265723,0.027351200486607087,0.31850688937045696,0.02697072532886257
-0.0761529094203196,-0.3435081803266289,-0.03349352773716592,-0.4180478754958158,-0.0038706902392169795,-0.4239620855431557,0.034206485012469055,-0.4316213360178827,-0.15610265429528694,-0.39190872699950347,-0.20612496011752604,-0.38041251158682476,-0.24944162757738808,-0.36867873545872554,0.09227028208725344,-0.41143833381702716,-0.3047196277451173,-0.3171613667819517,0.007103181636832893,-0.28592539914565046,-0.14546967637133215,-0.2490004889755666,0.4922292264413108,-0.08780881867437237,-0.4922292264413108,0.08780881867437237,0.7636919657615371,0.32839883022331956,-0.4926502064942154,0.4984516100886402,0.9128759276143609,0.8117687450483905,0.06318229116130566,0.020268574049752006,0.963213944321116,0.9422765257621947,0.24671655176797416,-0.0928892632292769,0.8815962839478826,0.9531962991382129,0.25749796329244157,-0.13866833724167177,0.8454489367230347,0.9188004913710166,0.19630040060358686,-0.09631712573899258,0.863304583924124,0.809684304952329,0.7754520353776085,0.8659629248878654,0.7520388046950961,0.9344053786794272,0.746216090747591,0.9998765490434358,0.733036079668609,1.0549386632321516,0.8801014497988977,0.9469512501572225,0.8685724775176408,1.0405197600200708,0.814120196605954,1.0794734585230497,0.7668493887888416,1.0962510257202889,0.9368571524661972,0.9397697403936535,0.9127434844322941,1.0408997755695875,0.8420320572399942,1.0696902291601047,0.7887707483030797,1.0723828230644326,0.9616399173039442,0.9329820532471287,0.9432799637364456,1.0215156989495864,0.8766768094984445,1.0517848527211353,0.8238825508140472,1.059584909083935,0.9642192779745513,0.9284036563695659,0.9500337562736835,0.9979230449898906,0.8992453454049586,1.027522259649659,0.8548629718264451,1.0387529153427884,0.019836658779889247,0.011246014107137617,0.07033798815138238,-0.05391471662286756,0.13930831976130834,-0.10390846279921188,0.1743120777790556,-0.1377630479905901,0.17085457169602433,-0.15894926221761496,0.2253004112005883,-0.1344213870774758,0.3676237053532619,-0.18353890843103238,0.4557476107371388,-0.21687687742022052,0.5247455354787495,-0.24548050409677688,0.22759695885545161,-0.11172135332082292,0.3897017058209892,-0.15404434087395158,0.494412013562479,-0.183842335119786,0.5805286657321763,-0.21127749056385928,0.22016421788293386,-0.0776450154986548,0.35496685717668874,-0.11710930274012255,0.41100809942935757,-0.1406997325342429,0.45292357039423586,-0.16433747888692427,0.20519796839157253,-0.03727013182365526,0.3118090314080067,-0.051697773296552826,0.37460105267160854,-0.06194455564761617,0.43055703291955433,-0.07609136428447681
-0.010675181262534084,-0.34806756348106693,0.05071927982034771,-0.41042685686526265,0.08108189589762355,-0.40914917401242046,0.11573220884972447,-0.4079814444373355,-0.07575118139072899,-0.41280955451359097,-0.1261958035027831,-0.41265045999797223,-0.1685698824977459,-0.41101973016866006,0.17254021466698602,-0.3756257571097536,-0.23113001984357806,-0.37389800011783014,0.06081980421415739,-0.2733357308722842,-0.09838870521549843,-0.2722500144108123,0.49914708041389405,0.029192329716648823,-0.4991470804138942,-0.029192329716648823,0.6539422839215051,0.49501065373625036,-0.5714264430521118,0.35696395198947484,0.687711014413683,0.997922226373268,0.10099753038714451,0.036576638413980914,0.7049545450883411,1.135990490983958,0.29252751906151037,-0.031098054708908123,0.6244803899623724,1.1272783979819598,0.32740793228333176,-0.0728802689215215,0.5975596255634897,1.0856757379691653,0.2516402621640638,-0.04669884847558867,0.6445365618351055,0.981298251180716,0.545067738168345,1.0164868121147912,0.5057892162831223,1.0785286957453672,0.4836563561611875,1.1408168829402638,0.4579304447276445,1.1910519443969887,0.6277827314289894,1.1197448546285147,0.5922944545374677,1.2070630262108506,0.5296765902432419,1.2325836421751495,0.4786772325237691,1.2393472917557493,0.6844538922992317,1.1261012349378867,0.6369062741484294,1.2184684791964586,0.5615381026895423,1.231120708136206,0.5084778015466076,1.2233185233224364,0.7093837798378411,1.1253716449020632,0.6697850308242168,1.2069634610410354,0.5978372334534638,1.2213883623063657,0.5446167066560282,1.217774192891144,0.7118824688361556,1.1214071127304863,0.6800953831390399,1.1859216964256087,0.6234948857089251,1.2024456422968082,0.5781036049734778,1.202856852039532,0.08069396183402645,0.01063604464099659,0.196528967708388,-0.01675458960724502,0.32648052696088964,-0.018903359639151147,0.42644415222086296,0.007064150055882481,0.49114361169881576,0.028979856338757746,0.36308115826567045,-0.07249405845919453,0.5096975297703684,-0.08380687677983044,0.5963239758528289,-0.09632049061483078,0.6667366491586977,-0.10831545760388196,0.35342795633048896,-0.05247490879037776,0.5204086011780491,-0.05264245661063895,0.6231519022149584,-0.0577591269419519,0.7117703298213959,-0.06265116885569165,0.3281956029211653,-0.020340550553157692,0.4698417673999228,0.012245336166967663,0.424854665361179,0.02490182205435631,0.3780742075028678,0.024231326867284835,0.29612322969340293,0.019720198850731906,0.41012743553560754,0.04246403024084623,0.41508528824566177,0.043741459284207834,0.4089861071157066,0.03722658398647589
-0.04509910338321955,-0.34404140068741357,0.012738002591717364,-0.4104013300998913,0.045212410095744324,-0.4112078284850804,0.07673669254241271,-0.4122979111416411,-0.11594877394440203,-0.40402853264063765,-0.16439264309630328,-0.4002400290209223,-0.20463709284566278,-0.3957715712468875,0.13886500783824898,-0.38417281954071736,-0.26158535176947334,-0.35484930994056335,0.03555138603939923,-0.2744877624609996,-0.1264676225905504,-0.2625053447980483,0.4999926483977792,-0.002711373853742523,-0.4999926483977792,0.002711373853742523,0.6738238652889804,0.45223849961669943,-0.5311617157128915,0.3750715832773475,0.7453579047306793,0.9502550930219654,0.14305933162793208,0.029552529471885764,0.7719099579050295,1.0874110337384837,0.3095281466242758,-0.04995902355963787,0.690452765718287,1.083729804777806,0.3414615367690909,-0.09401667666655587,0.6606306879544526,1.0440983616886361,0.2733400193822618,-0.06401308462973684,0.7010670016166187,0.936702250948846,0.6047016373275742,0.9791617972350433,0.5695815501934175,1.0432820888606342,0.5524020638616364,1.1065775564701814,0.5281449449856277,1.1581290439896785,0.6909807069518044,1.076213370115684,0.6604531924747725,1.1658557385285975,0.6006887054694865,1.1956150897455058,0.5514022735593754,1.2051732139094895,0.7487017150605206,1.0786896395268468,0.709834903397663,1.1740142512072083,0.6369588161510303,1.192864459946574,0.5839307803435366,1.1890273155631,0.7755349930933605,1.075826159214482,0.744885176601781,1.160118945121786,0.6750716354887959,1.1806914308230463,0.6213346440900652,1.1818638715804526,0.7801077075684104,1.071175284975802,0.7556960015997998,1.1378019667306338,0.701510075896317,1.1594072801448234,0.6560576372114473,1.1640136590680967,0.14785415839830357,0.0063150079001404475,0.27053015088400156,0.0062334842522647795,0.3834446189719446,0.0016579911031763075,0.46620871942331293,0.00816490366995261,0.519176659944166,0.006577392868914488,0.4212333103562909,-0.08808399818077786,0.5576078167751681,-0.10533798770122631,0.6419163865460914,-0.11827015134501649,0.706716775784735,-0.13298051211894735,0.4111660118493769,-0.08147487899682737,0.568346609742267,-0.08503389998063259,0.6602545177845464,-0.09257769190079697,0.7311467419064028,-0.1020726014327346,0.38865575725717094,-0.06102128096556446,0.5083138308521868,-0.007857771938813728,0.45798982002978245,0.014135524686685722,0.4099153571155567,0.016062010330137183,0.3645542040604455,-0.028820289249943894,0.4542448115167943,0.018630962134779442,0.4194956824257527,0.03280614724929919,0.38292683161941554,0.031702346719814437
-0.07148746227959422,-0.33866218669066606,-0.017214960703541688,-0.40809031129894263,0.01840094185235126,-0.41070465653806804,0.04751123676341417,-0.41314338464088357,-0.14741047575000585,-0.3948652779693053,-0.19327531455548777,-0.3886204819195795,-0.23239341793416318,-0.38220607185538275,0.11358731153785727,-0.3892993986851449,-0.2832240943850756,-0.33926368958764963,0.017577165152608043,-0.27392708476955435,-0.14626477634923674,-0.25335163968253577,0.4992749657087402,-0.026916697727176735,-0.49927496570874036,0.026916697727176735,0.6860422271923992,0.4225191207126197,-0.4896974418346608,0.39027656531693183,0.7871096034419541,0.9177067490324805,0.16828603502753495,0.02275995302448862,0.8190500623395339,1.0543385286034224,0.31897749964979216,-0.062307170999075255,0.7376775081604822,1.0536464449920078,0.3429676655261678,-0.1060533993550519,0.7058732402955868,1.0154154590819375,0.2797228221817481,-0.07463050771351022,0.7427231351003637,0.9065216210994681,0.6475967106751463,0.9556799071409894,0.614328897672736,1.0230111692972395,0.6010535060873193,1.0861833797808487,0.5781154879676307,1.13724191976405,0.7399151736443187,1.0448351205059163,0.7112405366271445,1.135553316100728,0.654508491722498,1.1696301837232694,0.6059763226258503,1.184191263818639,0.7993593734781868,1.0454104549293424,0.7615545395281347,1.1417773963329731,0.690931219846551,1.1651563407453298,0.637018584466524,1.165618757951974,0.8276452826043584,1.0426111930496405,0.7977238004000147,1.1277440843988786,0.7299789276527305,1.1518683729027952,0.6756310644248553,1.1564383795070234,0.8332261715301802,1.039000693289385,0.8092680340748662,1.105920458563201,0.7565518197761361,1.129554561037765,0.7116115286065691,1.1365627737861521,0.17959872294563456,0.004913756896986252,0.3077425935085761,0.010100254548470355,0.4208244674194513,0.0035859133934775245,0.5028896092837911,0.002387377625219197,0.5578623698854606,-0.013156817468518173,0.4476174678320318,-0.08990040819097624,0.5736728309189391,-0.11286448374404874,0.6508950813227092,-0.1275175467489875,0.7110965373943742,-0.14459789044329713,0.44033099474013043,-0.0855120144687307,0.5900152982587363,-0.09580897494454733,0.6793597791170689,-0.10532541835929175,0.7477036208049644,-0.11598930422222205,0.42057641387822275,-0.06790204099304102,0.5292889771632107,-0.01623858454419746,0.48127904940695,0.008780893407042384,0.4349021126217371,0.013174566925805072,0.40157063512336033,-0.039506250744531506,0.48467952975007966,0.00209729162981181,0.4523007714303459,0.019829159818274742,0.4158976475530468,0.02447851742223693
-0.07809732910606292,-0.33795921621473535,-0.022745837901911842,-0.40706187650075437,0.015341269766092807,-0.4095539598603997,0.043008044495238526,-0.41159931747230344,-0.15472787993074205,-0.3944849906387623,-0.19902817848022344,-0.38853485129548965,-0.2386859362563074,-0.3823290714500052,0.11134404286005589,-0.3879865240914508,-0.28551079671826507,-0.34058073707796704,0.014294330140180686,-0.2729555089867757,-0.1514481518516836,-0.25359933860465933,0.4994774830389107,-0.022852657112788253,-0.4994774830389107,0.022852657112788253,0.6755843928879308,0.429626626902324,-0.4812269838888523,0.37185859081848477,0.7753762318137918,0.9259986626766074,0.18774377495102607,0.022308301186163056,0.8048532628652487,1.0627495363969617,0.3498045375822451,-0.05468532019954839,0.7237145109939193,1.0606301497445376,0.3715192694315691,-0.09470761059665106,0.6923047203882037,1.0220894782504326,0.30522906041693315,-0.06775490369983284,0.7303672928763111,0.916729159057534,0.6355423476744269,0.963400837212505,0.6005560449288396,1.0282253192486723,0.585829173029766,1.0911158368183085,0.5629006924875615,1.1424058294352055,0.7250320618499877,1.057403804684617,0.6941680055538697,1.1448822943355283,0.6370564527856235,1.1774679032511828,0.588761901103654,1.1915527406456738,0.7846206556250672,1.0575967473243157,0.7444141786512767,1.1508711201156492,0.6751227720977859,1.1735708397825046,0.622370196961956,1.1748177134402966,0.8136406965638472,1.0531941284768283,0.782219529156012,1.1364546542537373,0.7155071743619452,1.1594315640264816,0.6620178581889161,1.1638840642079653,0.8205376095142946,1.0479049750342146,0.7959843690786832,1.1144652742250323,0.7441707552079208,1.1369603011081757,0.7002334477684973,1.1435390488004828,0.1963005596883431,0.012473747995929763,0.3339729261379851,0.033415353752138055,0.4365483678339507,0.034338965612676256,0.5044478341026425,0.03240434005628871,0.5534029971069574,0.014158400922078913,0.4722706185582213,-0.057381206063890314,0.5834623140412819,-0.06913475062533639,0.6548066642541945,-0.08272729416681375,0.7155284467989432,-0.09897747152684908,0.4641701240793506,-0.06468405002565168,0.5943448709727429,-0.06896528377479566,0.6838005885350873,-0.07876939392418568,0.7582790489896831,-0.08930881738085746,0.443820287186092,-0.0575465695140972,0.5385021729868087,0.001389858900674754,0.4866332813809844,0.03166286647365228,0.43520291313893983,0.04226312824771961,0.4215278842646041,-0.035035162047767514,0.4976395473223156,0.0076653015998623805,0.47135702904828675,0.03342297779207073,0.43486348532264546,0.04965764233815829
-0.13682372104355528,-0.32031143831763076,-0.09199808008976403,-0.3970360430237697,-0.052652247359280854,-0.4056097453130186,-0.026548879265577693,-0.4114201542457461,-0.22183838611710013,-0.36428101955281317,-0.26362338685161923,-0.3520029930137903,-0.30267628708898975,-0.339754367485251,0.047285605904399466,-0.3990516998907339,-0.33847161605703,-0.292713705407101,-0.0333267326263532,-0.27085404501857585,-0.1949104968662963,-0.22683039227656834,0.49039192542447735,-0.0975487543665928,-0.49039192542447735,0.0975487543665928,0.7298626002214426,0.3245718869876424,-0.42492113206666193,0.43021619568195796,0.9024358274888231,0.8014604297293806,0.18628516757887803,-0.005311869796011259,0.9521444509547745,0.9315901444970094,0.3475435673379744,-0.09154732354350012,0.8704992160694199,0.9418341764702133,0.3700685735397615,-0.12776971458904773,0.8337512984525802,0.9083765259504708,0.3017828038555181,-0.09813897224180458,0.8549889328603241,0.7993618653496045,0.7685699405045278,0.8594463828643718,0.7432064436427451,0.9280363647189823,0.7368649276090308,0.9927000041000908,0.7210355465576949,1.0474596484200809,0.8669572128704206,0.9409444929277448,0.8512128213483988,1.0312277798814922,0.8003650499782902,1.071091791695153,0.7549241787420116,1.0909465899654607,0.9263877235065661,0.9320339285043152,0.9021407918056714,1.0296584121846857,0.837549431501924,1.0609421743409493,0.7867304269620546,1.0683473432876582,0.9558785681544286,0.9225670162020653,0.9395511385663927,1.0090513266799095,0.8778215424249208,1.0407631271758262,0.8268451330331019,1.0517566833654388,0.9635460305944412,0.9153445263642562,0.951420395062851,0.9846853061377437,0.9040571849075411,1.014544331542325,0.8622626814534784,1.026928518744587,0.2111367144875561,-0.012986093527257084,0.33964236663411196,-0.004214611480665729,0.4305670456106607,-0.011551054465655143,0.4956360498864526,-0.0169270038272613,0.5476847303577325,-0.035232144371969136,0.4733861573991384,-0.11150267445078603,0.5881432376240793,-0.12681982523150967,0.6603595850745321,-0.14420646306293294,0.7237261424953327,-0.16432004292823926,0.46334522985049176,-0.11916106073863857,0.5690671691382447,-0.11812298833539013,0.6226064163280008,-0.1273609115958164,0.6678933693439054,-0.1412427795717245,0.44299103960803066,-0.10983451218942442,0.5370742809813794,-0.06945280602780493,0.49391265683047225,-0.027160287102279093,0.44289376234375016,-0.0004992785709666613,0.41783234557976784,-0.0851764592793336,0.4889461908956112,-0.0559173738349429,0.47011344904472013,-0.022924003400513204,0.43408865155848225,0.006031674075692915
-0.09010930288246058,-0.3390554034706926,-0.032501992542833494,-0.4072992982046135,0.009320767194627056,-0.4092047200271869,0.03589740630481768,-0.41051398206282436,-0.16791013099293467,-0.39663982286978033,-0.21044139659863387,-0.3915580183055097,-0.2522118880331994,-0.3859902610833729,0.10821267587421617,-0.3859398501604003,-0.2914728877007644,-0.34590931622353427,0.006461662617685169,-0.27312438765196534,-0.16065698862939704,-0.2569900633891113,0.499814859900442,-0.013605360072470736,-0.499814859900442,0.013605360072470736,0.6618009386759716,0.4425329089367826,-0.49540801675251317,0.34518153482031844,0.7508889143074026,0.944572784762026,0.18444159667900495,0.025925721195601426,0.7779484409358763,1.080914948277638,0.36838459488158054,-0.015037382533333813,0.6943028629697865,1.0772251501723888,0.4008553278443022,-0.042772296620641505,0.6638390263282202,1.0378677338913347,0.3290578380528572,-0.033017132810897534,0.7041935549863533,0.9318808969255084,0.6070375226589403,0.9775838380185402,0.571448786556743,1.042458482835558,0.5544421943222209,1.1061871980575946,0.5281429342823832,1.1575182182003625,0.6936587194488298,1.07384039330515,0.6601627846788477,1.1621628505930284,0.6025448351663534,1.1934075158742907,0.5543621095573725,1.2064168729359415,0.7549025788741544,1.0754431183017745,0.7126999963614301,1.1688211188268425,0.6428315984970571,1.1889549254129115,0.5909569393557093,1.1881421005136725,0.785391908088882,1.0713945707888939,0.7539628562476663,1.1537763178360532,0.6872067837731854,1.1750795911503276,0.6344242825149548,1.1780522492934797,0.7927940529056374,1.065905232346827,0.7688839267905763,1.1315868154365187,0.7172314674001861,1.1533198850490103,0.6732224516185951,1.1592523711875613,0.2060417642839755,0.03273829338038668,0.3220889203920954,0.06494258851093587,0.4024502861874781,0.07408749978449905,0.464264873094861,0.08112828900987161,0.5287914692237005,0.07674422146417631,0.46087347112884497,-0.008143307355418534,0.5656796466728625,-0.00033723301120407845,0.6315708072767672,-0.0010656355726841361,0.6914607823503554,-0.00730414170624942,0.4591845400394505,-0.016773506993180913,0.5775958032967108,-0.005522179190302017,0.662293552420478,-0.007537861007061871,0.7351949649095966,-0.011320325921733298,0.4413238294649775,-0.011564684592907272,0.520221080919387,0.044408910606301776,0.468391886772391,0.0756885965938832,0.4152691456928248,0.09222053293469118,0.4147596180714647,0.007645422624672965,0.4788948637187966,0.045536326533228234,0.45549127674802364,0.07206342667964524,0.4182966970533651,0.09288794536502101
-0.10283455075312373,-0.33680656963967565,-0.0457357749088682,-0.40600555524736825,-0.0034681163802666873,-0.4087265170320717,0.02310765967799664,-0.4104788105057546,-0.18145531727267938,-0.3925963780834683,-0.22383628377030126,-0.3866817427488632,-0.2660133617982925,-0.38029274232489657,0.09605449962904657,-0.38731287478159615,-0.3028573908825685,-0.3398737491685727,-0.003821959137893334,-0.27311139089586145,-0.17111232071525662,-0.25421593681542226,0.49945827568225604,-0.02326866675397406,-0.49945827568225604,0.02326866675397406,0.6662800781281043,0.4282274024624637,-0.4897535289784693,0.35188222008317405,0.7638093046699779,0.929636200360573,0.1845937618689969,0.023374090344247717,0.7933416737806858,1.0650462252031403,0.37033054717631897,-0.018308171617196854,0.708378767987956,1.062969429678406,0.39855836138060746,-0.047425336898821016,0.6772688071269445,1.024168943314102,0.3282631393174681,-0.03534825555418881,0.7175778045179878,0.917434560663167,0.6215094111382836,0.9649660980660446,0.5852615685221237,1.0312100896628762,0.5698330365273336,1.0951768578989869,0.545698504695886,1.1469861781541077,0.707548408490184,1.057325630496438,0.6757545816846247,1.1475335747586974,0.6185348252488875,1.1814464755063212,0.5699649822621834,1.1969468427841345,0.7693096592365887,1.0583199495255813,0.728644604215504,1.1538950026075,0.6586833499794666,1.1766352890385792,0.6060954582206142,1.1776412922385242,0.8001566224362582,1.054759131756045,0.76946121911096,1.1395038672114888,0.7025346907466679,1.1626035083241641,0.6492127853401949,1.1670286661283589,0.8077916728181338,1.0501317917758701,0.7842105274915538,1.1174040996707082,0.7319844379241024,1.1405415287983705,0.6875858896138407,1.1475972179931722,0.21718173629759058,0.02850246383596717,0.3242260485305222,0.05649251992520022,0.4052134393565586,0.06320916404109787,0.46470521985536173,0.06946436464856708,0.5267696517335768,0.06611410269208265,0.4545587780591365,-0.02167955112112374,0.549669732809985,-0.01277491627779157,0.6097459324315704,-0.014659105295858238,0.6614994354173553,-0.023266193459207992,0.4585141501262744,-0.026701623067535478,0.577534372215009,-0.014492385405021369,0.6631785270421854,-0.016247898052658537,0.736114343637168,-0.02260535396157574,0.4491525596510253,-0.01917702309120146,0.5313180338393627,0.03512189007818809,0.4741243954842841,0.0666786256791755,0.41769240142824504,0.08239422599760161,0.4326248175776822,0.0007809477642569193,0.4921901473929897,0.04169430133836397,0.45863902924397026,0.06406141852942228,0.4166511026008833,0.07992724278495668
-0.12948261251827087,-0.3299726368298219,-0.07736584548581904,-0.4029842815045276,-0.035207969363601654,-0.4085991751898707,-0.008878847033079772,-0.4121733623312844,-0.21190001316174584,-0.37957631405272196,-0.25394181044324393,-0.37033131052956814,-0.29566740874647074,-0.3609148198676,0.06576067005032012,-0.3943501471427685,-0.3298554563657007,-0.31803167214301037,-0.02545944044344054,-0.27362499008170393,-0.19154823479845573,-0.24264175754070025,0.49639639472744773,-0.0599217765223289,-0.49639639472744773,0.0599217765223289,0.6960347983265484,0.3767362194001868,-0.4633707358625407,0.3819565645177446,0.8303392409099994,0.873484618526337,0.18432157445760577,0.010024484163056553,0.8699824452606842,1.0066011767753336,0.3631563914116424,-0.04584733404313529,0.7842097540974746,1.0105598523172086,0.3937204043441265,-0.07837790681360199,0.7501223538203435,0.974057725004644,0.3267004043686309,-0.061171411149943455,0.782826849904072,0.8648387361632122,0.6913324152383407,0.9184604581770589,0.6600775933452862,0.986480749312579,0.6487493662587694,1.0521865375118695,0.6305802119044367,1.106440621759454,0.7854208256641161,1.006699038317771,0.7588413248912365,1.0986562728408544,0.704788174795359,1.1353997877446138,0.658102559543239,1.1534015893793215,0.8468610788010783,1.0030200634943047,0.8137028854292092,1.1008739729299608,0.7456227939073061,1.1280640546029406,0.693302227847416,1.132554770922201,0.8770004376151725,0.9967805206039393,0.8543649840335229,1.0824142888617543,0.7891914241347082,1.1099150894844623,0.7363968855575452,1.1180933930685324,0.8837902772789722,0.9913458687795906,0.8679557998363651,1.0590579710517258,0.8192638364261137,1.085617325714989,0.7761173013358864,1.0961354954797728,0.2198369472166745,0.008536716766643746,0.3234836663889131,0.032819853124906775,0.4065728872278809,0.032811430767765236,0.4684316151098,0.03459428598584796,0.5304697595772606,0.02491488099030787,0.4516110566316448,-0.05964542815556363,0.5487380527009029,-0.05882006327204183,0.6083717533995895,-0.0640397341848411,0.658752543630852,-0.07679068826628001,0.4546644178607772,-0.06610062663268494,0.5809233969014701,-0.06293165411483267,0.6700486550044934,-0.0704878015447156,0.7451601151425696,-0.08379484612947316,0.44441022186002566,-0.05854308343084662,0.5394075820865584,-0.008386870398035992,0.4789534022501196,0.029577905720547273,0.42121914712387304,0.04900912735082283,0.42761442028951085,-0.03695551706378794,0.49732497671997833,0.004607861789063574,0.46274932055945095,0.029336654996140604,0.4219103328156978,0.04609813329028123
-0.0795426720724745,-0.34619922001761655,-0.01683548618003119,-0.41056950647585355,0.02580890497732096,-0.40972186970637064,0.05210149916663798,-0.40924958296700087,-0.1533078074781876,-0.4074933161687172,-0.19646759708377667,-0.4045805338894819,-0.23919702173915733,-0.40153416959097094,0.12335498313994145,-0.3803850664178439,-0.2796499032067366,-0.36442777088795214,0.015169449165794918,-0.27505965848618946,-0.1540086747332506,-0.2694738298941389,0.49976591794063874,0.015297949697614515,-0.49976591794063874,-0.015297949697614515,0.6312171926460569,0.4771673857471602,-0.5178808634338622,0.30646128363512887,0.689199465229146,0.9887422915882036,0.17782134971129246,0.03740327424672907,0.7085105596092799,1.1263548817947833,0.35945054529611503,0.006526920505105555,0.6227315548609087,1.1171653291746861,0.3933097500298495,-0.022235687294032937,0.5944996503737446,1.0759339912423196,0.32525614903739775,-0.013527408204776837,0.6423572458888335,0.9719633769049255,0.5446082773216202,1.012391343716343,0.5045717756435758,1.075160118041031,0.48534056325177555,1.1380286072445502,0.4612940963529414,1.1890490173980617,0.62616909634441,1.1128958309342472,0.5891069099124725,1.1999676303288613,0.5300195203281287,1.2284306582380684,0.4807579143193285,1.238642203451809,0.6863564878647052,1.1182452770784397,0.6412735719345776,1.2104064149074074,0.5699317185732967,1.2272414170634212,0.5172654816430394,1.2234250261822508,0.7158222921030142,1.116711719500794,0.6815882926538752,1.1980399116398588,0.6132698396544511,1.2158382125179525,0.5597435564635541,1.2162078782597283,0.7222727816655643,1.1123670196736068,0.6968321974028194,1.1768857521592815,0.6445075047723533,1.1961645660496811,0.5998043560147999,1.2001783706218028,0.2117541751150367,0.039064244587810035,0.31251090518458335,0.07927909667063668,0.39410842565394016,0.09177913921837828,0.45403264823907097,0.10151472304772573,0.5168191882752102,0.10249293166839299,0.4535143576166717,0.005324077889479068,0.551367362593295,0.022480624520209956,0.6081413560293207,0.026307423858641356,0.6589710508490346,0.01996647105235627,0.4580713810725407,0.00018461099997215487,0.5827114429896046,0.023785863893532766,0.6702472184759217,0.028877410589355793,0.7459110182342586,0.026239237668599837,0.4459778036632144,0.007098587350831134,0.5271157025976332,0.07224475714968444,0.4640845880636961,0.09963564236483957,0.4050429344353306,0.10918621794639682,0.42307491146403825,0.026387052313371646,0.48353156771607303,0.07560475411654086,0.44753246304061195,0.09563844228741479,0.40444368990722523,0.10724543672263016
-0.10743408254495079,-0.33903451914687627,-0.049936658619186065,-0.4082042076163784,-0.007322320701228856,-0.4107079414583872,0.018710766982784437,-0.41227599258452224,-0.18600241810781287,-0.39409549946292577,-0.22888117194596938,-0.3876491516455806,-0.271226076351372,-0.3811897384590473,0.09213261685218695,-0.38913737860520453,-0.3087201878507033,-0.3411154224328226,-0.007292129038539729,-0.27594743668860106,-0.17564318036233684,-0.25688898940081,0.4993964576391234,-0.024559684393233555,-0.4993964576391234,0.024559684393233555,0.6666825034747046,0.425463290653033,-0.4948336346955119,0.3456476889858666,0.7650832494475514,0.9307806256685993,0.1774146996220968,0.02330660071624948,0.7954706747320428,1.0663515050566073,0.3549897087247717,-0.02354068249008413,0.7090418002934659,1.0638374163008075,0.38685585203790107,-0.05564547482834465,0.6774551963468062,1.0250291515330623,0.3200521292359636,-0.040499745444963264,0.7163432673212297,0.9184110089907795,0.6228220011578437,0.9664649851998978,0.588965096701425,1.0319587374918753,0.5755342740246158,1.0958285041513283,0.5557435948469387,1.1482232538192234,0.7149003989926261,1.0582647775820067,0.6827551135798355,1.1481335119099474,0.6264380508928897,1.1816537406749426,0.5786302338722762,1.196822367161519,0.7741552910260093,1.0593672513361487,0.7341452229342913,1.155026146330255,0.6646395275478305,1.1782963247381968,0.6115121984215048,1.1797349247660864,0.8019319015476697,1.0565538467516105,0.7709312063756572,1.1412071138604913,0.7043927612566643,1.164886213051599,0.6506464982164806,1.1699671893302288,0.8068302024590984,1.0530413604609672,0.7833523943771827,1.1197336878841677,0.7322121653215942,1.143667474861064,0.6874698371864333,1.151823791030917,0.20853632493744217,0.023957096714630078,0.3135320708044316,0.05555613761825839,0.39650384560444507,0.061526766383608614,0.457842062330258,0.0663232888961371,0.5203830707486706,0.06050055695321305,0.44914748895669365,-0.030327070828194774,0.5517089762320713,-0.024235789837332766,0.6126319433364403,-0.026987205013034695,0.6659941679731541,-0.03758267344601334,0.4520239353809762,-0.0361484036289629,0.578824149769816,-0.024451381488741687,0.6670202171715747,-0.027671382221584214,0.7424218992260565,-0.03667588834733274,0.4393859459350209,-0.027770872895612194,0.5268644536246688,0.0313369044109174,0.4688131721382501,0.06394608820105957,0.411727089352343,0.07858865957143561,0.4168709908566455,-0.0064472546129899725,0.48362697070423655,0.03860355317966363,0.4502289811802461,0.061708320193903175,0.4077956689771942,0.07655218479469628
-0.11921260458903055,-0.3351337568169359,-0.06411856005707452,-0.40624473829675933,-0.021635512549065324,-0.4101588834896714,0.004134510728377334,-0.4125485643640589,-0.19995878898162117,-0.38736351137876035,-0.24257530344526124,-0.37938575494419396,-0.2847357995720028,-0.3714547120630848,0.07822132803566405,-0.39184788167950013,-0.3209031866788731,-0.3302099840420484,-0.017077163978900214,-0.2756833595322756,-0.1847452205587503,-0.2508679358372441,0.49826203718139744,-0.04165263861802241,-0.4982620371813976,0.04165263861802241,0.6805543539894493,0.4019964318315003,-0.48466245330759783,0.36364390919300543,0.7946616385583055,0.9045768710612482,0.1761509942014459,0.01755210735262302,0.8303458241173425,1.038916797435703,0.35190412239869057,-0.035134623349194455,0.7439467968212833,1.0392710902853575,0.38183468446888097,-0.06870419116803902,0.7105542357010395,1.0016103511634564,0.3154778247917383,-0.05096690833271612,0.748520939048678,0.8946078936507093,0.6573723820297674,0.9447130903813539,0.6255542050207652,1.0112897691339668,0.6137258706574992,1.0752652975354962,0.5957531420450783,1.1282828115859935,0.7531250516367589,1.031462661715915,0.7203120189855801,1.123305137810908,0.6640963536622804,1.159696217853522,0.6156989534505916,1.1776524743324879,0.8111109914360014,1.0315113790820678,0.7721311511137036,1.129548729458768,0.7027346726305603,1.1556313477597844,0.6488450798381878,1.1593377213512202,0.8364719594962282,1.0296023592917523,0.8044317999432944,1.1169014122197347,0.7378895503627532,1.1425736038099001,0.6839369606184983,1.1494251628723633,0.8386712353036059,1.0279027922807904,0.812808558780725,1.0962932934698388,0.7605147234596785,1.1209167704040113,0.7150736535153489,1.1297534510098297,0.20840162722682995,0.018059150180557905,0.31745762115344806,0.046418164352721,0.40273811825669126,0.048430024199496866,0.46344996983758757,0.05061388937065692,0.5235995136913081,0.042412057878601854,0.44909485832879964,-0.04549549630110219,0.5528828446524462,-0.04387910713983412,0.61426452652291,-0.04919722039101507,0.666008439852706,-0.06174048526074925,0.44894439849755213,-0.05100724419652825,0.5782298583414506,-0.04387476845976939,0.6652273194759949,-0.04955625490140314,0.7386337462788863,-0.06082977724265811,0.43510382858388874,-0.04198571882907177,0.5293101089216316,0.013389991495821506,0.4721062923071591,0.04894054663130603,0.4158140119705922,0.06549053715490785,0.4122425045011753,-0.01944448957084691,0.48645467036696177,0.021565626334201792,0.45672482057192515,0.04597702932676671,0.41648754291799545,0.06262569349852373
-0.016042335943368468,-0.3549154271633737,0.057489155801223844,-0.4068446358943534,0.09936758930331752,-0.3981258385513891,0.12460403084330754,-0.3928516460953883,-0.07784873192081206,-0.42846943227773654,-0.12108948957476,-0.43331301387721466,-0.16374523062715218,-0.438049570634934,0.1892811279171457,-0.35137458523849635,-0.2105367940691555,-0.40930126562674013,0.06424286479910173,-0.2682683868474635,-0.10339682773054958,-0.29360893196776333,0.48862942074433663,0.10602494604126877,-0.4886294207443368,-0.10602494604126877,0.5330955604412458,0.5839392738250483,-0.5672242224399757,0.2077836824562456,0.49358731558145824,1.0985091386534296,0.16293545725180644,0.06879502962652485,0.4882894376842896,1.2371711727580526,0.34605233313484196,0.07047542395348289,0.40673838410259827,1.21230037700878,0.3847360949913715,0.047333168814730577,0.38575892874201384,1.1664861400856035,0.315405542073561,0.04450636428576887,0.45750665518653555,1.078101390331808,0.35398289245042724,1.0981159457775707,0.30393727316232805,1.1519300862313187,0.27416195059752896,1.2096176050585075,0.24241613599884518,1.2550276043556112,0.4191388846679163,1.2100797277632762,0.36057519374542796,1.2873139491841072,0.2954299646131392,1.304858834332447,0.2440559320882594,1.3077478090798111,0.4740299414100131,1.226441807495432,0.40820915885517794,1.3084388167968228,0.33386721657841156,1.3119423207408931,0.2818119207186795,1.2993703414760671,0.49859013500751087,1.230991059696804,0.44412724022488864,1.3045532525757846,0.37316349791767783,1.3098761756541126,0.3200220442443008,1.3011252273076213,0.5010639009774239,1.228743902961576,0.4585881213544109,1.2867187262727993,0.40178100587065685,1.2958799016918323,0.3560832950861202,1.291977748761894,0.19325766179547124,0.0784292988479999,0.29069037414880383,0.13774248332563468,0.3701233489236768,0.16450318391537078,0.42710564868450107,0.18475317063249147,0.4861779619332376,0.19422884717243574,0.4432101361360974,0.0880165286949159,0.5395073632115118,0.12142324864516993,0.5960004570179578,0.13491487949262024,0.6468680123337787,0.13735306030362213,0.44522994365719476,0.08421734774465243,0.5662928268638454,0.12913603440172558,0.6513546663294809,0.148993056635276,0.7264754539425637,0.1600483500265478,0.4296464272932433,0.0898665694122412,0.501211167095852,0.16991625046667205,0.4362759896539853,0.18667200977023524,0.3779497491420723,0.1860012152645945,0.40167344755844614,0.10554203665592445,0.4594669323613772,0.1632041151984866,0.42479572688567324,0.1782632440864179,0.38153140217977133,0.18416377178158275
-0.039697389709555,-0.35280690639740747,0.030080512215523002,-0.4096088727824999,0.07258042059991485,-0.40367873330925896,0.09804748620835986,-0.4000784257020396,-0.10622046690813856,-0.42202398068423325,-0.14981575827496732,-0.42394870117413436,-0.19278186055577579,-0.42578691832499893,0.16520389087561904,-0.36288342872442525,-0.23770696760829724,-0.3940381160899243,0.04607796181483056,-0.27170201225066587,-0.12287555234391206,-0.28581177336703806,0.49460586530172035,0.07324641977009175,-0.49460586530172035,-0.07324641977009175,0.570859731135778,0.5467976792719248,-0.5509835522113236,0.2469583683116005,0.5655266045719854,1.0636390914559701,0.16750633200050147,0.06129967151572873,0.569528287759836,1.2022638622579853,0.3523867778867235,0.05099384733345808,0.48662979164919873,1.1828554316335698,0.38859174472370256,0.02488772402798723,0.4626791124739242,1.1385516433719605,0.31895693571022316,0.026759968942703986,0.5287220893529959,1.046167086768256,0.4264844516238948,1.0721629588447976,0.38156176603276065,1.128723331827593,0.35559611408546404,1.1893948507975916,0.3278748166117034,1.2382841622517955,0.5017913389596343,1.1796389594259726,0.44889447176723474,1.2616959452869554,0.38578267548439943,1.283339842460303,0.33516030797572427,1.2886566004641031,0.5589148746879461,1.192035507519304,0.5002913761236327,1.2798854823983936,0.4259733327904239,1.287721576897942,0.3727437496122254,1.2776267363922709,0.5842030329225794,1.1941557273524837,0.5364260523583461,1.2712768335854423,0.46584572239035726,1.2814106325444532,0.41230338603280237,1.276162594597178,0.5865309381377897,1.190816868995741,0.5497006415210808,1.2511168213064159,0.49420967820939204,1.2646658268839022,0.4485687129252709,1.2642324156741471,0.19908875363742926,0.06728297533472277,0.296520077714047,0.11805580596571844,0.3774946987169834,0.1398973338239229,0.4371944232787043,0.1567194638677536,0.49839934456181106,0.16411160536960084,0.4435657204703299,0.058141191269432464,0.5423986791945223,0.08503160233048845,0.6000779541854542,0.09426981606368447,0.6520264875452046,0.09378175325176234,0.44853865754475364,0.05487705572938203,0.5724472003415116,0.09151594215360628,0.6601175746126827,0.10615129615840053,0.7352255328226184,0.11304201300179116,0.4368933749147483,0.062287771848375154,0.5143648280113791,0.1367062267018583,0.44924122806002525,0.15666259788501205,0.38874957581975644,0.15997655738405783,0.4155123030198602,0.08080919692097346,0.4721739231378382,0.13743864757416302,0.43424655153739683,0.15250712946555695,0.38921841087286463,0.15890911112722814
-0.018472810880882498,-0.3541009258484068,0.054800937047647776,-0.40658633036404523,0.09689361641065505,-0.3981033774477468,0.12200001725292775,-0.3929700254528767,-0.08070828170646233,-0.427209548192794,-0.12416272675503133,-0.43175336855294605,-0.1669283251337753,-0.43615213072206055,0.18656612336389977,-0.35184768300291586,-0.21378998676073807,-0.40719925349230895,0.06230196173379555,-0.26802140193122675,-0.10553649042818805,-0.29238259803840067,0.48924738447971144,0.10313581715273018,-0.48924738447971144,-0.10313581715273018,0.5370818588845839,0.5796019146057755,-0.5655722820358478,0.21458994548350527,0.5006133665070338,1.0958134994608877,0.1639737102857261,0.07339057441988234,0.49653938498851014,1.2346986364033268,0.34986276689881196,0.07418718788130053,0.41521738057911034,1.210163535324342,0.38700841088553517,0.0498327363482389,0.39379524745772143,1.164525094326781,0.31717419246299455,0.0476193174177288,0.4676268919123171,1.0770651516794343,0.3637614528505765,1.0968838441080264,0.31466898681225447,1.1518144253711777,0.2851320581743373,1.2096539783611062,0.2561287768312926,1.2556182783394847,0.4325092031618458,1.2079495777447657,0.3759558794022498,1.2877677048543554,0.3103947262143443,1.3060005531939667,0.2586862420775959,1.3076568566059938,0.4877281370719119,1.2236061800094318,0.42267930097124423,1.3087701821146187,0.34678756255237275,1.3110859044998797,0.2949587850854882,1.2965405303233797,0.5115496662185446,1.2280494530680142,0.45625926628974045,1.303470669809061,0.3838263731770089,1.3076172086563682,0.33169657194485724,1.297258411082539,0.5131296885353117,1.2254153812401747,0.4691420843779658,1.2841186593719343,0.410588724258032,1.2926282978827155,0.3650745961060644,1.2875759000369869,0.1952901645146473,0.07996302400026147,0.288670476099644,0.13657855041514683,0.36784372123064835,0.1634412941369267,0.42639259623247383,0.18395675269151535,0.48676711689234503,0.1956607564118208,0.43879880297251017,0.08475079775953984,0.536833641766377,0.11728328611038988,0.5941323271606037,0.13040166307804366,0.6454911132439813,0.132913084935973,0.444733159891015,0.08232710073244545,0.5663046605605616,0.12649221443297637,0.6521980415648886,0.14663751965774188,0.725751767851463,0.15786010139735138,0.43326885319005304,0.08957469992190893,0.5042141658000355,0.1683384435483777,0.43919609033701834,0.18414029976542917,0.3798503737794081,0.1835658713844012,0.411219992019467,0.10681235765945883,0.4609959167615631,0.16705513152452928,0.4221629408809827,0.1792084139111036,0.3780169281839969,0.182293358385891
-0.12567066031273852,-0.3312005191405681,-0.07189341380833224,-0.4037360900477332,-0.029570818246826322,-0.4085559301086268,-0.00428926683051814,-0.4113486452602344,-0.20759211461575752,-0.3815891463801998,-0.2506673464444228,-0.3724514602183665,-0.2929746080395638,-0.36340381680537326,0.0692822321131099,-0.3919296317325625,-0.32900579037871386,-0.32136325471622024,-0.02292121612481879,-0.2740912040658703,-0.1904623888235465,-0.24561189276721448,0.49726602317641244,-0.05221591897415633,-0.49726602317641244,0.05221591897415633,0.690121230658674,0.38544112021174753,-0.4707660817377152,0.3792470857938255,0.8139060450994089,0.8888392190865942,0.1783047228563663,0.020712786222571465,0.8534706182124733,1.022088373492595,0.35472390438517254,-0.03587554354138397,0.7684048473890577,1.0236269366899278,0.3820904709773796,-0.07032617514930352,0.7337059930769363,0.9869175178530584,0.31510020446668274,-0.05086583906404437,0.7738566337609363,0.8802665352909095,0.6821783604270616,0.9318351255649725,0.6525273187492594,0.9998207706649739,0.6437128782841306,1.0638651941523731,0.6274395136751826,1.1170130828924603,0.7817955053244251,1.0216212524812855,0.7524299456822461,1.1114105647377244,0.694834346162436,1.1472726325246083,0.6445299737551333,1.16366382850654,0.8384454229351923,1.0192264660946029,0.8035776830756987,1.1156440251011832,0.7336218806470258,1.1418690335509893,0.6791399911015206,1.1449740106318251,0.8630449983800889,1.014891453205902,0.8358696441945923,1.099726186093438,0.7700347910028089,1.1269142711625515,0.7167039300169666,1.134629411965908,0.8648443253342737,1.010975279140212,0.8445733151483851,1.07827765031863,0.7942631651629759,1.1043010335041565,0.7494752491537118,1.1140761075097103,0.21010966682013926,0.015559018704878986,0.31370966078553447,0.04120404039607315,0.3977063728592415,0.04225238853331301,0.4611462159749283,0.04341047681062123,0.5221388609611756,0.036381719753292956,0.4414291512578144,-0.053603219125682174,0.5454139208002327,-0.05285875557575896,0.6032293800713434,-0.056471706575866525,0.651893587939299,-0.0688079898879423,0.4496151121690238,-0.05720893388328428,0.578241891899597,-0.05294404671697619,0.6665517847944029,-0.06066011667848433,0.740161901963314,-0.07303815034834736,0.4433439236816047,-0.046576528573762155,0.532736808419167,0.004668374644901332,0.47558005851693347,0.039680746225451875,0.4191062447366668,0.05805234584101993,0.4297638244215204,-0.023039946749479352,0.4895359572674005,0.019560759599828937,0.4552104739133878,0.04278242595058381,0.41460104817909954,0.05936754432495443
-0.03497163351807491,-0.3520117209093587,0.03580809288602199,-0.4081118945794604,0.077821327735362,-0.4018040450009735,0.10288784153789221,-0.39793015084446576,-0.10112586437851971,-0.4219178934802798,-0.14525931734246017,-0.4242652873506979,-0.1886477563994395,-0.42648721154074903,0.16852526509160765,-0.3601091430182051,-0.23460029959247466,-0.3952133204715789,0.04910760106019641,-0.27034796382517834,-0.12028361764354113,-0.28636199352075853,0.4936986476440546,0.07913055866371484,-0.4936986476440546,-0.07913055866371484,0.568064521149006,0.5518566011010948,-0.5514573018552366,0.24546181188994431,0.555656448048914,1.0704436498314636,0.16578315979663205,0.06697269283202868,0.5594048915818197,1.2093250765952936,0.35045687534456116,0.05782059619862542,0.4768854265959958,1.1887314328029883,0.38542801412329536,0.031464722117182625,0.45282609962920994,1.1442653425770364,0.3157455161072842,0.03298973638484656,0.5194147604181553,1.0506167053960587,0.4170967495644125,1.0765244607151376,0.37044708060977605,1.1349074894689613,0.3435419043830017,1.1950641786933878,0.3137007369059832,1.2423666577925476,0.48984881895859,1.1883283519363652,0.43628519148052025,1.2682504406860948,0.37160198374019215,1.2884441425398554,0.3191458266612263,1.2922487164257759,0.5457344600641589,1.2008973652768347,0.48487562685079766,1.285669275526257,0.4101543394784078,1.2931819854522524,0.3562648775852836,1.2831404229818384,0.5708994002344889,1.2030852913278667,0.5200515022375638,1.2784666287151025,0.4485645470816969,1.2881193373274613,0.39422505758255333,1.2825996415793097,0.5738550611249748,1.1996407433033203,0.5334771800562238,1.2588706483862127,0.4769545322502713,1.2706817003181095,0.4306535201045259,1.2686738342283859,0.1980695388656196,0.07138381470994294,0.2939713358308315,0.12101686465673452,0.37648762287074133,0.143844469395091,0.43697367002628956,0.16125345653532983,0.49752633745384667,0.16912112956198505,0.440405697350387,0.06322367720774871,0.5440067819874369,0.0912167138019743,0.6066531662541172,0.10339817139436185,0.660105382608327,0.10610282433209328,0.4462521807372603,0.06053725705903087,0.5693254283276417,0.09625046654460326,0.6576822864373068,0.11159356905584338,0.7320548578115037,0.11930499419524578,0.43577437910630523,0.0686619371026718,0.5137059582752677,0.14233400347575398,0.4506710819482484,0.16212202380806903,0.39236910224641536,0.16521945121722995,0.4155320563719912,0.087973214809624,0.46874280842644617,0.14684572481010455,0.4314173550337483,0.1608340328182593,0.3886756285153833,0.16570952803324993
-0.10962392768629875,-0.3360749421995044,-0.05260219885719197,-0.4062512943907246,-0.010152684042236012,-0.4092003873366265,0.01514130514190572,-0.4108167952790202,-0.18942585230211623,-0.38998547576104586,-0.23307088410587073,-0.38271094167152586,-0.27590487843834577,-0.3754465283024828,0.08726486288233011,-0.3878371199667808,-0.31425729325230367,-0.33493388841031224,-0.009924441022554988,-0.2744560540728178,-0.17889952142250823,-0.2535100882119539,0.49917766592523954,-0.02866457467729126,-0.4991776659252394,0.02866457467729126,0.6749964884601222,0.4170083324836542,-0.4841749614798901,0.36025557485072995,0.7743361506257384,0.926731754862892,0.17589055819278548,0.03024793668509458,0.8078694148568795,1.0613470268068574,0.3540092012607054,-0.018750079851328476,0.7227903126626455,1.0588650594810496,0.382136232418194,-0.052030981374513445,0.6897159882420472,1.0205864708548762,0.314517586155791,-0.03545831517213247,0.7324958142751967,0.9147198626743177,0.6391133229731958,0.9628053247177034,0.6064168109816419,1.0289724349397003,0.5931008741693551,1.0934723071335093,0.573798841007212,1.1466373751656453,0.7333034870027307,1.0554157453521624,0.6990647399097994,1.1440076669238737,0.6417777211880669,1.1778484197680446,0.5926621846534126,1.1936437123026649,0.7907181776433587,1.0550577150664295,0.7532203440099534,1.1504285553261486,0.6833671764842388,1.1747376487364394,0.628660621873529,1.177640878924208,0.8161202883341626,1.0508815414028896,0.787205296879059,1.134712390408583,0.7208267687153413,1.1605778560475373,0.666406329307593,1.1682493292829583,0.818758873131452,1.0462209067199664,0.7960646667243172,1.1123082262885933,0.744666145548289,1.1369594277890984,0.6989000125217102,1.1459641604692987,0.21187928098923417,0.026000780752667967,0.3144838926813328,0.055244610597669185,0.3988600197627504,0.05884846148156887,0.46060108802974403,0.061035679128733186,0.521662624947612,0.05475891973873339,0.4430260549834945,-0.03407689657138105,0.5504320344422104,-0.029965709956885894,0.6176560201613064,-0.03233951862281009,0.6727061212829566,-0.0405075238509732,0.4484357387533029,-0.03903672481188984,0.575547599646167,-0.03129103735732404,0.6652013745423093,-0.03518102483645136,0.7398869186449518,-0.042777166468186745,0.4407480716155471,-0.029575455594776753,0.5325690335299323,0.025691469444710464,0.4765040568317139,0.05833606855269639,0.4220682454541064,0.0735672570316002,0.426350611793563,-0.006775705318750588,0.48956968991236915,0.04062417756599596,0.45677018983706924,0.06203545113055822,0.4184112454369421,0.07522121947228444
-0.019219924983295507,-0.35286822432316445,0.05385140122770268,-0.4060878825292581,0.09557952101624197,-0.39809765460643065,0.12043178727977957,-0.3931424082631174,-0.08250418657595486,-0.42535524531896823,-0.12662711726497416,-0.4295386408332692,-0.16995682547626748,-0.4335198129140827,0.18414278023626404,-0.3522654460618721,-0.2175863756565571,-0.40426263546015095,0.06112422548800531,-0.2677939369642614,-0.10755064139904809,-0.29092219984843215,0.4897503656273436,0.10072030265980789,-0.4897503656273436,-0.10072030265980789,0.5463340219136548,0.5766976734247954,-0.558562759825178,0.22552162988536695,0.5106694054464491,1.0946947938391225,0.16182209831207692,0.07407432067143845,0.5086024781808177,1.2333419080587655,0.3463134618318911,0.07144960895024466,0.42692888390048717,1.2089850210835806,0.3824329653790899,0.046623275290041614,0.4048005297214573,1.1634627669637627,0.31279941433493286,0.04571241542469649,0.47105051416036103,1.0715617158247688,0.368567335137257,1.0948217017014947,0.3209749336997884,1.1509326177969839,0.29128176288976276,1.2097976202550842,0.25720639722062183,1.2555760708119579,0.43708295953993387,1.207917660463817,0.3796387047760161,1.2856330001858542,0.31473688471985967,1.3032480753266433,0.26336708632402295,1.3052753833875224,0.4936058632911528,1.2222780297803877,0.43211437521513846,1.3059390668181359,0.35716372900177173,1.31057119592969,0.30376160706283445,1.2980062152773348,0.5193449751781836,1.2243404836416087,0.4690508026794278,1.2973791508668684,0.3972743818575622,1.304361568019499,0.34333001436979865,1.297033388760122,0.5230742366746006,1.219532154476925,0.4851429544988171,1.2769815400286026,0.4300374536632716,1.2875202156891572,0.3849215515451725,1.2846130737236336,0.19528207757859248,0.0791803306439237,0.28766086918039135,0.13384377039635054,0.3700813100469114,0.1586743208462628,0.43073857278002353,0.1765189499519997,0.49188044766522865,0.18629630125557453,0.4376570669970329,0.08001707357477551,0.5424330837572863,0.10983815325022604,0.6081524465356913,0.12381201672001499,0.6638192753278092,0.12929138523832354,0.4433161277057024,0.0772686008475717,0.5651562565177152,0.11603283987062042,0.652866937863107,0.13501892632411525,0.7279773850133804,0.1466909383847584,0.4319974798100087,0.0849037610613802,0.5108603651241428,0.16083151795091744,0.44715341051257235,0.1780653368359013,0.3892898977432199,0.179073125010903,0.41056195401786677,0.10324821400278864,0.4624255515451403,0.16409770713170885,0.4254732620900087,0.17672180120041023,0.3843113255194804,0.18017082376951862
-0.028178362688387856,-0.35239843156708206,0.04348527225513588,-0.40749209527231917,0.08531291708465069,-0.4006550002970122,0.11032489236395096,-0.3963120025098309,-0.09332396841783154,-0.4230875134842318,-0.1376308597281091,-0.4261379385678794,-0.1810856294693442,-0.42900608988052885,0.17494932497219512,-0.35698801496897015,-0.22802240545027685,-0.39856360263169754,0.05417171832403583,-0.269511964029305,-0.1150197102671516,-0.2882902453623934,0.49216693760102015,0.08815727725170278,-0.49216693760102015,-0.08815727725170278,0.5610304951025393,0.56241968958015,-0.552902116702895,0.23988292885630422,0.5385733008980848,1.0810889054061614,0.16305335894326226,0.06976761782914934,0.5404276204012642,1.21981965012376,0.3472212241603788,0.06226641870188138,0.45787626202649623,1.1974184577988285,0.38246358074164577,0.03642933869199201,0.4344703342468936,1.152503106850238,0.31284717427819386,0.03738487368873373,0.4997222054861203,1.0592919597900265,0.39703670049858963,1.085523206496745,0.35032076298660747,1.1431918071174492,0.3223278723404072,1.2024561863133623,0.29039048310076365,1.2486445341111319,0.46781265621757684,1.1941038112909574,0.41441382512669844,1.2747976215740455,0.3498976452194746,1.2946510486827203,0.2976718865333791,1.2975588975112158,0.5249039082593732,1.207033480567288,0.46697264847048103,1.2938457263840981,0.39214813982162716,1.3017713087061145,0.3377669679385947,1.2910983897634394,0.5509894846512783,1.2093528723555083,0.5034944827313792,1.285393697107016,0.4319517151939683,1.2953181929708115,0.3772835970998292,1.2896778886362141,0.5547038514098757,1.2057255374792342,0.5181270033293163,1.265384995191135,0.4625452119800051,1.2779233885329606,0.41665081354487493,1.2762228253256307,0.19889325819622192,0.07617417428933711,0.2947254783112566,0.12967839536443215,0.37853852776956326,0.15059829630198873,0.4400074799245667,0.16520318605272272,0.5004602966411451,0.1716613174458949,0.4356150035674931,0.06772292987032216,0.5457334939086304,0.09413093400837702,0.6137720516286673,0.10589175744941669,0.6709583494263405,0.10934405538954331,0.44199438764143945,0.06424309956401318,0.5683621461000977,0.09792298491190572,0.6562140369432371,0.11567875607383711,0.7306515376889984,0.12705727962018726,0.4325418621286495,0.07212078535337424,0.5124715886334305,0.1498794584203809,0.4546784452376158,0.17018353747467907,0.4005780057213167,0.17387284969360425,0.4153369991598461,0.09123599095325052,0.46877231288898263,0.1526860829026563,0.43474643768799315,0.1695914585879928,0.3941978808537288,0.17836953030300268
-0.07427648212270994,-0.34527172822002133,-0.010555763711517523,-0.40913867485602634,0.03164939782435068,-0.4078392204361402,0.05702074811484352,-0.40678547591493297,-0.14802526036857855,-0.40675098595847625,-0.1921117478440165,-0.40398830967660576,-0.23555043633361974,-0.40113855821350164,0.12603402641570985,-0.37628840332891633,-0.27808718176992875,-0.36494105303840974,0.017897116608959374,-0.2739744885810704,-0.1519915262825388,-0.27054382728118803,0.4994482766869964,0.02348231066972591,-0.4994482766869964,-0.02348231066972591,0.6284062830676886,0.48325528267597984,-0.5189473757708937,0.31510572216051275,0.6735867319643933,0.9996703740263286,0.16499302037309815,0.04985096982682241,0.6931876289041639,1.1367771569652807,0.3406553570097824,0.015906600583228896,0.6086820453365526,1.1252868055224958,0.3690526037494528,-0.014342544278841166,0.5797446189503128,1.0839116080331794,0.3010645609340649,-0.003933199171721316,0.6329250061314486,0.9826149938196521,0.5340998643820519,1.021691827955822,0.495250966851649,1.0850839190957153,0.475049273424065,1.1478828914398378,0.44785165077142863,1.1979991444345208,0.6179856362604679,1.122051058096108,0.5750635956321637,1.2077931809533766,0.5146799031536291,1.235580981819409,0.4648485460046744,1.2459196243332846,0.676988142457151,1.1273217372335809,0.6315636073287432,1.220340308221948,0.5587962010490942,1.2370877980212953,0.5040761216833353,1.2333645407799272,0.7037371179131513,1.125669706087342,0.6677531134367439,1.2067363180941766,0.5984081851168286,1.2253842501275742,0.5439508395567362,1.2269801559570075,0.7070696707534141,1.1210263110763943,0.677974094061857,1.184010779658183,0.6243247787283472,1.2032634928446975,0.5789240942795792,1.2078868246236287,0.19732551953720803,0.05551420994130003,0.2982267334297716,0.09443020129310814,0.3842106622335937,0.10478180685755695,0.4480260707613538,0.11235044637419052,0.5093926103486903,0.11195069560586841,0.43741509138933055,0.010991479871071842,0.5487688570355219,0.01911212956003478,0.6204017755014865,0.02144048860038444,0.68055776188176,0.020273291005546593,0.44064278757720937,0.007818200410040188,0.5702412809664806,0.0230154724922729,0.6601478049085869,0.031648204123377384,0.7348981531642214,0.03974485872030671,0.4298066152923558,0.0186374851595114,0.528219999906121,0.08220315829301753,0.47592757378130784,0.10983991721463933,0.4214903111733819,0.12255972588094642,0.41269835884311473,0.042263908364520195,0.4813403628573924,0.09191798457212821,0.451371876557313,0.1146840936820262,0.4125169099334865,0.13068106805658447
-0.010805685102597424,-0.3524322705741099,0.06317337952027652,-0.40240148005892024,0.10394201185217584,-0.393089927758252,0.1283819480338311,-0.38719196118539734,-0.07054425250156793,-0.42613487491465013,-0.11372673272632976,-0.4318039294101086,-0.15644914755469622,-0.4373015412800924,0.18966775518544524,-0.34423920187820994,-0.20447117481703278,-0.4102531996405353,0.06504027997520834,-0.26568205139938283,-0.10028723733269909,-0.2947367225869258,0.4850386814378925,0.12139801278847452,-0.4850386814378925,-0.12139801278847452,0.51131307967298,0.5935232858458234,-0.5853748369548026,0.20629289676138354,0.4593619461162932,1.095926531371258,0.14112937832963438,0.08034011647399283,0.45142383537872743,1.2324169533072424,0.3199167936649371,0.0799988715056292,0.3718079001569942,1.2050603012790757,0.353877896109614,0.056233788762922565,0.35184764083684145,1.1594003824746002,0.28475233950044715,0.053602564781367816,0.42259837917689486,1.07070466242983,0.31958094768279066,1.0895359349057048,0.26966731426472523,1.142895270827479,0.23874787833303474,1.1997381984047244,0.2035967199206206,1.243741104453776,0.38239142230486484,1.2016656573545783,0.32581007474105406,1.2779582296699052,0.2619255454236921,1.2936799771858283,0.2114131180500793,1.293346131727831,0.4376630288375883,1.2186689996032285,0.3752257280523307,1.2999368724145337,0.3018335986453251,1.3031770333480468,0.2494222610010831,1.2893158421079962,0.46328496252300155,1.223349356417584,0.41069532974545947,1.2947997775860631,0.34038557035455735,1.2997894102575729,0.2871787328077701,1.2905496812959023,0.46712638271144896,1.2207263796300436,0.42595940011464084,1.2763919125708116,0.3707530655085897,1.2849093108842846,0.32608851286766694,1.2801935884049476,0.1674844411400651,0.09563848051358621,0.26386229190351423,0.14656688700424894,0.3457517687773708,0.17375488372191586,0.4071992422426635,0.19491649946033687,0.4678124044830481,0.208968531101887,0.41107310294278765,0.09523401872486835,0.5194182479114634,0.12391160673768234,0.5929857233505401,0.14282341467281828,0.655378983149915,0.15847794479739172,0.4150125661210931,0.09492169474307402,0.536439984233069,0.12967378325523654,0.6227745735423278,0.1574041037242134,0.6925387323213174,0.1845710016381856,0.4019293301840121,0.10577190853680145,0.48056547648503234,0.1820156313761519,0.42512238901218125,0.19579739431294585,0.3672367985715377,0.1967659475451116,0.3807778584779179,0.12619815448889454,0.42955935249470684,0.18320849575161657,0.39571149394968685,0.19731086571048032,0.35468293872856765,0.20307887193602345
-0.036586789449192636,-0.3517121923881078,0.03355982525070988,-0.40706762390688966,0.07466956458304437,-0.40075482856511013,0.09949846489015063,-0.3965849526206243,-0.1010699928917156,-0.42078405116307505,-0.14444854949795768,-0.4233275063983404,-0.1873795769042138,-0.4257511458281372,0.16374226969815228,-0.3574203798622389,-0.2330079021224338,-0.39538620991548395,0.045019172791527784,-0.27065557446002214,-0.12145802701128933,-0.28797194566042494,0.4920540168845497,0.08878538431396964,-0.4920540168845497,-0.08878538431396964,0.5463142431083607,0.5635267315405544,-0.6115116975167644,0.2555009339178598,0.5320851837028351,1.0554547106677896,0.11615099820750961,0.08051338151496426,0.5339607443044515,1.1918411480352626,0.29417739085547695,0.06546649892412855,0.4525005217920261,1.1700906982443269,0.3237859155538197,0.039499553941366235,0.4293663697097123,1.1260829792202236,0.2548782852134627,0.04041489487571552,0.4944510313628169,1.032080074247424,0.39477370119153427,1.0577537261481915,0.3474553510842225,1.1150400509919538,0.3208489538914822,1.1739670422400001,0.28746358216789886,1.2195655481492118,0.4630679016400907,1.1684323722818577,0.41415666076225893,1.2464857914397538,0.3506240477718831,1.2661684428814668,0.2999174177543292,1.2697295449302732,0.5189237944024767,1.1811928716682425,0.4627797189847804,1.2651571559027401,0.3883794153995487,1.2717276287041284,0.3353135062068546,1.2606194010006986,0.5445851951823338,1.183424688324424,0.49803764752298585,1.2575297201510642,0.42711182348574184,1.26538550222072,0.3744842071872678,1.2585465542164873,0.548500212123445,1.1796549761338986,0.5112189927966345,1.237760403278469,0.45557832459572506,1.2485325423148599,0.41125927229393705,1.2460645246750133,0.1624184614978257,0.10169499217276085,0.264591170049327,0.1383004589179711,0.3545356026716422,0.15524067406140843,0.4210739117139433,0.1713288108592525,0.4838980353845481,0.17719174291619888,0.4119982314526954,0.0799687810830073,0.5168246455471699,0.09845949886249852,0.5874169448070904,0.1132157870604968,0.6466246963230786,0.12629164436841153,0.41366194726221184,0.07911658853988172,0.5304703599704684,0.09653742026469614,0.6121191780757209,0.11844186532476035,0.6746297600884049,0.14218507299422148,0.3986070285796361,0.08922498426576161,0.47684572666955893,0.15365085083674596,0.425526464614362,0.1716290006077005,0.3680057584174504,0.1771093152994528,0.3759752493654638,0.11010046278320765,0.4210339976758045,0.16205284807188156,0.3866048250055602,0.1771679559306278,0.3466904310310382,0.18320509276363983
-0.11890950236083797,-0.3351524645563114,-0.06369715568758455,-0.4056170804058302,-0.02229124934446303,-0.40909928436798626,0.0030857140977236853,-0.41084648969004206,-0.1974570261610946,-0.3870245692405374,-0.2401461213207257,-0.3792446969838672,-0.2823946433971856,-0.3714349035716348,0.07553799235127791,-0.38781586819673347,-0.31903948449495584,-0.3313315653741419,-0.020519048514158457,-0.2756505234224266,-0.1861766776073261,-0.25330988811007693,0.49920884781765,-0.02811629884203096,-0.49920884781765,0.02811629884203096,0.6582291575496168,0.4224416957829411,-0.573964988423324,0.413833855987323,0.7632482156244724,0.8962332063971586,0.12383840723399522,0.07297073895843392,0.7972851353843219,1.0281759444640575,0.2976186331017225,0.019288006026351133,0.7129993889744937,1.0263316047771514,0.32057271231517515,-0.014448281513366386,0.6801756170773242,0.9891175589163859,0.2533852353103051,-0.0015675957601190436,0.7234535848089845,0.8821068588306943,0.6326923069751798,0.9306275028018447,0.6004951843173856,0.9975252835702655,0.587625401567758,1.0613784430637303,0.5673878403658276,1.1132528246033342,0.725700394449755,1.0219457085583252,0.695454417623736,1.1105664451736834,0.6387383392035714,1.1434900419951177,0.5908136556944696,1.157364763425065,0.7820757104222913,1.0209938027496475,0.7460115950502029,1.1163647232528011,0.6760891033145884,1.1391860337283377,0.6232296734213688,1.1395890728062668,0.8071235330745615,1.0169163832550494,0.7794477297001651,1.1005743630863567,0.7135587649605101,1.124604522614982,0.6615870681104331,1.1296461088543324,0.809880095248257,1.012484654270128,0.7885071336774819,1.0785846722922545,0.7379377757950117,1.1024635461841186,0.6946067594103816,1.1103534033562699,0.1616439908920385,0.08920542613828909,0.28043368236225674,0.09773103487311523,0.37683867485967015,0.08384352598492296,0.4465739303510217,0.07619344513928455,0.5055760176294859,0.06241321076439897,0.4066267921684909,-0.0013720328468192929,0.5031467408519357,-0.013864583674236493,0.5700878303818213,-0.016406032997527565,0.6250005074991689,-0.01752217553378344,0.3976517161524231,-0.0028686304328524722,0.4996618362645314,-0.01465558266547398,0.5746247670722623,-0.015259377219350317,0.6352147418497128,-0.010888850011021037,0.37848575780863325,0.00866516100956088,0.46071176856170304,0.04637765059430721,0.4358621675115226,0.0804836185316448,0.4007639010787733,0.10426569318278127,0.3578433560685907,0.0325460031903868,0.41317246966965904,0.07117592292098458,0.39781802408923883,0.09589018061009046,0.3711682330907766,0.11342047356430444
-0.11737820966343625,-0.33650957613823873,-0.0627362717843433,-0.40706119267802143,-0.021403924915717576,-0.4107484813921985,0.0041360614412698895,-0.41256848849979094,-0.1956044745376433,-0.38769290388125993,-0.23768433696045832,-0.37959727784760267,-0.27956036763871045,-0.3712648795480727,0.0765025368189971,-0.39000671164557854,-0.3157595489192509,-0.33150065312610766,-0.018582764240997775,-0.2777999307336075,-0.18356680468919873,-0.2546572195412156,0.49897740583883093,-0.03196167177027267,-0.49897740583883093,0.03196167177027267,0.6598013952770091,0.41567561971379335,-0.5889985897516016,0.4441665502924265,0.767094099998358,0.8815444498932492,0.11821609652723285,0.11182054836581327,0.8024665574904533,1.0125098408368054,0.29795281957949155,0.05489681294901027,0.718071464337613,1.0114895019379453,0.31798167377004405,0.010803299906307014,0.6849784852586259,0.9747950207998963,0.2514832211193959,0.02298655044827195,0.728362100828784,0.8671354614791965,0.6401584941408478,0.9154882376127296,0.6093096047276306,0.9813952826313752,0.5964201567035876,1.045339748150218,0.5788364877434787,1.0980079907839502,0.7322732316724743,1.0066228265653756,0.7048321155767399,1.0943687460956932,0.648852804910747,1.1275879681049032,0.6012309166442847,1.1422281984782843,0.788422408485966,1.0056687126599362,0.7548717936326402,1.0996580808194638,0.6857091086863347,1.122647503992052,0.6329147796429213,1.123583639490075,0.8140263776455008,1.0014886545627952,0.7891462008295931,1.0834849807625366,0.7244309899124207,1.1077780953875356,0.6726866068589891,1.1135350539207074,0.8172325363950439,0.9972799949642457,0.7979948241499123,1.0622639123158069,0.749285400567098,1.0862083957824171,0.70668134353442,1.0946691124060186,0.1754418519696999,0.11062848450283395,0.2661948849153751,0.10456333687287878,0.3755481697908972,0.08546681399068495,0.45172276840954717,0.079162199485833,0.5062468370314523,0.06531969059526853,0.387150470954137,0.016896693585741553,0.5233474451671751,-0.007271061098146446,0.5742891710659233,0.022882856520466073,0.5846330037327384,0.05130204346858226,0.37862602997642836,0.02399248989975535,0.5174288524598886,0.007916958260586696,0.5571890175699808,0.041737712506896105,0.5596725526399656,0.0716075356490419,0.3634161773389709,0.04257126197435454,0.45821232441490567,0.0655160758932874,0.4339409767694032,0.10441923474211462,0.39875177226798136,0.12679192203630735,0.34589036549836016,0.06755777500206807,0.4046395283077587,0.0972221961849772,0.39376124904726933,0.1261383313539174,0.36620370014446413,0.14298989872626397
-0.14920023548747133,-0.325393892687364,-0.10163935170508384,-0.40159040152898745,-0.06167861788005885,-0.4093390082705428,-0.03601361989703944,-0.4136483641033658,-0.23259269502813498,-0.3682672360337584,-0.2733632573939103,-0.35567586256828027,-0.3127382095321635,-0.3429111295057979,0.03837812615260058,-0.3988732167915205,-0.34709886602477147,-0.2994588197779694,-0.04479866565157138,-0.27780898127236886,-0.2073491446492573,-0.23722154572557116,0.4929164361424209,-0.08386529067888988,-0.4929164361424209,0.08386529067888988,0.6970033052783514,0.3454364441888113,-0.5654767795870493,0.5182323041782693,0.8545845903104254,0.7913300771938561,0.11631104382363924,0.1522841772701127,0.9035052653341987,0.9183035044380669,0.30314521470518824,0.06431928512915673,0.8202762007144316,0.9272425827480595,0.3069444195169643,0.008071453658901313,0.783593566163855,0.8942110646565955,0.2470110128399712,0.02816339593547993,0.8169210802859324,0.7803861893784914,0.7329501636505762,0.8389376766818786,0.7103661857983066,0.9075212697303119,0.7058535407263049,0.9719168491326576,0.6934953852658954,1.0253943701654433,0.8351347643596849,0.9168328233520788,0.8197941631640998,1.0077055878141885,0.7669865130653679,1.0466918976587798,0.7204714390490987,1.0653881029684293,0.891351927212817,0.9097478434210526,0.8687493956815673,1.007396686236215,0.8024560571177446,1.0377365193898003,0.7506492851277897,1.0440631976299022,0.9167702507427878,0.9030034177924112,0.9012519236617084,0.9872426014983229,0.839761404028836,1.0185684603029315,0.7891067070028172,1.0295921445377008,0.9197739859549222,0.8984699051496858,0.9080447478493071,0.9647278103901953,0.8623095027764508,0.9942196018469788,0.820978790395727,1.0071520023159277,0.1650803196689604,0.14557912798082695,0.25024377814187576,0.12054102303265962,0.3462898958534126,0.08288125684692686,0.4160546896674799,0.06255620132692018,0.4680436847528594,0.047335327608984505,0.38561375341444626,0.008335473179679507,0.5095683360945257,-0.013377266911249878,0.5392494773850149,0.015003592867172203,0.5272819567518234,0.04672698758229786,0.37052576638081125,0.014825298366115557,0.49566426942260977,-0.0033459027306467362,0.5075586902172572,0.033923385697653824,0.4800472544838887,0.06932622479110308,0.3500017021058377,0.03453322715827239,0.46279351597829527,0.023592338161449684,0.4663243304322309,0.06401680603941244,0.43778357110814503,0.09937941987406675,0.32280983366483956,0.06512896646953688,0.39787076243087527,0.07074124677443079,0.40074770299162543,0.1014851113444523,0.3789599044775417,0.12902603253869513
-0.08904378225340749,-0.3486857472101592,-0.028254409660325053,-0.4160274461302436,0.011696825005982237,-0.4169046530272118,0.0379772929345201,-0.4164878666704181,-0.16410500117933657,-0.40497917323001215,-0.2066880502913825,-0.399172251810172,-0.24635138888808542,-0.39288370636775827,0.10943694795754719,-0.38962976132964855,-0.29018372878690846,-0.35582047323526056,0.006294953679935316,-0.2846384973967932,-0.1624492214042007,-0.271445538434998,0.4999855069914847,-0.003806940828015918,-0.4999855069914847,0.003806940828015918,0.6308266709880085,0.45373456050343175,-0.6686725769490576,0.4360926462794605,0.7162967565912098,0.9235350385549358,0.07111030076099435,0.23929232488747998,0.7434918280630497,1.0565284201497365,0.28830918536044864,0.19374592774250887,0.6598800077335653,1.0527444531106858,0.29253073774771005,0.1306303388736863,0.6290774500303529,1.0143603014200846,0.2339087588394811,0.13862762216284039,0.684096478589926,0.9033548468098377,0.592778955681338,0.9481631149478601,0.5606761836227765,1.012002965349507,0.5447583349415975,1.0743191633482285,0.5254379958525445,1.1248220245540694,0.6829357671976428,1.0420023069674604,0.6528064995021601,1.128836179002617,0.5946347742753186,1.1590443775136252,0.5455577803656709,1.1709389184718813,0.7391299219032088,1.0437673706647126,0.7011605640522351,1.1359979299813665,0.6307077588400811,1.1551386450870664,0.5772405792958184,1.1534657943422286,0.7644523303311548,1.0408608862174449,0.7335937571394067,1.120581187803702,0.6679372177087545,1.141639629390085,0.6155065155342907,1.1451197886742028,0.7666972333589108,1.0364314172828972,0.7421877641428505,1.0986119760081676,0.6924253705264001,1.1203133171618558,0.6492905099086166,1.1271146817343576,0.10165602018243784,0.21956438780544082,0.17172643838803311,0.18254211741522766,0.2769626393602672,0.1506348160058523,0.3568664508656235,0.14463924391471797,0.41911148191293646,0.151730676301398,0.3381501427165556,0.1099680827241087,0.4719385695012253,0.11460395448986226,0.5001318183860919,0.1567203386073192,0.48297118153505936,0.190379102750216,0.3358142005900046,0.12174450149929647,0.4660670644499519,0.12741102621016404,0.4807158367750773,0.17044886382602512,0.4556274721180665,0.20189214731966726,0.3241911669521215,0.14537167004376145,0.42950704708334697,0.15693314612550352,0.43468237207709054,0.19648722795969925,0.4058483849527144,0.22460267348429142,0.30367758892235114,0.17830483748768267,0.37398023954407095,0.196076991049099,0.3783081572474211,0.22440281557163427,0.3560745508481861,0.24546691148717215
-0.08317514392270571,-0.35069551099437607,-0.02083996135343587,-0.41769718676912343,0.018203796001542562,-0.41842898119052435,0.044547923070432,-0.4179140149324119,-0.15691503132098877,-0.4070386538176705,-0.19979475820069734,-0.401340867276089,-0.23845073381971368,-0.3951919426115155,0.116340098921271,-0.39089985280426287,-0.28405371439943095,-0.35819351746879097,0.012006540294614737,-0.28677983003498075,-0.15685499035464334,-0.27445327882472087,0.4999433060168064,-0.007529327259843944,-0.4999433060168064,0.007529327259843944,0.6275826312246435,0.4388482538766778,-0.6947579856492873,0.439826544172142,0.7150300736665102,0.9249039800985068,0.051322598794889394,0.29165461907226203,0.7422817472273145,1.0561729553561034,0.2804161639503773,0.26815791705557296,0.6592984937472625,1.0525421620584812,0.2887548291111419,0.20778073160779245,0.6281748438646931,1.0148536377267205,0.2322469884365627,0.21041272441640585,0.6892228520542265,0.9016367008391646,0.5976056557655364,0.9456845208872344,0.5658727664584544,1.0109752186739402,0.5497030446042864,1.0730823697742493,0.5306809428783198,1.1225436705150569,0.6907357727839817,1.0401975492181115,0.6606161395498592,1.1271829279329804,0.6013188336779234,1.1568765898855753,0.551456855838332,1.167994513013298,0.7440284256849191,1.0421056223359544,0.7054360135335416,1.1339870442855287,0.6334821636221479,1.1536969466823057,0.5787512288600707,1.152564095319536,0.7663170841505684,1.040008535609667,0.7353243006153662,1.1198243618732435,0.6684024904160277,1.1412799369546451,0.6148423071684347,1.145004312117706,0.7661375145646712,1.0366425580862517,0.7417957456842555,1.098968045736125,0.6909545885876934,1.1208051805442534,0.6461227121900787,1.1277132202636126,0.059221238682229956,0.2765205163638595,0.13488683280574149,0.23145162170849698,0.2521905278518336,0.20164342578506136,0.33651435687489434,0.21100686505232905,0.3900673587511904,0.23631125385481738,0.3215156513743097,0.15997019144318786,0.4560928993957957,0.1828897073908995,0.4602251407115258,0.2291455719238531,0.4280658939888167,0.25474718198322327,0.3156722762472813,0.18275938715046042,0.449914592562776,0.21305864024163823,0.4319415377314556,0.25848914530419304,0.3891508966619431,0.27774580183590086,0.3000418679219514,0.2167254782498481,0.414229302557528,0.2529310990668251,0.3930348501266656,0.2896412900159796,0.35171189749272,0.3014572966240098,0.27174460312326126,0.25816485229262076,0.35725579642320987,0.2937426760343931,0.3459784929257902,0.3177613142952753,0.3173704396092809,0.32342356615797907
0.012320552786601501,-0.3628693272528088,0.08949204436019509,-0.41204731404873357,0.1273894475917446,-0.40312884986517156,0.1528359542101886,-0.39607349631442174,-0.043888247499438114,-0.43509147683664795,-0.086424080620179,-0.44009023089719335,-0.12417036820933026,-0.44341597189330134,0.21576675022576697,-0.35201225747947673,-0.17903442951297596,-0.4191862734934277,0.08862640618907645,-0.2776080962591238,-0.0769642770615505,-0.3074682862296827,0.4875287783253858,0.11097607987560558,-0.4875287783253858,-0.11097607987560558,0.5009069821578657,0.5726874744603104,-0.8115945483101401,0.24963368157158947,0.4698783258319991,1.0676148790488964,-0.07241446755174492,0.3533182752559266,0.46567656540376867,1.2014354020165818,0.16426735905709766,0.4184235718632037,0.38640471644952923,1.1773963349102838,0.19973445220076833,0.3700513932105752,0.36475385072566396,1.1333282161513212,0.1479866386748965,0.34488321596916677,0.4521842116220856,1.0387231303273046,0.35275260633360184,1.058340311705379,0.30743904832300906,1.114033445085225,0.27755332240927627,1.1704399717291036,0.2471361137759467,1.213556835002049,0.421135392845569,1.1738256521122785,0.3713502653666456,1.2509393745154158,0.30709264823236815,1.2653917971651096,0.2565736494857283,1.2646806471057348,0.4730907449029524,1.1882257467147428,0.4143662174603441,1.2681448456746487,0.33975709088733974,1.2690041393418552,0.2868892784611462,1.253946337482479,0.49547262764673555,1.190796681499051,0.4460672880822789,1.260085646692445,0.3765627792091357,1.264291891784501,0.3241682634412883,1.2551662853194567,0.4957682867686631,1.1866475664997538,0.45653582907535056,1.2401145009198282,0.40244443651462075,1.2490494901786258,0.35792211265450513,1.245437947504188,-0.08354634907579589,0.3280227147412962,0.03398492885912851,0.3254559397710037,0.190162451970098,0.3463121731903232,0.30158849028109597,0.38078656700005764,0.37204145801839367,0.407631436434078,0.26954691086445076,0.3127040735644959,0.37541621876172876,0.39778541793441247,0.3472192048153495,0.4415594581635423,0.3037046618369489,0.4471674164269344,0.22930387260799992,0.32330268680652446,0.3266905236550516,0.41600935773413467,0.2887698144738362,0.45078920024118874,0.24573156615629002,0.45086516359827894,0.173840071525091,0.34527441634326805,0.2555422444689569,0.43019818209986993,0.2232387270518203,0.46309864183571214,0.1826803795660169,0.4656848296149441,0.10722089422920139,0.3735355523152039,0.16676188076781678,0.44165257857964996,0.14886345012211272,0.4669198024303625,0.12068195333356106,0.4708480485213872
-0.011527376604000088,-0.3650611537054451,0.06087291568950784,-0.41991108213612316,0.09775035613131766,-0.41449565922863923,0.12455641325747474,-0.4096248577284458,-0.07241509197936535,-0.431186377935571,-0.11641934487837717,-0.4326235339066406,-0.15299488227489222,-0.43273120407550913,0.18997013007984745,-0.3712080577815395,-0.208855537846461,-0.403614017472564,0.07029424377372268,-0.2868033547944951,-0.09622325445558724,-0.30235696056024275,0.49575237657269666,0.06503522985677124,-0.4957523765726968,-0.06503522985677124,0.5447029090595867,0.5232451195940678,-0.7828878869809128,0.3140565059790726,0.5679805754302977,1.0199624087739747,-0.08798533312712477,0.42378291499023674,0.5765466310211012,1.153280881557871,0.13622692033761064,0.4774437723924368,0.4955048264812652,1.1362636639149395,0.18599291976724286,0.4411801285784611,0.4698496875437053,1.0943466783483062,0.13666187424482326,0.4188053494443108,0.5476497605061832,0.9925189175906829,0.45162470142314515,1.0207180418331745,0.4110731926756337,1.0794681824070689,0.3867374114594079,1.1379831486944658,0.3612045206206553,1.1844994938231006,0.529536637529271,1.128651302328305,0.4870547383417911,1.210198660474121,0.4250248640882822,1.2308039574954344,0.37522202319149545,1.2340111530399127,0.5814606926998908,1.1386401213146802,0.5302955653566789,1.2243980479411167,0.456529939932864,1.2314234606437588,0.4034909155631095,1.2195695099940977,0.6030182998189568,1.13986424663239,0.5601339297954869,1.214120918563428,0.4917326692446166,1.2238801666197952,0.4398426581746114,1.2178378097841578,0.6023464879180195,1.1364647290514898,0.5688522487497358,1.1943248485128737,0.5160725894294612,1.207559038051594,0.47225286080734435,1.2064829061507252,-0.12145531296836924,0.3930167688362896,0.010880233396469423,0.3781278545721418,0.16626709634571707,0.39243172046262353,0.2607643001519234,0.43297782786707373,0.30811481415037467,0.4825432877253744,0.26242886763068307,0.3788236590749725,0.3522630339823178,0.4599313759663938,0.3240021055234137,0.5105506881506886,0.2813570548772376,0.5282957832501891,0.21964559846680454,0.3955468188796959,0.2949728015494505,0.48882827276666785,0.26009862147196566,0.5288840186061411,0.21961079000645867,0.540895562610076,0.1570141145141014,0.41973239512815785,0.22158790089039335,0.5035820966597889,0.1950479626436,0.5382698125981822,0.15566072715213233,0.5479500272994124,0.0812586367076894,0.44816921612436905,0.1278065124113302,0.5148015834934034,0.11696730560474487,0.5441766505672182,0.09495935686678046,0.5568525500066062
0.004561698529885838,-0.36644348406847854,0.07653120124853081,-0.4202575934753529,0.10932727563690166,-0.4148104431629489,0.13891586893535418,-0.4091971831167525,-0.05343897499969066,-0.43321286527205227,-0.10080779027513102,-0.4358059099085076,-0.13797555899038338,-0.4366119416106928,0.19854370192501042,-0.3701006409886636,-0.19955841535894073,-0.4089012093141004,0.07955472334192892,-0.2877709322448334,-0.08507407923135567,-0.3056557276892769,0.4949827193331685,0.07065484811066981,-0.49498271933316834,-0.07065484811066981,0.565802983238096,0.5362897203994023,-0.79313764961538,0.3046091777403821,0.5610464922056001,1.023240304586242,-0.1404703775910545,0.49893618195871303,0.5712615812536843,1.1599382085323153,0.029540323685106038,0.593229361862007,0.4898102616753685,1.1419858063185973,0.10148175624999071,0.5556506904537559,0.46445041719829677,1.0992071359294056,0.06888731961070788,0.5275161675976051,0.5368831331125393,0.9991277570829374,0.43995292880770914,1.02547761061275,0.3989151684056408,1.0835721624972399,0.3737603098176809,1.1425670039872637,0.3490863041445501,1.1894423927654432,0.5154423804002024,1.1340348262825894,0.4729340939588666,1.2156971136197001,0.41100599278868133,1.235716314508084,0.3612639206851092,1.238930502255839,0.5679096854378963,1.1452556724646101,0.516719009319398,1.2305627851440037,0.4431279580305624,1.2371493372428068,0.39023534819447475,1.2257975040511695,0.5904508765452781,1.1470721837286957,0.5469031275921591,1.2207801107875822,0.4784488350018449,1.2301853174031,0.4264863801074449,1.2242954756997686,0.5908037491577686,1.1438972122505113,0.5551036506293121,1.2010126689881377,0.5015463054540489,1.2138901305592131,0.4575010850368336,1.2127036908532955,,,,,,,,,,,,,,,,,,,,,,,,,,,,,,,,,,,,,,,,,,
-0.06371684976673084,-0.36189119874061615,-0.005590091400596471,-0.4291621798434126,0.02540291365439942,-0.43044518015795696,0.058488485134302305,-0.43131942914021215,-0.1340204566145424,-0.4152859748471618,-0.18306569759571623,-0.4080295548028677,-0.22108652885049132,-0.401235518107764,0.1200694259957703,-0.4049702221957441,-0.2787816102217671,-0.3610601451310251,0.0215479173567813,-0.2999400092978158,-0.1426464036919743,-0.2836271039475078,0.49886727853561097,-0.03363686082964869,-0.49886727853561097,0.03363686082964869,0.6713698924918617,0.41134480546530705,-0.7008607037067395,0.4621273771305071,0.7656548034281103,0.8752602377428511,-0.06975726095071154,0.5907770543920766,0.8082893096591666,1.011946418741489,0.06783533611906295,0.6807091286561303,0.7254230046021727,1.0115204792640131,0.1641510628138394,0.6316732455846246,0.692523761037946,0.9739245742416265,0.14539810438376857,0.6023403160017498,0.730633840925321,0.8668917935990661,0.6403176463074024,0.9136772394831407,0.6124353021534891,0.9781892243763114,0.6015985407606947,1.041149507245263,0.5873182497402014,1.0930723667164508,0.7382230422684426,1.003701302371421,0.7156164679911682,1.0919540915084776,0.6589816155923107,1.1239367262935613,0.6113099790042102,1.1371539410787466,0.7938278149675753,1.0028758758973437,0.7620871042238344,1.0971081679138106,0.6907279796115624,1.1182041986577513,0.6366262592611974,1.117380893484299,0.8173998630446321,0.9988542015276097,0.7904347098791386,1.0798736299322649,0.7243025542661828,1.1030415756914491,0.6717883052008132,1.107661481138964,0.8179566498508443,0.9946021441867653,0.7957141491198216,1.057843788999439,0.7451494772148949,1.081192896876083,0.7012700853525485,1.0887385640321994,,,,,,,,,,,,,,,,,,,,,,,,,,,,,,,,,,,,,,,,,,
-0.09486350873916023,-0.3563611872039455,-0.04379530441334529,-0.42860475949935767,-0.013597579710465324,-0.43271405370391086,0.02082033438291273,-0.43711912371243167,-0.17049083360351916,-0.40296900054263224,-0.21939103348848438,-0.3910861462895253,-0.25729295841981403,-0.3808166350051075,0.0827731321592457,-0.4163258057935453,-0.3120921679213062,-0.3351301740176982,-0.005937462776664412,-0.3020785957608135,-0.1675987717811309,-0.2703909082636718,0.49350999872569074,-0.08029869960197784,-0.4935099987256909,0.08029869960197784,0.7110600133359074,0.3496324302496412,-0.6509055891272372,0.5256283659310931,0.8487388199186792,0.7942975408699452,-0.08263581235665637,0.6818002275228682,0.9080768057985642,0.9285400365648702,0.0387984660068573,0.779333637219799,0.8227282004429076,0.9367561956291305,0.13822436841364288,0.7268631959135707,0.7867049650744242,0.9019145519058008,0.11994634055450337,0.6958753772539641,0.8086582418400781,0.7944025799882796,0.7237490307518357,0.8498719469922585,0.7021618581399515,0.9176981968562178,0.697670259150784,0.9811003605056173,0.6891002082401106,1.033348011665639,0.8303153355577375,0.9302189571446647,0.816983472752884,1.0198820419753123,0.7648024523144362,1.0569687878410323,0.7187751908480849,1.0737884279426935,0.8844166441247764,0.9246094140055485,0.861521228997527,1.0209422187229762,0.7941886306028851,1.0494466089810035,0.7411437336508588,1.0540597138592727,0.9073462545863866,0.9191111417592757,0.8899298133095802,1.0032526491669291,0.8269828211958918,1.0332567578859246,0.77501034330015,1.042470951854819,0.9081187297862167,0.9155525827253354,0.8935508543344302,0.9819253574480389,0.8454392652188336,1.01021888026192,0.8019560036259585,1.0212987801083775,-0.0435802616311768,0.7019121312035553,0.08067371298422876,0.6870972616319222,0.19606107245386817,0.7109934431952383,0.25444714401194224,0.752600995925025,0.2754272208406809,0.7926016960772904,0.215657106372083,0.7513478082318594,0.22506655418836813,0.8342269312727287,0.18783539217030895,0.8330802513074164,0.1799225470077259,0.8021471300987066,0.14134939357086915,0.7765734411098549,0.1426904203051759,0.8602512916308719,0.10963770637018748,0.8526286668861626,0.10522222633324436,0.8167660100737877,0.054180100081993546,0.8010985209922787,0.06577614649548494,0.8773314686015191,0.038475624936643395,0.8662182742616019,0.02924918472569389,0.8326555516697351,-0.03458369807363829,0.8199440251688775,-0.006918001468593128,0.8821657602650906,-0.029316036172416165,0.8713764253078436,-0.04659070440309099,0.8446780154082248
-0.07291437324353081,-0.36314620581638013,-0.016784930295718866,-0.43223760564008556,0.013641031227333688,-0.4344006019850012,0.04857200330226045,-0.4367841986238091,-0.1453589535887072,-0.4148090561504242,-0.19525162179843475,-0.4060614005598228,-0.23385932768304768,-0.3983531081883539,0.1093073677092967,-0.4121161408103389,-0.2916751329961677,-0.35631940010376206,0.01267328127701024,-0.3029534297425814,-0.15121879942555486,-0.2816583872964292,0.49769520359221897,-0.04795293860963835,-0.49769520359221897,0.04795293860963835,0.6886601947718891,0.39725613454295045,-0.6831946237296483,0.48251685684256623,0.7980719545965116,0.850809170047636,-0.21020974787242244,0.7630494604849748,0.8500076531480869,0.9884210296835608,-0.15228115290042996,0.9078211819262862,0.762715042298744,0.9914026750136358,-0.04085983937561846,0.8662159277197369,0.7285623037127524,0.9538677663695712,-0.04063571226328454,0.8167418236591083,0.7573111177167148,0.8491750666806014,0.6681040198975418,0.8980961621738007,0.6406394237247155,0.9642992037958708,0.6321745508389561,1.0278989293382572,0.6194173383190158,1.07999697846942,0.7676732971853526,0.9870718520369649,0.7490305165304328,1.0757661760875425,0.6957522854152518,1.1091883072453776,0.6499103162195871,1.123579326616397,0.8235805344059102,0.9855912161426722,0.7919375164576684,1.0800546281359649,0.7227184812383074,1.1034210687275832,0.6700907349256042,1.1041705071204444,0.8482978863083329,0.9817739421013534,0.8245162649862108,1.065265781266446,0.7588468877966699,1.0899216171829604,0.7063962213384857,1.0944658008150656,0.850833917080409,0.9781333449139986,0.8320159074639154,1.0438293611354925,0.7817704988652265,1.0679962265963858,0.7378013541586216,1.0752609334606207,-0.18976024840488628,0.7336866004705243,-0.06910756897904256,0.7448078006486025,0.03317646487493396,0.7951257901149974,0.08053108585282302,0.8443768669485096,0.10059791210713571,0.8866023354824704,0.060614587861945804,0.8202244835444547,0.09489138240270653,0.8877473418064904,0.09857320588676251,0.9344108420522613,0.09293789818754593,0.9713179547446069,0.001615867659421549,0.8411541212788176,0.03252806453099019,0.9080297863137773,0.035254782517827044,0.954688902382878,0.031159828081769887,0.9931976773358816,-0.0736561138988615,0.8606077153678289,-0.041742965857608214,0.9233969571242356,-0.037906790836286036,0.9663476973249443,-0.040406827412351694,1.0005979261303708,-0.15998116117547984,0.8758957534488272,-0.1268147663267585,0.9249916264668019,-0.11768578493551848,0.9582821058832746,-0.11515652784772594,0.9863789653056793
-0.0016469998378433027,-0.37134117839104347,0.06731883930309876,-0.42830315337941643,0.09780389940611837,-0.42450715343186474,0.1323912714252528,-0.420140239504599,-0.06207726792058431,-0.43613414450367144,-0.11277160358496707,-0.4372188455106629,-0.15208620580872703,-0.43716743122874624,0.18744015456851226,-0.3841369954095046,-0.216563476024692,-0.40708881474694364,0.0711487545850317,-0.29574440960616144,-0.09373656026707525,-0.3066069599736768,0.4976396408263549,0.04852615663965649,-0.4976396408263549,-0.04852615663965649,0.5987790250760642,0.522404018691216,-0.743669033590611,0.3574759417407045,0.6185015453040782,0.9888807720856332,-0.41382582387320904,0.7797159408099248,0.6428199924335841,1.1337663141510217,-0.40239015799582967,0.9277207561283989,0.5564997616379609,1.1196017796434625,-0.2834461243635832,0.911731601894782,0.5296299651874613,1.0758418013933178,-0.26937377282519204,0.8644710598780254,0.5788745721958111,0.9780911232682827,0.4816066019870772,1.0086439654283867,0.44036963113819394,1.067718992628119,0.4196716599624248,1.1284314992828013,0.39778242201031405,1.177579600388373,0.5567754050004948,1.115162429183635,0.5227218715708337,1.198656830295026,0.4647218465834508,1.2217396265712628,0.4169618529544975,1.2269284218453054,0.6138189819450032,1.1250804307486866,0.5644289894312547,1.2118938352901805,0.4928181620410672,1.2211873238927216,0.4423873238371717,1.2118133403313631,0.6409726990712328,1.1264050763767735,0.6011428884192358,1.20415980085572,0.5322019731803528,1.214769917017138,0.4814269501715248,1.2086262966580028,0.6466513647981427,1.1232132115765243,0.6166151264787725,1.184982297607024,0.5630331276600455,1.1982740521206283,0.5200603727449351,1.1960404098071935,-0.3972288506253192,0.7222197120616054,-0.2710677301128543,0.7736029638237771,-0.18786190235725556,0.85163118673344,-0.14899002998289942,0.9130076245629558,-0.12452079523061971,0.9592313316038116,-0.20706335979204288,0.8665636967356217,-0.1760796066652095,0.9352275621641805,-0.15748440389174118,0.9819982816751764,-0.14231768463785968,1.0192598144012959,-0.26946838692526154,0.8711064389127455,-0.24695095605663686,0.9458803990245931,-0.23084001511233615,0.9962104201769943,-0.2180614795520371,1.0380348874618135,-0.34221533419132116,0.868600149104665,-0.3229672838015125,0.9412994159191416,-0.3107473649483451,0.9907644175369206,-0.30115625508158655,1.0301390099865513,-0.4220819681544084,0.8592968775103391,-0.4085323456031244,0.9152507553665481,-0.40340373356020515,0.9544172552755525,-0.3996275759210248,0.986121520507703
-0.05029821280844416,-0.36869509838358766,0.010758959090376805,-0.4341672891837131,0.041580743157850826,-0.43432898967116146,0.076154797264444,-0.4345479019847018,-0.11847478418730649,-0.4250682236902471,-0.16878541213755588,-0.4194838569865245,-0.20768285737747635,-0.41437297815450935,0.13574263467375589,-0.40604813236689913,-0.2674622452687563,-0.3760606750203319,0.03184887155120385,-0.3036867743616504,-0.1328518907989751,-0.29278935923085214,0.49967216944797804,-0.01810312346395273,-0.49967216944797804,0.01810312346395273,0.6620069970468573,0.43769761353102604,-0.6480245041685964,0.4667191567633448,0.7412110248505158,0.8976710524084738,-0.33397646175801804,0.8962513959646473,0.7832305727070561,1.0380014919201532,-0.3058015343880466,1.0439699166233907,0.6960704672722343,1.0352222748980895,-0.18610392097469639,1.0210416739914419,0.6624455874235755,0.9954516087158573,-0.17040481334860855,0.9753253934145693,0.7040476808421755,0.8891204114436545,0.610522659962767,0.9316840071399861,0.5769786457140841,0.9961371744370132,0.5614590106360177,1.059744533101324,0.5429668604412505,1.111756508998082,0.698307668735815,1.0279064136491212,0.6736796182903104,1.116440022391219,0.6173423245964594,1.146775422246087,0.5696143828327473,1.1572899619267307,0.7555144056780752,1.0304342854171706,0.7168726729306957,1.1243521352317942,0.6450565951943951,1.141978691056555,0.5929046329449101,1.137625009533507,0.7818358468906947,1.0282714308537244,0.7508700937487865,1.1108262708007466,0.6825394304752089,1.1300341644791712,0.6308755013403338,1.1299020304712744,0.786327725680077,1.024321012909965,0.7624621527355913,1.0891704334011665,0.7095046857799643,1.1093792465762229,0.6658096639102921,1.1126819879429581,-0.36227647851522243,0.8289991058503717,-0.2313214184595506,0.8715521577922701,-0.14518720853582112,0.9401649059991163,-0.09820876833530685,0.998020413811834,-0.06654551584118894,1.0436227722391995,-0.1683026222636588,0.9528577479194417,-0.1328393333571797,1.0120399628978771,-0.11420682666191756,1.0564875956110331,-0.10059822490438684,1.0927863305363439,-0.2247561166333677,0.9659043462903103,-0.1948800872911661,1.0287102495032858,-0.17464353894545206,1.0741407632862554,-0.15817102331866395,1.1123596237776567,-0.288379301458086,0.9745391379826917,-0.2614741132670579,1.037413554017321,-0.24497396173814187,1.0792470361397974,-0.2313067389141586,1.1119501718954556,-0.3596932042356712,0.9764878636460651,-0.3372606676343118,1.0288620037065268,-0.32749943214926985,1.0640572706485651,-0.3186745897194409,1.0922594069919112
-0.0912431154944987,-0.3624949047910025,-0.038120733853679485,-0.4340080952809251,-0.0067955744839190355,-0.43765274743775817,0.02692825283903057,-0.4416772411084804,-0.1650311976411115,-0.41075446382798525,-0.21374439094309944,-0.39970990652750626,-0.2513436678840271,-0.39037796814306225,0.08991515544516454,-0.4202244410567456,-0.30603356656481406,-0.3457000548280517,-0.0021843590378140053,-0.3073750284497273,-0.1638158671241286,-0.2782256397361371,0.4941425224719777,-0.07630968146330512,-0.49414252247197754,0.07630968146330512,0.7048748559209121,0.35660671571461,-0.5468960024340156,0.557268371745548,0.8347984693399637,0.8049681411317547,-0.24787353129774406,1.0099619271931328,0.890474406764609,0.9392251285377601,-0.2118682923096771,1.1517425901616014,0.8041779369203613,0.9455366114401148,-0.09439456732531104,1.1162397474888408,0.7667862686177732,0.9099747134034265,-0.0815596037691762,1.0653365880064591,0.7972119278262348,0.7986288109145335,0.7099024733561662,0.8504387941733208,0.6843367753203815,0.9187850804975218,0.6736960031878002,0.9830997722285004,0.6575872671729254,1.036016271184991,0.8075462325835037,0.9343180936562423,0.794249373788029,1.0260583148090392,0.7395193028450063,1.0633991015174173,0.6915911045699498,1.0800411699072974,0.8620622741762795,0.9308836521248809,0.8341730297484008,1.0285835538185477,0.7622257571247135,1.0557675455191158,0.70702273441505,1.058313478904356,0.8860008368343901,0.9270239118834673,0.862035022751689,1.0126631615523716,0.7950735446481048,1.040751046743919,0.7413219340821159,1.047905007082876,0.8884037989461777,0.9248003935938199,0.8680500513891222,0.9918680193316167,0.8163228771781773,1.0189027547226566,0.7712424875970798,1.0284111927585815,-0.30033294441887015,0.9196166599250123,-0.17189042197849289,0.9587468819331466,-0.09276929118163466,1.0180586776206337,-0.04826623557778258,1.0696368169326504,-0.01103898194771141,1.1096923371011644,-0.12727725470778908,1.0417506691645595,-0.09516295930061038,1.0926570564915248,-0.07391577067849814,1.127747702487884,-0.05640487770243345,1.1567949445468613,-0.18471850690814345,1.05935751958201,-0.1553764841331221,1.11257587887501,-0.13295515440805092,1.1486134115541957,-0.1133448748360018,1.1790056096125705,-0.24313204170807415,1.0714773237224062,-0.2203648174710049,1.1246818187823502,-0.20310676793356197,1.1589189139598701,-0.18705428749138764,1.1851135541329614,-0.3041518208377545,1.0763616173499542,-0.29041975918265855,1.1234231072564131,-0.2820301320248691,1.152105442011567,-0.2725297953103584,1.173958102075606
-0.08656361688086853,-0.36367326827711055,-0.03265789646841347,-0.4336552103975488,5.677160689836232e-05,-0.43691619986106833,0.03336930696193801,-0.4403080211098604,-0.15975075218004475,-0.4130200860274818,-0.20750864105845318,-0.4031776462109914,-0.2446560711490657,-0.3945694620529075,0.09698374812261808,-0.4181433297403724,-0.2993934805869715,-0.35071095066987223,0.002241254394390561,-0.30696386590769426,-0.1596586731079236,-0.28033122510231906,0.4952559380961063,-0.0687135778470734,-0.49525593809610613,0.0687135778470734,0.6986227472296628,0.36667096794086756,-0.5311275065123615,0.5446065213225151,0.8203173446202405,0.8169579535649334,-0.32548545372837984,1.00328461410846,0.8714060866182135,0.9517786236031341,-0.290917801714618,1.1534826839068382,0.7875221596663676,0.9564975235497193,-0.17566890678059996,1.1147281715080872,0.7512830892390269,0.920640410141373,-0.1591335054094759,1.068626563237806,0.7845494676045051,0.8090787033821706,0.6957400158352514,0.8581697408033473,0.6714476825825856,0.9263066653439381,0.6596045542225808,0.9889386380460954,0.6442534421153475,1.0392685282991097,0.7988128222463137,0.9428880221182062,0.7831929473359741,1.0344257706615048,0.7227631773586073,1.0703085420649552,0.6709052991615649,1.0861081560069819,0.8495764501113612,0.9404578072044174,0.8170307371304865,1.0386517856265092,0.7388721723384748,1.0644986910114893,0.6796593004023262,1.065478482031268,0.86817632690852,0.9382312934636687,0.8371153580966861,1.0240153156513114,0.7654596375542257,1.0500210570790778,0.709605247766525,1.0551074110527778,0.8644111833654166,0.9368223045100887,0.836551104585507,1.0022467734358351,0.7818294691765892,1.027904108217141,0.7356508335503065,1.036544299887394,-0.3379883537367222,0.9668133424520249,-0.22121169182933212,1.0038456289976347,-0.17125347235208985,1.0638398040751633,-0.1379559968173556,1.1168433742295436,-0.10699824519570332,1.1572162339230037,-0.21049877852861248,1.1039368392246707,-0.18195708840726113,1.1633238349316701,-0.15933625763321227,1.1883855871179807,-0.14025219724845422,1.2024943785929778,-0.2730913325520628,1.1191416517259811,-0.23767543047800302,1.1787168464149238,-0.20553591120699766,1.206232326827254,-0.17399371490974902,1.2223089810133334,-0.3278284942329273,1.126242697172739,-0.2959117225615027,1.1815233137713015,-0.26376666956701494,1.2059292058384763,-0.2296952595078534,1.2195472324767702,-0.3730507249796805,1.1248414857743374,-0.34808920325058884,1.1706717466858978,-0.3244905237818384,1.1894014720084698,-0.2983295799430436,1.1991649159726783
0.01152928986997557,-0.3733739450985171,0.0814997544123263,-0.42657589649247535,0.1149637445072324,-0.420954272756616,0.1475321630799759,-0.41550412049850316,-0.04665551999435563,-0.4403897951522515,-0.09444631785383299,-0.4434616824926229,-0.13229448747446956,-0.4447753654846106,0.20390667010352245,-0.37736167947821053,-0.19554651394789802,-0.41647519462963883,0.08267596943013922,-0.29517367523217924,-0.08084779281852895,-0.3119027542503322,0.49599370972137197,0.06316834584529987,-0.49599370972137197,-0.06316834584529987,0.5782307711239152,0.5363164696983662,-0.6401270791167559,0.38969531656594014,0.5774220184893843,1.0021888704178117,-0.6116547051643706,0.8739312144897424,0.5898820928982941,1.1446854742504156,-0.6227420826489052,1.0228567941530153,0.5094855760955695,1.1275982917984935,-0.5107486921286254,1.0164080588978701,0.4839550411956233,1.0838735518929627,-0.48000342450015016,0.9791533502620338,0.5445473580130239,0.9855596208623041,0.4472753463835316,1.0092144928609283,0.40770188158634035,1.0677261620484013,0.3833096623653206,1.124968675767092,0.3590288086105133,1.1701466147717878,0.5244620633761118,1.1199651602720957,0.4864018743230625,1.2040281272346673,0.41794764183800576,1.2205423505457147,0.36282302584980775,1.2197601314621913,0.5705039913845115,1.1293227167638953,0.5124453244287965,1.213470789494151,0.4286149323967907,1.2163666028814446,0.3690769393452062,1.2008200871307488,0.5853472468279333,1.1308526705858608,0.5283070705858812,1.2019252481549825,0.45156329534531064,1.2065591437186955,0.3949054238705185,1.1960838341014406,0.578535082449169,1.1276727188117077,0.5322418899393752,1.1805195897925613,0.4734384878029894,1.1900751868806632,0.42664292519922414,1.1858258341549361,-0.6065040864467068,0.875613446858202,-0.5113988449280098,0.927533661369385,-0.4803384445784814,0.995188498099252,-0.47087726813376773,1.0550397787481185,-0.45941552172015193,1.0993484500726831,-0.5371944689715373,1.025498221846673,-0.5524214825260706,1.1042579305805151,-0.5366076290858075,1.1351050832362777,-0.517487992334257,1.1496964594439645,-0.6013149874611483,1.0177220668079416,-0.6029095559073102,1.0990470616075065,-0.575717942605302,1.1174078661629037,-0.5539782638569314,1.1176158313498892,-0.6548580054168136,1.0050094492469168,-0.6533393276989719,1.0777591465770444,-0.6236271062915055,1.0858094604594222,-0.6026314938769443,1.0790538765588316,-0.6963630347008286,0.9894392403178819,-0.693188366736484,1.0462319498407775,-0.6705250584384498,1.0495862137309084,-0.6555911641018282,1.0375161164997122
-0.10582289138448986,-0.3568041125416401,-0.056261017695603203,-0.4290522072715891,-0.021635210981794176,-0.43440183214934863,0.010447558210436107,-0.43932817520725864,-0.18255630985233473,-0.40204046613348576,-0.22802372245552788,-0.3901918091364352,-0.26445080575935226,-0.37955049640544125,0.07657713408010881,-0.42097382551510837,-0.31444699378736596,-0.3331371285752213,-0.013367935829237648,-0.3050691369222632,-0.1745049517650233,-0.2696021283181357,0.4906995119185055,-0.0959895254855468,-0.4906995119185055,0.0959895254855468,0.7169428121197239,0.3258619353922626,-0.4759184559489117,0.5736098786398564,0.8615710782012395,0.7686444046735419,-0.3208594704172992,1.027491193954058,0.9170174425693934,0.8984513086588228,-0.28404097807257983,1.1712750087613042,0.836732928224007,0.9078111193361951,-0.18551976425376487,1.1362022103922547,0.7992214151193215,0.8753690024368765,-0.17100750725012484,1.0929380680305325,0.8240396098473056,0.7629629199101106,0.7399788810517546,0.8145957364798074,0.7210518696792737,0.8847677961215101,0.71924569850196,0.9481793456919823,0.7158553901742666,1.0000581818523295,0.851367634032515,0.8979860464513307,0.8360108259153443,0.9904048301985845,0.7723161640220656,1.0263698496698164,0.715696217632882,1.041377305448428,0.8931571512616892,0.8923637249503871,0.8609560144589693,0.9896221206624571,0.7837493418991494,1.0185738992308404,0.7220239496047515,1.0238188150292566,0.9038925485011279,0.8889904089703118,0.8681256037188232,0.9728521601652822,0.798992271129769,1.0015024476697942,0.7419205057427535,1.0108791162127142,0.8924493132735779,0.888037867815174,0.8627081221829335,0.9517685033716556,0.8110196358756372,0.9790547575206069,0.7653527412076528,0.9907733232747263,-0.3207147644520568,1.0262094309533552,-0.20736097347828986,1.0456336776988573,-0.16053986231990816,1.1015162422247557,-0.1403091966259521,1.1552547354130578,-0.11718856945271833,1.1947963417689704,-0.21514052691520272,1.1512292754957976,-0.19673154817923005,1.2298678355809534,-0.16726024773402498,1.2497049294478335,-0.1418053502418739,1.253645320954468,-0.28255088221482455,1.1617708704833674,-0.2534374001581949,1.2423587875779933,-0.21108178699465174,1.2488742428714599,-0.18351294393249756,1.2408291427756228,-0.3347583058384145,1.1624516749179692,-0.30474878410268613,1.2323592114444404,-0.2624697959615891,1.233087748560567,-0.23831242687933848,1.2221676229901637,-0.37302061334966563,1.156368055086359,-0.3536064553683372,1.2112327566502967,-0.31736857132255597,1.2142787245442654,-0.2955963051991777,1.20460243343775
-0.05317743615369025,-0.36829834144945317,0.005886632398140754,-0.4325720889355575,0.042063255719341934,-0.43290747585848804,0.07394620128722396,-0.43291371421695557,-0.12340858034683025,-0.4245188780668952,-0.16913035233723728,-0.4194826027552318,-0.2066965226478405,-0.4140820254355415,0.13750269607938034,-0.40514735203644914,-0.26183892397701763,-0.3751341962542218,0.031295121073132905,-0.3033691280493142,-0.13350059261969638,-0.29172621408107324,0.49945285007064144,-0.023384836033490963,-0.4994528500706416,0.023384836033490963,0.6615802890110043,0.4251625028847752,-0.5514832931557857,0.4958783762677911,0.736262443074421,0.883356175080166,-0.4765391696595832,0.9643347769185894,0.7737364092309365,1.0184162530764338,-0.4584179352403593,1.1108612388365922,0.6944898410963667,1.0165359107321514,-0.35960783767292853,1.0909534717837626,0.6621690575997828,0.9802720264146263,-0.3391673993702829,1.0516924204059728,0.7019123043988884,0.8741341841068103,0.6095632399966932,0.9124936433178281,0.5791967704471878,0.9795618924569469,0.5700843085894103,1.0425422048612285,0.562580467360719,1.0930806956802894,0.7044508285633557,1.0109130726035984,0.6761186697755203,1.0997960554321171,0.60796947250094,1.1251751515019666,0.5499286519445191,1.1301091303837711,0.7481405027807301,1.011876529859139,0.701570535815227,1.1032297330495824,0.6228410178444383,1.1199008155806771,0.5630677060791529,1.1161056243268554,0.7608099197264658,1.0105699139201687,0.7132975445664047,1.0885150390958038,0.6420064350623669,1.1073534039684931,0.5851316177166179,1.1088112620129973,0.75124040256457,1.0085242846059503,0.7130866656997435,1.0678978150597447,0.6577419813272274,1.0877467807371033,0.6107473247127354,1.0928957017733418,-0.4847757133859787,0.962581143667096,-0.3711910292879963,0.9963692707811808,-0.3282349894042853,1.0585733824005177,-0.31192281907824365,1.1172601516917837,-0.2912648246294944,1.1605327641220444,-0.4052982981257651,1.1054224707391502,-0.38107365139293975,1.1822528330693134,-0.3430254329207446,1.200204141084691,-0.31057981708240956,1.2049516663688646,-0.47099834599264306,1.1070692213943198,-0.4314887638692614,1.1857779479173125,-0.38166585551754245,1.1989697248116853,-0.34594134795330284,1.1966857467454641,-0.5142045205227638,1.100137036693226,-0.4778873944133244,1.171874267232328,-0.43153134364852136,1.1829396149254923,-0.397675567591,1.1798143663330185,-0.5393750367136156,1.0897415443233347,-0.5178373093528795,1.1456320185687046,-0.4789577657346913,1.1607056711765398,-0.44782432824063984,1.1618521955739205
0.013926083964336793,-0.37246968388526946,0.08386651517037183,-0.4250843890213363,0.12013771626431591,-0.41874286695476354,0.15115406042360463,-0.41285873451722,-0.045328415927368526,-0.44107416973722874,-0.09069305442669705,-0.4443969116556451,-0.12870781089991792,-0.4457615085936267,0.20916411018867462,-0.3738499510410826,-0.18936361036715824,-0.4170507631547796,0.08563368500272059,-0.2928733029612658,-0.07912207145050545,-0.3113991281649359,0.49540433229171016,0.06763540157790798,-0.49540433229171016,-0.06763540157790798,0.5738187458882597,0.5375902870937023,-0.6324098557880716,0.3890080364903615,0.5614031323973819,0.9977670301401504,-0.6465451170710416,0.8587435542417324,0.575300563048062,1.1374195753571448,-0.6512177824799149,1.002155112859142,0.49850744390831214,1.1218552969515232,-0.5529584638057886,0.9990947787044618,0.47270051875929164,1.0814969128449317,-0.5259368688575711,0.9652600229611561,0.5289575161405204,0.9867011028691117,0.43073600380625815,1.0050521443336957,0.3875133423900153,1.064472909299487,0.36715723532214856,1.125156175842884,0.3515411425745725,1.1739018098529457,0.5033524279210622,1.1191426846504424,0.45593745505982336,1.2021981136486073,0.3847356103171304,1.2153940004660126,0.32833682653578516,1.210233708860627,0.5473880391080274,1.1298835394441804,0.4824323421078137,1.2121982950529429,0.40210133103288365,1.2140043990158311,0.34533783535037793,1.1995893002586466,0.5609766854786785,1.1320913069497198,0.4986039370913162,1.2012289045642714,0.42474507416500723,1.2063487575313137,0.369049716200133,1.1970860981336777,0.5525737585936253,1.1286279035550142,0.5035727509867483,1.1808320550108486,0.44515186377028715,1.1902913874852616,0.39824888953808096,1.1871941456878141,-0.6582966332940596,0.8544925967715901,-0.5517837563413449,0.9033865535811194,-0.5203450216775294,0.97065997669764,-0.5161899304295859,1.0338111082444803,-0.5039804151933829,1.0826784842915274,-0.6090804679402669,1.0051876361791703,-0.5917054178176835,1.0888358671227076,-0.5528197788596384,1.1137641692310551,-0.5185312001431832,1.1246672209805348,-0.6707756390509833,0.9971644786015336,-0.640195656157648,1.0855142359778531,-0.5875665304357381,1.1090178947498583,-0.5473774001621686,1.1148012258607192,-0.7061291419627147,0.9852176289119275,-0.6791996319063578,1.0663225349820813,-0.6308055996228417,1.0875279793626138,-0.5939071867635017,1.091916273387121,-0.7220171552831365,0.9741694514710547,-0.7020293364324974,1.036433091304137,-0.6634895435256981,1.0589694218128065,-0.6329264696033865,1.0659608025941238
0.034399646651589184,-0.3717576648391093,0.10733747193420674,-0.4205689234195741,0.14364271807722903,-0.4120935697248778,0.1740962969680256,-0.40437090664324155,-0.021330033686222345,-0.4441946485677524,-0.0661331413177366,-0.45005492899673266,-0.10425641652163649,-0.4535048344828616,0.2302615772928925,-0.36200498194871117,-0.16576181230750528,-0.42800047973112915,0.10182731269054007,-0.28789604553899883,-0.06205394522776062,-0.3157444736227203,0.49082961984931694,0.09532200311877105,-0.49082961984931694,-0.09532200311877105,0.5426979873225285,0.5692175886491485,-0.6524718060322711,0.3546775949740713,0.499966301170534,1.0274951441636722,-0.6936231599056151,0.8184604617234277,0.5023951488523246,1.166895101419158,-0.7054590208008895,0.9586842012565324,0.428026954803054,1.1469571264945875,-0.6078122438667534,0.9620875763153901,0.4044167245837887,1.1055755714015956,-0.5791256465595669,0.9306118123459756,0.4685993749207474,1.014530444809085,0.36801576298217586,1.0269881944316315,0.3194593203070431,1.0823512983289811,0.2954504069913085,1.1411633047478003,0.2805481532527835,1.1895411897563808,0.43163436012303097,1.143427125649033,0.3813574943381528,1.224834634377724,0.3090469454643025,1.2347829248177178,0.25224355130603954,1.2277892639655015,0.4780140281281156,1.1572283042466343,0.41033048414025475,1.237003434260296,0.3304375315681744,1.2354585777279765,0.27524751158856475,1.2185543774114918,0.49360671319747856,1.1606385218016542,0.4294825326469033,1.2270581402809235,0.3562868540694385,1.2293104337615228,0.3020022690779082,1.2179410408945832,0.4876202513054175,1.1575000541353941,0.4366627714677579,1.2081029180217604,0.3775656841444641,1.215472666350681,0.33076837074529486,1.2103097425254425,-0.711834951479057,0.8098492053718147,-0.6062629258578752,0.8666293519896163,-0.5781793789632605,0.9354808964239063,-0.5777807900114504,0.9987361651421197,-0.5690925831301955,1.0490180630155634,-0.6764632431241577,0.9629305134251607,-0.6573311763867822,1.0470291373728287,-0.6181848580231533,1.0757600237755707,-0.5825015789738434,1.0914653003977806,-0.7347750930913558,0.9519433641495049,-0.7064323177799855,1.0399580356481364,-0.6535244876897452,1.069503670796254,-0.6098471989322154,1.0798527298103837,-0.764752027511074,0.9389808832518737,-0.741442095327933,1.0197949700876152,-0.6937012179830426,1.0469512352539327,-0.6542550794593881,1.0572596066138698,-0.7753310248472539,0.9294954347735945,-0.7594591217890445,0.9911869684635449,-0.7213882290642198,1.0190097407465297,-0.6882232740983921,1.0321431844670081
-0.08420656810751795,-0.3641162538794164,-0.030040494532152538,-0.4333707092854496,0.007241792758973705,-0.4366980845861365,0.03852876831147224,-0.4388757244490086,-0.15990544306431634,-0.41574493186734623,-0.20424810270096963,-0.4074098005899425,-0.24156694732408393,-0.39876311391964236,0.10533570772294318,-0.41628794213899795,-0.29182229875394705,-0.355328958334944,0.006186948083993156,-0.3054989478838648,-0.1582284072123163,-0.2805964263944752,0.4959131932726888,-0.06379737250141905,-0.4959131932726888,0.06379737250141905,0.6939081470146738,0.36983229985571775,-0.5081418784827884,0.5421072596145654,0.7927874290711501,0.8194452535860821,-0.4023508007619932,0.9957625740759947,0.8362192056445829,0.9506395381989182,-0.3703228469414241,1.1320654934489298,0.7606294400375125,0.954471179930193,-0.2768793496933212,1.104966070559441,0.7250590763772009,0.9233425215812522,-0.2588645329716134,1.066434642995482,0.7605237887139734,0.8187724967404062,0.6672339405825314,0.8634063508010701,0.638794940974616,0.9311001849629054,0.6355856966211719,0.9938623673435409,0.6367604777440913,1.0434673792289595,0.7655159027298137,0.9534238543689267,0.7422990389223403,1.0454484313944845,0.6783949817513463,1.0769554369929677,0.6245779102703317,1.0880146146284315,0.8143885671806804,0.9512146513890875,0.7765717532399046,1.0481686615366343,0.7005731992465281,1.0713828311391302,0.6438588907126794,1.0721392579643554,0.8310824949381338,0.9486932995430264,0.7934844787938339,1.0322957625612488,0.7244581355728776,1.056993141552447,0.6707336418087494,1.0625666040580497,0.8259524692371304,0.94710814632019,0.7942280101729213,1.012033513515187,0.7406237303306288,1.0367448289007992,0.6956266918659583,1.04545676545014,-0.41764784870782756,0.9888222412035905,-0.3039065846641244,1.0114512959527657,-0.2569360297387311,1.0683898420989377,-0.23640073704973794,1.1281643300324018,-0.21342201430142566,1.1733844634242627,-0.34716488457794403,1.1235511282552382,-0.2992771021860463,1.1984757097144636,-0.25089051935164836,1.213861758958802,-0.20998860625277854,1.2191597106773169,-0.4050167770031434,1.13231536908835,-0.34908400466794043,1.207516328477733,-0.28748041532838625,1.22000628861772,-0.2405372770725485,1.2174538370547998,-0.4350829543283836,1.1292957682363847,-0.38952271328732485,1.198686930145514,-0.3352393916438355,1.2102505810144115,-0.2940873972702912,1.2079505814752796,-0.44464836546475306,1.123491815298173,-0.4144693461783665,1.1763875557892003,-0.3705366131266021,1.1912530522870888,-0.3351920622974301,1.1939016289642372
0.03394811110001878,-0.3723182810344451,0.10708918862284753,-0.42115439775436336,0.143566469207487,-0.4126485413242355,0.17395571699584622,-0.40493989832164073,-0.021803107139215794,-0.4451709618563182,-0.06652659136722577,-0.45121823200059014,-0.10466515733863774,-0.45473839782859937,0.2304247207206496,-0.36261105574610647,-0.16597519382352788,-0.42926567580885605,0.10132964413220766,-0.2883925965996276,-0.06253193176590964,-0.31613667633724657,0.49103396022631074,0.09426372528425685,-0.49103396022631074,-0.09426372528425685,0.5438373671330868,0.5681421181415084,-0.6534015523401558,0.35550544951569935,0.49393600702786183,1.0260002607646923,-0.6959691554537529,0.8194674620621106,0.4930976913552614,1.1636865306193698,-0.7107925488573063,0.9578460475158637,0.4208854943738308,1.1435914088157613,-0.6134406856334623,0.9610912667111501,0.39650600966680205,1.103123692507183,-0.5829349768042955,0.9310445387625876,0.46686725864461537,1.0175262426434655,0.36422132948013136,1.0305668792865816,0.31615201369103485,1.085088183630986,0.2928133453910976,1.143188351979373,0.27663901493380194,1.190657151111532,0.4290023598772509,1.1461177991199245,0.38038204189898966,1.2264967733337453,0.3104402756779648,1.236130789967301,0.25540821689785115,1.2296536904513866,0.4758319495914704,1.1594431863983283,0.41135252906743924,1.2397000577534298,0.3322481459399293,1.238007446687658,0.27767221025031025,1.2208905427747083,0.4927477037427422,1.1630265540989995,0.4323946726709425,1.2314416637950372,0.358895867129922,1.2334177612015687,0.3050283746543936,1.2218164030978516,0.4887940901413777,1.1612381913897438,0.440348633380304,1.2139222079829943,0.3819106351294654,1.2206203303050545,0.335806561419593,1.2145565331776254,-0.704224183663659,0.8082768082497268,-0.6032387268452268,0.8651019222443196,-0.5778048228410092,0.9318215280867277,-0.5786512057092001,0.9948466017553156,-0.5724505433132857,1.044886322957511,-0.6827645917205375,0.9552586500600109,-0.662232185690974,1.041668673706685,-0.6189234844850298,1.0735222170058734,-0.5803503684579076,1.0925317277482276,-0.7379967578173425,0.9457541896884317,-0.7107860384017279,1.0363130659311366,-0.6541159036930264,1.0704641043388987,-0.6071146910730217,1.085694504912578,-0.7628569555464877,0.9343776759352734,-0.7439697677076021,1.0161582287701534,-0.6944868581577284,1.0477431295613409,-0.6529626708322243,1.0619800121834837,-0.7674873955517514,0.9268994706255559,-0.7569746676707979,0.989070047147553,-0.7204099936792463,1.0199183827302503,-0.6878388348337212,1.0363845701482517
-0.10183043684934207,-0.35996280752082355,-0.050919095728449534,-0.4317572337367614,-0.013770260673432075,-0.43688553629664234,0.01731518949627052,-0.44056574582820823,-0.17990814876101374,-0.40810322746128364,-0.22381283731487323,-0.3977858564720316,-0.2607039404646058,-0.3874408532994796,0.08531939257955237,-0.42129753903850636,-0.3087908910244203,-0.34179647447958433,-0.008951909413169366,-0.30570882335441946,-0.1717000380706539,-0.2729250529077917,0.49219002835677517,-0.0880282681083577,-0.49219002835677517,0.0880282681083577,0.7115557104351793,0.33561121446797815,-0.4835059978414294,0.5658163287080422,0.8273355211370326,0.7815007202349217,-0.36037513017308215,1.0127031322186517,0.8760282090006821,0.9102062653312015,-0.3289466064681355,1.1472271651919768,0.8019145696799056,0.9172206989351485,-0.23768786355825525,1.1159397357151897,0.7645751054125667,0.8881922226793867,-0.21881120309545654,1.0770688036811393,0.8038540934106408,0.7823797562228489,0.7123657092327348,0.8313715700682982,0.6874283807081306,0.899283462259578,0.6855464856905995,0.9629184265171211,0.6860959520022236,1.0141126393813082,0.8137014369159642,0.9178432568343766,0.7996248888671048,1.0093192647311504,0.7388723708586857,1.0428574141990217,0.6852909697432581,1.0565783962511852,0.8629797263129453,0.9124679565297383,0.8339167304435579,1.0090345991111151,0.760135093953208,1.0367639171440166,0.7021681134578843,1.0417914942783677,0.8810028832209098,0.9080513145867499,0.8505930077886291,0.9918373673703919,0.7839016867114429,1.0211686941776514,0.7292426466900328,1.0316413305376342,0.8774855490010662,0.9064347982371289,0.8525011108693703,0.9720730097190905,0.8017532856769182,0.9999967671925246,0.7565177946887695,1.0121203469286353,-0.3630209344478661,1.007085443660906,-0.24926954548480032,1.0247541584433268,-0.20334777613976993,1.0783050344042466,-0.1831142821408357,1.1375726805899065,-0.1587229840621522,1.1813654450829076,-0.29362943338239994,1.1357150521002006,-0.24488680168265886,1.2110734869126079,-0.19329545130981876,1.2252200260961852,-0.14954498603164756,1.228458389928332,-0.3479619509558823,1.1467963668980803,-0.28948361725242616,1.2226969687880271,-0.22454150188633476,1.2333907480984705,-0.17527579123188297,1.2304151922390476,-0.37481063757630945,1.1453782805637105,-0.32797766603064393,1.215783755778133,-0.27041555287432884,1.2262381416430272,-0.22602577707402782,1.223416123517262,-0.38127248230747113,1.1404344828305173,-0.34951588936557926,1.1947413275954837,-0.30354612167413,1.2102199945012824,-0.26622048776928436,1.213727396759674
0.043591205229195094,-0.3717824302679921,0.11821872589279644,-0.418612838608002,0.15453360772235172,-0.4091341969510076,0.18466040376471674,-0.40064446405569193,-0.010064096855732332,-0.4462424319732208,-0.05458678000768368,-0.4535750430732718,-0.09263068914592797,-0.45816756437440537,0.24023972547127811,-0.3568095887496766,-0.15444924536780347,-0.434426197604168,0.10853903227749022,-0.2861168389213982,-0.05426157888051336,-0.3179864404321482,0.4885186493720483,0.10653416924024796,-0.48851864937204814,-0.10653416924024796,0.5296699863693068,0.5822572745183785,-0.6637225453848072,0.338074387817102,0.4648780262097032,1.0387072828693646,-0.7212052979278611,0.7986626989035607,0.4613262802809386,1.1763761705266347,-0.7447961149884145,0.9329002300070672,0.39054752210757887,1.1546908534085878,-0.6515349210062363,0.9384760303584178,0.36702057573899044,1.113535832437556,-0.619052306895279,0.9101825082488981,0.4451107900797698,1.0325609419168498,0.341589916439154,1.0424775163833453,0.2931424824265322,1.0962098103107474,0.26788518296952396,1.1541508999972956,0.24923206685507257,1.200860182213805,0.4048367018699436,1.1600420698065252,0.35579210013055634,1.2405475984004266,0.28519356737267015,1.248391875588684,0.22945327752734243,1.2396070697277304,0.4520379760969755,1.1745356905739979,0.38752951878089364,1.2543909423449289,0.30784754655084773,1.2518843137790563,0.25295332185719105,1.233696921979221,0.4700262588073962,1.1783513944186643,0.4085842830786097,1.2455550351036542,0.3355267617409021,1.246250351893726,0.28298081896088784,1.2340341724576906,0.46678553771100945,1.1761134098357118,0.4157775414556146,1.2276415306159216,0.3575896753891594,1.2331804288468855,0.312880943043465,1.2263897673620152,-0.7179182766630834,0.7922380128616192,-0.62122909193322,0.8508169392619779,-0.600212197730259,0.9174265802681086,-0.6045192842303957,0.9801157382913319,-0.6005158814718248,1.0301790003278457,-0.708341987517894,0.9372999672100699,-0.6910846149672993,1.0254613525251142,-0.6466634991728858,1.0586596918834006,-0.6070424371952868,1.0789131073321814,-0.7619102140802061,0.9259271759890363,-0.737491372201121,1.018357065256716,-0.6791138579507753,1.0539612842473356,-0.6309441732982309,1.0700650428923761,-0.7838257072668765,0.914152987132142,-0.7676919197356952,0.9968873165053922,-0.7169410759259024,1.0301312306705492,-0.6737336108219621,1.0455129938390615,-0.7857679525128765,0.9070924206977612,-0.7777078883826519,0.9694464345107647,-0.7400533490233401,1.0025069191174518,-0.7054938283027316,1.0207732373431557
-0.11073683967456062,-0.3579368417982662,-0.061347608876670935,-0.4310364700418437,-0.024179975097146894,-0.4371113959368942,0.00675068998900948,-0.4415550470958018,-0.18987971907143053,-0.4043721399079251,-0.23354975287429577,-0.3930716982981685,-0.27020375077853603,-0.38186866169815814,0.07555856750158896,-0.4240263183562912,-0.31706296074093904,-0.33509849634147065,-0.016677652547628128,-0.3058536042479594,-0.17832082793360088,-0.26904081674488306,0.4897572885647513,-0.10068663415619208,-0.4897572885647513,0.10068663415619208,0.7206673245028654,0.31764695891120864,-0.47033766030711227,0.5783030531288156,0.8456649851621149,0.7621120457272643,-0.3355843691494621,1.0215401305843395,0.8985643883081371,0.8894339773095508,-0.3053089025495174,1.1533667963329468,0.8254974646964217,0.898241397346953,-0.2200169270982774,1.121428239153311,0.7871651002519526,0.8701343082946296,-0.20095234218131783,1.0824477641395602,0.825619461032982,0.7654099558752422,0.7357475676937326,0.8176764055462662,0.7131854757016691,0.8862731332591258,0.7145543558296744,0.9492576269926314,0.7153644663533911,0.9997265427310229,0.8412708472193055,0.8973445773705891,0.8284025510278302,0.9914341435290915,0.7684228330735332,1.027350776838682,0.7153156394750697,1.0424479897344003,0.8924885813525466,0.8912749287413151,0.8654509950078343,0.9907715423653278,0.7924401760974402,1.0201922224558075,0.7358937466967989,1.0254035905110903,0.9118305602140934,0.8873509575994851,0.8840905983655827,0.9739634825015746,0.8175043596399187,1.0040159981229881,0.764258715522658,1.0139932330954782,0.9089012875011122,0.8862660913188587,0.8852886264093222,0.9536720917207927,0.8347588006743418,0.9824682566582286,0.7910062408035043,0.9945362988660603,-0.3332614169301512,1.0150655965806998,-0.22195749835691764,1.03043901908996,-0.17649978978427505,1.0843628996340724,-0.15531034913611505,1.1432735294275878,-0.13270994199536823,1.1869323924945567,-0.26982396548103077,1.144660405125808,-0.2179071236042908,1.2197797017099696,-0.1630477282135036,1.2314989186353003,-0.11765846342629237,1.233607651454449,-0.32234630386269664,1.1549289380401406,-0.26178539601127704,1.23072362192061,-0.19299783638391202,1.237727333745828,-0.14272467241388268,1.231668076702712,-0.3457393861208574,1.1527085246373354,-0.29826218832144136,1.2236464681953574,-0.23714876056150475,1.231125131409249,-0.1909522848797088,1.2252204512215428,-0.349085084197343,1.1472308369398274,-0.3172001360862515,1.2017452593244495,-0.2687884146504203,1.2156349497118835,-0.22991471499628177,1.2166299024086358
0.043359428766757836,-0.3724945465055618,0.1181685724784966,-0.41946903301579797,0.15472632023988755,-0.41000417579682297,0.1847804101999732,-0.4016027251592956,-0.010198834702125448,-0.4469795876661523,-0.054760801762064014,-0.45429699980994886,-0.09280664448731707,-0.45885268716142,0.24086856230883213,-0.3577369144714854,-0.15447441917070556,-0.4349687451325663,0.10841013500630921,-0.2868132009065265,-0.05428246286117471,-0.3183396406025452,0.48877407811592033,0.10535606561528463,-0.48877407811592033,-0.10535606561528463,0.5315253459765317,0.5817039797483069,-0.6634334900187515,0.3396621782973935,0.46667780193324726,1.0395527430709355,-0.7179203612902662,0.7997094973301462,0.4638330775703639,1.1775062850918563,-0.7449649161146157,0.9322250994495653,0.39367980462801905,1.1561640425298751,-0.6555320406225434,0.9375129531670146,0.3699279115602407,1.1149288384228817,-0.6220072478228575,0.9095259710075831,0.4473338605799713,1.0345186522798477,0.34313636985785434,1.045708363985654,0.2961921463552184,1.10083413173707,0.2736292866867315,1.1595456184126345,0.2565823855760261,1.2063179239454316,0.40734050168464897,1.1617775757309945,0.35672967724171595,1.241833663711942,0.28628219006143274,1.2509871988604078,0.23190555541640184,1.2427639081211626,0.4562124345511572,1.1768685358670963,0.38936381967447015,1.2569815252944732,0.3103867259331641,1.2537045589791567,0.2572264567526241,1.2348028336041676,0.47486797818837384,1.180852801088067,0.41290460547168156,1.2488633712422106,0.3393504819046669,1.2490969155690153,0.2865152277931363,1.2357793385547065,0.47180512446542316,1.1777161204632753,0.42221127199649555,1.2294453804922323,0.3629857930932821,1.2353004811149182,0.3167998212234865,1.2282300661754106,-0.7149084061895055,0.7932481411675458,-0.6190773194999089,0.8538225153096767,-0.6004626531755021,0.9215048051028611,-0.6053584504446919,0.9835671323831178,-0.6014538844465993,1.0325722446407357,-0.7098474064483055,0.9394332005019441,-0.6916446288193046,1.027544598002466,-0.6483672520477133,1.0611430175484728,-0.6103004690973802,1.0825442707712953,-0.7622658965878594,0.9271276976888516,-0.7363362639344495,1.0190504590252605,-0.6789082518670196,1.0545670860585088,-0.6320463044994625,1.0706862006924014,-0.7833304125527691,0.9154046927964862,-0.7674986153876647,0.9982161120319069,-0.717138798919366,1.032606575537043,-0.6737310955956256,1.0492128371207399,-0.785049637707979,0.909129555750828,-0.7774122419527962,0.9713813511181495,-0.741316209381731,1.0061957595132922,-0.7074240485488023,1.0263054536337062
-0.10881443856263796,-0.3591150529042233,-0.05869730695279873,-0.4320498166862315,-0.02133851735864389,-0.4379036337376681,0.009568324351754856,-0.442135741225817,-0.18741087113835167,-0.40627741911825,-0.23116634229818805,-0.39528293419794047,-0.2678498412603418,-0.38434153586959463,0.0786152144657287,-0.42426120028380604,-0.31471028346110697,-0.33792940886249306,-0.014871434237470404,-0.30641495606921565,-0.1765739204356243,-0.2705551176490833,0.4902973429064155,-0.09802303575644238,-0.4902973429064155,0.09802303575644238,0.718824741428533,0.32215685135632577,-0.4736344362862167,0.5757693302070075,0.8420615316917764,0.7678341258024456,-0.34367331717920746,1.0203588911519872,0.8943385293277424,0.8954360456974939,-0.31568572260041616,1.153145025242214,0.8215172262689877,0.9037767122713851,-0.2308361250484592,1.1217758421780202,0.783394369575327,0.8753826722875014,-0.2115426581340493,1.0826211017116252,0.8213220049781377,0.7696612690193325,0.7296576764945588,0.822025026018563,0.708794538841763,0.891950079516556,0.7129620451120546,0.9541811630228654,0.7213524590523813,1.0013928982537859,0.8352178345635957,0.9055166649009316,0.8203444018913582,0.9978074883498262,0.7574707797669548,1.0338212923844423,0.703186041602642,1.0479289859088923,0.8846401449111976,0.8988440651155751,0.8540436436242679,0.9973587354385175,0.7796523701638158,1.0257560088367443,0.7227043240030714,1.030590554186021,0.9020633874753852,0.8938242821568522,0.8710446811433424,0.9790311796437428,0.803861277043898,1.0091773109290882,0.7491284042304884,1.019281064614408,0.896432954144152,0.8913028967142301,0.8713619660149126,0.9574033898070603,0.8193252366042174,0.9866042463590402,0.7731283294594935,0.9992330088850175,-0.3428948565555427,1.0121719716427817,-0.23195033672402934,1.0292007949257997,-0.18769856594005402,1.083684733480344,-0.16674524002048718,1.1428538484803465,-0.14378882481202956,1.187373635039692,-0.28015592059899497,1.144016470528405,-0.229966239673229,1.2185804132627565,-0.17607840819112971,1.2314465996301927,-0.1324338619519842,1.2344718721323573,-0.3330555635073256,1.1532484788950497,-0.2744350065256323,1.228376185690035,-0.2070798103546335,1.23874326438128,-0.15659859720261451,1.2343707081813746,-0.35713290323602276,1.150336944479285,-0.3115663216411444,1.2199304516031548,-0.2518874580453214,1.2322538237254477,-0.20446325264764564,1.2304987442958608,-0.3619881137164397,1.1451319671746396,-0.331157736191871,1.198922368433351,-0.28491673397887424,1.2166878131058985,-0.24536127374650224,1.221985292728124
