pose_0_x,pose_0_y,pose_1_x,pose_1_y,pose_2_x,pose_2_y,pose_3_x,pose_3_y,pose_4_x,pose_4_y,pose_5_x,pose_5_y,pose_6_x,pose_6_y,pose_7_x,pose_7_y,pose_8_x,pose_8_y,pose_9_x,pose_9_y,pose_10_x,pose_10_y,pose_11_x,pose_11_y,pose_12_x,pose_12_y,pose_13_x,pose_13_y,pose_15_x,pose_15_y,pose_17_x,pose_17_y,pose_19_x,pose_19_y,pose_21_x,pose_21_y,pose_14_x,pose_14_y,pose_16_x,pose_16_y,pose_18_x,pose_18_y,pose_20_x,pose_20_y,pose_22_x,pose_22_y,right_hand_0_x,right_hand_0_y,right_hand_1_x,right_hand_1_y,right_hand_2_x,right_hand_2_y,right_hand_3_x,right_hand_3_y,right_hand_4_x,right_hand_4_y,right_hand_5_x,right_hand_5_y,right_hand_6_x,right_hand_6_y,right_hand_7_x,right_hand_7_y,right_hand_8_x,right_hand_8_y,right_hand_9_x,right_hand_9_y,right_hand_10_x,right_hand_10_y,right_hand_11_x,right_hand_11_y,right_hand_12_x,right_hand_12_y,right_hand_13_x,right_hand_13_y,right_hand_14_x,right_hand_14_y,right_hand_15_x,right_hand_15_y,right_hand_16_x,right_hand_16_y,right_hand_17_x,right_hand_17_y,right_hand_18_x,right_hand_18_y,right_hand_19_x,right_hand_19_y,right_hand_20_x,right_hand_20_y,left_hand_0_x,left_hand_0_y,left_hand_1_x,left_hand_1_y,left_hand_2_x,left_hand_2_y,left_hand_3_x,left_hand_3_y,left_hand_4_x,left_hand_4_y,left_hand_5_x,left_hand_5_y,left_hand_6_x,left_hand_6_y,left_hand_7_x,left_hand_7_y,left_hand_8_x,left_hand_8_y,left_hand_9_x,left_hand_9_y,left_hand_10_x,left_hand_10_y,left_hand_11_x,left_hand_11_y,left_hand_12_x,left_hand_12_y,left_hand_13_x,left_hand_13_y,left_hand_14_x,left_hand_14_y,left_hand_15_x,left_hand_15_y,left_hand_16_x,left_hand_16_y,left_hand_17_x,left_hand_17_y,left_hand_18_x,left_hand_18_y,left_hand_19_x,left_hand_19_y,left_hand_20_x,left_hand_20_y
-0.01211959219935864,-0.36146852121968415,0.063555464415053,-0.413186902080158,0.10533693569322349,-0.40947655181683146,0.134598028919871,-0.4044837823655187,-0.07168334417358231,-0.4149784482779616,-0.11303756531328343,-0.41434875112620584,-0.1539766697598608,-0.4109734559245099,0.20287091956193695,-0.3661762024748447,-0.19385567413120203,-0.3741759645151971,0.07206779286705296,-0.29577881243001863,-0.10246866564467084,-0.30446005372746,0.4997749896240871,0.01499865814810069,-0.4997749896240871,-0.01499865814810069,0.5855803534427303,0.5593773076793427,-0.6805851081520743,0.5034560094329168,0.6156931988157882,1.076902033001809,-0.787836166502774,1.0370226443445538,0.698978455906636,1.236439926774217,-0.8927874114963104,1.1956570284940968,0.5577065543519757,1.2409514665861132,-0.7835888873981688,1.2046952032703668,0.5011308782567252,1.1999562807819149,-0.7345309793923365,1.1573516459990367,0.7359840552602199,1.1163059897512053,0.5733126490788751,1.1456519474397884,0.517436318022443,1.2246678096986536,0.49996186379019764,1.2976077775464954,0.4855941448000691,1.3600598627466147,0.6731606108255739,1.2776981652826516,0.6305735304498641,1.3810541625963666,0.5690556250024176,1.4199295304058517,0.515711266926691,1.4275227742576557,0.7519664054335046,1.280820250540016,0.7003244084895421,1.3905226447571772,0.6247177577559767,1.4151864042040514,0.566269900597791,1.4105707269478502,0.7983585129935015,1.2754147538540428,0.7216389548652665,1.369007275530142,0.6469244467508931,1.3878290198904497,0.5935770314290952,1.3849588390631025,0.8179972733420506,1.2677804778763981,0.7429907614274853,1.3435960194188257,0.6771021405653034,1.366010218990834,0.6300358372970677,1.3685221287941967,-0.8121620943031581,1.0998767743139037,-0.7118893016048325,1.1047727459084213,-0.6807963447478157,1.1807842906685595,-0.6848696474431738,1.2523465870055048,-0.6831886397986371,1.3082777574133415,-0.789380481365022,1.2613102606994158,-0.8241053275753838,1.3287177403347838,-0.7756985174438065,1.365497174884488,-0.7333939704706182,1.3771653455936257,-0.8627535529548306,1.2591097198552215,-0.8833605365437518,1.3271604556171965,-0.8191858364908434,1.3571363711908986,-0.7679029221176557,1.36118378283359,-0.8987557634089554,1.2517167829187505,-0.9100180503543667,1.3086327801133755,-0.8508856566930207,1.3394637691976545,-0.8023667793851409,1.3492802041769594,-0.907824180318697,1.2450013529284258,-0.9156474913000354,1.2868925122222175,-0.8708981983981143,1.3211539224764164,-0.8286750506015753,1.3354606876229975
-0.012044108013268589,-0.36269959802067697,0.0637862927638109,-0.4142873686814548,0.1055884882728042,-0.4108920730960645,0.13471917900306657,-0.4069128305973101,-0.07186901569006654,-0.4159185047774765,-0.11316556951365297,-0.41554569549705567,-0.15379920273665496,-0.4127266117964142,0.20274503140149952,-0.36808289145437706,-0.19381718497838818,-0.3748112204195136,0.07160019957214013,-0.2956330801589008,-0.10240920052355941,-0.3024484998165946,0.49979018400650255,0.014483506852497809,-0.49979018400650255,-0.014483506852497809,0.5705481249072001,0.5606376433674057,-0.7052424908934646,0.493684145909014,0.6082576308310814,1.0859969671506418,-0.813896341753719,1.031574288149232,0.699746021385837,1.2400214406589445,-0.8914694009639926,1.194046722429995,0.5584612355010963,1.2442331159928794,-0.7823469595558056,1.202647692273475,0.5031397378794642,1.1998073133705964,-0.7341456990158179,1.154739598867425,0.6594145297630029,1.1609758531129253,0.5670467352873457,1.1364807295914028,0.5090708814263237,1.215670997612931,0.4904604025779375,1.2933484468279972,0.4806193453073198,1.3554727588755058,0.5842282234775776,1.326336406950484,0.6328269465386535,1.3823891305498257,0.5677235980382738,1.4190061830495229,0.5145646616267878,1.4269264703748574,0.6616088645734854,1.337086161405855,0.6960278599763937,1.3938864388859196,0.6169552407851623,1.4202434056512476,0.5572574358625242,1.4166604640013012,0.7043722440750965,1.337634075362022,0.7188165911955623,1.373661535423088,0.6436693557853196,1.394917585046264,0.5909071021993634,1.3939099304543068,0.7183689348346866,1.3341540523897122,0.7358451134508511,1.3490677732053244,0.6719404079033,1.3744398129936388,0.6254015100563366,1.3788342641889275,-0.888132283273203,1.044434616475244,-0.708608263306989,1.1002070741645522,-0.6759034163913804,1.175067827033488,-0.6816913186675864,1.2483315352288176,-0.6822380228505807,1.3064025012935534,-0.8746213840507093,1.2168404314182844,-0.8078925122699715,1.3288105927095055,-0.7615493774929012,1.366965292502578,-0.7220896542299949,1.3876816090179316,-0.9494066639620955,1.2107657513926413,-0.8734563814555022,1.3284931700537372,-0.8057599362324821,1.360860731524047,-0.7503156330948098,1.3710873942952642,-0.9845416331418699,1.2001281481760606,-0.9081547171347958,1.3094319586736947,-0.8462126079835586,1.3422876863943918,-0.7946864310691617,1.356746078277435,-0.9944889570462284,1.1908405230906285,-0.9191948948291441,1.286414996363285,-0.8740690243700873,1.3213981434357278,-0.8303656352228002,1.3383388110450158
-0.01215148555255461,-0.36344199561584645,0.06378286108858335,-0.415339416769125,0.10560855530312023,-0.41206760954076466,0.13470474023171666,-0.40853271700173555,-0.07247059695381419,-0.4167448939387884,-0.1136691836419766,-0.4165068279934174,-0.15380492477378938,-0.4138546797780986,0.20260004012391156,-0.36947930215345076,-0.1939440081872259,-0.37537881119439626,0.07068324023519822,-0.2956282473952709,-0.10258035265825026,-0.30067308727814546,0.49981061913362207,0.013760268938702143,-0.49981061913362207,-0.013760268938702143,0.5623091846348428,0.5600477968882197,-0.6802581121491393,0.5027511585061893,0.6085570039188709,1.0892923623819573,-0.7872470297628645,1.0353731473275976,0.6996632082690579,1.2408659799437374,-0.8839108754907686,1.1919187430328546,0.5571185257794125,1.2457783699805511,-0.7787152352088214,1.1992645050792732,0.5027898334792641,1.200337663961776,-0.7327012801446944,1.15227126149939,0.717019581247384,1.0948613675171952,0.5675590496218937,1.1299484490157063,0.5093496818753,1.2091777123752887,0.4900687276442633,1.291533823434522,0.4787647492177287,1.3568954828683997,0.6483492539935238,1.268288732210207,0.6266423762662152,1.3837206351805444,0.5638697436718477,1.4190877043853645,0.5150191464467715,1.4278649179043508,0.7297597858345203,1.2780447567761462,0.693363675864631,1.395305174275952,0.6156011966690673,1.4186902593534212,0.5568713879267769,1.4141332970938523,0.7765116211874087,1.278308701530661,0.722901996905168,1.3750234454330066,0.6474393894417809,1.393148543184793,0.5926563378283252,1.3906911067474972,0.7950679687624184,1.2748783746595747,0.7438892336520049,1.3486478777461353,0.6791578330386038,1.3714407105198776,0.6319418980088188,1.3742678987985197,-0.8348442713790379,1.054831146990932,-0.7102242452375152,1.0958934640826064,-0.6767968452995932,1.1712242901562575,-0.6813173289425831,1.2469451127485187,-0.6790604294027119,1.3061390211677057,-0.8149541624486343,1.2254614994336759,-0.8093010273102388,1.3271253029769357,-0.761531132974759,1.3678585485693127,-0.7206235157753834,1.3920484550617789,-0.8889117882437312,1.2240453269628166,-0.8728062880365303,1.327051581793692,-0.8014995690378633,1.3580704380997857,-0.7452088619308185,1.3664889770536643,-0.9234661577982982,1.2164115557341924,-0.905635753791965,1.307085937298592,-0.8411565044536351,1.3372392381578972,-0.7896224370597376,1.3488896679481728,-0.9334796335430261,1.209967827751141,-0.9190293744365429,1.284156930422122,-0.8702931787367592,1.3180669558265123,-0.8250912071196799,1.3335764794733198
-0.01240046126299657,-0.36410014450752665,0.06351036733680664,-0.41606573204087155,0.10548447791916828,-0.41281700590164266,0.13445127584759944,-0.4093475110824468,-0.0733064644832536,-0.41743654042032935,-0.11419448478920177,-0.4172752351591343,-0.1540428974590927,-0.41466457154717706,0.2022103664961443,-0.37024539772455844,-0.1942574444378264,-0.37603186604405636,0.06980413593041804,-0.29557595150765653,-0.10280576066742875,-0.299317183651481,0.49983537205547884,0.012829685972815657,-0.49983537205547884,-0.012829685972815657,0.5571966682992491,0.5589245435320387,-0.6804050628884519,0.5045356546516632,0.6110075307525256,1.0944118144000334,-0.7867687022045834,1.0338921802314436,0.7007568236124644,1.2447244561088149,-0.8826707408632131,1.1904993541090374,0.5576771479944301,1.2483220406679656,-0.7782453894711756,1.1978313940821044,0.5030971744200236,1.2010679984650188,-0.7323488885285705,1.1506941788848988,0.7129963614018664,1.083249299431534,0.5629423807923977,1.1246119771717562,0.5053142150159047,1.2094573991975643,0.48699413700774924,1.2920036962933923,0.47294187169135504,1.3546924567140053,0.6464914430208383,1.2687873832031156,0.626044808078111,1.3795504564862675,0.5646127015444177,1.4124090063200052,0.5141623335504052,1.4233021701363788,0.7358854825185475,1.2752315761113089,0.694659866526891,1.3872885275724256,0.6166236263553174,1.4106161317482369,0.5551256614605445,1.4091494946810632,0.791489983118793,1.270029720055018,0.7387290365667863,1.3623388987760525,0.6613204552103717,1.3818259105850192,0.600172398651422,1.382045629349085,0.8185526153899214,1.2603809929223493,0.7722337619143055,1.3296105385140724,0.7113268042250472,1.3501308584636886,0.6648636350364567,1.3521192082868934,-0.8359693839353844,1.051655611918126,-0.7120657541257409,1.0942067944585854,-0.6777042974027857,1.1702075340382974,-0.6816641983947747,1.2463184193407426,-0.6763415065629376,1.3061458725896953,-0.821815944904868,1.2261838957613926,-0.8048685842141725,1.3262443172408014,-0.7571992525488234,1.3680972102600164,-0.717060204068081,1.3960532255162252,-0.8948712885939178,1.2277875945771322,-0.866556392993275,1.328498963915328,-0.795777362425078,1.3653905270665432,-0.735425428459991,1.3815960744495412,-0.926007021880572,1.2216778476069432,-0.8975178879637685,1.311293896594321,-0.8323393474301944,1.345403755288572,-0.7766717564289726,1.3622955658834002,-0.9306997641716472,1.2165281055581154,-0.9062523292402316,1.2895736182164534,-0.85513292619986,1.32509380030681,-0.8059329125973597,1.3443194785032606
-0.01326988232364033,-0.36356597353260167,0.0630737174940808,-0.4153562780304392,0.10539415099079993,-0.4122310841287207,0.1340844368883119,-0.40885108008507814,-0.07382517853111628,-0.41664454848206217,-0.11439467507132553,-0.41645539728307585,-0.15426234622437754,-0.414008647313544,0.2013100327435941,-0.3699929151796939,-0.19428681627749747,-0.3757680391229129,0.06789220590821847,-0.29472438511806826,-0.10348307492636921,-0.2977988078604221,0.4998694536493851,0.011424942374697778,-0.4998694536493851,-0.011424942374697778,0.555280638894317,0.5567136834977373,-0.6809382085422179,0.5073083828414073,0.6089946168119164,1.0939357272214225,-0.7864048897606816,1.033889096952694,0.6976488866924242,1.244549134952741,-0.8771336673041389,1.190460290279532,0.5560021237905516,1.248427593442552,-0.7772014719117175,1.1977974862838048,0.5025532629419655,1.2011027651060517,-0.7321985652055593,1.1506700165141581,0.7215651566574977,1.0754008184109618,0.5672721759553832,1.1207051072999652,0.5079348149655983,1.2066562901168558,0.49097209427426025,1.2872633312380666,0.47601788828214864,1.3500191563790578,0.6523837259525553,1.2637526579408498,0.6326396618993312,1.3752867790069196,0.5705721104450653,1.4111073588908423,0.5186692886598389,1.4237241828619782,0.7409965772556868,1.2707930526187616,0.6954180095847022,1.3841856653342057,0.6146313607155136,1.4062957417614308,0.5518226648559359,1.4018681531005968,0.7935895814178402,1.2671348569782244,0.7306844967030777,1.3594937036711703,0.6535487904516599,1.3774201220453357,0.5939797144713913,1.3763522098774965,0.8163016587346745,1.259372977404078,0.7550840470272161,1.3271719437959446,0.689303711392645,1.3478436312871844,0.6422590787777511,1.3507429317035342,-0.8368392607392465,1.0483470434923692,-0.7110507549435107,1.0928147534659767,-0.6756050418151975,1.1696674009604855,-0.6817182902276439,1.246821048899799,-0.678990676494935,1.307237392460593,-0.8151382166222414,1.223288234796243,-0.8022100852792116,1.329439658624559,-0.753344275908386,1.3772502486173863,-0.710255308301961,1.4089858497316765,-0.8886810044380193,1.2232878530582025,-0.8703723708509676,1.3292062258128936,-0.7960209664312485,1.3691112118593884,-0.7336277924285762,1.3862659467850154,-0.9231756649560909,1.2157777297216577,-0.9017629762113044,1.3076323004633201,-0.8322682340097566,1.3427814031342924,-0.7751418997495962,1.358751032313697,-0.9326263536206825,1.208881632022993,-0.9123678021235959,1.2840578769133675,-0.8596105074523329,1.3205067976116827,-0.8097416813805254,1.3387139843145153
-0.014063522359997785,-0.36162822321285654,0.06235021534687024,-0.4130154533801468,0.10526253570980326,-0.4100989458670579,0.13362295830148932,-0.40688930811104,-0.07469728879984394,-0.4141741339463843,-0.11495836017951543,-0.41393894250432073,-0.15484554970912082,-0.4117043374515005,0.1998652388455435,-0.3684002858879876,-0.1944722532625122,-0.3741476813023427,0.06600045525246817,-0.29271522166679853,-0.1041687618727067,-0.2952272075356239,0.499905375798038,0.009727036970343153,-0.499905375798038,-0.009727036970343153,0.5554294554373385,0.5539054358920027,-0.6817220100164765,0.5106355558123611,0.6086046750903162,1.0936211153809359,-0.7865559226862692,1.0371837598821938,0.697506849288184,1.2442289715601973,-0.8762824123442264,1.1925242711265502,0.5557169540670038,1.248886220278202,-0.7763070547038475,1.200342095749428,0.5026432943549172,1.2016870013576566,-0.7318587356860093,1.1535134178914195,0.7259980398488745,1.0778865788243126,0.5718875111217383,1.1260305724581474,0.5102318455022119,1.2086178946170383,0.49254896165849427,1.2879329631165048,0.47848730059440564,1.3501300272179244,0.6588054484293395,1.2680233966589651,0.6411426093107978,1.3829839044876064,0.5739005742358291,1.413100435906843,0.5188611951414955,1.4184082791334132,0.7464709585349285,1.2760157058419452,0.7006618890308657,1.3899543144909063,0.6171641545447012,1.409728531327973,0.5556104306703549,1.4033516360920233,0.8006760952576568,1.2750359960362065,0.7486854234115007,1.3723750905116696,0.668072602133505,1.3885823007781544,0.6081081386123882,1.384560565299297,0.8256483865881875,1.2706975538995704,0.7793637798420953,1.3466368997772762,0.7142795117067726,1.367181788571819,0.667487105256225,1.3675202580740742,-0.8382869676158616,1.0452171130262484,-0.7126460575070839,1.0892385748489128,-0.6777109650577129,1.1672007198500807,-0.681144912833556,1.2463027415562493,-0.6767139786078942,1.3067811136504464,-0.8164090091460515,1.2262988694393107,-0.8114122409639966,1.3291115102027975,-0.7594893393791493,1.369250976916402,-0.7149557825537776,1.3924688775386829,-0.8879637622936806,1.2262801610291465,-0.8697107014697817,1.3302076703167007,-0.7992376475986076,1.3654623329560185,-0.7421207759164037,1.3794443878258371,-0.9214656091674408,1.218157465681451,-0.9018746106635889,1.3082789318764452,-0.8361339732298289,1.34311647332996,-0.78150169295871,1.3593744635668903,-0.9303866095580333,1.2108079240191103,-0.9129947083081187,1.2840139329914058,-0.8621883933666395,1.3206663811329873,-0.8157157480081833,1.3397312056009727
-0.014469121041480832,-0.35968258795796293,0.0615356193061623,-0.4109438779445722,0.10546470726544648,-0.4080362460392296,0.13357973578641835,-0.40482869988497844,-0.07530171195794105,-0.4120879987986649,-0.11516253899200525,-0.41184753303116584,-0.15491191205129212,-0.4096128235831261,0.19867076551485474,-0.36651506013433865,-0.19398836265327607,-0.37215274188418435,0.06526379293163363,-0.29069563110434754,-0.1044664880615546,-0.29315553865210864,0.4999396382469659,0.007769048171615034,-0.4999396382469659,-0.007769048171615034,0.5561336254237849,0.5475091584534614,-0.6536575984081976,0.5241497865371259,0.6097821106903638,1.0921185096813162,-0.7578637463091312,1.0457404319813524,0.6995246985043969,1.2438239729419787,-0.8731473282631287,1.1947273519774788,0.5591008966563842,1.2495249200901783,-0.7736442635731864,1.2026035600923086,0.5069599027370075,1.202401263494254,-0.7300593660993662,1.1558096851203832,0.7805267988736764,1.0088076120920502,0.5680979424319457,1.1248193730651725,0.5116323816145307,1.2114437305814543,0.4968126290402422,1.2927606650865069,0.48146289754821975,1.3549588534627603,0.7207826361246645,1.2013638957643722,0.6337393715837688,1.3818627742372647,0.5698390290961471,1.4151388470046466,0.518206830205463,1.4237750032831125,0.8081878734679452,1.2038106257449577,0.6976507831305293,1.389543747050387,0.6164983577457817,1.4110974953438848,0.5550797746554279,1.4058286231937946,0.8587980145595012,1.199351687543248,0.7361338939935018,1.3682480223423326,0.6580428268440336,1.3863209332283581,0.5993270026420302,1.3843920542504908,0.8786235134275667,1.1929992965239662,0.7600957351872402,1.3380033450122164,0.6958818329726336,1.3589736775507582,0.6502519268229117,1.3604181897683776,-0.7801187853333231,1.0622202882403593,-0.710295656429882,1.0900484047765049,-0.677702525526782,1.1699483088659381,-0.6824256739767425,1.2489415043352223,-0.6745940283672388,1.3096051012539678,-0.7512573210532644,1.2410495603615415,-0.8106910685899701,1.3301320988894143,-0.7559143026746178,1.3696450139439937,-0.706874076657972,1.3931230609150256,-0.8219143486026287,1.2450277466515232,-0.8676618937879039,1.3331285695366384,-0.7931822026054075,1.370719094372156,-0.7299469578953527,1.3864993740955103,-0.8545266099175323,1.2397845724841323,-0.8975422463956744,1.31241626058354,-0.8292432888212924,1.348889382983576,-0.7711570650692726,1.3667071329718665,-0.8613175458078418,1.2338166020549717,-0.9058330194021311,1.288426174204413,-0.8543727249083316,1.3242847729763958,-0.8058630503469615,1.3432065661908623
-0.01406692057336007,-0.35883310366986065,0.061650869379218945,-0.40997704794105244,0.10573225582742067,-0.40710243994310685,0.13358950369936418,-0.4039381900207137,-0.07489058175993606,-0.41107789679431295,-0.11445418280783452,-0.4106812940408109,-0.15421913309226115,-0.4084013996818823,0.19836204820971418,-0.365798606208072,-0.19324678704747086,-0.37140533475938126,0.06511990527932741,-0.2897432657851733,-0.104052123125265,-0.2917603774839404,0.4999498685626127,0.00708017826232671,-0.4999498685626127,-0.00708017826232671,0.5557150349752948,0.5407987139802894,-0.6797163527982074,0.5163407822160521,0.609339079894527,1.08318612486942,-0.7832064315314418,1.0376457660441423,0.6995147736825039,1.2390473876622403,-0.8710298442907829,1.1925208557078175,0.5599706091891449,1.2445885872283409,-0.7720116425699584,1.2004169079342408,0.5084499684986206,1.1986546735093382,-0.7295612420850057,1.1537075043931888,0.7216226150673202,1.0715547299948593,0.5686457705711031,1.1221878720165237,0.5093687077301962,1.20809008541446,0.4941069308785741,1.2881120248460873,0.4840213723847383,1.350906317869829,0.6536040998943021,1.2657889283645096,0.6364558883318583,1.379309132641883,0.57539373211772,1.4133603935459458,0.5249505098584194,1.4227552308177842,0.7404980106672295,1.2720728532600551,0.6977752077146938,1.3856008676781073,0.6209449489434539,1.4096787694263808,0.561905809656401,1.4071166623012115,0.7942752105402635,1.2685746722008278,0.7425957001588551,1.3659530301159257,0.6670735447057221,1.3858892714095203,0.6076037047339103,1.3855016217441138,0.818064518065888,1.2616493633134276,0.7737878781007124,1.3364305078582401,0.7127219120618528,1.359432896087651,0.6661576628426876,1.3629186952165337,-0.8337366130400093,1.0431684879603436,-0.7108960535641019,1.0905415629678707,-0.6805682296059217,1.1700225072890535,-0.6835334161866196,1.247401571311417,-0.6770138536320529,1.305457585329102,-0.8223179968761413,1.2242374560225813,-0.8095507980065009,1.3296695929075704,-0.7555745347917716,1.3686372421234172,-0.7073753945390179,1.39291935047676,-0.8928090882933748,1.2256150886418544,-0.8656716115569296,1.3312038093228948,-0.7938382236447142,1.3671409334640712,-0.7320040064507759,1.3827158779077957,-0.9246421263761875,1.2189757070997984,-0.8985401123762211,1.3111974672544255,-0.8331072299960273,1.3444218057026995,-0.7768974570383529,1.3597075844500668,-0.9305649275109493,1.212554819005517,-0.9095951760160457,1.284563744591773,-0.8582494062802355,1.3179368566954193,-0.809453456984868,1.3347218014706737
-0.012765802986145639,-0.3575550296110332,0.06278228965268047,-0.40792302070130954,0.10674798049858722,-0.4049250232304036,0.13444189428371875,-0.4018338547679574,-0.07337889910031138,-0.409938686301165,-0.11272982408694396,-0.4093992253103918,-0.15241572775569923,-0.4071859156397971,0.19884916770781358,-0.3647532247678463,-0.19143224391336838,-0.3708500837188485,0.06558216817521444,-0.28776701270608224,-0.1027237724633672,-0.2898316856776347,0.49995862730945684,0.006432027584177999,-0.49995862730945684,-0.006432027584177999,0.5362655753927261,0.5407601882423438,-0.6405559050570738,0.529199056069166,0.5889848951625153,1.0799094723915874,-0.7450904999515728,1.042696182589262,0.6986293834906564,1.2333034652626849,-0.8669545566733633,1.1885217446927072,0.5587349917157771,1.2385485836916355,-0.7682668641860343,1.1969094133439646,0.50829500917638,1.1943093633292803,-0.7262204387805402,1.1503790033792483,0.7484240712512171,0.9916194552149964,0.5667854972478011,1.117590982252372,0.5102629020863836,1.2040415055343026,0.4925710509527139,1.2844861564196606,0.4792123632421138,1.3470296301108446,0.6937566208214136,1.1881990863069976,0.6399871245278171,1.3772533120210175,0.5718366756515476,1.4080829377905446,0.5143196867272084,1.4145591289945658,0.781121477278676,1.1918146627092285,0.6990339792337363,1.3819601091655134,0.6137790078799489,1.4012129780534694,0.5498156500669233,1.3939465904685975,0.8346193642550869,1.1857577924423646,0.746952171592322,1.3572526058370493,0.6647328080179521,1.3722931201717008,0.6020787828138701,1.3679010719221736,0.858784634949767,1.1763620839081077,0.7826920320842033,1.3252747259515985,0.7199889995084243,1.3429504312457554,0.674323626639476,1.3414931267664556,-0.7993090013675683,1.0090258547081288,-0.7064433049860579,1.0868075145887457,-0.6761605482983745,1.1654200875670588,-0.6814299804621204,1.2425802947934526,-0.6788524396472273,1.3011306174465966,-0.7807357708659455,1.1876455605492136,-0.8128739247626965,1.320758639664404,-0.7565534375217657,1.3510706488142632,-0.71456010343561,1.3614757876003802,-0.8538958906771209,1.1891871756534473,-0.8748638810851789,1.3220472676085606,-0.8033299290757591,1.3500825234360934,-0.7499495042345421,1.3533774144029778,-0.8881247908277494,1.183530708653123,-0.9059768188503884,1.3016047352751072,-0.8410686444992975,1.3311643483036804,-0.7908050315126938,1.340639676684926,-0.8966506581451973,1.1772371630684209,-0.9156037281719993,1.2737660787875218,-0.8662445196369162,1.3054322489948533,-0.8223366213989117,1.3193142518567142
-0.012453191644304334,-0.3569113248719061,0.0629323269286156,-0.4068529682184135,0.1068063382621503,-0.4038171622029896,0.13438843071081358,-0.4007606979995471,-0.07293392232416752,-0.4091921763433585,-0.11213084408043719,-0.40856797687327495,-0.151744625327962,-0.4063602041005397,0.19858820380799877,-0.36418755564629457,-0.19079703453043217,-0.3704020692713258,0.06541320473744935,-0.2869377777481956,-0.10239050842968873,-0.28884240582610815,0.49996406497222645,0.00599447549393451,-0.49996406497222645,-0.00599447549393451,0.5562784750354668,0.5377349084189034,-0.6746696029464994,0.5184911429433072,0.6074584725151232,1.072100636944175,-0.7775017985979976,1.0317368118518482,0.6963796528320536,1.228721163218498,-0.864587622100509,1.1854039753381607,0.5567301123019642,1.2342039221284868,-0.7662859187012082,1.1941368926548483,0.5072565948674369,1.1908926095126318,-0.7248282520295319,1.147944236622057,0.7220016812395436,1.06295550349042,0.5696581579837042,1.1140159109091614,0.5106314605008901,1.2007689291074473,0.4920936743864786,1.2810341391199427,0.4751816308117291,1.3433722114748685,0.6531809178646667,1.2577887499578901,0.6370032823502099,1.375260304215106,0.5672017288561034,1.4045699139462382,0.5102146957719653,1.409734840000198,0.7383070563753262,1.2641774367461236,0.6930849561300853,1.380251436155185,0.606139570401168,1.397723714627025,0.5431364560117732,1.3891602323570216,0.7893468056060492,1.2604125293609072,0.7350654265783596,1.3563527554876282,0.651427435703679,1.3699793890687846,0.5892682746284734,1.3644947349121888,0.8119131279087396,1.252993586516996,0.7651393892661784,1.3257265179384694,0.6989643901549624,1.3432890101488122,0.6518580357328364,1.3419289811834807,-0.8290168756778081,1.0329313857883706,-0.7031307107715851,1.0818293168282893,-0.6716676270830141,1.1597167504473829,-0.6791441854237843,1.2364840933216172,-0.6798443842828169,1.295376607344641,-0.8105609642168279,1.2111852044606561,-0.811544786730629,1.3150049183568395,-0.758083291385217,1.3459677517034383,-0.7175112734530884,1.3563065114704125,-0.8858340946659404,1.2107629435165703,-0.8749785011491812,1.3166848649494676,-0.8050565047331867,1.3438511402925097,-0.7531105433372277,1.3458182167461297,-0.9219531359321063,1.2042552352414042,-0.9060696900722531,1.2968173738154398,-0.8420757881377757,1.3258006220808112,-0.7930929500498543,1.3346383465348772,-0.9316063850012536,1.1980045224061755,-0.915134038639376,1.2699444826471933,-0.8664104702873204,1.3015678094364038,-0.822810037801536,1.3150473718808409
-0.012689587360512372,-0.35651629720575406,0.06273533021883797,-0.40625006158364546,0.10652653910906698,-0.40326940743739687,0.13404012398038434,-0.4002564567939327,-0.07312779369821805,-0.40843817294778334,-0.11220769186266802,-0.4075563175648682,-0.15186258133091754,-0.4052455552802197,0.1982025615893807,-0.36378859703625055,-0.19096729381287622,-0.37000297348288264,0.06508549233586677,-0.28652827236147416,-0.1026221672579992,-0.2882676423654733,0.49996417298941837,0.005985459632057294,-0.49996417298941837,-0.005985459632057294,0.5567404679830117,0.5372971242590269,-0.6745404735541541,0.5169491944795997,0.606987566715473,1.069571622289789,-0.7774386290610863,1.0283063593841317,0.6964676168074,1.2272861205516674,-0.864660197415177,1.1827794637436486,0.5566270040426474,1.2334050281736857,-0.7665958141322634,1.1922846733053885,0.5073705837878246,1.190250278114215,-0.7253350026499759,1.1466335271356312,0.7170379283330502,1.0631083449789855,0.5663958894057013,1.115504818221153,0.5073512627161766,1.199547502022332,0.49061353200086266,1.2810867810891953,0.47728956945457374,1.346114499632389,0.6548720014610157,1.260333866494244,0.6346312846870079,1.3748426601057366,0.5666459268034991,1.403287255439309,0.5118087475987366,1.4091028980053617,0.7419552915572333,1.2654835003552536,0.692023012639272,1.379767449730999,0.6080265478722315,1.3952119946017933,0.5478861133446306,1.385168636367975,0.7950566050700113,1.2590569709650354,0.7396002044611569,1.3549184679466686,0.6596420330908229,1.368276715924019,0.6001185469000611,1.3622258108973109,0.8198400467485555,1.2487302370137128,0.7760611503059454,1.3225496114235673,0.7120150179713792,1.3414403156717376,0.6658850123003849,1.3408330278707226,-0.8275301173978726,1.0261314128678325,-0.7019421098632757,1.0756187388710763,-0.6712255838106219,1.152092298143009,-0.6775050268073628,1.2288444975756696,-0.6784751529685913,1.288308315751048,-0.8094005118348173,1.2130847540458334,-0.8076068723501598,1.307647382514815,-0.7632694643413321,1.3394892662798301,-0.7282036135228931,1.3543339108181804,-0.8840795318663052,1.2115964632621228,-0.8767365775287036,1.3082247415970027,-0.8158187066451088,1.3379835486471823,-0.7666111573362192,1.3447163738497028,-0.9197610524212536,1.2023003758876323,-0.9108090032465739,1.2864339823789193,-0.8563195559759078,1.3185942849815846,-0.8106040062339905,1.3313452451579202,-0.9290864055366229,1.1931706012671313,-0.9210605839118537,1.2589160407953677,-0.8812051909696883,1.2915093627096736,-0.8421686705053109,1.307076084945301
-0.012143500460239919,-0.3560739076019656,0.0636087036914478,-0.40576504632289573,0.10689678698462025,-0.40279116070236226,0.13424035775591875,-0.39978213665177637,-0.07270709454355465,-0.4079400299016699,-0.1116896309586791,-0.40705702293838336,-0.15149039081645424,-0.40474745254261574,0.19864123888391363,-0.36330996166129087,-0.1909629709973241,-0.36957615716606784,0.06530065224793716,-0.28603752316789854,-0.1024177263495476,-0.28781007227418487,0.49996719935812406,0.005727090534807333,-0.49996719935812406,-0.005727090534807333,0.5567442724304733,0.5368975946305339,-0.6939373014009891,0.5097676138343045,0.6039138736223273,1.0700186130887963,-0.796600152389289,1.0210797279471988,0.6946142121714897,1.2278091065743368,-0.8647846091399414,1.180112713069944,0.5520734184777287,1.2341425481312358,-0.7666285776654382,1.189042041664251,0.5041493355236157,1.1910793129052994,-0.7252578592724881,1.144244047719066,0.6796990847115812,1.1084247191637888,0.5704927751431913,1.1131884948706332,0.5084305412250506,1.1969443052033315,0.48987157796687275,1.2773866847086552,0.47393028567848067,1.3410114895675125,0.6024511435689847,1.3038793516998706,0.6299903772312481,1.3729745799813442,0.5647736404793392,1.402972001992725,0.5107667259034185,1.4100993258156616,0.6877770975943578,1.3136080227481395,0.6899471467287238,1.3792057317688182,0.6084513720238214,1.3963256295115851,0.547621919252751,1.38891340973825,0.7421575419723418,1.3110963374721694,0.7349790811650939,1.3544932811777297,0.6573195516646275,1.3686049125719066,0.5976696514754267,1.364755597008044,0.7690617846862768,1.3032916887183281,0.7690813537384009,1.3249584362347486,0.7070820090859067,1.3428532736936596,0.6631722313052288,1.3424622994638573,-0.8666113322897763,1.01592282260303,-0.699442194575601,1.076384825257011,-0.668186703113042,1.1545705787935194,-0.677762351509716,1.2317105141504066,-0.67913682292999,1.290560091606606,-0.8556087761531146,1.1975707018766053,-0.8022189769583803,1.3065061195324714,-0.7567554365226864,1.342689231211582,-0.7182736464139972,1.36515301170481,-0.9313996335147833,1.1956663476020077,-0.866679669187664,1.3092885906863307,-0.7995770595247309,1.3385817286926707,-0.7441174407974761,1.345369980872513,-0.9652831468884213,1.1873657778464741,-0.8983771850519884,1.2896377788522904,-0.8367837318873377,1.3196518703075777,-0.785760553057895,1.3315472233642123,-0.972497806070293,1.1805040729255372,-0.908331163526411,1.2641689522439539,-0.8601465257985126,1.29534308545472,-0.8150783163790964,1.3099756369709687
-0.012503441757506938,-0.3556025814905587,0.06357821594280771,-0.4055321461137807,0.10689594995648284,-0.4026126241932187,0.13421390065491592,-0.39961818202093186,-0.07275362624032283,-0.4075616230211218,-0.11169217208902307,-0.4064915231425042,-0.1514925376222287,-0.4041534619366557,0.1987061247255923,-0.36317331554948823,-0.19096859602281027,-0.369535853994004,0.06489173560262974,-0.28547627871748443,-0.10269700608864103,-0.28730543156363986,0.49996585571541186,0.0058432113393236725,-0.49996585571541186,-0.0058432113393236725,0.5853692550308575,0.5331221963783129,-0.6936228205284702,0.509756458247549,0.635403219206023,1.0690089293900789,-0.7964127835800946,1.021377582771271,0.6949191483122568,1.2278925369272489,-0.8664027959345343,1.180208780254275,0.5521535413517444,1.2342011820427743,-0.767135072568962,1.1891590509331431,0.5041935932071783,1.1914165089351763,-0.7257425332917695,1.1446539587960523,0.7403047811148059,1.0916683840524275,0.5657924369369083,1.1133918499151625,0.5043189970166392,1.197751106198581,0.48631237388654935,1.2792889662008649,0.4766392317017855,1.3441172421718188,0.6763796022531564,1.2899382582670242,0.6355735950863605,1.3740701883228226,0.5670580303674349,1.4044743608698018,0.5081517693381244,1.4109911914635713,0.7624559100911268,1.292002755106822,0.6946584902430449,1.378146380425512,0.6095185857741451,1.3984358454103056,0.5435970992527394,1.390137030472731,0.8158816012794068,1.2837770886336102,0.7349028837662451,1.3487384293799756,0.6545192313335165,1.3645824998079412,0.592402481236617,1.359308151972864,0.8409786397823771,1.2723497325891082,0.77316468473685,1.315298613258054,0.7109073762915817,1.3344948676923958,0.6650474683761455,1.3330055553812448,-0.8039430052807306,1.090296212210907,-0.7034435764478194,1.0708684031719855,-0.6705182569218132,1.1486106194731076,-0.6753425149513327,1.2247379302218817,-0.677229728624678,1.2843784286612685,-0.7775261887080911,1.268569957499846,-0.8060524020631915,1.3003081222340627,-0.7638450221721075,1.3381393448679533,-0.7269685354893998,1.360433755350231,-0.8514351458656048,1.2689178811813933,-0.8722139459524815,1.3021245831538828,-0.8080850993100505,1.3325295134278077,-0.7550444025649525,1.3405474011003815,-0.8865153649129092,1.2609541121168322,-0.901126106786067,1.2811215288182745,-0.8409085045619026,1.3116003374693743,-0.7919387905467449,1.3241121142232803,-0.8961827343758315,1.2528368917204713,-0.9114250367118493,1.256569470902227,-0.8654641616809406,1.289581171300007,-0.8204838800332264,1.3051081330013297
-0.013133164911530123,-0.3554014957117772,0.0634975264657864,-0.40525066031868956,0.10694798098132609,-0.40234655603322955,0.13424953555848113,-0.3993713149749335,-0.07283898771787488,-0.4074274834565661,-0.11168487543669921,-0.4062733816719663,-0.15154410695818674,-0.4039982363367478,0.19881861294664813,-0.36314754196402865,-0.19090935942462767,-0.36977339717026264,0.06410507807826366,-0.2852412195350702,-0.10349675818734275,-0.28721202072764923,0.4999639688768162,0.006002484897267207,-0.4999639688768162,-0.006002484897267207,0.5488704528402341,0.5388155873210155,-0.6785211579549442,0.5145276450496166,0.6038242255538505,1.0708650350675277,-0.7814236625609903,1.0239994433004274,0.6950325561667495,1.2276340006425588,-0.8666009068964167,1.18018814122925,0.551808373141543,1.2336462419813734,-0.7682437568657952,1.1892587901863474,0.5035948806961924,1.191218414096377,-0.7262224789528525,1.1449795117529444,0.7128165259331519,1.0735584312469182,0.5657854702469249,1.1171442892954186,0.5058905808645738,1.2011298220357551,0.4898221952496388,1.2815022508306078,0.48064545683105486,1.3458835877610371,0.6430875389873283,1.2681291869065598,0.6355176943910805,1.3769454454114884,0.567049829293284,1.4067545001890642,0.5102008441283976,1.4121053874027905,0.7272825437794461,1.2774799771069252,0.6884800163562215,1.3833756034503732,0.6038028182160863,1.401523153064977,0.5402288978657562,1.3921635997707957,0.7763087462579839,1.276610335016448,0.7242556561150791,1.3621743823541599,0.6426385706024292,1.3747281756664202,0.5818576447711988,1.3681896548204457,0.7957403567957161,1.2710619969010328,0.7524377532225723,1.3345168597446242,0.6853859929901539,1.352125815896717,0.6361506316961277,1.3510383989164803,-0.8341804941645438,1.0286824787813975,-0.7011004944728446,1.077949348303757,-0.6685269567189438,1.1553662383688754,-0.6759910133936547,1.231043261265615,-0.6735411046151839,1.2906589080296962,-0.8125023746781884,1.2065536491087068,-0.8064819035266754,1.3055546262042712,-0.7658847819114557,1.3407643923533787,-0.729815596401574,1.3596382758882313,-0.8874672770692098,1.2048336938862405,-0.8728752460387431,1.3061994985737357,-0.8123454301739419,1.3385624676911325,-0.7592089131019495,1.347671195187085,-0.9241890617356586,1.1962600498742229,-0.9052451772770499,1.2860157890804584,-0.8486701776187259,1.318122627926552,-0.7993520286556469,1.330559912276644,-0.935436556545002,1.1887717008831349,-0.9185912788934208,1.2615651993352868,-0.8762094388955242,1.2961594571623052,-0.8325850260799665,1.3132228103696104
-0.012957400205728208,-0.35519438857064556,0.06386303543537068,-0.4049855625326208,0.10715888473413544,-0.40217814318796696,0.13441369101830075,-0.3992677557686889,-0.0727110906132476,-0.4071451450213821,-0.11156898747765553,-0.4058907722116542,-0.1514792995298053,-0.40360283485526105,0.19912727874626673,-0.36319729088578323,-0.19094439543592565,-0.36981936006035276,0.06411121975507217,-0.2848593312746012,-0.10349968164797173,-0.28681572469246186,0.4999628598771942,0.006094156497586164,-0.4999628598771942,-0.006094156497586164,0.5473618969592374,0.5387930017776049,-0.6749838630332796,0.5150771902201754,0.6038692985743255,1.0714117081513383,-0.7767618843718718,1.024516049494827,0.6948559436210422,1.2282354012434484,-0.8645670811478501,1.1801225026983249,0.549042919454437,1.233790183116462,-0.7673682973248495,1.18924886533089,0.501105644469896,1.1916359816883242,-0.7253908561793692,1.145022230106405,0.7240753845581117,1.0727386417201852,0.5680930552551576,1.1209098919984906,0.5076040951188127,1.202567080068581,0.4918163516732521,1.2816278054657642,0.4799792857992451,1.3456390884050786,0.6506569686337148,1.2653838575607828,0.6296874776094096,1.3785077861101558,0.5569923958320512,1.4072545401177174,0.49893772601925157,1.4120509389130478,0.7323704244465163,1.2746962637062844,0.6815676625646585,1.3875219921646573,0.5957167278526503,1.4034946424010795,0.5334268210421966,1.3935325995897332,0.7794778923163302,1.2741972427153732,0.7184080671996763,1.3684216511389589,0.637218261356077,1.381828909105856,0.5764733492991849,1.3764955985837821,0.7976205449938676,1.2695927604970334,0.7424205632186727,1.342470096713745,0.6742771060831678,1.3615259161248405,0.6250693547261702,1.36130463422758,-0.8278671090525108,1.031861926450633,-0.7037825273489315,1.0760800362595555,-0.6687708243520196,1.1517362790422074,-0.6758561077721389,1.2286529571523204,-0.6781916927288412,1.288364588843066,-0.802914828058034,1.2079996643185356,-0.802564907112623,1.304822808859179,-0.7611204938934634,1.3401377324695887,-0.7272273254183207,1.3584279695631927,-0.8781177081864526,1.207732724084597,-0.8720181996224301,1.3066328493098873,-0.8100518323325644,1.336032081788481,-0.758526683572064,1.3427038825538304,-0.9146084286931581,1.1998287165899817,-0.9043812928212452,1.2861786722929012,-0.8459406111371542,1.317061327079329,-0.7973513313157792,1.3289040765637108,-0.925464977050665,1.1919709357930817,-0.9151156435556931,1.2627066876205524,-0.8726195729635083,1.296693162032682,-0.8306546357608527,1.3124397940298647
-0.013402847381493046,-0.35517372837143185,0.06339309399015589,-0.4050530531667838,0.1066635797908973,-0.4023222186947093,0.13388996351307003,-0.3994897374414949,-0.073133202774348,-0.4073375503764232,-0.11192365875010431,-0.40596711705155875,-0.1518006184944686,-0.40367258766426495,0.19871694908391369,-0.36376004208218315,-0.19122556238527266,-0.37034938458059746,0.06353316590457574,-0.2848005574918601,-0.1038570307704877,-0.28681835020498925,0.4999561760943535,0.006619817604119149,-0.4999561760943535,-0.006619817604119149,0.5464384730354679,0.5405410195440579,-0.6741222569862917,0.51338126462442,0.6025359497560215,1.0702736926701015,-0.7756683377768154,1.022795749418381,0.6937536197217898,1.226261562295462,-0.862806507878291,1.17808269161253,0.5475963377658817,1.2317885350375501,-0.7657752856049865,1.1872102697006914,0.49962530351812934,1.18974992493822,-0.7243091721342548,1.1430295057425919,0.7186951276615815,1.0681794282631538,0.5651486736472846,1.1171273694707993,0.5092813691536695,1.2015252407816583,0.4964382888923361,1.2816866938268006,0.4830945461801371,1.34452636179022,0.6484059052874762,1.263466744915453,0.627869469769818,1.3749107993234477,0.5598270766175554,1.4034108910349867,0.505526873988105,1.4094731656338038,0.7289709168752441,1.270065267802853,0.6839987466006724,1.382353917997525,0.6021867164018261,1.4006671850896952,0.5406474458060613,1.3934381493010353,0.7748278116471109,1.2665699056789654,0.7194530302904154,1.3598174826855964,0.6407379144048436,1.375009417522654,0.5807930029106443,1.3712821795944903,0.7908395457562664,1.2595343205613014,0.7362097955551877,1.3305793634141612,0.6695989752255702,1.349194163695076,0.6210032959540537,1.3492308852510184,-0.8255729323026743,1.0325971869867245,-0.6997366779744112,1.075985408910127,-0.6674141372901768,1.1517137751502518,-0.676589320900604,1.2283503373976554,-0.6754864438609185,1.286862161778243,-0.803822981861576,1.207691812170807,-0.8088302688725293,1.3066264981892546,-0.7628595183486037,1.3412765040893084,-0.7247237092863893,1.3597400645599238,-0.8819213081077732,1.2069045701544932,-0.8745565539912226,1.3069019098588233,-0.8075269375661268,1.336539044799984,-0.7533281924314454,1.3437328733236684,-0.9193833050113983,1.1979835034969155,-0.9069468118746241,1.2846974828413438,-0.8464989191715163,1.3142382710197484,-0.7969270900855902,1.3248419042277018,-0.9308909699264722,1.1888082252433028,-0.9206756577082922,1.2543024452713492,-0.8759469097066177,1.2844262354719336,-0.8334833990263498,1.2978023461535457
-0.012350817360998016,-0.35515208458841435,0.06473414727725117,-0.4053568240658116,0.10810480576778042,-0.40262336245904357,0.13542044539332945,-0.39976617444958107,-0.07221722258500127,-0.40763912076091374,-0.1111009962158529,-0.4062326817523705,-0.15108018496871978,-0.403936722018934,0.20071553629997466,-0.36391265398042716,-0.19067130548000655,-0.3706118124637433,0.06477475686341162,-0.2844092366747855,-0.1032449389380169,-0.28661458389704625,0.4999609349616626,0.006250080980284714,-0.4999609349616626,-0.006250080980284714,0.5489053540349258,0.5412747368896067,-0.6907759269933964,0.5058567882421191,0.6053995506100296,1.0719566340172364,-0.7928344219538447,1.0209252943197749,0.6978985098980719,1.229940258868813,-0.8636346755356598,1.1814332467866708,0.550198408801736,1.235558614090555,-0.7664467322792441,1.1905288452645075,0.5020170324665626,1.193424840098128,-0.7247937264482074,1.1457742348493603,0.6932102687047497,1.1024530920214284,0.5700589633716782,1.1106755972481799,0.5116304980501557,1.1971730669478542,0.49906069254696533,1.2794590948453834,0.48377346053060766,1.343052757950558,0.6124526732096685,1.2867570248642128,0.6337843229852423,1.3716022458434685,0.5633086633768188,1.4033291492068027,0.5059424992857929,1.4110305484812706,0.699933637883261,1.2994463875317521,0.6920672389956196,1.380480943587747,0.6050547486565083,1.4003549714316024,0.5398818660371871,1.394631296956033,0.7503305154134963,1.3015773226548637,0.7301389157854727,1.359831728082838,0.6462114256436072,1.3756709848007882,0.5838908920410052,1.3720481922335481,0.7690637361306096,1.2982547198302625,0.7528728832228996,1.3307266099643305,0.6817199543948186,1.3498994582714432,0.6306247453704216,1.3494920340588894,-0.8578582013595784,1.0228627562467543,-0.6978142544950101,1.077921878601134,-0.6658873394316144,1.1529621315997618,-0.6741373476480911,1.2283834315563813,-0.6723691227703192,1.2868310630844562,-0.8393315049037163,1.2015634702665112,-0.8013791362473566,1.3120131813212106,-0.7538842327062741,1.3412270344531292,-0.7172293370859257,1.3497451797969178,-0.9167100916162586,1.1965752450893725,-0.8678844971920152,1.3118420138131883,-0.8021554624949381,1.3399246812296748,-0.7532298300993847,1.345236566911,-0.9550974812724871,1.1852906131187382,-0.9030423887337499,1.2891564363031958,-0.8413005417339343,1.319579847856548,-0.793699370116918,1.3301277134506744,-0.9668113061976699,1.1739909107191036,-0.9163184499719529,1.2598513064846268,-0.8693738632526712,1.2919125747583105,-0.8269539719540131,1.3054549229207175
-0.011630220215897933,-0.35527138327884944,0.06563740226531316,-0.4056074998336664,0.10908594686222339,-0.40288166622809357,0.13645053359681067,-0.40001118724396684,-0.07160559223101878,-0.40787620842554406,-0.1105753570939554,-0.4064613067199528,-0.15060990961873005,-0.4041509721912771,0.20213759237348675,-0.36408524773209666,-0.19032789594379187,-0.3708048903970305,0.06561535382390415,-0.2842556343737141,-0.10288862417135787,-0.28651198823549184,0.4999637573252833,0.006020079832125078,-0.4999637573252833,-0.006020079832125078,0.5505088588915589,0.5418838792542616,-0.6751372916583641,0.5109661812665682,0.6073254115292991,1.07370749186097,-0.7778478651506534,1.0248088838248968,0.7008598418783112,1.2323325326319905,-0.8641876631436547,1.1836820764447227,0.5518693997847107,1.237978644287631,-0.7668965395168137,1.1927453163732165,0.5035852138267114,1.1957885715059706,-0.725104764226296,1.1477674462627132,0.723712159479918,1.066775154024654,0.5697088697578397,1.1125403092925688,0.5108860990246514,1.1986727357295925,0.4959745100124207,1.2804747342302267,0.48555396042787813,1.3448491504519844,0.657719137081985,1.2596505254129033,0.6411458199229954,1.374058773572409,0.570502423575793,1.4057209056540434,0.5119354907920572,1.4125787312233251,0.7471959811682889,1.2674341003590417,0.6986850292351926,1.3817299205278037,0.6106180421372999,1.4007166697452837,0.5454175696537878,1.3929782370290376,0.7999499631937782,1.265097084020088,0.7431660491229104,1.3605126673453702,0.6586456298547634,1.375694539837632,0.5962449292846527,1.3707585400535778,0.8200822388001444,1.25826475652096,0.7711742222593155,1.329519211271295,0.7024583538804636,1.34867569547307,0.6529016307221777,1.3482997315324925,-0.8269110640146594,1.034513722075754,-0.6981602383151043,1.0806029518388633,-0.6664845160303601,1.1553802408774823,-0.6741192640501528,1.2311630148734598,-0.6729253219405784,1.2902566393049915,-0.8025569121591485,1.21400673043962,-0.7994369978721634,1.3145542118104787,-0.7525741760939614,1.343809072250346,-0.717088445119188,1.3527367902932828,-0.8801637628988173,1.2112448671720426,-0.8658737036567454,1.3141687442313628,-0.8010913912689213,1.3419714487025685,-0.7524037758549685,1.3469785357028896,-0.9197131936820898,1.200652835624921,-0.9032905739825138,1.2911687985319034,-0.8428735678845153,1.3214462504784985,-0.7953832208536252,1.3318943606148022,-0.9326065476066081,1.1890996256690773,-0.9192468504610738,1.2610673539710386,-0.8735279341355418,1.293367370271368,-0.831109869065346,1.3070453870013192
-0.01189587389118574,-0.35496845068279426,0.06562627761681279,-0.4053403952140552,0.10895998378433704,-0.4026341775429156,0.13636838752205455,-0.39975731805073067,-0.07192899744604964,-0.4075841212643674,-0.11091822939531834,-0.4061237314844803,-0.15094319540602893,-0.40378180320512086,0.20239793121400607,-0.3638169183258312,-0.19071871064324492,-0.3705251857921595,0.06529887347660115,-0.2838784025797666,-0.10325940618044878,-0.28615197906562656,0.4999588608240808,0.006413850909349333,-0.4999588608240808,-0.006413850909349333,0.5317441245934519,0.5438337302791075,-0.6740342424779898,0.5098969644296921,0.5884755328086929,1.076758395261225,-0.7768888615419981,1.02475879779861,0.7010131421781126,1.2332175082097858,-0.86482520258307,1.1835690089476916,0.551749746759755,1.2395115771166187,-0.7674334033544631,1.19239523136169,0.5034342500685225,1.1973340524686222,-0.7255719701019963,1.14750911241552,0.6848609963272025,1.07405805974761,0.5692046463486805,1.1181448396938551,0.5076659771002824,1.202285041905969,0.4900038356339871,1.2825623696020088,0.48109262503725103,1.346119840918216,0.6129088302843294,1.2658049589209661,0.6374349466741684,1.3754651006236083,0.5686871120457443,1.4038574279534253,0.5112214111432312,1.4091641509252295,0.7016197355935357,1.276480967280461,0.70019158974498,1.3834001829649165,0.6152153852073662,1.4002765164686715,0.5525771932279321,1.391137149676666,0.75605505007418,1.2756172139343311,0.7485979686539946,1.361842654724721,0.6660160732555709,1.3762560421005423,0.6040446677568118,1.3711862213114927,0.7810494155276916,1.2698445227051347,0.7811210638991648,1.3326439853747893,0.7169080237818835,1.3502116321502107,0.6698823701145743,1.348732229354051,-0.8648050447226132,0.9878703457463768,-0.7015842931869372,1.0784142902401235,-0.6667073865272373,1.154342770724165,-0.6722492054452506,1.2307623574185238,-0.6715348864238945,1.2906198957681116,-0.8446098251256159,1.1666907831628055,-0.8019929827725757,1.31140511528732,-0.7604688404287822,1.3469615471485974,-0.7254115953097381,1.36626413165888,-0.9213135549060024,1.1648446286953167,-0.8701934326625158,1.3139405010072518,-0.804799113844227,1.3428494119891914,-0.7507489111848973,1.3498937345181352,-0.9574380995922512,1.1566546033560685,-0.8996978788466493,1.2944285831878095,-0.8391156118492963,1.324661940883288,-0.7907885172181377,1.3377409947771086,-0.9670299397802139,1.1493747832844585,-0.9093196533940275,1.2711410605969835,-0.8625656957292518,1.3032922612438644,-0.8189146623201403,1.3188308389226895
-0.011099515851319427,-0.3547265531618896,0.06649009338123736,-0.40454895287761466,0.10926606575088599,-0.4019675065119813,0.1368151837874849,-0.3991012292506297,-0.07133934888787972,-0.4070103253376098,-0.11049247381322423,-0.405496139197388,-0.15047746467232528,-0.403085058974988,0.20251871227695825,-0.3635896806368979,-0.19078540965450874,-0.3704587066307012,0.0657437908006672,-0.28362017427065794,-0.10282970511302854,-0.28607993053398173,0.4999625969588016,0.006115688204193353,-0.4999625969588016,-0.006115688204193353,0.5507149752532703,0.5422704902513245,-0.6744518480414118,0.5098936976871646,0.6070316334758422,1.0740421669258942,-0.7769872627546753,1.0253554781181298,0.7026262440490183,1.2332088277902784,-0.866521943908818,1.1841435686798605,0.5523229958708198,1.2395194102989517,-0.7679865684218219,1.1926297420488865,0.5035381944180684,1.1973783180099462,-0.7257177965957836,1.147717537961351,0.7223195054183976,1.0633775505847427,0.5681390964961465,1.1177623784331507,0.5112322412773733,1.2053303859143043,0.49552357019549176,1.284586579126147,0.4783542376043261,1.3435515182002302,0.6570795401624095,1.258709559151595,0.6361437087639791,1.3745315365588184,0.5627029714570378,1.4012582957009037,0.5043913561197291,1.4047464283991353,0.7468896877786161,1.2645603812424804,0.7018504696467951,1.3828557099791448,0.6136749623580182,1.398398007874275,0.5510674962683981,1.389189679804356,0.8008991777177134,1.2601989319193927,0.7505976232241445,1.3597752806682937,0.6652183263174989,1.3751555786147245,0.602964331946931,1.370710657487084,0.8250571348563583,1.251038519327258,0.779032417036615,1.3272024529549447,0.7113664455066155,1.34777530559508,0.6628273059479014,1.348404861733747,-0.8266151484474901,1.038346086680457,-0.6963891509536927,1.0820431010119609,-0.664607403975748,1.1593488300527237,-0.6749005802936782,1.2353013271276476,-0.6743340558251919,1.2930529778535478,-0.807836274112496,1.2184791916096338,-0.7989022241247354,1.316270498670282,-0.7516867496398147,1.3512044946500057,-0.7124529099512978,1.3724527273579588,-0.8877344301492177,1.2192614307985423,-0.8688102407193955,1.3186031458189278,-0.8006713890574526,1.347656847886113,-0.7462039450380235,1.3565107535330556,-0.9256014903409746,1.2104271096524402,-0.9055937361134392,1.2967027302189094,-0.8422310308263605,1.3265742278017718,-0.7914424307123763,1.3391925407073457,-0.9358848744084846,1.2006407535965506,-0.9189750364534548,1.2670690987579052,-0.8726633011189673,1.2973007229872897,-0.8300166720182187,1.3119752183403253
-0.011915759959526871,-0.35435684873703255,0.0655238954924947,-0.403674018499336,0.10821686075595759,-0.4011314875077371,0.13572845211921186,-0.3983048085882364,-0.0720872856935773,-0.40623182422094894,-0.11114960891866162,-0.40462237999760164,-0.15105517313980293,-0.4021768103356574,0.20130296294377187,-0.3630670500608399,-0.1914171766534769,-0.3699796718220581,0.0648383352497508,-0.2834151203574618,-0.10347799436171251,-0.2858549975734381,0.49996492033007406,0.005922705407386283,-0.49996492033007406,-0.005922705407386283,0.5508542487946345,0.543336852086368,-0.6432705088041271,0.5181359092280021,0.6047154135508791,1.0714112129174835,-0.7453232551609398,1.0294100202414873,0.7001117000606991,1.229650584928227,-0.8719776492295968,1.1776922151108797,0.5501184052791734,1.2358069652425991,-0.7694415174903365,1.1843709722169136,0.5013201019668515,1.1938610386383344,-0.7253441309324731,1.1404875267533467,0.7689813584855534,0.9738770253513662,0.555895099447481,1.10846239498208,0.5058852538849736,1.1981472607040253,0.5047520776409475,1.2773141940109314,0.49595573063482473,1.3360847139181622,0.7185165072220082,1.1717583305866806,0.6260357109311578,1.3592933853742193,0.5589549789034699,1.3854258868276306,0.504869152279689,1.385689636824147,0.8075204531483511,1.1681888859676666,0.7077285722622562,1.3672681226789634,0.6284764420140293,1.3889650702341236,0.5693622881185314,1.3828654246312324,0.863834438467919,1.1594191394824762,0.7599034447745857,1.344429460210825,0.682704010542413,1.3654211137105523,0.6240545499861013,1.364807657783403,0.8902871311950392,1.1490696299611003,0.7902246377194367,1.3124566989424638,0.7300414424711519,1.337808007060869,0.6843003621400339,1.341017218349418,-0.7463076450743643,1.0407282515014047,-0.6879267348439365,1.0763666768808102,-0.6652242167085324,1.1576760571018656,-0.6858562024971827,1.2324869410058734,-0.6888104870804655,1.2885637954810552,-0.7344695964713749,1.2202325601109116,-0.8159784017677784,1.3063325758219104,-0.7784115789725822,1.3392053127978096,-0.7485075474430848,1.3523548629838467,-0.8178650426938529,1.2190755081921156,-0.9033164617653239,1.3054043276327316,-0.8460218982234913,1.3367304270391303,-0.7952522059983579,1.3422188936932589,-0.8635923971719868,1.2070788476670773,-0.936598106109923,1.2705999539916972,-0.8787632820086793,1.299760457203677,-0.8341402455027226,1.3078353815574575,-0.8822929812698498,1.1922743371583957,-0.9538143871325359,1.2361919643382335,-0.9100221156785563,1.2639955781796453,-0.8704269320738192,1.2717832237602418
-0.010645037253124632,-0.35333272087365775,0.06656078563266334,-0.40236993526967246,0.10913053268285519,-0.39983299122636784,0.13657072012128,-0.39701339749820264,-0.07078748117104072,-0.4048791722679239,-0.1097247684204475,-0.40326100518617986,-0.14952191969944162,-0.4008188135631596,0.20201362577750356,-0.3618694222121596,-0.1900143948769902,-0.36877206983557637,0.06591832261528552,-0.28259767504897204,-0.10202911301608725,-0.2849801026703757,0.4999676232165282,0.005689967945045659,-0.4999676232165282,-0.005689967945045659,0.5528931856860723,0.5405664348178392,-0.673763798563064,0.5066078104182887,0.6039861115237672,1.051444439889606,-0.771922010433309,1.0163325215601262,0.7000363184509175,1.210596354447628,-0.8698590860412435,1.164003695756976,0.555065493668881,1.2160034835812257,-0.7672624041363865,1.169107654970981,0.5039525204129223,1.1726609652949416,-0.7218052614764486,1.125694781594186,0.6982329964401146,1.01729895842171,0.5532268049862354,1.075482050894223,0.508964753232041,1.1641432711784727,0.5213515990734187,1.2430160558055525,0.5297830514660357,1.3022750894337505,0.6404926493086912,1.2016780902190585,0.6226088392047037,1.3207270358062702,0.5622570321545423,1.3510111197393402,0.5182419797234846,1.3471971929779505,0.7345725354483695,1.205078775386992,0.7192755988067587,1.333022911759111,0.6473065019993264,1.3596392637828472,0.597176986997817,1.3493738508722692,0.7997064082607911,1.2016103829007714,0.7894186784129008,1.3144941799921095,0.7155252185787334,1.3380899912885742,0.661590287512267,1.3326198830013742,0.8361066569035995,1.1944704759734688,0.8317818992296583,1.2844744950282165,0.7781595944121543,1.3149965002082284,0.7329691202404423,1.3178956216663928,-0.7844731127158384,0.9933731212302428,-0.6895312821541114,1.061183135254291,-0.6927612805769218,1.1495396726062488,-0.7349100318435743,1.2223660802343386,-0.7506525507250857,1.2765368521552853,-0.8623797441712152,1.16819833433879,-0.8692029586279264,1.269858224974637,-0.8216609790318496,1.3030395390999976,-0.7850258351674977,1.3103071064737912,-0.9223614304898463,1.1617687868737396,-0.9238953889585532,1.261383651720094,-0.8701396080519959,1.296849236768001,-0.8187084293127463,1.3042843702982256,-0.944595010258958,1.154253652797047,-0.9386216361227022,1.2475057318637013,-0.8826724596188417,1.2820706961024373,-0.8344893408914987,1.2927678850120359,-0.9443016276402629,1.149870455007601,-0.9371640847953027,1.2280966158323803,-0.8958616750072388,1.262731556908452,-0.8559506695226334,1.2757077211961496
-0.01103798073939946,-0.3528978643690761,0.0659280523974602,-0.4022221264589281,0.10898317651483459,-0.39985430460948396,0.136307049933178,-0.3971927041124257,-0.07111902462487855,-0.40411702711131137,-0.10989865736810492,-0.4024269013372554,-0.1497926816200854,-0.3999642114956809,0.20205917564533157,-0.36169164485994315,-0.19031720441198738,-0.36806662259632295,0.065501855814669,-0.282530500694806,-0.10209602512203793,-0.2845399428611174,0.49997304620661065,0.0051916343170942325,-0.49997304620661065,-0.0051916343170942325,0.5548574428103067,0.5380153002193798,-0.6871558920497652,0.4878187294674409,0.6006952352511868,1.012015703451889,-0.7772947246916234,0.9730842193433279,0.6977787686055772,1.1690160824521392,-0.8680457694863757,1.1247273906843513,0.5573387657470453,1.1811168117055737,-0.7659050533112155,1.131282267644093,0.5059220165286781,1.1353011519767158,-0.7164793023324743,1.0842211226506557,-0.7368724983474167,0.9660985185920024,-0.821616399920092,1.011486977553575,-0.8939053370022596,1.0900495926517122,-0.9183714895031236,1.1709194956860693,-0.9006824869246199,1.2225473569268046,-0.8098912059337696,1.1272115252207247,-0.7958542068786829,1.231737539965048,-0.8131057100577856,1.2576920227651822,-0.8189402334501643,1.2667668130313428,-0.7542807607506085,1.1400903113635874,-0.7595914607462142,1.232018644324581,-0.7911114693618387,1.2306174734019293,-0.7997781286349359,1.2153498746444966,-0.721808415699646,1.1442155845575395,-0.7416448579916715,1.227036135760827,-0.7683283961091946,1.2185383093550808,-0.7742783122736561,1.198209697115182,-0.711219884483068,1.14464525813146,-0.720474067684047,1.2111698187679156,-0.750282479903269,1.209194332343553,-0.7572707418479974,1.1920479122544374,,,,,,,,,,,,,,,,,,,,,,,,,,,,,,,,,,,,,,,,,,
-0.010757223973357955,-0.3484468822294999,0.0659179529774602,-0.3981630529769594,0.10944078073151349,-0.3958996895702371,0.13651790107545547,-0.39326620985010174,-0.07126340178226982,-0.39913932383806466,-0.11010252399380051,-0.3977505562076332,-0.15020137199914785,-0.39541858587452205,0.20250123018221686,-0.3570131506602743,-0.19093640196041298,-0.36213035315319225,0.06583224183119614,-0.2779701795380506,-0.10214687621257472,-0.2793529606915257,0.49998808478554707,0.003451821617725218,-0.49998808478554707,-0.003451821617725218,0.5580645131377273,0.475628824979792,-0.6635699929697068,0.4380183558959711,0.5906885319872326,0.894817335261921,-0.7501623866511176,0.8133552573086658,0.6515892471346015,1.0363505736985925,-0.8250783945877601,0.9506890296721736,0.5562282801106689,1.039044488328954,-0.7467761312095811,0.9529342436011394,0.5084831806569514,1.0024593222032143,-0.7044325443924867,0.9156721304621124,,,,,,,,,,,,,,,,,,,,,,,,,,,,,,,,,,,,,,,,,,,,,,,,,,,,,,,,,,,,,,,,,,,,,,,,,,,,,,,,,,,,
-0.014181237657519023,-0.345289715071452,0.06281636646903488,-0.39600814163501635,0.10684146961518443,-0.3934258412295774,0.13404535428414005,-0.39051298031065984,-0.07520261263104382,-0.39698899612095295,-0.11431577817618319,-0.3954600818851328,-0.1547697738157054,-0.3928471207943858,0.20086725184476237,-0.35277417998445915,-0.19578208137176104,-0.3572820672418926,0.06303769829110321,-0.27321554630289885,-0.10598632393901128,-0.27470642212600854,0.499937708477699,0.007892252027605734,-0.499937708477699,-0.007892252027605734,0.5613901535237283,0.43926682346310325,-0.660613592615532,0.38907106576940165,0.5800993036987727,0.8100798343900569,-0.7424237745597693,0.7132650795731347,0.6269266018528057,0.9405399006006147,-0.7894159697119753,0.841995116615179,0.5481535524176256,0.9342487112339448,-0.7297325503935856,0.8423720514151863,0.5044277742117972,0.8901505973309052,-0.6994581897203002,0.8017527755189248,,,,,,,,,,,,,,,,,,,,,,,,,,,,,,,,,,,,,,,,,,,,,,,,,,,,,,,,,,,,,,,,,,,,,,,,,,,,,,,,,,,,
-0.014705130871196351,-0.342469537695878,0.06316801763714684,-0.3924354177749795,0.10741473789262479,-0.3899939569401867,0.13497581393939637,-0.3872834815961101,-0.07538746215071326,-0.3941004749866317,-0.11478267145652911,-0.3924214467492466,-0.15545155654967382,-0.3899929934211706,0.20196505164233303,-0.3497500800850257,-0.1964116170894717,-0.35457461250223815,0.06306376487960923,-0.27003583944079634,-0.10657310403209694,-0.2716724728414748,0.4998475541662609,0.012345954560375008,-0.4998475541662609,-0.012345954560375008,0.5932744241423784,0.4378101837870299,-0.675736973381349,0.36195834311380826,0.5892957399221047,0.793601033158799,-0.7445968837962479,0.6918338058027328,0.5976017613481698,0.924362566765724,-0.7619231849039813,0.8266931492572284,0.5297823556609963,0.9129575848764325,-0.7085714990024472,0.8270870358309934,0.48996936450981715,0.8691854940882654,-0.6841392582565251,0.7857156490232399,,,,,,,,,,,,,,,,,,,,,,,,,,,,,,,,,,,,,,,,,,,,,,,,,,,,,,,,,,,,,,,,,,,,,,,,,,,,,,,,,,,,
-0.015786882293989637,-0.3512709767976091,0.062107479116875766,-0.40043319898738805,0.10594036916809672,-0.3980040784689356,0.13349050671985715,-0.3952995065173453,-0.0762826631892874,-0.4022153736015112,-0.11557166106715298,-0.40050772838491766,-0.15611306016123794,-0.39818108578806843,0.20038505898244008,-0.35787441587898655,-0.19686517768081252,-0.36309867693391384,0.0617196573292152,-0.2790878146446029,-0.10753487568586312,-0.2812076765805227,0.4995694951676133,0.020744143703127847,-0.4995694951676133,-0.020744143703127847,0.542549419692168,0.4952141578328371,-0.6529628085772484,0.3905849458653686,0.48824024252584797,0.8136081123974546,-0.7104399567865206,0.7418548661895591,0.5132318094168186,0.9942820939008543,-0.6917708229205415,0.8467378975517235,0.4617598482048878,0.977808023669591,-0.6448437143123467,0.8436151542124476,0.43753414437231575,0.9390172010301095,-0.6406175325088727,0.8089651311156105,,,,,,,,,,,,,,,,,,,,,,,,,,,,,,,,,,,,,,,,,,,,,,,,,,,,,,,,,,,,,,,,,,,,,,,,,,,,,,,,,,,,
-0.013807540242934962,-0.35210051264112646,0.06407572119118546,-0.40068165869044303,0.10753465960498225,-0.39840054616005377,0.1351190928488619,-0.39574965550052543,-0.07425175480353426,-0.4028990824210713,-0.11359821643275987,-0.401143857408709,-0.15391523790676528,-0.3989006708402827,0.20165655375291688,-0.35865490420390467,-0.19452666444913985,-0.3639624318808345,0.06353537200584428,-0.28015611206893565,-0.10541674363819122,-0.28239096641844585,0.4995326138227409,0.021614063186278735,-0.4995326138227409,-0.021614063186278735,0.5369325924950586,0.5018075011321009,-0.6495605364009324,0.3981993278618613,0.4333232699532444,0.830214152127383,-0.61178876837422,0.7075140879140338,0.44302676140315544,0.9560431082026777,-0.5549988543304372,0.8093439549677872,0.39178687133855056,0.9397050634976575,-0.4968049135129744,0.777831311481803,0.36897229821993366,0.9103323636836448,-0.48087380671800645,0.7457478631137496,,,,,,,,,,,,,,,,,,,,,,,,,,,,,,,,,,,,,,,,,,,,,,,,,,,,,,,,,,,,,,,,,,,,,,,,,,,,,,,,,,,,
-0.01018673828084178,-0.3523042890041273,0.06827167778749338,-0.40135863558866763,0.11192878322774519,-0.39933095823058384,0.13973971207795255,-0.39685052195121423,-0.07102139764163966,-0.4037539385359471,-0.11077114345605044,-0.40198841013590764,-0.15125922568852054,-0.3999414500298985,0.20634502299661223,-0.3599510555213801,-0.1921164761300203,-0.364812139859606,0.06758617609874933,-0.28087019235001665,-0.10229975022377259,-0.2830362234244644,0.49959705344441574,0.020069484040641367,-0.49959705344441574,-0.020069484040641367,0.5453185698775491,0.5172143986382679,-0.644945292297248,0.4466331620439496,0.4618300561854229,0.3843711131489253,-0.5619475504130366,0.36593803373980033,0.47656342539269886,0.32853849501368715,-0.5000389176131238,0.3274092972951822,0.41337366761404576,0.28891572609436444,-0.5189710087673919,0.243551711807766,0.4003132696167679,0.31012173529772236,-0.5019306515983343,0.24884039108123515,,,,,,,,,,,,,,,,,,,,,,,,,,,,,,,,,,,,,,,,,,,,,,,,,,,,,,,,,,,,,,,,,,,,,,,,,,,,,,,,,,,,
-0.009639796096594095,-0.35106266197413966,0.06899232190695195,-0.40062834231435457,0.11256991616829402,-0.3988221357280266,0.14043611038934986,-0.3964886562402213,-0.07055676117130606,-0.4030300843806885,-0.11045561073036116,-0.4013033404564949,-0.15100705826434493,-0.3993158083786865,0.2070926355498194,-0.3599009762258036,-0.19192328093507682,-0.3640751315227582,0.06815270184629509,-0.28039013442142513,-0.10137263258337702,-0.2823731285343243,0.49966392296946577,0.01832932303070142,-0.49966392296946577,-0.01832932303070142,0.5306560860204351,0.5297041668926933,-0.660093437776985,0.45779569319223934,0.4815095346831142,0.3496035993147107,-0.5389633749507199,0.34768631952920975,0.4736561702074168,0.2890274264828536,-0.48975484210410763,0.30925554989452075,0.4320436113042266,0.24787426411239172,-0.5127081582724492,0.23943789768875384,0.4260081179749187,0.26232102022966924,-0.4994434937378099,0.2471441345242262,,,,,,,,,,,,,,,,,,,,,,,,,,,,,,,,,,,,,,,,,,,,,,,,,,,,,,,,,,,,,,,,,,,,,,,,,,,,,,,,,,,,
-0.009473675752685226,-0.34651788696137215,0.06896487290093287,-0.3971663360670541,0.11255406329135301,-0.39552915161846386,0.140636675962054,-0.39332530151017975,-0.07072719923719424,-0.3995281838481894,-0.11070582874031198,-0.39779078925479994,-0.15118000079167498,-0.39592689988846724,0.20717176691425868,-0.3573228984564861,-0.1919304513425374,-0.3605667308003816,0.06827915333729243,-0.27696702146828656,-0.10079507441006959,-0.27893092771009387,0.49978307049603377,0.014726929264328644,-0.49978307049603377,-0.014726929264328644,0.6049755887621266,0.5214824139871417,-0.6936526833942882,0.46167832067859554,0.46455642558090343,0.3752248254112062,-0.5229921546545259,0.3405769900432157,0.44710519684750893,0.3297431725683647,-0.4688793054943126,0.3004170650632605,0.4487280793660796,0.2887617651746189,-0.5007624627983867,0.2250267601970542,0.43234521852867563,0.2965279064445636,-0.48948857992182065,0.2353792315686439,,,,,,,,,,,,,,,,,,,,,,,,,,,,,,,,,,,,,,,,,,,,,,,,,,,,,,,,,,,,,,,,,,,,,,,,,,,,,,,,,,,,
-0.009986866038326807,-0.3432096378251768,0.06817738776192901,-0.39458769556833545,0.11176508950973714,-0.3931160710677057,0.1401047153324311,-0.3910339046722749,-0.07156253990845952,-0.39682496319899924,-0.11159316307816347,-0.39506498964384035,-0.15194008059976702,-0.3932859668721348,0.2068759904932754,-0.35526237689351253,-0.19251597550605362,-0.3576412082451121,0.06770028707948553,-0.2745216440329189,-0.10082494072356496,-0.27643024015575424,0.49985564848422176,0.012013770366466071,-0.49985564848422176,-0.012013770366466071,0.6247002830318191,0.5238074770107958,-0.6969001642639954,0.4716464179331684,0.45212170236867727,0.3742994590145676,-0.496398554118855,0.3170570941337165,0.40294232416854997,0.33779347174795255,-0.4303682644727177,0.28442665645801335,0.43041806318602505,0.2878818168927662,-0.4555057846814846,0.21119044464803924,0.4272500914474329,0.29445679419382564,-0.4466048690311152,0.22174738508307165,,,,,,,,,,,,,,,,,,,,,,,,,,,,,,,,,,,,,,,,,,,,,,,,,,,,,,,,,,,,,,,,,,,,,,,,,,,,,,,,,,,,
-0.010298234873551242,-0.34134682091817403,0.06767505445540047,-0.3931647176538591,0.1112459679395103,-0.39180173020304404,0.13978378367274835,-0.38980348149925187,-0.07213610116232239,-0.39533087341233586,-0.11222555471937512,-0.3935538248433729,-0.15243929431632974,-0.3918398381405704,0.20664793216819755,-0.35420264003540275,-0.19286369149686905,-0.3559451593310233,0.06731525362393354,-0.2732094417384693,-0.10078737022225687,-0.2751113566712558,0.49989044584643194,0.010466238648889433,-0.49989044584643194,-0.010466238648889433,0.6447341746195823,0.5219243844954731,-0.6786574583527,0.4856972545385832,0.4437739909517765,0.3785454815655567,-0.4978801818280473,0.3056167092083139,0.3909965307616563,0.338912362066555,-0.42298214763449166,0.2821827970987318,0.423451339525203,0.28856790776811925,-0.44509452018578266,0.20886622035897554,0.4249226541080726,0.2950893945591111,-0.4354732331669188,0.21988986013467787,,,,,,,,,,,,,,,,,,,,,,,,,,,,,,,,,,,,,,,,,,,,,,,,,,,,,,,,,,,,,,,,,,,,,,,,,,,,,,,,,,,,
-0.010887985579248288,-0.33964215112596685,0.06680245473820594,-0.39168985181361654,0.11079523479755324,-0.3903530118439391,0.1395387461803416,-0.3883425245644149,-0.0730213258585524,-0.39376122774925426,-0.11313949645907947,-0.391940376204748,-0.1531837100909727,-0.39027160109705294,0.20675033590275038,-0.3529657313509116,-0.19287430486629598,-0.35432793352711,0.06672694893253263,-0.2716672751500529,-0.10065945160674653,-0.27353885110760123,0.49992524619421475,0.008645705156538497,-0.49992524619421475,-0.008645705156538497,0.6142714319105002,0.5250206171340454,-0.7295739656855373,0.47015294843451333,0.4550339470473551,0.3615106652975707,-0.4903400831166163,0.3425915168658472,0.40360036024584833,0.33125219768556796,-0.4288504696861517,0.2987372681117129,0.43119037524350445,0.28327561515611904,-0.452114970041877,0.22534659302040858,0.42868087203033167,0.29220582231634196,-0.44305059487311155,0.23529864541741025,,,,,,,,,,,,,,,,,,,,,,,,,,,,,,,,,,,,,,,,,,,,,,,,,,,,,,,,,,,,,,,,,,,,,,,,,,,,,,,,,,,,
-0.011514138032482368,-0.34061631766610867,0.06635498863022071,-0.39279928994750135,0.11044205466756676,-0.39151027019236334,0.1392429857142433,-0.38958167007431677,-0.07292883472998432,-0.3946198273716184,-0.11299699311894375,-0.39278227828906526,-0.15268238919309016,-0.3910964809323344,0.20611426851228568,-0.35435091208168257,-0.19196781797968698,-0.3548945118944372,0.06620323690439837,-0.27301797978422193,-0.10034437884276813,-0.27483996706559205,0.4999533583365341,0.006829310947756251,-0.4999533583365341,-0.006829310947756251,0.6126909719929019,0.5223566009396962,-0.6817524996264542,0.4917078646785793,0.4574677079637896,0.3608952777506335,-0.5092679031883701,0.3508045854387523,0.4171858406157262,0.3165814540389058,-0.43713790621825677,0.32980492544419404,0.4373278375184102,0.2764186682998954,-0.46062733354685104,0.25627280511120326,0.4309094161161767,0.29225110950352534,-0.45206718301036825,0.2646454407762877,,,,,,,,,,,,,,,,,,,,,,,,,,,,,,,,,,,,,,,,,,,,,,,,,,,,,,,,,,,,,,,,,,,,,,,,,,,,,,,,,,,,
-0.012766371973301681,-0.34126442376560345,0.06505308728715085,-0.3934336632038493,0.10940564040061221,-0.39219891060016043,0.13835397610869124,-0.3903779379198591,-0.0735757881669591,-0.3949947591527585,-0.11357748311128406,-0.39322440930043095,-0.1529510299115526,-0.39152690221965347,0.20453965256330522,-0.3554341783926479,-0.191681067824162,-0.35498543214085737,0.06528475435104616,-0.27413140484703724,-0.10077106693531991,-0.27584939291928506,0.4999688733282074,0.005579041398202729,-0.4999688733282074,-0.005579041398202729,0.6115765584414542,0.5241855686601677,-0.6989000672201839,0.4863697365130469,0.4594752481547937,0.38217269240784063,-0.5111673384568515,0.3690756780132789,0.4251147138422347,0.34048962399394356,-0.4558920407319926,0.335900142952488,0.4390976277263377,0.3022089119838267,-0.46288697557825603,0.2685462771164636,0.4332209356926632,0.3106963507792639,-0.45504816591834557,0.27638837146368533,,,,,,,,,,,,,,,,,,,,,,,,,,,,,,,,,,,,,,,,,,,,,,,,,,,,,,,,,,,,,,,,,,,,,,,,,,,,,,,,,,,,
-0.014564065735088895,-0.34140695444534286,0.06438743205121808,-0.3933275663466442,0.10919393001938409,-0.3920178760402504,0.13848940005899033,-0.3900480205683368,-0.07432231324543584,-0.39497822107918557,-0.11447196260865179,-0.39344363934277954,-0.15357976010405625,-0.39185653457562225,0.2048612934341357,-0.35490005333608965,-0.19143213141876014,-0.35534461291128805,0.06345981535710311,-0.27470860576856687,-0.10223206516617962,-0.2765732217239844,0.49997321046337356,0.005175791625171827,-0.49997321046337356,-0.005175791625171827,0.6056313635654814,0.5306960881729542,-0.6924531908547455,0.48828997976486715,0.4511511671939053,0.4004660556089679,-0.5226583233730718,0.38512410734477864,0.40004325972054494,0.3651698051241579,-0.4632119253123419,0.3654975178832467,0.4374564881998701,0.3165183891590086,-0.4806677562911494,0.2936415623506934,0.4314924642034425,0.3216600359778173,-0.47514539004501677,0.2979087925986158,,,,,,,,,,,,,,,,,,,,,,,,,,,,,,,,,,,,,,,,,,,,,,,,,,,,,,,,,,,,,,,,,,,,,,,,,,,,,,,,,,,,
-0.010575538836895527,-0.34479634170542456,0.06885738096214594,-0.3960690898159868,0.11359138113911273,-0.39453164666741425,0.1429047559888162,-0.39230255221364746,-0.07000401261453225,-0.39817757775461005,-0.11036312742247009,-0.39677349757951347,-0.1490779154233828,-0.3953297950717175,0.20906690024896227,-0.3557715345834868,-0.18652971740954316,-0.3587906596953453,0.06750017110743768,-0.2778183639510142,-0.09875185114482865,-0.28019174167970834,0.4999924284967741,0.0027516260462196,-0.4999924284967741,-0.0027516260462196,0.5727108372076742,0.5297995155601002,-0.6619690077711033,0.48375862727073243,0.5691840509933166,0.41896220054827893,-0.5213401682365244,0.5134742171172527,0.5157769994458568,0.3958107715347539,-0.46184781552738935,0.5537606587686297,0.5688709252630537,0.34375050540183205,-0.4756501101634718,0.4954288538482437,0.5379811614109292,0.34709965555312583,-0.46880114835679076,0.4828734063743263,,,,,,,,,,,,,,,,,,,,,,,,,,,,,,,,,,,,,,,,,,,,,,,,,,,,,,,,,,,,,,,,,,,,,,,,,,,,,,,,,,,,
-0.011882902266997786,-0.3511754067037234,0.06740360323567482,-0.4018960137972246,0.1119004445944899,-0.40019697876531984,0.14107758766970635,-0.397771916305432,-0.07085276269310468,-0.40417569758713073,-0.11118480822961603,-0.4027680933900206,-0.1497390198389777,-0.401335281243516,0.2070435199747375,-0.3596875154475733,-0.18687119521913317,-0.36502544305219853,0.0658851610320664,-0.2843431676187347,-0.10057899648280556,-0.28671896874240105,0.4999756709616209,0.004932387502723697,-0.4999756709616209,-0.004932387502723697,0.5912615452303072,0.5215223581337405,-0.6162108679800098,0.4734690260163008,0.5570045192843445,0.6445415770025112,-0.5706875051641009,0.5776360310545663,0.5438702155142905,0.7469247218176551,-0.5943634699955039,0.6334325684032821,0.5552874923190931,0.6702115438512715,-0.5973839018861311,0.5755476119366156,0.528990982850266,0.6693125244652293,-0.5644368233867613,0.5606102662900174,,,,,,,,,,,,,,,,,,,,,,,,,,,,,,,,,,,,,,,,,,,,,,,,,,,,,,,,,,,,,,,,,,,,,,,,,,,,,,,,,,,,
-0.009962509958206361,-0.3523445277390591,0.06900449163399591,-0.4025821058202596,0.11324572464849215,-0.40078262793769404,0.14227553977538343,-0.3982500719816799,-0.06858903605306525,-0.40496685914563857,-0.10883519459416054,-0.4035635956984352,-0.14724693486397142,-0.402137453476153,0.2079161813831343,-0.3594455634518325,-0.18407104130665444,-0.36605341318466234,0.06743782204009934,-0.28565356847371115,-0.09885133749435336,-0.28812007273598295,0.4999795402355404,0.004523200842063271,-0.4999795402355404,-0.004523200842063271,0.5894543133041474,0.5168339222096691,-0.6125847549089157,0.4660857358177119,0.6027720578502846,0.6525035267940703,-0.5789458717380961,0.590335864097878,0.5883046309246597,0.7115403392068713,-0.6154682463855963,0.644968847352814,0.5658711782795126,0.6220701610386985,-0.6156418953311742,0.5841239416191332,0.5287424682288753,0.6179596396918868,-0.5809439833373508,0.5695925689957981,,,,,,,,,,,,,,,,,,,,,,,,,,,,,,,,,,,,,,,,,,,,,,,,,,,,,,,,,,,,,,,,,,,,,,,,,,,,,,,,,,,,
-0.011369325305718622,-0.34995486261048825,0.06685279257028678,-0.3992198070002298,0.11054002638163246,-0.39733072305021655,0.13927036197973203,-0.3946389892461349,-0.06944285676116864,-0.4015791484435427,-0.10928180569786732,-0.40021546803984154,-0.14736366115164254,-0.39874064275609994,0.20426424932489293,-0.3554326091237156,-0.18405748476593617,-0.3631640478549831,0.06532651658760068,-0.2836401230677457,-0.09937844630139431,-0.28620744661821007,0.49997235649884997,0.005257636064519936,-0.49997235649884997,-0.005257636064519936,0.5771369337882977,0.499572546920151,-0.6110330961697084,0.4604562772797452,0.6149104936864628,0.6010509165556105,-0.5998212024225466,0.5637664381803181,0.6259772975253881,0.6470925032926886,-0.6243369393299409,0.6035650224802758,0.6217077422870073,0.5803993215923321,-0.6170587026116601,0.5511197995281505,0.5948040486304413,0.5661695553564347,-0.590088966345215,0.5364361680105877,,,,,,,,,,,,,,,,,,,,,,,,,,,,,,,,,,,,,,,,,,,,,,,,,,,,,,,,,,,,,,,,,,,,,,,,,,,,,,,,,,,,
-0.012211591575926588,-0.3499255843878093,0.06618398218807355,-0.3993872823885614,0.10987936547940298,-0.39741858157807175,0.138692528423613,-0.39453419052316585,-0.07035237044548251,-0.4016476109450446,-0.11028601204353643,-0.40031749233526764,-0.1485240750741756,-0.3987524012884324,0.20380627569289658,-0.3547548563494482,-0.18516715355326496,-0.36343792301888056,0.0646397691445311,-0.28336271388998013,-0.1003172399713316,-0.28628449555078306,0.49996853420153115,0.005609350084667359,-0.49996853420153115,-0.005609350084667359,0.5860944733847103,0.49923177793533513,-0.6410123332564124,0.4529698433828271,0.6317474541847783,0.5328706066406153,-0.635756265634835,0.4893394894488924,0.650857470198676,0.5391043988237653,-0.6731084869079503,0.5061562524274147,0.648254742388192,0.5039071220726976,-0.6601066154573864,0.43662168286090997,0.6210801231024017,0.4979291803298985,-0.6352361685349939,0.3985660176590373,,,,,,,,,,,,,,,,,,,,,,,,,,,,,,,,,,,,,,,,,,,,,,,,,,,,,,,,,,,,,,,,,,,,,,,,,,,,,,,,,,,,
-0.011858137928833007,-0.34927937061023756,0.0666600207762415,-0.39952043117732566,0.11035232769349723,-0.3975465608784831,0.13915358074285802,-0.39459155087150877,-0.0697987747742614,-0.4014088899725747,-0.10990759882995844,-0.4002158841320584,-0.14817774788115512,-0.3985307408181111,0.20427989973655164,-0.3549244154478544,-0.18494754268902672,-0.3633678983703965,0.06499169374275696,-0.28319110336973125,-0.09998827353052858,-0.28611789622813244,0.49995951403438527,0.006362729485164809,-0.49995951403438527,-0.006362729485164809,0.5935855331159203,0.5117271100689751,-0.6112635291933959,0.47410519537708734,0.6281945783951735,0.39990416539647394,-0.6270224741461929,0.3784557122204296,0.648944538384989,0.3483044063723322,-0.6544750044980966,0.3454828815294834,0.6588450522520367,0.3213132311499616,-0.644197691940001,0.2685549539113374,0.624096156323963,0.3253998723241247,-0.6208332278707742,0.26977655692936386,,,,,,,,,,,,,,,,,,,,,,,,,,,,,,,,,,,,,,,,,,,,,,,,,,,,,,,,,,,,,,,,,,,,,,,,,,,,,,,,,,,,
-0.010604986956424622,-0.34927133768629814,0.06827278995449444,-0.3998831839601331,0.11208970359832439,-0.39788998717328716,0.141087437337922,-0.39495074512319184,-0.0688307361164108,-0.40177642016663573,-0.1091486475548895,-0.40055502980910734,-0.14762163229369812,-0.3988574184632766,0.20659150061624013,-0.3554916163209961,-0.18455644615389033,-0.3635331442686161,0.06655980740194425,-0.28280805382468543,-0.09908184378031336,-0.2856628974478242,0.4999686434238936,0.005599606492566129,-0.4999686434238936,-0.005599606492566129,0.6140449561490413,0.5176448628379389,-0.60639968839001,0.4809119239080732,0.6299836563637854,0.30778015445045637,-0.6144760568791623,0.3228488711103668,0.651358417250534,0.2684107705819022,-0.6397394080172932,0.27604710970146384,0.6478421343717901,0.2237372701884635,-0.641723343890774,0.202925611023649,0.6188444006321925,0.24062688480647373,-0.6180866287829231,0.2152178027325353,,,,,,,,,,,,,,,,,,,,,,,,,,,,,,,,,,,,,,,,,,,,,,,,,,,,,,,,,,,,,,,,,,,,,,,,,,,,,,,,,,,,
-0.013286268026088097,-0.3449079848266914,0.06641205448330281,-0.3967764435187653,0.11054783652728963,-0.39501807464098765,0.1398888272260793,-0.39215714531634904,-0.07200373501440074,-0.39811978527014014,-0.11273752890330142,-0.39696168215952266,-0.15161016141518063,-0.3951289671120293,0.20616511075353286,-0.35269408271734987,-0.18890532441943358,-0.35966950843057605,0.06442428283282249,-0.27852784808940145,-0.10241141485637528,-0.28099236093712515,0.4999838734607482,0.00401575387524269,-0.4999838734607482,-0.00401575387524269,0.6227914030169874,0.5264425277665764,-0.6329587961879705,0.49038897472504706,0.5651984821132726,0.3245542021222947,-0.584656253651653,0.2881824359029937,0.5268640155847704,0.2946359920046744,-0.5909939994422718,0.23384551080553287,0.5715112529908483,0.24863104504010394,-0.6146098529317708,0.16864498067541892,0.5521598417964323,0.25392996944765195,-0.5930806100343328,0.18673858196351562,,,,,,,,,,,,,,,,,,,,,,,,,,,,,,,,,,,,,,,,,,,,,,,,,,,,,,,,,,,,,,,,,,,,,,,,,,,,,,,,,,,,
-0.016115074561191843,-0.3418072617294697,0.06379023237194296,-0.3939853744963278,0.10811602884208092,-0.3922219260702599,0.1377001825053802,-0.38941359306874174,-0.07498910274110068,-0.3951008279855731,-0.1157579936303285,-0.3939210009329895,-0.15482180791107192,-0.3919217419801662,0.20450716334029626,-0.35127598368126384,-0.1922620531627759,-0.3561848308946307,0.06202184702597992,-0.27527355393110137,-0.10527778391413935,-0.2777260414907671,0.49998627197157647,0.0037051099801147193,-0.49998627197157647,-0.0037051099801147193,0.6474840140147063,0.5299368225329746,-0.6641566701169945,0.49686120167796327,0.5272016721087253,0.3514332875014516,-0.5528505198015059,0.29083424142877606,0.4452650646446244,0.3285583111732742,-0.5211347783717238,0.23917799013553775,0.49456940602076627,0.2694411154879428,-0.5447053763933593,0.17246432676687462,0.5030696204519582,0.2719628167284912,-0.5299462123610105,0.1896662981238007,,,,,,,,,,,,,,,,,,,,,,,,,,,,,,,,,,,,,,,,,,,-0.436939094445025,0.10032760209694466,-0.35706844275350696,0.10294494406016719,-0.308682368477858,0.08800834131864657,-0.2834797796226563,0.07589720559475076,-0.23748433620445775,0.06323797496014534,-0.47887571209297586,-0.023063063295946488,-0.5007848913663758,0.09229552383463144,-0.5091509377392416,0.16650246358058315,-0.5123016606558392,0.2129644943300463,-0.5737790912604431,-0.008064313445157855,-0.5870387868775868,0.09893945638525702,-0.5794147305242529,0.1827358306145562,-0.5690878557318652,0.23960527571234314,-0.6361794354783825,0.019759586269652695,-0.6493584947372392,0.11279651930971062,-0.6283850069874913,0.18353851570809274,-0.6100723254565134,0.2304715866969612,-0.6693533107195418,0.05749507869155524,-0.701784615127064,0.1215460965967818,-0.6817231991273527,0.17386970329701976,-0.6609603532931302,0.21138061426486962
-0.02012421814010516,-0.33860407691272576,0.059391854363180126,-0.39062548465644714,0.10349896455238346,-0.38888105894602953,0.1329651491439994,-0.38612318478694396,-0.07867116294896002,-0.39166223962650426,-0.11917741558354498,-0.3904864159916294,-0.1580513449494352,-0.38845624462434614,0.2004748960460636,-0.34878189997223713,-0.19530190768501582,-0.3527904290352858,0.05769201922880867,-0.2725322075492545,-0.10859413609821472,-0.2749373057254958,0.49997891255066096,0.004592058869233163,-0.49997891255066096,-0.004592058869233163,0.6408920952572728,0.5385830137298883,-0.6813961045800205,0.495678377814671,0.5296094655828779,0.3337241131988419,-0.5286920653623534,0.28935210028084496,0.43985116922081047,0.3034458041654862,-0.4789102024466589,0.24745256068371316,0.47938943075423013,0.2524802203638677,-0.5014361479851185,0.1786366855044622,0.48677374571699483,0.25922177613757885,-0.4907851640182322,0.19183395508707918,,,,,,,,,,,,,,,,,,,,,,,,,,,,,,,,,,,,,,,,,,,-0.314696601742352,0.04402306270844743,-0.27398482020261,0.08959633561995707,-0.28608466081320644,0.07578808846836264,-0.3240694752804838,0.08390761824222036,-0.3110300544109113,0.10718987003055068,-0.45944538000947927,-0.10325010047770812,-0.5002647545154664,0.08173240711786264,-0.46478760618013026,0.15458011788155135,-0.41843854346440945,0.1872052028928491,-0.5398975235860352,-0.0864647618444371,-0.5629026679836884,0.09539734805529589,-0.5049016928845644,0.1674023643472707,-0.43513602880473723,0.20400901219852227,-0.5859509149777394,-0.05282768831304277,-0.6000758954437505,0.11932332211207601,-0.5348472983996309,0.17876959046114396,-0.46689578697850936,0.21280712771497381,-0.6060781403667961,-0.013997308978629759,-0.6214546208054037,0.13458273729793158,-0.5683056397045594,0.17775546785689855,-0.5134646244124531,0.20061723918082855
-0.022048441115639285,-0.3366385836284429,0.05716270330254781,-0.3884837792954949,0.10109472984280803,-0.38676325395209615,0.13046955745975758,-0.3840324837221775,-0.08039430546024545,-0.3895237711344104,-0.12074326360549684,-0.38834684735656405,-0.1594733158350494,-0.3863295241945857,0.19808994581385475,-0.3469965684105114,-0.19671227808629335,-0.3507387350218814,0.05548497518743441,-0.27083439065496523,-0.11013060652775734,-0.27322978798610087,0.49997257409489,0.005236902990294788,-0.49997257409489,-0.005236902990294788,0.6861280426076188,0.5269852058178939,-0.6741411336147412,0.5017727930019744,0.5098706326097577,0.3471750501248852,-0.5291005986408838,0.28206236443843274,0.43133023398913656,0.31171514754272167,-0.4687495011550624,0.24207945114277618,0.4668661352367754,0.25789964809005866,-0.48608967141185055,0.17444083078559783,0.47595757155216684,0.26402483346205124,-0.47632077224512637,0.18827661813435906,,,,,,,,,,,,,,,,,,,,,,,,,,,,,,,,,,,,,,,,,,,-0.3491553650891883,0.056287012994261136,-0.29024859519910523,0.057011185761152015,-0.2630681330898435,0.052931247303225244,-0.24164696883810816,0.06244029244708694,-0.19739684182303663,0.07412105703165138,-0.4740257241322378,-0.038025635363285806,-0.48977810159308643,0.0771285698767603,-0.43294443796719867,0.1391049058243864,-0.37361337375083153,0.16578485147011396,-0.5561189594081503,-0.013296323970413713,-0.5621217302401436,0.09425360249719032,-0.4883759645982319,0.16575260961203353,-0.4155001533770259,0.1993883523069684,-0.6002590831840983,0.025214743474001662,-0.5930364904120771,0.12846317349962796,-0.5141664763673303,0.189609665433327,-0.4441135549705583,0.21987459863228248,-0.6163914553324411,0.06824945588126019,-0.6077761053241106,0.1519354380979973,-0.5447567068844186,0.19575500196661988,-0.4856801230479004,0.2126140392578864
-0.024744822120951426,-0.33671187912767553,0.05435235588685882,-0.3886793706305517,0.09878386603040917,-0.3870829645607518,0.1285118887076468,-0.38451487062515666,-0.0834745737589222,-0.38959902264778845,-0.12354236916320487,-0.3884270639700132,-0.16217245823508117,-0.38635926303596524,0.19696687162132817,-0.3483295063645255,-0.19891360760144194,-0.35034776763463205,0.05353763963064511,-0.2709334781733368,-0.11209861078565293,-0.27326558665550593,0.4999712337493458,0.005363340671355498,-0.4999712337493458,-0.005363340671355498,0.6933589126544619,0.5295674866809255,-0.7201570689155293,0.4867323028769357,0.5056479415972606,0.3340296327493938,-0.4809279498698691,0.29629286362330565,0.4355314597995308,0.2890821804468884,-0.44281878276814324,0.2399013910478137,0.4692019180583333,0.23896301764594793,-0.45607246700736626,0.17341224952727768,0.46989297716889494,0.25018413555706576,-0.4421862879889851,0.18629409826563864,,,,,,,,,,,,,,,,,,,,,,,,,,,,,,,,,,,,,,,,,,,,,,,,,,,,,,,,,,,,,,,,,,,,,,,,,,,,,,,,,,,,
-0.02924304908639416,-0.336874805794436,0.049617935249572656,-0.3890224119086295,0.09399363490886421,-0.3875216332909451,0.12419609485957418,-0.3850837221193003,-0.08874798299021326,-0.3897960418738469,-0.12891332257882113,-0.3885107325299679,-0.1676391849911979,-0.38623507289724046,0.19403027353098176,-0.34985464020401763,-0.2044635479032972,-0.3495058860064871,0.050335652911046885,-0.27097816209713405,-0.11461160967661282,-0.2732708552544097,0.4999773954142801,0.0047543742756064366,-0.4999773954142801,-0.0047543742756064366,0.6763606662213016,0.5397345571490206,-0.7090893151791164,0.49766685073833944,0.5055806060738931,0.320535820681002,-0.47453027208519627,0.28774723395918916,0.428509153201463,0.2908361722131446,-0.4184578339643569,0.24387580361420777,0.4474121311275473,0.24298467119998796,-0.42748242623307087,0.18026704134408306,0.449505811127954,0.25055833437483666,-0.4183775743063159,0.1926533969633306,,,,,,,,,,,,,,,,,,,,,,,,,,,,,,,,,,,,,,,,,,,,,,,,,,,,,,,,,,,,,,,,,,,,,,,,,,,,,,,,,,,,
-0.030246352157079326,-0.3368673445175584,0.0482230507822015,-0.3892081037913818,0.09224347697861088,-0.3877160067081062,0.1226661600047068,-0.3852848261979193,-0.09046649698983694,-0.3898098334836307,-0.1307097937004372,-0.38843991159706925,-0.16956487594183164,-0.3860037246958429,0.19286712303523307,-0.35026617992080206,-0.20647824867390213,-0.34899917788080287,0.04977368412993911,-0.271071331664546,-0.11472332806702194,-0.2732884889577938,0.4999787898559595,0.0046053983725958215,-0.4999787898559595,-0.0046053983725958215,0.6968162216774013,0.5321018647156,-0.6938686825934633,0.5072910401489974,0.4985949078405379,0.33054956785594847,-0.4802264058364852,0.2861420356314924,0.42754959770584805,0.28987938003247915,-0.4136181593174011,0.25096296950085073,0.44961488110548736,0.2425568538385096,-0.4308453434378581,0.1878955360411223,0.4527479191287133,0.2510808122437807,-0.4211183107550923,0.20078256423732677,,,,,,,,,,,,,,,,,,,,,,,,,,,,,,,,,,,,,,,,,,,,,,,,,,,,,,,,,,,,,,,,,,,,,,,,,,,,,,,,,,,,
-0.028283159039064035,-0.33542491671304486,0.05001894625860023,-0.387822601472672,0.09178664484097834,-0.38623818306848273,0.12268189219993857,-0.3838131488077501,-0.08864400231736602,-0.38839359850066996,-0.12978687605579814,-0.38697335013763423,-0.16883267181676037,-0.38456606658269543,0.19221841112728175,-0.3489236088461135,-0.20665270938033162,-0.3477310492660452,0.05070613844722757,-0.2701094196737349,-0.11263796716317205,-0.2722635877590285,0.4999776534884884,0.004727156877562605,-0.4999776534884884,-0.004727156877562605,0.6886277409772673,0.5301942961624351,-0.7139922522098862,0.4972035060221817,0.49500112318196143,0.3376444265856122,-0.47745507822835676,0.30428384606627906,0.4282302601670721,0.2895714854057115,-0.41320452758692106,0.2570685038506273,0.45191258018899355,0.2508499998370922,-0.4330966401479157,0.1895620899675423,0.45238100692243094,0.2558019670047908,-0.4248888097385679,0.20106665821674588,,,,,,,,,,,,,,,,,,,,,,,,,,,,,,,,,,,,,,,,,,,,,,,,,,,,,,,,,,,,,,,,,,,,,,,,,,,,,,,,,,,,
-0.02853003926758534,-0.3391659748764426,0.050119079436689876,-0.3914384416295915,0.09197930269144684,-0.3898236053754957,0.1228872416841073,-0.3873071634256688,-0.08879336012585805,-0.392034898824742,-0.1299848516429648,-0.39071800283892955,-0.16905837229163267,-0.38842126780952063,0.19275308127938892,-0.35205612030931255,-0.20662940900027674,-0.35132164949311206,0.050414328631582295,-0.2738989874867607,-0.11324339574859459,-0.2760452146258045,0.49998812483555555,0.0034460155868709878,-0.49998812483555555,-0.0034460155868709878,0.6610736636028074,0.5331447920305257,-0.6994456790843139,0.49709940171502043,0.4934711139607948,0.3369472809753712,-0.5241767419003144,0.3280609721994099,0.43115527298334155,0.2887709162525348,-0.4923355770995793,0.27839279172034953,0.4610223432322895,0.25517709379618175,-0.5211731195569622,0.20619532925134068,0.45375010183231235,0.25537392659277675,-0.5045130686326682,0.2244492645011868,,,,,,,,,,,,,,,,,,,,,,,,,,,,,,,,,,,,,,,,,,,,,,,,,,,,,,,,,,,,,,,,,,,,,,,,,,,,,,,,,,,,
-0.027952610666641346,-0.34094280935960897,0.05098803801757653,-0.3931863537427288,0.09294318862260031,-0.39154623362591295,0.12388173057728134,-0.3889245060477767,-0.08816194388431514,-0.39380096555452454,-0.12940360950543883,-0.39258733828330006,-0.16853851599787728,-0.3904081812720223,0.19393919757691366,-0.35345368335000216,-0.20594492304342019,-0.35299898228685817,0.05097725535421169,-0.2759353834921424,-0.11289342641827128,-0.27812118339424313,0.4999933517866693,0.002578404377116839,-0.4999933517866693,-0.002578404377116839,0.6519620869949893,0.5318424414436844,-0.692642095615884,0.49701589259127343,0.49227056530380503,0.3429094509336127,-0.5437345735590544,0.3413639108735179,0.44154149642368407,0.2973336752134431,-0.5173777970704091,0.29546731171352575,0.4813570585410279,0.26125315066665505,-0.5471327491732391,0.21946243567794502,0.465115864395301,0.26143549320605686,-0.53068601050712,0.23546891434792658,,,,,,,,,,,,,,,,,,,,,,,,,,,,,,,,,,,,,,,,,,,,,,,,,,,,,,,,,,,,,,,,,,,,,,,,,,,,,,,,,,,,
-0.021759303481446335,-0.3482282872716435,0.05796574478420143,-0.4006965722299493,0.10014012520321121,-0.39888710364198227,0.13124975602009809,-0.39602931292466237,-0.08207463212222114,-0.401518334964893,-0.12371384356077307,-0.4004080387546209,-0.16292627025321837,-0.3983680343445175,0.20174367279607963,-0.35917374404195,-0.2007430677994534,-0.3604658890812106,0.05768700689912788,-0.2828742427842347,-0.10735860234665391,-0.2853645533879346,0.4999999988477292,-3.394511474451747e-05,-0.4999999988477292,3.394511474451747e-05,0.6395153903081173,0.5325887637930979,-0.6662405138506554,0.5049104143464995,0.5148010387367601,0.3405046098347603,-0.5570064927157795,0.3512080792249451,0.5174247051483849,0.2977841979985744,-0.5429040052616618,0.32069404689777564,0.5449660255033281,0.25925668673563135,-0.5690869391105716,0.22499656132628473,0.5080347105217143,0.26148115859786064,-0.5496438562872069,0.2464434727660394,,,,,,,,,,,,,,,,,,,,,,,,,,,,,,,,,,,,,,,,,,,,,,,,,,,,,,,,,,,,,,,,,,,,,,,,,,,,,,,,,,,,
-0.019194168209120076,-0.3501478516346164,0.0605530755758204,-0.40239656290978476,0.10188373417299848,-0.4003323711450712,0.1330463836199467,-0.3972623490491149,-0.07909848950954239,-0.40314128560766943,-0.12112927257601006,-0.40185519265551584,-0.16026513722061483,-0.3999757788010334,0.20275409211056675,-0.35942379947058356,-0.19854357431633005,-0.36175974052840676,0.06022686033325519,-0.28494940135016705,-0.10382351526098046,-0.2878782763408735,0.4999988671376568,-0.0010643594598762083,-0.4999988671376568,0.0010643594598762083,0.6321501602181224,0.5058674558301118,-0.6434523102827974,0.4866434874071196,0.5842801091105209,0.4024201474290867,-0.5639601761048095,0.43965069188323413,0.6293286994605607,0.387753832576396,-0.5728176164854573,0.4674534791195387,0.6332030375490103,0.35433882747185486,-0.5809832522398939,0.4014272044487814,0.5857193712834949,0.34498751733637456,-0.5555984435838607,0.39017335903444944,,,,,,,,,,,,,,,,,,,,,,,,,,,,,,,,,,,,,,,,,,,,,,,,,,,,,,,,,,,,,,,,,,,,,,,,,,,,,,,,,,,,
-0.016336677492402397,-0.3502800660563905,0.06272424774150732,-0.4019608590426708,0.10285867892169612,-0.3997916612983119,0.134193797043895,-0.39673629091959917,-0.07600243419091951,-0.4026717943752915,-0.11835013649710859,-0.401296013520917,-0.15719328480951203,-0.3993896237189382,0.20268786497307237,-0.3585743116036315,-0.19580012682078374,-0.3614081628288657,0.06242677642053775,-0.28513307860053716,-0.09992064551981511,-0.2881588746839437,0.4999980636455013,0.0013915282064206628,-0.4999980636455013,-0.0013915282064206628,0.6085347672148911,0.49686506074160974,-0.6207573049545745,0.47334447005187974,0.6250948362593386,0.47732643766989413,-0.5677700578710986,0.484940666465971,0.674090033578673,0.5011433474353221,-0.5959758698763191,0.5096584399929666,0.6683921807102626,0.45359325772754094,-0.5951621926736412,0.45799233813390006,0.6297946526816036,0.43836307176747974,-0.5647848784335183,0.4474168389896302,,,,,,,,,,,,,,,,,,,,,,,,,,,,,,,,,,,,,,,,,,,,,,,,,,,,,,,,,,,,,,,,,,,,,,,,,,,,,,,,,,,,
-0.018649100446276226,-0.3486952561719699,0.06011606678599567,-0.39975858138978365,0.0993419284630705,-0.3974731484414557,0.1306108151951617,-0.3943535810851078,-0.07731191443420793,-0.4005503894346995,-0.11995543927264529,-0.3991744013152298,-0.15851275413789798,-0.3973288193564566,0.19865501970803517,-0.3558666194990687,-0.19711468327777393,-0.3596561636119382,0.05925943458137087,-0.28371418386463887,-0.10128569995787348,-0.2868013391411322,0.49999508325683806,0.0022173675806335257,-0.49999508325683806,-0.0022173675806335257,0.6319296827886611,0.47841675956179175,-0.5907887546416971,0.46798467486842876,0.6643343425413535,0.48418416995041536,-0.5982763264066704,0.48024330478798277,0.7201545169870366,0.5160914464256334,-0.6317710650579452,0.49382129701690775,0.7001583609690432,0.4649099124459974,-0.632775934863081,0.44717173443810226,0.6610543305803626,0.4495576448339791,-0.6083053865508221,0.4385884437147539,,,,,,,,,,,,,,,,,,,,,,,,,,,,,,,,,,,,,,,,,,,,,,,,,,,,,,,,,,,,,,,,,,,,,,,,,,,,,,,,,,,,
-0.019747967413008233,-0.34726473536986835,0.05926992677319537,-0.3979961454537376,0.09789717404620091,-0.3956050226517422,0.12925977708351938,-0.39239346216300847,-0.07738993609976064,-0.39894005720770903,-0.12040022781938714,-0.3975903906727992,-0.15876741971078936,-0.39584190290072635,0.1971917895933257,-0.35392549643673366,-0.19710763726750372,-0.3584146336011234,0.057662104457716586,-0.2823043637381566,-0.1018954543033131,-0.2855108902841493,0.49999313343233703,0.002620404646842173,-0.49999313343233703,-0.002620404646842173,0.5990616964563734,0.48219216209949184,-0.5971561116787594,0.4634223942391251,0.6799843205997257,0.48597654728013556,-0.6025170707378668,0.4725972772749604,0.7352368761254136,0.5107386066033778,-0.6373234604903689,0.4854121758128284,0.7106366628102985,0.4557248309277084,-0.6371756715298961,0.43873802859818806,0.6728824721726829,0.4386117051294034,-0.6132432629584088,0.42774104825019865,,,,,,,,,,,,,,,,,,,,,,,,,,,,,,,,,,,,,,,,,,,,,,,,,,,,,,,,,,,,,,,,,,,,,,,,,,,,,,,,,,,,
-0.02019344307938288,-0.346328796084537,0.05982357410808567,-0.396873227976573,0.09770900618442827,-0.39446286829293115,0.12967339693437566,-0.39127702378975726,-0.07637683582308313,-0.39780914488367836,-0.11982063432973827,-0.3964694991146844,-0.15804424135482778,-0.394761786569306,0.19718711667416125,-0.35300318714290985,-0.19617533506526708,-0.35750786664900097,0.05667244574650345,-0.28155765153049084,-0.10208626704549502,-0.2847370636150591,0.49999114145312634,0.0029763179265376717,-0.49999114145312634,-0.0029763179265376717,0.5961090699765972,0.4805372373245975,-0.5976869044227785,0.4610725494354653,0.673028688416718,0.48177074818660015,-0.6053808338301288,0.4543582395439815,0.7194086968280174,0.4996229800823507,-0.6349057298239269,0.4583107715883004,0.7022818147244323,0.4481123610780068,-0.6308468736838342,0.4039241047121522,0.667037647240792,0.4358069550968353,-0.6077718016635627,0.39832146810673097,,,,,,,,,,,,,,,,,,,,,,,,,,,,,,,,,,,,,,,,,,,,,,,,,,,,,,,,,,,,,,,,,,,,,,,,,,,,,,,,,,,,
-0.01740942164229159,-0.3441729657331106,0.06312553820288538,-0.3943252576449724,0.09953244002489021,-0.3919311938842932,0.13200014512705183,-0.3887686965224638,-0.07194951544195813,-0.3953332103370569,-0.11645300789903777,-0.39404957586775985,-0.1544319063900134,-0.39243437183336566,0.19842151298572,-0.35071935124003695,-0.19288054408638594,-0.3556234811446517,0.05780013648539212,-0.2797406395488046,-0.09968479295253545,-0.2829555493234738,0.4999923921275478,0.0027582267079545204,-0.4999923921275478,-0.0027582267079545204,0.6313946269005711,0.46609352275411364,-0.5961202326506545,0.4595410460792716,0.6700342802763313,0.4783146802919053,-0.5968983409444973,0.4452322695159152,0.7098094250629493,0.49878554466093267,-0.6248594239039397,0.4469832949642274,0.6920726136985199,0.44965031655951637,-0.6202391476043458,0.38698329303992335,0.6577488704642561,0.4382281677226664,-0.5963315730250083,0.3829520458459172,,,,,,,,,,,,,,,,,,,,,,,,,,,,,,,,,,,,,,,,,,,,,,,,,,,,,,,,,,,,,,,,,,,,,,,,,,,,,,,,,,,,
-0.01660664101321341,-0.34289252482396704,0.06402374104594945,-0.392805237048127,0.09935145485813562,-0.39029650977761904,0.1320046293285368,-0.3870761957876645,-0.06969910416130362,-0.393975664177243,-0.11505610630734282,-0.39269919226581873,-0.15282238171693727,-0.3911677257453458,0.19778180960845684,-0.34912733974139265,-0.1919399786678714,-0.3545304712866163,0.05710366324638169,-0.2784994537830969,-0.09913365086620392,-0.28177447638865916,0.4999901412848988,0.0031398436118601912,-0.4999901412848988,-0.0031398436118601912,0.6025155858000814,0.4677291545186792,-0.5971541414705177,0.4546764657394051,0.6628110377394097,0.48461350733149755,-0.5939637111250476,0.4405179884350723,0.7039292463254808,0.5017380534498268,-0.6192116435489071,0.4449572553467538,0.6894149756614247,0.45503319589049157,-0.6156312269589589,0.3872201806201802,0.6551458360895948,0.44414805496726734,-0.5922427317118101,0.38139671079031245,,,,,,,,,,,,,,,,,,,,,,,,,,,,,,,,,,,,,,,,,,,,,,,,,,,,,,,,,,,,,,,,,,,,,,,,,,,,,,,,,,,,
-0.015713612659140036,-0.34225048759686527,0.06502243720528962,-0.39200154081787075,0.09960286799776423,-0.3894156860246554,0.13239044445436715,-0.3861598019535077,-0.06785956466700521,-0.39328829627695666,-0.11376681001081113,-0.3920134171218899,-0.15140057310667332,-0.39054636627580425,0.19770656302006806,-0.34825812066067735,-0.19096858401617886,-0.35403477363844715,0.05694000447790642,-0.2778519304094021,-0.09846554823806929,-0.2811815036739917,0.49998898593897073,0.0033187256168240495,-0.49998898593897073,-0.0033187256168240495,0.6033618323491854,0.4652328887126376,-0.5987605594124948,0.45306968311290047,0.6616131397649575,0.4845420757921354,-0.5917615822627983,0.43684702587952107,0.703551081168621,0.4998613858064182,-0.6160725636184681,0.4414312792309243,0.6905561602307219,0.45373419505274526,-0.6132609655346836,0.38210736388523103,0.6560847670011319,0.44369881167074365,-0.5901082511206007,0.3766246260533847,,,,,,,,,,,,,,,,,,,,,,,,,,,,,,,,,,,,,,,,,,,,,,,,,,,,,,,,,,,,,,,,,,,,,,,,,,,,,,,,,,,,
-0.013407284824628147,-0.34159078530453457,0.06682142809586589,-0.39123843716611917,0.10027641564181666,-0.3886561509696582,0.13417054400943523,-0.3854173940550918,-0.06577296071318076,-0.39252766649163623,-0.11253296293704687,-0.3912511334143647,-0.1501506395217235,-0.38979451899249346,0.19819641694474574,-0.3475812673167794,-0.19096590356893517,-0.3534744736623198,0.05777460438281714,-0.27724806629168575,-0.09713913535844775,-0.28055002438318005,0.49998791812600796,0.003475878021504352,-0.49998791812600796,-0.003475878021504352,0.6015855371008717,0.4644346421705725,-0.6083288184594865,0.4490812182949824,0.6715554947294711,0.48163619144789077,-0.5906250049327635,0.44183527159892455,0.7123022363780637,0.5012686988451557,-0.6151654815661619,0.4505787410154757,0.6970945582038874,0.45452578054356113,-0.6133481443264921,0.3971041972103053,0.6618482793981234,0.4431594643017799,-0.5897074500290771,0.3894812203960825,,,,,,,,,,,,,,,,,,,,,,,,,,,,,,,,,,,,,,,,,,,,,,,,,,,,,,,,,,,,,,,,,,,,,,,,,,,,,,,,,,,,
-0.013933554712827746,-0.341853769514807,0.0659963570524084,-0.3914964795824934,0.09942433683115276,-0.38890343018751705,0.13389174035714504,-0.3856802826772953,-0.06718623108328765,-0.39279412495248534,-0.11396693035509259,-0.3914982539806244,-0.15172098616652038,-0.3900199001693993,0.19803922125176898,-0.34781938942050794,-0.192465836722388,-0.3537455990098263,0.05745029531739856,-0.27746235557186216,-0.09819878805890345,-0.2807641369360986,0.49998892475666284,0.0033279303893244015,-0.49998892475666284,-0.0033279303893244015,0.6002814559154248,0.46995373428839865,-0.5962276099117825,0.45260927272627977,0.6648510567864693,0.47859113083246585,-0.5890341998888247,0.4451693147524923,0.7042619335053477,0.49616514347910723,-0.6022325467444908,0.4631314536429398,0.6898048846491958,0.449660409811356,-0.6035717503864976,0.41143109546895384,0.6552381148278691,0.4393436855203874,-0.574197149664519,0.4030889961296304,,,,,,,,,,,,,,,,,,,,,,,,,,,,,,,,,,,,,,,,,,,,,,,,,,,,,,,,,,,,,,,,,,,,,,,,,,,,,,,,,,,,
-0.013678751741572072,-0.3424621800731335,0.06663501269137007,-0.39144445204174544,0.10016811298241765,-0.3888452772124686,0.13529297554539924,-0.38568482033353657,-0.06714194097182404,-0.39286661561115466,-0.11393652042576494,-0.3915972403001874,-0.15169763418636165,-0.3901463121931253,0.19972927554208836,-0.34775989813448804,-0.19238815461110723,-0.35423182571502976,0.05795988963105866,-0.27737251414975755,-0.09817775640300808,-0.2807881162133249,0.49998827539708773,0.0034241006769647666,-0.49998827539708773,-0.0034241006769647666,0.6001539520764962,0.4432003355317029,-0.5899647311093731,0.436584691773857,0.6688616345365842,0.4914877831617071,-0.622352649848122,0.4616357510737534,0.7086759299822836,0.5395973239191699,-0.6500172862255144,0.5058436332452129,0.6930739700462772,0.5041095425467107,-0.6316466461490625,0.4569226260061473,0.6562725458600993,0.48905877839391,-0.5936719463572575,0.4433239106566808,,,,,,,,,,,,,,,,,,,,,,,,,,,,,,,,,,,,,,,,,,,,,,,,,,,,,,,,,,,,,,,,,,,,,,,,,,,,,,,,,,,,
-0.017294324341955568,-0.3453851125022756,0.06364157780343868,-0.39333069565765355,0.09767809666105477,-0.3907051759935025,0.13386226569442572,-0.38768344511919983,-0.07096329126997615,-0.3949647976706876,-0.11781706953309255,-0.39370883341860663,-0.15567607607380526,-0.39224497767833455,0.19904711004083295,-0.35017335915731607,-0.19610994043402422,-0.35639446511902895,0.054776223214674694,-0.27903261096386145,-0.10219711447440624,-0.2822646680915323,0.4999842732093249,0.003965670604467914,-0.4999842732093249,-0.003965670604467914,0.5865478541269422,0.43093751671291636,-0.5856023213308638,0.41193010433054167,0.6639615875093431,0.5813550618732596,-0.667502530397788,0.5959679453155959,0.7095203516327319,0.6774215312767604,-0.738872007710516,0.6896045343536488,0.6926920038877308,0.6739842047157044,-0.6928360296124326,0.6758331279332026,0.654351007486784,0.6425777941181499,-0.6517915074168558,0.6466908616606416,,,,,,,,,,,,,,,,,,,,,,,,,,,,,,,,,,,,,,,,,,,,,,,,,,,,,,,,,,,,,,,,,,,,,,,,,,,,,,,,,,,,
-0.018303178666665903,-0.3458892487259381,0.06321143210493557,-0.3931096851622762,0.09746534151200045,-0.3905451189662453,0.13420347497398208,-0.387629806763972,-0.07211608198351237,-0.39501584000326545,-0.11896756403115925,-0.3937965353826888,-0.15682513758317382,-0.39226975312859585,0.19985239002837313,-0.3505638285602712,-0.19711634592134283,-0.35687340850933336,0.05393566911191338,-0.27850293486995403,-0.1036417374677905,-0.28160971666086376,0.49995881981265206,0.006417046948566473,-0.49995881981265206,-0.006417046948566473,0.5766181747900552,0.4374650232345373,-0.608137752935464,0.40216325192601204,0.6356056375974437,0.7034840470677518,-0.7013117600874821,0.6536398280467894,0.6827172930272967,0.8112615276500902,-0.7877506577454366,0.7702977354530147,0.6658822355887933,0.7970443475479831,-0.7117830335858035,0.7683809746985373,0.6197808638119223,0.7798755323363469,-0.6641175242135272,0.7305261230181259,,,,,,,,,,,,,,,,,,,,,,,,,,,,,,,,,,,,,,,,,,,,,,,,,,,,,,,,,,,,,,,,,,,,,,,,,,,,,,,,,,,,
-0.020103214985199243,-0.3459508382862701,0.06173396971731482,-0.39299319846965375,0.0962569427497946,-0.39047967864521144,0.13304361849757776,-0.3876158687167372,-0.07410872095429581,-0.39484662860881004,-0.12103450609768174,-0.3936407643420806,-0.1590145222993351,-0.3920903539757133,0.19952246541841917,-0.35080235622711287,-0.19903667330909094,-0.35665719165678916,0.05248838257901295,-0.27809446611492233,-0.10584641683968914,-0.28105893736630255,0.49993050532418437,0.008336056999902728,-0.49993050532418437,-0.008336056999902728,0.5721640913358349,0.4429728165065506,-0.6145819629979513,0.3984867266065422,0.6222977616873007,0.7182221171662778,-0.7166148788220118,0.6638697109973819,0.671069632177339,0.8258078844512967,-0.8055684141487495,0.780565280923387,0.6540039126305298,0.8092369025944295,-0.7216304304621083,0.7788712704471679,0.6109617336055823,0.7924188343846107,-0.6718444136224936,0.7400885060904412,,,,,,,,,,,,,,,,,,,,,,,,,,,,,,,,,,,,,,,,,,,,,,,,,,,,,,,,,,,,,,,,,,,,,,,,,,,,,,,,,,,,
-0.023288967296677173,-0.3486161617684856,0.05915823103712485,-0.39549342763026263,0.09393919827665219,-0.393002820971833,0.13078555126829608,-0.39014799636179404,-0.07744140385739973,-0.39733440965614714,-0.12426278191905987,-0.39617241703914047,-0.16241349933038113,-0.3946083164365469,0.19781605257731025,-0.3533599940224756,-0.2024213020320273,-0.3588891919557353,0.04983879828000526,-0.2802034320199702,-0.10957717309986896,-0.2829623948440459,0.4999299650953117,0.008368392904282944,-0.4999299650953117,-0.008368392904282944,0.5714400156713224,0.44345131726107956,-0.6217708634050687,0.4074413867694902,0.6461451433624904,0.7515692845631645,-0.7237882642882781,0.754171572096743,0.7257723759175129,0.8692629292039081,-0.8323169727854457,0.8758129793776082,0.6860389917869492,0.8662624174132255,-0.7631111099006951,0.8821896826458608,0.6344477320729395,0.8367282726287402,-0.7033897855961213,0.8462792134934626,,,,,,,,,,,,,,,,,,,,,,,,,,,,,,,,,,,,,,,,,,,,,,,,,,,,,,,,,,,,,,,,,,,,,,,,,,,,,,,,,,,,
-0.0233281757772587,-0.35073721634798244,0.059106038620114584,-0.3975597796632688,0.09398645266237407,-0.3950814723380254,0.1306475581724273,-0.3922338055444065,-0.0774575217450158,-0.3993874460788354,-0.12382539408397636,-0.39823049857481624,-0.16212465619005278,-0.396668202731144,0.197686680512799,-0.35564808724892427,-0.2022672114584348,-0.36099243463364933,0.050050291531108,-0.28251453368035734,-0.10953449742230546,-0.28516075750237757,0.4999589151094522,0.006409617974542317,-0.4999589151094522,-0.006409617974542317,0.5717565238931719,0.4514658052139927,-0.6418570449581128,0.41589410011703914,0.6903557656223033,0.82411314110334,-0.734511103490168,0.8159330074963544,0.773280565159724,0.9437609848924339,-0.8359198585712959,0.9604931582249546,0.702210878651372,0.9501704134518641,-0.7637075253998797,0.9686005038482401,0.6497904358239653,0.9206371880210096,-0.696534865405557,0.9211408428037842,0.7014593565292799,0.8685317423903514,0.6525009660765053,0.8628739131297738,0.6166653316244933,0.9388138409975464,0.6234104037623653,1.010672630862438,0.6334770593040487,1.0622670343864675,0.6091479237116392,0.9684985690847157,0.6387964038939915,1.006667637734576,0.6385221308118337,1.0608248277237953,0.6385412617381445,1.1037387154956653,0.7046805377125214,0.9733572005244673,0.7640761272078073,1.0161863153572799,0.770931249525744,1.0767794520216076,0.7751669502600067,1.1195938968596841,0.7886820232590057,0.9783842336389738,0.8724848359120155,1.0169117752361916,0.8862685736113401,1.083956390614811,0.8967765663639542,1.1348480640733671,0.849935188252972,0.9826720611079179,0.922030904415013,1.0000646269306945,0.9307388853584107,1.0535730701613568,0.9364353554363204,1.095880071914419,-0.7896054227467454,0.8302053886430479,-0.6738003165892668,0.9033172595959919,-0.6786840064216385,0.9885188287795014,-0.7141754736151693,1.053318306835734,-0.7400683300087377,1.103668063658894,-0.8818388080722748,0.9639235398403451,-0.8985615670255457,1.074455707427746,-0.9285739653359505,1.1345770110481133,-0.9433139652281436,1.181001139675334,-0.9634619654749967,0.9464412369443945,-1.0205769576531483,1.056538174324408,-1.0671050751768503,1.1202810948859745,-1.0958162863754575,1.1734823068049933,-1.0099123364552443,0.9345047439069204,-1.0485796142715886,1.0421534224747473,-1.0794727454989568,1.1030232946176888,-1.0971993481694116,1.1534819651302417,-1.0246297063523957,0.9295247285111532,-1.0367049441322072,1.0236795771875022,-1.0626027726724652,1.0735101471887047,-1.0725815869559645,1.1133748304878013
-0.0239555532804422,-0.35205276219518905,0.058286663833074286,-0.39863930940837866,0.09340176674557998,-0.3961702536144606,0.12964699133486368,-0.39333851860460595,-0.07814332726289619,-0.4004388035728751,-0.1239531640717864,-0.39928579575000667,-0.1623991469489614,-0.3977270789737175,0.19656381280275423,-0.35696061111050886,-0.20278515627613006,-0.3621782741357136,0.05007829219645301,-0.28394671226826224,-0.11001710880721029,-0.2864966261403096,0.49997226062450156,0.005266745297191982,-0.49997226062450156,-0.005266745297191982,0.5618621101786266,0.4811130057045876,-0.6293578581255063,0.45573173252728116,0.6950821182666632,0.9077396383438044,-0.7284797428309121,0.8997248580980711,0.7932115047722791,1.0351834174062706,-0.8856437784325462,1.0541592479241668,0.7120595004361598,1.0481557011220564,-0.8028118647737954,1.063855029914961,0.6564444631611591,1.0104311992718384,-0.7166933775943561,1.0154896049829265,0.7352688134019897,0.8498145899248593,0.6680615465733274,0.9132099049713037,0.6323737225834519,0.9965056413717915,0.631179292727577,1.0690399714255074,0.6349445366137059,1.123238904768452,0.7287920071308698,0.9840539761862096,0.7757665872002976,1.0566273580095689,0.7863239096492881,1.1111470756811852,0.793457010703067,1.1592662381156187,0.8030401860260428,0.9774262633726494,0.8732647849543559,1.040265654971965,0.9005917890948095,1.0974221971282614,0.9193368667347696,1.1446228874518272,0.846878108776513,0.9726449146808591,0.9145192384118888,1.0306430708203198,0.9370696579790617,1.0856176742881958,0.954235402397081,1.1304663875321408,0.860092168462871,0.9683424826640469,0.9150879875134907,1.0189684883303707,0.9357738481702573,1.0620598860096386,0.9527400480913727,1.0965544149938584,-0.7936266012859622,0.8527540723118971,-0.6803219009181688,0.950380221631068,-0.6756350640830691,1.0402843800005845,-0.7193004122607778,1.1134199915288574,-0.7530434812580789,1.170362992702211,-0.8799119540121764,1.019680246820601,-0.9196608191869706,1.1498503858455997,-0.9553774400011623,1.2111099789699873,-0.9767714944802345,1.2593331693411953,-0.9677886640491108,0.9992264728285292,-1.0394651127130592,1.1179472873372855,-1.084041982044042,1.1806186341345553,-1.1122517577988793,1.2330091836529515,-1.0124487626959062,0.9841072957836731,-1.0566122266733107,1.093243111195473,-1.078153953537177,1.1501456360443363,-1.088822916876497,1.19568660792209,-1.0248510074510666,0.9766717372628726,-1.0453513916591695,1.079218253901232,-1.0592977551465714,1.1284433278744306,-1.0602953830602393,1.167620059722021
-0.026014048580918752,-0.3536806521396039,0.056168323699736525,-0.4001653588465008,0.0914472796421116,-0.3977024277175511,0.12746897034022428,-0.3948737989416925,-0.08016470402308418,-0.40195208006297484,-0.1257689015119196,-0.4008007466960656,-0.16429009310367282,-0.3992461064668805,0.19441469663046748,-0.3585731574803563,-0.20459035177510432,-0.36372817136454866,0.04831536833830957,-0.28565692100286527,-0.11199485711811137,-0.2881369558202104,0.4999661365982762,0.005819128370620347,-0.4999661365982762,-0.005819128370620347,0.5733617488284207,0.505835725574439,-0.6340923160404995,0.47802853008195845,0.7094286771781935,0.981497048485153,-0.739790086468077,0.9505410734086154,0.8086202423383353,1.1076217256148018,-0.920606500364491,1.1052222954726023,0.7174914125851342,1.115005605234819,-0.8173787482295629,1.1094817753516897,0.6572113999933297,1.0777420544654717,-0.7242682530103856,1.0621206227339193,0.7524075057460802,0.8856708466317336,0.6750432708350874,0.9511288355181177,0.6410434061972498,1.0303793899194453,0.6444923035401137,1.0957099988502654,0.6672613761016903,1.1351032895591562,0.6799024192586928,1.0239943279035182,0.670286744541855,1.1086823432863537,0.6667235076246346,1.1693828609243455,0.6616458855680438,1.2191099922716524,0.765565250384555,1.0212010404506424,0.7850649670836624,1.0993904102073222,0.8007052979184143,1.1565477239774848,0.8072194408091936,1.1983017016670165,0.8344889568156505,1.0178908625252623,0.8646866998718269,1.089526779256508,0.8731816577689385,1.1426585840451922,0.8749623312723888,1.1811095654685595,0.8784204891758204,1.013226374864611,0.9027028129305754,1.0775757423573167,0.9064017454087677,1.1186778899775,0.9064695931892537,1.1488690183475567,-0.8015367639636731,0.9281764416555065,-0.6998770704212018,0.9998395730953593,-0.6970112104120403,1.0923998209248853,-0.7429670257159011,1.1695820574720674,-0.7763048547686628,1.2309238216816158,-0.8840700453429838,1.111358456299393,-0.9484106247527017,1.21448708263804,-0.9738046410054052,1.272164877710315,-0.9864930264159222,1.3153069945298448,-0.9690873775990696,1.0934557138206373,-1.0664997339362592,1.1826071304060823,-1.0998354840876687,1.2415611819174148,-1.110798003394014,1.288196230990263,-1.0075509741738224,1.0796693850097496,-1.0725752286417798,1.1597813605349074,-1.0815591063386605,1.2138050140035725,-1.0732554073659273,1.2548274074082544,-1.0149659428186026,1.0708166670890729,-1.0582663868751856,1.144258393131024,-1.0662558410094705,1.1909442807914787,-1.0550419163828149,1.2263354974068583
-0.027499786259529025,-0.3544527696296499,0.05473114856450024,-0.4008270801746002,0.09026358658641223,-0.3983835486888877,0.12610651817475732,-0.39558561259404396,-0.08177024660509866,-0.40261052953459275,-0.12717369816084625,-0.40146903128914163,-0.16569284254502892,-0.39993469446815477,0.19338012423526138,-0.3595224647657591,-0.20588523373688433,-0.3644312471776585,0.04709421556432466,-0.2864167167761468,-0.11353322851651494,-0.2888668585263515,0.49997533440026365,0.004966386145331315,-0.49997533440026365,-0.004966386145331315,0.5771341188470865,0.5196466788540434,-0.6377349461997757,0.4902685859390589,0.7309474189923283,1.0290587796271808,-0.7480229597962005,0.9870003107691805,0.8426282153172572,1.1690919446826062,-0.9319479033503598,1.1360447772450575,0.7288389334840198,1.1726782964666682,-0.8244657581661694,1.140818143667217,0.6594349336100332,1.1355446635200483,-0.7293652994022979,1.0954433995458353,0.7609123145295194,0.9313229972749733,0.6805450965628878,1.0047518927659038,0.6442825076116385,1.092260085031097,0.6316102528507131,1.1656870918750297,0.6312908826433905,1.2219546075560395,0.7418849514858036,1.0814685449505492,0.7741149013674181,1.156559072070116,0.7887014887252815,1.210184370601248,0.7993119075587433,1.2590865407203613,0.8192471432142862,1.0781941976505183,0.8582233401719288,1.1504334343975546,0.8731827464471515,1.2058251844656993,0.8792426592041906,1.2529527818657094,0.8733378043656683,1.0749714104135266,0.9112625915396533,1.1462281729923238,0.9244372264019851,1.1996872705876522,0.9307558837977185,1.2426862856505412,0.8994126536815561,1.0724969051170508,0.9233914825593208,1.139596000194961,0.9298251585572183,1.1841962101825578,0.9310167059481103,1.219352618587214,-0.8215104977764116,0.9770358092089553,-0.7192803021636152,1.04894642137838,-0.714936602933448,1.1367875821092797,-0.7623304051277936,1.2174409300960731,-0.7915373866247802,1.285307949043276,-0.898265253414237,1.1546928999716213,-0.963625518417477,1.2645326432031259,-0.9758633843689157,1.3212154723589447,-0.9802381046260212,1.3646955258121651,-0.9902093580992634,1.1386911494183303,-1.0972601835253384,1.242549358743203,-1.131100535485775,1.3053795450120578,-1.141423030084427,1.3530778915347934,-1.027899103154376,1.1259979306757295,-1.0831579396900528,1.2168533720150674,-1.0755023563007742,1.2747560782667449,-1.0526065248277048,1.3169828255722464,-1.029951401414501,1.1195905068711012,-1.0567993211627502,1.1976749172115302,-1.0431337325133487,1.2461521417561456,-1.016029665016027,1.2803192768633709
-0.028825412067123427,-0.35408245741737765,0.05305828841736851,-0.40027529891995034,0.08858619176575878,-0.39784931103857346,0.12405369239086639,-0.3950737024099716,-0.08327404510023934,-0.4020560502339243,-0.12850298333173557,-0.4009148903730277,-0.16691695137902968,-0.39938845145941676,0.1911840747561827,-0.35918065424996126,-0.20693723670764033,-0.3640135307092471,0.0458611439933311,-0.2862091780068276,-0.1148903546472628,-0.28859160442265946,0.4999821777364356,0.004221604663074653,-0.4999821777364356,-0.004221604663074653,0.5987365548379872,0.5256150099451915,-0.6247749790254753,0.5064074043291156,0.7540229030415565,1.057131769871692,-0.7411116618729003,1.0223470742918754,0.8286277500031811,1.2096061194112318,-0.9290071030636897,1.1648597443693256,0.7224627192704837,1.2177548419400681,-0.8213720845606362,1.1748798222970602,0.6577990636949265,1.1691219938555437,-0.7355431077593021,1.1300387975049635,0.8118241059843202,0.9255964022811056,0.6720159077827036,1.065006139622997,0.6358572569936792,1.1576148046439991,0.6156535809932485,1.2326334815972695,0.5984376758348191,1.2873077310329273,0.811974305686091,1.0788386894861808,0.7612128538758604,1.2109936885124357,0.7762540728256357,1.2638327112808785,0.7866471046398072,1.3102816528033507,0.8847487024922899,1.066579689503612,0.8297264774213979,1.20352444957791,0.8378616516758532,1.2576577088907088,0.8390761039377425,1.3005065728373422,0.936225622726095,1.0584499126834348,0.8803330456445891,1.1961978438653413,0.8849483029466276,1.246737799739492,0.8830466521008494,1.2846236673416371,0.9631000476635431,1.0532847158589527,0.9067843578395108,1.1900194544065765,0.9093212722173835,1.2329870539245225,0.9068447605627935,1.2639627370808422,-0.7426237551146021,1.0719668863363279,-0.7265721743289587,1.0857084673888455,-0.7230528218879744,1.1698793800275462,-0.760966068294598,1.2436529329310924,-0.7808283089635756,1.303827029083592,-0.806162451889018,1.2672372031622823,-0.9554887107054915,1.3042146602672753,-0.9602829651742671,1.354040885520207,-0.9506948325776708,1.3900220915489339,-0.8854054765435123,1.253202779168999,-1.06104759728749,1.282687393127996,-1.067263573799139,1.336427376142786,-1.0530607484119368,1.3727011872640504,-0.9202255825176229,1.2336844920621446,-1.0438855559282496,1.24280917650991,-1.0208673200103713,1.2829423641250304,-0.9935529168777024,1.3061323056036422,-0.9249601903348498,1.2180171877030674,-1.0290474670089529,1.2176204882191217,-1.005070784763846,1.253135219634086,-0.9754414613741543,1.2741738080432556
-0.03004668336951776,-0.3543630652338229,0.0515663963082688,-0.4004968762209397,0.08726794792528908,-0.3981058074486954,0.12256328101897447,-0.3953515669101008,-0.08474350939723446,-0.40229252751393213,-0.12990406892457967,-0.40112829131574856,-0.1682791249137104,-0.39959355224412996,0.18974874195404923,-0.3595018893345484,-0.20823619621630082,-0.3644256676274557,0.04499340088695855,-0.28646883662534034,-0.11619311289367458,-0.28880426417458277,0.4999801403433004,0.004456373221980781,-0.4999801403433004,-0.004456373221980781,0.5870116243524494,0.5379985518601142,-0.6404225647276862,0.5078942447269377,0.7405936376522655,1.0790919262262764,-0.7601486465386459,1.0273037836112802,0.8200867279527625,1.2244319184561376,-0.9286975493555221,1.1748717547924419,0.7176542440399195,1.2359351773804685,-0.8163543485496731,1.184749763669224,0.6549268481207682,1.184908604322726,-0.7384284397812869,1.141895495239887,0.7754455180845256,1.008423435281071,0.6674639811211482,1.1061507088887772,0.6328968713312108,1.1963744558032143,0.6194362068152619,1.271658722318743,0.6025107483048157,1.3291945665592904,0.7757765902910485,1.1677722935736334,0.7607553264077751,1.2682646077156263,0.7632353083505596,1.3202897151537276,0.7628732644468377,1.3647816401195263,0.8514693909818323,1.1610194527780846,0.834423365776782,1.2618585359633219,0.8318544706634573,1.3154241157747362,0.8222766612229391,1.3584214347807775,0.8985507983543406,1.1549792462262887,0.8753121455989974,1.2544967886105385,0.8644220679903158,1.3026424245610944,0.8469042936228458,1.3392975840304413,0.917848322936136,1.1511592201452499,0.8871656058694518,1.246769049834834,0.8734953468817221,1.2904109423330155,0.8561127280525574,1.3228108640824494,-0.791301193044712,1.0395806199700435,-0.7245312924281406,1.0899538496362884,-0.7176019864048029,1.1725511774344737,-0.7481529653520517,1.24944039247024,-0.7761326994721665,1.3093639218951463,-0.8506857768970315,1.220664929244531,-0.946077442516668,1.3073535067599928,-0.943951233484997,1.3560284862374856,-0.9312819995742637,1.3888415816631297,-0.9307380047075741,1.2049589728076269,-1.0432103349099597,1.2969696514943658,-1.028073384562526,1.3467384697443185,-0.9957213499805236,1.3737577348477839,-0.966371818637046,1.1867005622252398,-1.0391475857452965,1.2571190692216083,-1.016502218909109,1.3012553415052461,-0.9876146493616709,1.3258205655063804,-0.9701352461056325,1.17204345646826,-1.0207266283838454,1.2250120158013535,-0.9998347589749133,1.2660472297881584,-0.9702561385961886,1.290295900344917
-0.03011444586271049,-0.3553518071443117,0.0512941828577174,-0.40155029141698956,0.08717740359279746,-0.39915805160174966,0.12231855560332013,-0.3964021190478378,-0.08532947928163108,-0.40337176705849576,-0.1305292203736546,-0.402196354294382,-0.1689423834282906,-0.40065470746034776,0.1893366608207567,-0.3605075093838293,-0.20925712112044986,-0.36554348668452946,0.044887769150427186,-0.2872456356590055,-0.11692086215491904,-0.28958695472589613,0.49998579244057245,0.0037692648584000898,-0.49998579244057245,-0.0037692648584000898,0.5856847530487193,0.5372229309291274,-0.6555193121531335,0.5047673071845957,0.7351763989030783,1.075182283180038,-0.7723414859445698,1.0151255431158568,0.8163028457315448,1.2191694055501798,-0.9301999001942858,1.1680231375834622,0.7169831026185587,1.2307936429275061,-0.8180641765335036,1.1775990619745103,0.6548810615162457,1.1851428626005664,-0.7458520608610629,1.1351767135669413,0.7685723152095492,1.0712151709777744,0.6667675266290638,1.124615505638518,0.6316585648143552,1.2051926484237936,0.6145618059018668,1.2785339622809775,0.5936003410240909,1.3357504352431488,0.7636982301217154,1.230794772408061,0.7651029274384703,1.3235063012879513,0.7528821360814071,1.379661250775293,0.739182101690967,1.4224201843882167,0.8358001273166755,1.2260946273256792,0.8336326541318572,1.316044199755365,0.8152639118678126,1.3742493446965762,0.7921972834824959,1.4176594238493894,0.8744767417107377,1.220556595918334,0.8637270987764083,1.3043083320498645,0.8428196607185074,1.358378260432894,0.8185736663871349,1.3989699091077583,0.8863050385749794,1.2167666239164276,0.8741474981289896,1.2888890400081348,0.8576103968314452,1.3351365625615705,0.8383687543452362,1.3700000506023513,-0.8192226470892942,1.0214937427310402,-0.7256401945782103,1.0870676188123012,-0.7180452849570456,1.1690430585245206,-0.7461002642129982,1.2469843701882202,-0.7711338829846418,1.3076237339719612,-0.8865846320740025,1.2071223659518093,-0.9460661371039202,1.3070842187602458,-0.9438436958654308,1.3536342538556307,-0.9319025921307703,1.3841356879934577,-0.9629732374065679,1.1894075929290415,-1.0384054080175973,1.2949596214971069,-1.0278792610480652,1.3462210964804224,-1.0018410634462336,1.3775487456441455,-0.995937456832625,1.1699649029040633,-1.0372999759861965,1.2553600332429469,-1.017719442271833,1.300965069607414,-0.9913415533931208,1.328567127160859,-0.9990469638619047,1.1540204024043137,-1.0219599358300677,1.2255726190625646,-1.0032609616887895,1.265799257271443,-0.97593355615694,1.2898965366630895
-0.029710093130596537,-0.35528339495094186,0.05121032643167159,-0.40144881178452707,0.08703617839754932,-0.39908003758468164,0.12192851772903476,-0.39633706817528236,-0.08527610635985143,-0.40327520046946863,-0.13058683800640644,-0.4020866744582286,-0.16890215106349651,-0.40053815722854647,0.18842012804206568,-0.3606705642951221,-0.20988856697893027,-0.3658320689063412,0.04514512816077833,-0.2871953877295805,-0.11692203415988325,-0.2895101679499679,0.4999847671449667,0.003902899306083193,-0.4999847671449667,-0.003902899306083193,0.5980157454267735,0.5415159039818792,-0.6593871290404268,0.5028319148335467,0.7387647256109973,1.079392340850131,-0.7736126154439814,1.0131877119788493,0.8101577913835792,1.2318228803322269,-0.9209944500798972,1.1570496847378682,0.7097015222711444,1.243160675356743,-0.8144458916406737,1.165856723624165,0.6494148925521331,1.1933693840768373,-0.7459491669267253,1.1268642282358587,0.7873642528573729,1.0940216894158288,0.6611799361039983,1.1398207138501195,0.6292990310205412,1.219309446361254,0.6185700322243387,1.2895055704356346,0.5977176326105934,1.3436726316396295,0.7906886047782896,1.2522920373994506,0.7746606066027646,1.3546155368980053,0.7431014078080643,1.406753779027174,0.7091154900550758,1.4399179347513384,0.8532099727772412,1.2503251029152427,0.830668354548979,1.355909511081671,0.7874180482091279,1.4079796493064365,0.7412415315679188,1.4397574578716252,0.8807473209856648,1.2485202227350545,0.8514750380059011,1.348160904698617,0.8083680885034958,1.3967534167551556,0.7620579979061364,1.4278236596174123,0.8822560181097405,1.2477543433260188,0.8505195138885939,1.3310152764342127,0.8201555198029411,1.3765483804979084,0.7854447281724207,1.4067729685250998,-0.8013885140660838,1.0436394588968587,-0.7222553106274612,1.0881277809522296,-0.7171701877432803,1.1700594118022565,-0.7434869850237409,1.2465156392441106,-0.7601538165016621,1.3068649170298796,-0.8629272008659004,1.2317901646383784,-0.9390924982781206,1.3078917433012447,-0.9200422653114938,1.3463913319781224,-0.8981119614980808,1.3640112418530272,-0.9375716132054657,1.2124372419525509,-1.011181750982435,1.2909353761634423,-0.9730117701522834,1.330975016115035,-0.9306172307603748,1.344957763603663,-0.9685525448744008,1.1909303219969483,-1.0195156840853103,1.2513248660625245,-0.9855497083595781,1.2927845288606292,-0.9519187492851345,1.312944413358051,-0.9746081484441272,1.1733955172925716,-1.0075129823642803,1.2191500982755363,-0.9833479486380039,1.2569349722208432,-0.9543076066114857,1.2777553893380456
-0.03313516912900117,-0.35520426784789794,0.0476487427795404,-0.40119771396707665,0.08428528835977699,-0.398855466850043,0.11851155708194266,-0.3961259374744599,-0.08820308928645237,-0.40301483895081475,-0.13269678884185596,-0.4018297533655561,-0.17085641350035569,-0.4002887766556978,0.18532275989265418,-0.36069387438911654,-0.21134263656135296,-0.36603636427272024,0.042357977988295575,-0.2873809586557221,-0.1191443461194418,-0.2896727925486814,0.4999732434629049,0.005172602940765567,-0.4999732434629049,-0.005172602940765567,0.5854776322784592,0.5424085279751064,-0.6591365064194423,0.5054670667236093,0.7224591703471307,1.0867317277113886,-0.7738298708594514,1.0190726831694032,0.8031070227735978,1.2328043255816432,-0.913676904080903,1.160826985466711,0.6954905317941318,1.2432735967209338,-0.8111622688597189,1.169409415193432,0.6376703119758743,1.1955536382345224,-0.7467398844901395,1.1295475477309622,0.757940334788264,1.0942699102836757,0.6468413957428097,1.1366659324522208,0.61891959117627,1.2108460868265236,0.6060582219251363,1.280290584103665,0.5878538005611339,1.3348603691325296,0.7561072799753574,1.2513826294067179,0.7641647749785376,1.3540889848071886,0.7247219557280767,1.3993259514506189,0.6839959418856549,1.4194719378756284,0.8181123596210562,1.2496093583056318,0.8188764291918792,1.3557387528797802,0.7666468297727442,1.3976416999831214,0.7135954385782697,1.413445027567044,0.8473690838719159,1.2462730898484842,0.8388711759446655,1.3409245739823437,0.7907925151873307,1.379685409134638,0.7412608666000741,1.3987955818441853,0.8510824207559698,1.2441231251400018,0.841573812020417,1.320834997893566,0.8067538291946538,1.3603576536996242,0.7678440032871954,1.3822624806745907,-0.8097448888832326,1.014380505135384,-0.7125028397070657,1.0802310455423578,-0.708294553660259,1.163663432107478,-0.7363667545551248,1.2386642537985908,-0.7518776292164894,1.2966199708696577,-0.8743580563833241,1.1945116399971478,-0.9176607669461889,1.295184786966454,-0.8780718617917652,1.332385248499255,-0.8440116381124617,1.3455730855434658,-0.945425147318593,1.1762515579359334,-0.9811180847827897,1.2780564724152221,-0.9288155361165508,1.3157265827938618,-0.8798436336148118,1.325914739300767,-0.9720452974323116,1.1570190066564208,-0.9881121231316566,1.2438399490003125,-0.9430546481810045,1.2815529762128295,-0.9006373081528369,1.297584568878249,-0.9761517262773175,1.1429104254862712,-0.9781591658671803,1.211393885540165,-0.9441497302314612,1.247098254999412,-0.9078209583212477,1.2654471692844604
-0.0365756603728556,-0.3544751849328818,0.04461421444836829,-0.40108451389817634,0.08209899756699389,-0.3987745640691472,0.11602931863763508,-0.3960278148534651,-0.09132331087133619,-0.4028737583131207,-0.13537716633001576,-0.4017337062826796,-0.1735820959234561,-0.4002310938674855,0.1833891525435973,-0.3607174554971891,-0.21390898454844692,-0.3661329607419807,0.03982518877081093,-0.2868977021705277,-0.12207834254592202,-0.28899920089561265,0.49996884655467494,0.005581440207318988,-0.49996884655467494,-0.005581440207318988,0.5867034644280436,0.5417482761567896,-0.6622963191755573,0.5038779382722915,0.7200329576557172,1.0900766056438003,-0.777401029055648,1.011776702183517,0.8013853886732631,1.2336003996405902,-0.9142844212036052,1.1594501842081264,0.6848128864408164,1.244859387182846,-0.8126717817636285,1.1670051054431958,0.6293774693103219,1.2002288889584602,-0.7486125331671685,1.1262862799383893,0.7445939600390382,1.0919972465222845,0.6375039651617894,1.1386482469374444,0.6115586071804601,1.212621827981064,0.5996873121181091,1.2801637398436458,0.5739859761404964,1.3330174041748173,0.7516981914041664,1.2530930650067151,0.7433477584369803,1.3487643317838907,0.7018189675890679,1.3911918744424152,0.6628693016112075,1.4142716632631758,0.8112635870929494,1.2543073560390563,0.8019119130735903,1.353055927992333,0.7508998640335455,1.3951499113427004,0.7004404309773021,1.4145586706813933,0.8392014785892425,1.2513715836251105,0.8274330481869199,1.339591169245712,0.7788702292272563,1.3796637118591366,0.7293408954236409,1.4021552199417062,0.8409193934954082,1.2488134821892247,0.8292643394701971,1.3209202949044117,0.7942680176617811,1.3593083348552564,0.7551223832440128,1.381901393633219,-0.8076887585931164,1.0186025607551743,-0.7117337693093116,1.082401925917676,-0.7054906540534531,1.1631812806449549,-0.7275525895548646,1.2364663442196262,-0.7409019071228043,1.294129869953288,-0.8833716199181548,1.1986040778321743,-0.9122831122819693,1.2984866012657994,-0.8576733811428972,1.3286120561707961,-0.8100215150940313,1.3319553453309487,-0.9447222242733594,1.183732626088743,-0.9584592552633582,1.2836592611922708,-0.8960580892548449,1.315992552103203,-0.8406530340928898,1.3208592894034825,-0.9632276798525249,1.16890659997985,-0.9679088196480544,1.2587036939998633,-0.9145411605079002,1.292685259691285,-0.8642417965006334,1.304678753464728,-0.9630243438251971,1.1603271617476374,-0.9670285102696463,1.23408619113722,-0.9312508487762529,1.2693244701477828,-0.8932820104714084,1.2862421402469955
-0.03844881811421372,-0.3536059059770053,0.04292091435473733,-0.40041766131575013,0.08065743330162192,-0.3981580215393899,0.11447670549435306,-0.39541341610883973,-0.09312236386752645,-0.4021774206334685,-0.1368689861857081,-0.4010870452438545,-0.1750247143218722,-0.39962370593914204,0.18200324814072388,-0.3603021841568903,-0.21520041352134905,-0.3657218864010168,0.03831364683613098,-0.28632897524664985,-0.12381084037858552,-0.28829313304802,0.49996699264881356,0.005745107631821895,-0.49996699264881356,-0.005745107631821895,0.5858755158612146,0.5449922076844878,-0.6630133836254989,0.503373336997639,0.7169158621297901,1.0939911509498401,-0.7771707340773588,1.0088823989497455,0.7951686818797035,1.2402669230641077,-0.9106306556039955,1.1549476753332584,0.6757313030442759,1.2538913624213937,-0.8091519207780489,1.163762043352913,0.6214973219051864,1.2065917335106098,-0.7492735772900389,1.1241440077538538,0.7371123834336637,1.0910230110601151,0.6340173153026208,1.1356160250799903,0.6051263072375169,1.2085280315829094,0.5863355297041831,1.275311835728337,0.5623114380804705,1.3278695429331182,0.7459434485300005,1.2498859400937512,0.7397991119186365,1.3476283756988001,0.6968521670089596,1.3883095835850139,0.6559807250131332,1.4064187826960375,0.8032386229299866,1.2498615511053393,0.7893807997143593,1.3493408579005202,0.7350351920513847,1.3889513891954526,0.6829815864763168,1.4040164673374678,0.8289877664648314,1.2467613354629836,0.812535330097387,1.3353109985127876,0.7619876507529508,1.3733778944488515,0.7118827253519917,1.393864081892017,0.8291476081427308,1.2449749358656155,0.8131214162496846,1.3170950506755612,0.7775874105639955,1.353308758707529,0.7392648054648132,1.3739082611430082,-0.799556448502603,1.0137502534291527,-0.711444849206197,1.0817983452123312,-0.7057058388214781,1.1636511672594405,-0.7247357222450499,1.2374970844109314,-0.7366234780198072,1.2946549300453984,-0.8682696092390131,1.190304016618747,-0.9061051850003705,1.2892786589614054,-0.8636012754455755,1.322314669410909,-0.8234931149832392,1.334315927785583,-0.9330479819103735,1.1752410021603668,-0.9531862510534634,1.2755397789661866,-0.8991546985181925,1.3111452631486828,-0.8482045070611588,1.3216944386748346,-0.9555581739803198,1.1597577466708895,-0.9597546746517892,1.2463365918494107,-0.9123772823894921,1.280037858859749,-0.866205737996559,1.2934934513741836,-0.9587186585651933,1.1506499603598797,-0.9576789841303356,1.2181765030062504,-0.9229153421651561,1.2521556168768808,-0.8852225826917105,1.2698582703118388
-0.03894388675221357,-0.3529930735038488,0.04250894556784063,-0.3997911776925429,0.08063079752368171,-0.397549366946941,0.11410955530158688,-0.3948155360590392,-0.09341806800556221,-0.40161798422279027,-0.13696912067746558,-0.4005458587306368,-0.17513206030200587,-0.39909278113211916,0.1819376041120288,-0.35980574668104326,-0.2152071712479266,-0.36534057460019986,0.03784390044361335,-0.2857258057059271,-0.12454732407058991,-0.28766527499897754,0.4999734204170405,0.005155470539659816,-0.4999734204170405,-0.005155470539659816,0.592712515739363,0.5435406178362351,-0.6864899026670085,0.4990531047787931,0.7204054379123297,1.0789990689005173,-0.7996991832154489,1.0068602481578641,0.7860627300412539,1.2234247346532472,-0.903170371853404,1.1565662797781364,0.6672897243423072,1.235094007793673,-0.8043619394213718,1.1657425257876257,0.6156661642680258,1.1936232294164582,-0.7484763310829815,1.1266777212158843,0.6926066998889746,1.134915328470718,0.6439781946107371,1.128181454844305,0.6222306228986949,1.203276204951814,0.6065345706108213,1.2729070455820306,0.5917143047954951,1.3294117831747925,0.7152900102689794,1.2926344522917503,0.7589735737833894,1.3370850460155634,0.7096948250488463,1.3804901342753757,0.6606061302339028,1.402570910095225,0.759705997511637,1.292134869907825,0.7987541292961696,1.3349415454909588,0.7420101826733095,1.3771922391137563,0.6828463787404844,1.3976225664333914,0.7736514683751308,1.290642757376674,0.8051632427684692,1.3231645813832575,0.7539935231991348,1.3637175475445977,0.6992056497902379,1.3857684925912819,0.7641101718008433,1.2908486708747144,0.8001644306916579,1.3093754471988484,0.7647149657355954,1.3493674447327428,0.7226327503159572,1.373393224485947,-0.8346703338435134,1.0217454601083449,-0.71082323501867,1.085615380531629,-0.7091416424408116,1.168022422363118,-0.7234767360586211,1.2403796830916765,-0.7300288121042028,1.2975185591328553,-0.9213285059068981,1.2003927691995258,-0.9039731761199058,1.2984009121277977,-0.847538137471992,1.3251634308002498,-0.7979833133744769,1.3323321971061708,-0.9803269352408606,1.180346359238953,-0.941543627809505,1.2798439198399505,-0.8720064070271463,1.3100754384861395,-0.8121427994219557,1.3156252755993414,-0.9936234000470718,1.1614315816251906,-0.9465587154811093,1.2480775234876968,-0.8858982603833034,1.2775925407331448,-0.8335642025858994,1.287560334113602,-0.9894020887974487,1.1506266208015692,-0.9426010255300015,1.2174101753694153,-0.8976160788857197,1.2471565218180876,-0.8557533260252638,1.2606959405365668
-0.03984335994434713,-0.3524932526282825,0.04183585403382469,-0.39935782467246694,0.08043429226018312,-0.3971396465870777,0.11370396067704347,-0.3944141721682585,-0.09430367642307551,-0.4012018646739893,-0.13752314695491283,-0.4001327512580133,-0.17561719787232094,-0.3986867784126895,0.18181398305071025,-0.359667188513295,-0.2154379894170769,-0.3652079417518012,0.03726737184797598,-0.2852504010680129,-0.1256882031377028,-0.28715496754660924,0.4999773685985937,0.004757193419020627,-0.4999773685985937,-0.004757193419020627,0.5665268010252,0.5472967100482358,-0.6633475264923548,0.5092011814269299,0.6935948562186915,1.075037802343785,-0.7755013055600579,1.0139197438099068,0.784494789337265,1.2128684910017788,-0.8939122555239752,1.1587377388447313,0.6673800912974751,1.22255910841958,-0.7975732941997233,1.1669547007649033,0.6157148781460758,1.1839148765175438,-0.744597424761048,1.126998968020097,0.6979096139131123,1.0954520874258311,0.6488710007687353,1.1324739397695662,0.6317276503133838,1.2072632700272263,0.6254963321992375,1.276831182862633,0.6151850603328045,1.3323312409940442,0.7204437674376984,1.2504409050565686,0.7723570254556862,1.3409428918484385,0.7217133490940977,1.3825398774366944,0.6707237803379434,1.4014725594654531,0.7613463142332338,1.2518815683993931,0.8061576377598099,1.3406544292274687,0.7470721600376317,1.3771268397567893,0.6888563867953329,1.3909047304078255,0.7715852818569434,1.2519929047802032,0.8079593561471301,1.3301070571806972,0.7537351398487401,1.365431622954096,0.6979537508983089,1.3811392290695517,0.7597773638626165,1.2525700014753975,0.7960841551847033,1.3153964019062254,0.7551641277446834,1.351990991463686,0.7106686277008263,1.371784181701389,-0.8360846077596347,0.9733083769224667,-0.7064215458002158,1.0878434985256586,-0.7041090590179901,1.1710740671069126,-0.7227570320057526,1.2444056945818318,-0.7349028660842747,1.300584775330464,-0.916092246584253,1.1553792138147272,-0.9095908183143854,1.3014051202336907,-0.8560289212023342,1.3283744046648909,-0.8100302062185561,1.3341903891549602,-0.9804770309285479,1.1337788150482553,-0.9562886375682433,1.2831161771704016,-0.8887628599174648,1.3148170368373027,-0.8316299944975448,1.3196711664591412,-0.9996265970534041,1.1130886424486017,-0.9630759547159766,1.2509549409197405,-0.9048718644913456,1.28354127010241,-0.8548018759089697,1.2938335863899764,-0.9998690096079663,1.099904102035344,-0.95733776317086,1.2183158739384423,-0.9142430522533946,1.2493491594070414,-0.8751261977129347,1.2628988323956838
-0.04026283543836527,-0.3521299083110789,0.041545614377527636,-0.3990722368809064,0.08042148793016729,-0.39687026293146216,0.1135457491863738,-0.3941540881569793,-0.09470802637529267,-0.4009538212731863,-0.13779506946783532,-0.39988692029179673,-0.17586283266615013,-0.3984427258635472,0.18186572352500174,-0.35946900766888956,-0.21561132642826464,-0.365237709912393,0.036932455478239985,-0.28482152737788213,-0.1264071550672896,-0.2867477146539994,0.49998100311767235,0.004358499907778368,-0.49998100311767235,-0.004358499907778368,0.584842168204202,0.5445140717042221,-0.6635086030809754,0.5111543072213544,0.7119761624764244,1.0670720686618793,-0.7739938901800459,1.0173904657187816,0.7842683287983951,1.209740261416168,-0.8854287022504078,1.1613554286326364,0.6671811575857393,1.2192535400842317,-0.7906895477572371,1.1694519319084093,0.6153824670237004,1.1820592422026643,-0.7397759662121475,1.1293055804224656,0.7342376026508609,1.0890985690145032,0.6507503941881381,1.1349681747528402,0.6338007349250943,1.2087655710283116,0.6239017117374435,1.2781479391095414,0.6123124740043772,1.334528989105818,0.7634745582542277,1.2439821300901266,0.7704140157728557,1.3428677564664342,0.7194495399897876,1.3842706885660863,0.6688467701194383,1.4030824008533296,0.803135630364021,1.2439216579697239,0.8036749966056248,1.3413722921969735,0.7444314743758786,1.3787230288247998,0.6853370666293613,1.3936637741998092,0.8127715434874354,1.2432609718840826,0.8048521371356987,1.3304972640101533,0.7508717551987605,1.366363992267105,0.6945369044000584,1.3834961947010536,0.8002513731430774,1.244573705181022,0.790690580666126,1.3152372558876768,0.7500766031559506,1.3506123195135284,0.7059039728212108,1.3704015392128703,-0.8004347614212549,1.0204651537785088,-0.7082764706381257,1.0890873009175337,-0.7066202481852346,1.1717194486218925,-0.7242013903826073,1.2458436197094775,-0.7363897152712154,1.3026506037711991,-0.8765847485423287,1.205331055072027,-0.9112619413625399,1.3024122835202954,-0.8596321783542344,1.3298608043329965,-0.8134108201888348,1.3375586047776675,-0.9414687514621469,1.1865180281734706,-0.9555668779358626,1.28465582851424,-0.8900375417125238,1.316290635152703,-0.8344188723770376,1.3222632899513533,-0.961028759288969,1.1668523819375602,-0.9632227516697266,1.253023463296787,-0.9049539667782408,1.2846312265025233,-0.8549649325894936,1.2945101549172453,-0.9614376034073434,1.1539575473689685,-0.9606976180892797,1.2209383083827787,-0.9171862841954337,1.2513905282442992,-0.8770929397156504,1.263946005292495
-0.04035355854051817,-0.3518871202658509,0.04099801069714405,-0.39881889790628683,0.08026170900541962,-0.39662509413418306,0.11317796668128707,-0.3939288918349661,-0.09508523527242436,-0.40071357222457216,-0.13793416814551868,-0.39963901585327505,-0.1759809747868321,-0.39819848126133,0.18164030500899678,-0.35943699370273274,-0.21562154240698067,-0.3651524693779368,0.036869723790553144,-0.2845746370608389,-0.1264550518830551,-0.2864877135677458,0.4999801415289507,0.004456240196668731,-0.4999801415289507,-0.004456240196668731,0.5835537580442594,0.5438908826093704,-0.6632603200617668,0.510758472404314,0.7076876101709787,1.0672606018785609,-0.7732566797745833,1.0141202977586363,0.7804467716461694,1.2106969832730214,-0.8847004279557195,1.1595357066885759,0.6614206645319114,1.2190776779706816,-0.7884459025960837,1.1665264728130003,0.6100586538695423,1.1810054274869373,-0.737755947373273,1.1257859049791237,0.742206561437782,1.0938377005604332,0.6562173518104361,1.1342790783602976,0.6392218039537776,1.2079537427263585,0.6331826938694988,1.2794492499602388,0.6241872158499292,1.3372764377067072,0.7739700767989519,1.247309250879647,0.7837443311806994,1.3475908644291148,0.7307253724326466,1.387626891327193,0.6783777180144124,1.4030036099174552,0.8155964874321955,1.2476988367194688,0.8161410086941591,1.347800799601349,0.7523150830119184,1.3823073443735057,0.6927254162613443,1.3924809380197276,0.8258713207623217,1.2478104895845958,0.8181290083975967,1.3363383016418755,0.7599011036050212,1.36923878601321,0.7035500342744141,1.3815301335703956,0.813695547448527,1.2489510265880543,0.8060582993264357,1.3221042087430666,0.7618237567611087,1.3566796678338369,0.7154573769771997,1.3734690360669595,-0.8018663556104573,1.0222932554117987,-0.7080641099210364,1.09357400046162,-0.7094499073907039,1.1770254847539288,-0.7304961900733337,1.2481736037332176,-0.7407091230921702,1.3030295891270371,-0.8796227057709096,1.2072576754341615,-0.9134149308035858,1.302172760691523,-0.8671404211297086,1.3323102878855286,-0.8268926751737646,1.342450457148336,-0.9458327584751336,1.1861318373235066,-0.9687791827693595,1.2847064548055345,-0.9089208065094231,1.3190956386808697,-0.8576925872694304,1.3281155277669783,-0.9670776966064404,1.1645229169061935,-0.9777147597871915,1.2504517195735978,-0.927362005893128,1.2857228940607257,-0.8833895536825828,1.2997179462848885,-0.9678950665672608,1.1490962614134537,-0.9722310484110304,1.2175268241357244,-0.9362900248692047,1.2522673395917843,-0.8997011691769246,1.2698705352278254
-0.04063221316799367,-0.35185893138591473,0.0404393094923944,-0.3987426873093456,0.07996354624737655,-0.3965508474427724,0.11267160293186487,-0.39386267467545993,-0.0954917291846476,-0.40064657903369394,-0.1381288833272914,-0.39957247335360624,-0.17617143971016092,-0.39813611033330026,0.1811206950058132,-0.35941923550853777,-0.21564773202047804,-0.36527361811863857,0.0366170770329767,-0.2846080751296114,-0.12667025487710323,-0.28649076246160304,0.49997808590506326,0.004681197999355081,-0.49997808590506326,-0.004681197999355081,0.5692211173448146,0.54563072426964,-0.6628674132471023,0.5095757943640862,0.6909252468393237,1.0675166220399221,-0.7723927910068514,1.0098778571134317,0.7737119669207257,1.2073598049668495,-0.8838293788210543,1.1557601358884353,0.6573268744088301,1.2150093364219117,-0.7880384425247889,1.1628506595131374,0.60659940015939,1.1772146650151771,-0.7369682264820783,1.1214694434062775,0.7060265706130846,1.0920503770697385,0.6560758152597831,1.131347500203185,0.6437189087015273,1.2088910248042912,0.6348714229030548,1.2799426276534205,0.6268576637881305,1.338055985824638,0.74888802443649,1.2473088652899706,0.7865798430399319,1.3418200469421921,0.7370291187415452,1.3839015709452935,0.6855979589050455,1.401506283137605,0.7806459869857272,1.2466610098779112,0.8138939151377462,1.3386283167687798,0.7519913508173305,1.375553045140419,0.6903370467720293,1.3889789908425356,0.7826573299685102,1.2451878752934267,0.8053834478231029,1.3286958416198065,0.7467587447919555,1.3622443803694786,0.6890889900148205,1.3752984047826482,0.7643419733862139,1.2455314002645266,0.7833770415466165,1.3110620437565632,0.739795072222414,1.3436027170960763,0.6951860972400844,1.3590815482175083,-0.8301757354466428,0.9858325079819477,-0.7082840316338865,1.087713739619775,-0.7108961125330516,1.1714613316553781,-0.7403183328249515,1.2446071028115968,-0.7560740407687051,1.301340111335238,-0.912617232572817,1.1682057485097141,-0.9178121384903147,1.2949292541628905,-0.8815488745705116,1.3288046783239382,-0.8479006001169668,1.3431641802382208,-0.9805963031500919,1.147195961024929,-0.9746999578431091,1.2791089009698724,-0.9235792171752477,1.3166819583290559,-0.8744033696452739,1.3295747918304162,-1.0050260286927466,1.1275198015473358,-0.9864604204977734,1.2494745429296603,-0.9421362974410855,1.2882712626123678,-0.900197621612157,1.3064248495625856,-1.0075866792489145,1.1145645110974143,-0.9806515898013416,1.2193601774943286,-0.9481215186580069,1.2557656797274628,-0.9128432738229697,1.2764662332038563
-0.040850533167948094,-0.3519265097029483,0.04010175455702364,-0.39874204993931656,0.0796962598922715,-0.3965067779527852,0.11227534909596541,-0.39382323267063285,-0.09572195988966799,-0.4007066327385527,-0.13822841329898058,-0.3996570675280984,-0.1762847627223557,-0.39826864858612876,0.18071161387890308,-0.3595605636099693,-0.21571865476427604,-0.36558267137636746,0.036408305140352426,-0.28471645662470263,-0.12681389938789323,-0.28657171362124184,0.4999770869068392,0.0047867074436408015,-0.4999770869068392,-0.0047867074436408015,0.5808691798073414,0.5427356647444983,-0.6625962180534838,0.5090591920118462,0.7021831287146163,1.067925006963179,-0.7719286778104703,1.0130033241263257,0.7725842575810167,1.2134173978885243,-0.8845584450318169,1.1583629488967664,0.6559004345646348,1.2207967958091603,-0.7890991108482845,1.1650953930964683,0.6054213548010124,1.182647903875269,-0.7373228419934852,1.1241940412449338,0.7462187369405539,1.0927704676436734,0.6641926935616494,1.1331649453190673,0.6498803895492308,1.2062759664235017,0.6419547376607454,1.2773141103014998,0.628093426024804,1.3353267317418762,0.787403810815211,1.2430265007060872,0.78975797226814,1.3446981845545358,0.7362406478127577,1.3854607695210004,0.6839283449836714,1.4032291190629302,0.8284808715468949,1.2448584111118275,0.8219938947155124,1.3457338730764832,0.7570971231159455,1.3811132405163242,0.6972389021041394,1.3943707286793938,0.8371213604163079,1.245943980703273,0.8252462904650426,1.3352849141535377,0.7643700080761494,1.3685992803252844,0.7059536500093466,1.382904833516267,0.8236343443244198,1.2476254978092483,0.8132397670185962,1.320960421157971,0.7676662841650125,1.354594701256649,0.7211555622687539,1.3722182831833438,-0.807568889489679,1.02060662429125,-0.7145225051624128,1.090337171561691,-0.7173484740245795,1.1722580146398869,-0.7455148700444595,1.2449426088569577,-0.760890803478657,1.3029044116137478,-0.893049665738371,1.2015526416922306,-0.9271867882726098,1.29355527401639,-0.8898860620430038,1.3275801641442582,-0.8539615657722194,1.3446344267965307,-0.9617058947864261,1.1817176031768477,-0.9869780636385105,1.2790254435354835,-0.9368538708073135,1.3176138889539746,-0.8861492948554527,1.3318039280892775,-0.9837576405293917,1.161944634714111,-0.9967262497918531,1.2472219487056397,-0.9551019974782315,1.2851898811204872,-0.912581573619003,1.3027774586661907,-0.9836650511381712,1.148489309978408,-0.9875696512475298,1.2145076555504115,-0.955729823871764,1.2499485304744455,-0.9204759560776433,1.2701407999574745
-0.04105279257704662,-0.3516762586717675,0.039895089602389036,-0.39890007598564103,0.07961141831377744,-0.39663886557527067,0.11202466374257652,-0.39394540354805646,-0.09601550781886532,-0.40089030870128706,-0.1384575533418919,-0.3998553426824752,-0.17654717200976083,-0.39851855064313824,0.1804546891204663,-0.35992523226037004,-0.21591179230145696,-0.3660842083349921,0.036251799185016774,-0.28464200283147817,-0.12694718973405264,-0.2864431137442665,0.4999790223756134,0.004580085624289245,-0.4999790223756134,-0.004580085624289245,0.5798838748401312,0.5426639633028556,-0.6613317999420459,0.5101263869317713,0.7000918305536098,1.0740195304561544,-0.7721327978005398,1.017242108534857,0.771121178994872,1.2194109716920623,-0.889853947140497,1.1624066411128988,0.6520460788203755,1.2278853537159995,-0.7937553176170044,1.169626649572815,0.602384962476515,1.1898331468475059,-0.7406855081541107,1.128458480506717,0.7479147992409394,1.0853670261554345,0.6675930724405241,1.1262045836811871,0.6537310162508927,1.204787927623406,0.6434308634063082,1.276316850167606,0.6350958145499697,1.3363454418421452,0.789749629694404,1.2454025145754375,0.7896463018675576,1.3462172811540307,0.7338954072133332,1.3856969497610994,0.6804113488039719,1.400815629848549,0.8280182436630441,1.2434679776212676,0.8220743619938536,1.3445857891511928,0.7552360727217213,1.3796600542949655,0.6942615907411689,1.3920076358392037,0.8347681198871998,1.2414186736434498,0.8217505014548995,1.3336467290360714,0.75823558014533,1.3639840415371214,0.7003530568018803,1.3749141003170544,0.819431344949256,1.2419400009730923,0.8049763258041104,1.3178371964729374,0.7555306789213143,1.3468184953334674,0.709920913523352,1.358713759784505,-0.8089625108338032,1.0216975819251364,-0.7187840407107241,1.0923233705054665,-0.7267236871661449,1.1761072358525941,-0.7563809300409543,1.2491903889392681,-0.7680776962983132,1.3062237863299764,-0.9001069367392525,1.1983118420112209,-0.9347041311180575,1.2963887024701088,-0.8913668746814047,1.3301268319219022,-0.851511822267821,1.3432181487860548,-0.965466803588698,1.1775065684187067,-0.9924146914538517,1.279332109927794,-0.9351946570038534,1.317096649125902,-0.8811690651426304,1.3280972183648083,-0.9853816951088586,1.1570892898783616,-1.0000592160081845,1.2444620625761003,-0.9531775431953659,1.2823220534327653,-0.9090362143638661,1.2980788906794858,-0.9854165284007583,1.143197041710287,-0.99025146432756,1.2101776645950806,-0.9565965972262561,1.2463977246971687,-0.9214380852109573,1.2659615641449946
-0.040846730689802525,-0.3516612970322159,0.040045972516298385,-0.3988903704147475,0.07986053154638972,-0.3966052091212499,0.11214608843366042,-0.39389041387564505,-0.09592201521995153,-0.40090820599950266,-0.13828090364559728,-0.3998721899504339,-0.176398868016276,-0.3985333110324637,0.18060416114548994,-0.3597485795222313,-0.21585702402324214,-0.3661375795721406,0.036431308864239315,-0.2845202558549343,-0.12690301139668791,-0.2863251497755176,0.4999787761033061,0.004606891168689145,-0.4999787761033061,-0.004606891168689145,0.57718367849396,0.5432564735854117,-0.6789637881840956,0.5039163300548269,0.6997953199460619,1.0731811674723264,-0.7898590224997679,1.0123271695501317,0.7708970198175842,1.2203063232490046,-0.8963025009111064,1.1614117785404983,0.6541809838593049,1.2293027569392887,-0.7971083477542962,1.1694266739918784,0.603691024411205,1.1909273122472468,-0.741824153480521,1.1277806853780772,0.6998507683064938,1.124308677711317,0.6635652320467337,1.1248163798866064,0.6537063424220358,1.2021461780485845,0.6476916546237225,1.2758260566951265,0.6410920570494935,1.3367875701596896,0.7514214146670023,1.2924854324200796,0.8033106605063779,1.346208199397624,0.7518851079604766,1.3881482369144826,0.6991907193953881,1.407911211180228,0.7884029231401785,1.2923033660908405,0.8319453602222718,1.3423996284969928,0.7696418735751338,1.3795536825604557,0.706105556896938,1.3939813945226434,0.7953966830118361,1.2898397190448738,0.8284576551846068,1.3289399525281609,0.771327216363256,1.3643233371128822,0.7128908103474595,1.3812652797149223,0.7798465065738814,1.2879631929106838,0.8119933545188467,1.3115627500383684,0.770242535970856,1.3458946472509967,0.7242347594513093,1.3656244284964354,-0.8491910628893132,1.009440051925369,-0.7224398046836993,1.0911007101583188,-0.7282033882210474,1.172909503218651,-0.7604442189199385,1.247324316591648,-0.7774908039249797,1.3069614848053244,-0.9376668921627515,1.185180306943504,-0.939686669225298,1.294883163568584,-0.9058777964964877,1.3286520921543132,-0.8710228279172443,1.3420935775978924,-1.0083403766667003,1.161828239937916,-0.9990441815546094,1.2784246763696574,-0.9477034399885599,1.313956773186601,-0.8989985430378938,1.3247373786011754,-1.0332702604488677,1.1398688247082844,-1.0125865587774263,1.2445280390447815,-0.9692297700167082,1.2811153738575818,-0.9272284566841137,1.2968715567567959,-1.036602683498184,1.1243181694945328,-1.0058124165498041,1.2101888281158144,-0.9753779331382045,1.2465511255028054,-0.9414177696233347,1.266204206492281
-0.040558411900543614,-0.3516960786179418,0.040267272684995116,-0.39890854526921227,0.08014218722265926,-0.3966042791751368,0.11229614602276287,-0.3938710398407604,-0.09577847280207405,-0.4009456758962675,-0.13807504676645993,-0.3999079825956314,-0.17623922539826825,-0.3985660230294703,0.18076496340692505,-0.35962519186227127,-0.215830501891799,-0.36620137507724515,0.0366967150914084,-0.28448642662044654,-0.12684626198127144,-0.28627939411794034,0.49997825062285384,0.004663572033409211,-0.49997825062285384,-0.004663572033409211,0.5754694771565455,0.5440081108896622,-0.6607808622483129,0.5096488076935197,0.6993982053982359,1.0730574795079784,-0.7718177022374448,1.0148669547260691,0.7708157332656731,1.22076004537411,-0.9003420231465952,1.1607896801446833,0.6560613127232185,1.2302825949562917,-0.7995565653072644,1.1691564867410837,0.6048836330972845,1.191836278514633,-0.7425801988835314,1.1270730398095294,0.7352344892460112,1.0813346471059684,0.6608616873703106,1.125325454399097,0.6521020069210444,1.2020667511491148,0.6456821293654327,1.2750992812222226,0.6394775354294342,1.336153003133275,0.7936256703632744,1.2482186459269329,0.803273864566659,1.3482175121787479,0.7497168133678558,1.3898953332660309,0.694860746809243,1.40917184356855,0.8284369191371765,1.246500127555734,0.830609820966845,1.3442317647473356,0.7690038253103562,1.3814921459882672,0.7060001738899492,1.3953226183141398,0.8334655169245729,1.2441473851413885,0.8235232768017164,1.3300819300484652,0.7676779932627376,1.3644348572489047,0.7101380075718027,1.3804588596258374,0.8160787392308023,1.2440879383579238,0.8033972588364373,1.3132988091243245,0.7610790252395904,1.3455169029400271,0.7155294745264045,1.3630531414742437,-0.814904337081126,1.0202694859085082,-0.7224630885593077,1.0890668546006517,-0.7272891547184965,1.1709286384879007,-0.7599211256670273,1.2467118481189252,-0.7772622399798085,1.30763523717664,-0.8974241143484433,1.1975341683215417,-0.9427499426241739,1.2961687590222357,-0.9038710898857921,1.329545783821571,-0.8649630294612127,1.3408106679941947,-0.9685192324919953,1.1778570954654561,-0.9996084000097257,1.2795707295027625,-0.9425787752689456,1.3121241256807201,-0.8924179263106494,1.3199787897987547,-0.9934874441350057,1.1579347343040969,-1.012046373627028,1.245650057305118,-0.9627279062186475,1.2794792152114984,-0.9182656971844014,1.2930893406270525,-0.9973055403852906,1.1437715850259647,-1.005628090070342,1.211428588133728,-0.9705901183904185,1.2458525889333256,-0.933865742729417,1.2633389446776317
-0.04021998159544241,-0.3517835983475213,0.04086080373420217,-0.39893437987596786,0.08066604194074578,-0.39662755145401457,0.11284480280025852,-0.3938918204182645,-0.09559099021962145,-0.40099534414108357,-0.1379596107509054,-0.399948217886543,-0.17616691947740729,-0.3985935270117022,0.18154404922938855,-0.3596307158017371,-0.2158143432766444,-0.3662600461450262,0.03702074692611178,-0.2844894908925375,-0.12685268340031206,-0.2862762725510197,0.4999782657662299,0.00466194824008181,-0.4999782657662299,-0.00466194824008181,0.5734226341605047,0.5446447128281413,-0.6604709232815849,0.5095519647306862,0.6993225236257951,1.0743009952896194,-0.7718091282908787,1.0144153506261182,0.7709258177045285,1.2252216416951416,-0.9000584176225176,1.160335633939527,0.6600365820251121,1.2370443131758424,-0.7998509574679502,1.1686522562882073,0.6097870869471403,1.1968833127225245,-0.7429914486051594,1.1265175911616945,0.7448111434288017,1.0828649821103582,0.663426731806312,1.125386728563883,0.650793327488076,1.2045553621443925,0.6442558914520716,1.278532905060322,0.6404259617717228,1.3396227402280598,0.7965819581408441,1.2503731135990013,0.8016755283160607,1.3534642733779876,0.7420106175294457,1.3929561332427496,0.6846282488121446,1.4094492860063512,0.8347246595431427,1.2497084739561084,0.8285418605174968,1.3515022361477549,0.7594332155724427,1.3866214273009798,0.6945063242270565,1.3982186764197286,0.841413439877063,1.247982173754972,0.8282522996798483,1.3371573472411895,0.7656992820928528,1.3704928511360754,0.7043525179435227,1.3851781240584,0.8259487531974409,1.2485249127861602,0.8132954697025269,1.3202960546302405,0.7663153490304664,1.3522814623656498,0.7176132415635298,1.3691427549765989,-0.8173822345947667,1.0186042307230856,-0.7206175290238347,1.0873754922828227,-0.7266059434586627,1.170364115955342,-0.7607684961191121,1.2471241809879756,-0.7780436881916482,1.3086397305996655,-0.905309895974742,1.1999383295912387,-0.9425796014578346,1.2998347556465575,-0.9025099326935938,1.3333186032089175,-0.8620559956933803,1.3443736759146858,-0.9755731272520392,1.180672406759869,-0.9974120438025336,1.283097801659547,-0.9389085176515067,1.316702237057793,-0.8858614973046209,1.3252979180375748,-0.9981649676192107,1.160914380536019,-1.008533130378025,1.2492249973761487,-0.9572826437385576,1.2831129923511593,-0.9105437456231199,1.2965631307678147,-0.9986039973607491,1.147216315029097,-1.0003724939274756,1.2140866772038563,-0.96285153252972,1.247210824191987,-0.9251440631960567,1.2632233134666684
-0.039923832962262595,-0.35229097038530327,0.041172518133409046,-0.3994154421082724,0.08057110158773666,-0.39712272051327585,0.11300095030804233,-0.39438885676735674,-0.09595488041767995,-0.40142736876304264,-0.13848079644510836,-0.40034258991124105,-0.17660100426929962,-0.39892016404158903,0.18181032174109638,-0.36007455367835417,-0.2165099451716903,-0.36654136043216506,0.03735734098358311,-0.2850250345159548,-0.12695462308651284,-0.28671092808635956,0.49997328027692683,0.00516904334761486,-0.49997328027692683,-0.00516904334761486,0.5718286867486866,0.5436009277526147,-0.6859688761072713,0.49871512735874685,0.6994255416247698,1.0720294689968641,-0.797976401942345,1.0073277938376186,0.7706491126506434,1.22398111703403,-0.8997976920671532,1.1581462238236933,0.6666440904342807,1.2355740705101643,-0.7999024569020448,1.166246193143457,0.6166234408788641,1.1954198320932796,-0.7430530954397038,1.1241891428501087,0.6820052152853568,1.1420118958548746,0.6616489751066793,1.1218562407916843,0.6504175521406429,1.2015971334567506,0.6440641685598187,1.2769134921070433,0.6354477538429879,1.338582167661894,0.7239363059172139,1.3091207147192565,0.7942298933414024,1.349434639217605,0.7370831589853928,1.3900950203486269,0.681280831091027,1.4067490263231162,0.7616933345324322,1.310194323456179,0.8296608199385364,1.3473130358200047,0.7626399942621739,1.3839289582756253,0.697838928453511,1.395377861512244,0.7682562074008681,1.3088072958393977,0.8268747871526886,1.3321212615355797,0.76683543407288,1.3671432652811366,0.7072181163501962,1.3822822149003555,0.7529463951680525,1.30852770389321,0.8118221927485759,1.3143082973921911,0.7683527382862443,1.3482685628314086,0.7231164673621285,1.3660161517685672,-0.863148521647915,0.9984793383977862,-0.7226211892954452,1.0864565968863567,-0.7278121492594753,1.1700207215260852,-0.7558291715592466,1.2480980118801777,-0.7727553556846024,1.310200524047146,-0.9685121310979825,1.1753863427410778,-0.9439665582093181,1.297750200029707,-0.9017510339203519,1.3308626483245187,-0.8589388906289703,1.3432549026745326,-1.0353496681017476,1.1522418898443265,-0.9952541567828939,1.2824825605346137,-0.9348109853625963,1.3162547551799773,-0.8793133827310813,1.325668035591086,-1.0549010607568436,1.1304366149243656,-1.0033900918321592,1.2475701398711332,-0.9518918970534138,1.2816225674921995,-0.9027096517366349,1.2950696292527633,-1.0536486528774296,1.1158811059794684,-0.992826423211134,1.2102704939119595,-0.9534791190195729,1.2422917944237037,-0.9140215292902811,1.2578827508412989
-0.039769422230509784,-0.35239279569834964,0.04133291964474524,-0.3995356477540848,0.08072825842167229,-0.3972437484530184,0.11305896068869527,-0.3945088691464449,-0.09593542759782865,-0.40154680882793503,-0.13847724520431468,-0.40045514272851024,-0.17658457910162173,-0.3990218508984691,0.18200871892375964,-0.36016859824796826,-0.21649015515704265,-0.3666637960914571,0.03750225262313212,-0.2850800682470117,-0.12684782572795517,-0.2867531631673676,0.4999724416417505,0.00524953319700251,-0.4999724416417505,-0.00524953319700251,0.571051763726508,0.5437384259223684,-0.6565787536373159,0.5075924190192056,0.6998854119595908,1.071854336222309,-0.7713484189888519,1.0124588576746425,0.7711901114800113,1.223721633318612,-0.9001619743458125,1.1591775074834232,0.6673308310262193,1.2350646941828263,-0.8021115022260246,1.1678034869266731,0.6170272618324377,1.194809623857888,-0.7444398894092416,1.1250469706158897,0.7373739414761873,1.0771980108668764,0.6570003761800918,1.122821110837742,0.645449735765824,1.2019280287169487,0.6406424331896713,1.2762744805610797,0.6343088214128985,1.3394479818581886,0.7878198937548432,1.2509353497998807,0.7973653681725187,1.3521226992583066,0.7408329137078126,1.3931460762030734,0.68516768463769,1.4101394973828278,0.8235722863667941,1.2486532861724404,0.8288413972379669,1.3480940073410197,0.7661413196980652,1.3878550458306766,0.7018360602223694,1.4017154771047025,0.8304767419062146,1.2456332660037897,0.8266385810380291,1.3342519359910963,0.7714799359961964,1.3728793428405233,0.7135290837215117,1.3926546672140927,0.8154779953378513,1.244334582392804,0.8087191077680984,1.3166185403140644,0.7691137539409817,1.3531753973555554,0.7249294725120042,1.3738316233937027,-0.8168824358585889,1.015797178976453,-0.723929325013844,1.0860720366316705,-0.7256902852852605,1.1710886019178204,-0.7545603292051793,1.2487196067146056,-0.773609218826643,1.3096700584260315,-0.8989146704203885,1.1957439191792938,-0.9374039094736382,1.2979940834278414,-0.8958763371641766,1.3329731110735272,-0.855806318013034,1.3441430640819205,-0.9682194496368173,1.1785224977175761,-0.9946557732092883,1.2844869870197013,-0.9343859032762537,1.3182947264461313,-0.8794312313708116,1.3253728518798655,-0.9913605883618096,1.1616922550469342,-1.003373880128837,1.2541254802857236,-0.9503621284568958,1.2886799815230867,-0.9023157526872425,1.30159843628297,-0.9928204365106414,1.1513700434320364,-0.9915647488443646,1.2222614573139927,-0.95199166539405,1.2545642450025336,-0.9129936409950798,1.2697353500420607
-0.039449533624148866,-0.35233419449899755,0.041601437054897425,-0.3994893144287686,0.0809766992906156,-0.3972038536210943,0.11327210932677143,-0.3944737010703317,-0.09576017096205862,-0.401500074123874,-0.13831964336658725,-0.4004037984598371,-0.1764093456053323,-0.3989645444547747,0.18226170623267188,-0.3601505791053934,-0.21633204323244695,-0.3666434719212292,0.037840288988567325,-0.28496049199990003,-0.1263431244205766,-0.28664138557892355,0.4999720405217741,0.0052875983672675975,-0.4999720405217741,-0.0052875983672675975,0.5707467731949999,0.5439046438541494,-0.6700489507481113,0.5024876772166371,0.6995342973213176,1.0711119931475837,-0.7842951279782119,1.0090612144881608,0.7696875105322154,1.222610827463761,-0.9009283787748606,1.1589354280100137,0.6669082718990831,1.233671738473708,-0.8040968922055328,1.1674576249533752,0.6168298750768798,1.1934042829893254,-0.7464696001657837,1.124555923477818,0.7014644627889772,1.1106049317828195,0.6501579664860959,1.1254436211065015,0.6406868190918141,1.2007385123527943,0.6378146798766621,1.2762817866030192,0.6286767703134477,1.3389490432761006,0.7541067951168766,1.2796666651140662,0.7880987602105619,1.350713706130522,0.7326846244237979,1.3908964941052686,0.6793673207230193,1.4088977057778778,0.7904117052690899,1.2805355359116979,0.8149102631402941,1.348049489339476,0.7498758752298894,1.3838170165407047,0.6865666814870678,1.397723280363419,0.7954234307684601,1.278723511409723,0.8076316670740862,1.3318549549465994,0.7492513586875743,1.3665221791575584,0.6907878813314201,1.3830338420765715,0.7772072770108684,1.276995168981638,0.7874521402033419,1.3113287033848458,0.7429513092371595,1.3438635051849723,0.6970637668244388,1.3609876963263523,-0.839920276932895,1.005716424713857,-0.7190401368062082,1.0850800717450322,-0.7265116698965867,1.1708137925864464,-0.754951804823067,1.2468221761871716,-0.7661729659535751,1.3066924079622781,-0.9316753779754644,1.1870832633615007,-0.9423645081367188,1.2952180872316084,-0.8969275579683109,1.3282045115222934,-0.8529078051694353,1.3392097892349797,-0.9958493201051153,1.1653927379955373,-0.992709036295903,1.2794997139216846,-0.935565959991572,1.3172767832542738,-0.8823695697365236,1.3279194142885191,-1.0148721380707506,1.145616912727693,-1.0010536562500278,1.2486442135018385,-0.9542551888387235,1.2869821114270164,-0.9094569913425695,1.3039066221142548,-1.0145681318916384,1.1337544311486853,-0.992185671203153,1.218861293082381,-0.9603802369155157,1.2564531054082666,-0.9261086740922307,1.2769246602602553
-0.03971198261302859,-0.3519101841792409,0.041272287893219725,-0.39903612021188334,0.08069177760435679,-0.396767019142562,0.11289379089076762,-0.3940386139099121,-0.09600294579228642,-0.4009555025244078,-0.13851141509249257,-0.39986470192788,-0.1766074574772659,-0.39843129486396306,0.1818910462623862,-0.3598560151889685,-0.21643665249138844,-0.3661943752098013,0.03767122346679649,-0.28469558671455936,-0.1265400282780087,-0.2863724961079345,0.4999720937876949,0.005282559374811302,-0.4999720937876949,-0.005282559374811302,0.5699502836010435,0.5433351140185114,-0.6782032119654007,0.4991397870278185,0.6975642207882367,1.069707604965177,-0.7920644161225942,1.0064778011699607,0.763796292904347,1.2201841836189218,-0.8993222777265814,1.158201142927378,0.6640574767265349,1.2317321084653816,-0.8036433622247442,1.1670069058761492,0.6152782141548692,1.192045159239413,-0.7462331492913278,1.1239756833044774,0.6811232102118754,1.1281316979542793,0.6445971299140126,1.1237610044636714,0.6374835303477409,1.200393489679963,0.6329166918859568,1.274954052692486,0.6185279689176543,1.3362305435810287,0.7314916611769176,1.293494317735238,0.7846049800561601,1.3480957139681737,0.7241875788618631,1.3882659245428444,0.6665185160271088,1.4023106373024272,0.7690286523375859,1.294385457307048,0.8141874248544099,1.3463999944409704,0.7434424179436052,1.3812483408835765,0.6774957732313562,1.3909738351520695,0.7738636000130625,1.2934127273569513,0.8078692787087357,1.331165657695195,0.7450030039720624,1.3643693807950266,0.6852474200237026,1.3772939079728972,0.7557361685485279,1.2931257276862116,0.7900105071715202,1.3125642134114073,0.7430789425217698,1.3447525636155349,0.6964569496267647,1.3597037189435777,-0.8521698101686508,1.0000430007842485,-0.7178541787270647,1.0843426377455987,-0.7214777030147753,1.1685296844714392,-0.7523360550996637,1.244281930290773,-0.7683986928131697,1.3046635828725208,-0.9443941725023267,1.1781413034739128,-0.9313919182055291,1.2920216756158507,-0.894166195445645,1.3277487641313288,-0.8552999201928447,1.3437918430489637,-1.0125517571180782,1.15713714161144,-0.9878778142642111,1.2780731659287825,-0.9348481165266482,1.3160849838337279,-0.8812829850542678,1.3283136296427085,-1.034607366638066,1.1379694360767048,-0.9989177719145528,1.2468943864895263,-0.954439011282904,1.2849589850684973,-0.9095659865029048,1.302431072660547,-1.0356705929893875,1.1264655485794461,-0.9922065314049704,1.2168810866855788,-0.9603994841375751,1.25375943025755,-0.9254452020158965,1.274743491492916
-0.03976466802849085,-0.35140710972311257,0.041244402419201,-0.39869833896231094,0.08069718537672597,-0.39645417028513436,0.11286781458425682,-0.3937028432585012,-0.09606214607464761,-0.4005386714560763,-0.1385554458170307,-0.39947615646412565,-0.17668403916642472,-0.3980467729115789,0.18191116744356997,-0.35967831116401966,-0.2164697179071232,-0.3659525122615599,0.03767230057715274,-0.28437236223306267,-0.12661144085774848,-0.28605303203183396,0.4999721711425481,0.005275232981264209,-0.4999721711425481,-0.005275232981264209,0.5894880511725754,0.5379275814936261,-0.6570704361802857,0.5057661207047061,0.7154061442903179,1.0598202255765086,-0.770484295309644,1.0107964453320126,0.7596750559874095,1.218553362486195,-0.8952645753876419,1.1581042800145178,0.6593344457081884,1.2307813162242651,-0.8016597935465581,1.1669327098762894,0.6120703572553606,1.1908834243702617,-0.7455886135053812,1.1237932722404484,0.7636133591214058,1.066427991248346,0.641009922639928,1.1237245779742553,0.631991320095725,1.2014883590833685,0.6280044321667988,1.2753068057433783,0.6165186385525875,1.3358958972371604,0.829154732979059,1.2252358414794664,0.781107854217536,1.341679505223822,0.7240577340886463,1.3855897411925886,0.6668956816132073,1.4035357906743566,0.8624073124707354,1.2236477792437448,0.8163000952483841,1.34245648042537,0.7505905668445688,1.3810061303191827,0.685500971437026,1.3933345985557426,0.8648628812841161,1.223595674050234,0.8079837839487507,1.330571436484755,0.7493879492415946,1.3666024214033738,0.6903026444905821,1.3813922781969938,0.8464863377182645,1.2259308963626843,0.7879417170478222,1.3132067613648295,0.7457336763290863,1.3481856196614532,0.7012149252121065,1.3659272709451749,-0.7662499979219821,1.0713027529553756,-0.7207415043498301,1.0873680907970258,-0.7248280644769795,1.172465873916993,-0.7513705368915095,1.2478320941114764,-0.7620152468949869,1.3061394877717558,-0.8433078750642783,1.2515537792171818,-0.9329663564741283,1.2935441039395785,-0.8913341683710422,1.3289349406555249,-0.8486630496834723,1.3416813770021923,-0.9116261985362879,1.2363617188670686,-0.9891802596160473,1.2786715145419876,-0.9319834856518376,1.3155008129355767,-0.8772727141302586,1.3257525430701913,-0.9348632644600223,1.2202748365024925,-0.9988899227345974,1.2483608715011112,-0.9498095073456045,1.2842211502323506,-0.9028953010646615,1.298853777642858,-0.937785864503804,1.210438374389402,-0.9917291070174638,1.2174454568687625,-0.9572928772704153,1.252404848670334,-0.9218320360434167,1.2712242699397251
-0.03971388244808368,-0.3511401375588103,0.04133133391530803,-0.398428591291006,0.08084504785002486,-0.39619153494938414,0.11297949055623459,-0.39344197980412804,-0.0960526119113924,-0.4002664340961469,-0.13855715052314568,-0.39919836936252245,-0.17670638554588478,-0.3977627360678699,0.182112901514732,-0.35941932447977865,-0.21648992438963963,-0.36568034841003805,0.03790693562489371,-0.28404604865744887,-0.1266092061817876,-0.2857191128921849,0.4999746960416468,0.0050302403583601454,-0.4999746960416468,-0.0050302403583601454,0.5658074798859091,0.5391616615611857,-0.6874569470995764,0.4959841217979014,0.6925866139684267,1.064995545502248,-0.8012196009148989,1.0055340071958192,0.758688473728225,1.2188148429882077,-0.8951670736595759,1.1587511815918714,0.6575185509638836,1.230933745096361,-0.801463305369955,1.1675097243540176,0.6103443187407185,1.1915389338800613,-0.7457708636745468,1.1243178905801379,0.6631153623994537,1.1549160213371834,0.6432464797863147,1.1289440489442553,0.6317303301987676,1.2029195156437753,0.6283385131256832,1.27643079362053,0.6192301903981776,1.3368983497627338,0.7020971514440767,1.3189158483039194,0.7769618554410008,1.3499885091943986,0.7166573926338226,1.3911114356678196,0.6602999383329679,1.4072734046989073,0.7426516388551663,1.3213436577528435,0.8105514052729109,1.3490646257098784,0.742716374549854,1.3855153307188188,0.6798016693887619,1.397550345554766,0.749856653787765,1.3213060264096974,0.808514517444656,1.3360122904500566,0.7491487307436593,1.3714494200026317,0.6910764558203409,1.3874640245622323,0.7330721496546508,1.3212880974330181,0.7927045753594333,1.3191756655221862,0.7485341815753992,1.3536890988386165,0.7024105999869409,1.371628991194698,-0.8731353572202799,0.9983076496574537,-0.7221119378109754,1.0894153551395016,-0.7271089415826913,1.1717288047498846,-0.75660374394004,1.2461424326479813,-0.7699076473922924,1.3043135747135426,-0.9663824865353724,1.1704008775836776,-0.9361498447239649,1.2962991569954747,-0.8896201682212275,1.3300692142613284,-0.8437853704398224,1.3402585218603653,-1.0331664499988054,1.146712736908006,-0.9862013354844499,1.2787903103997027,-0.925376181757211,1.313853130449733,-0.8714539393913088,1.322444834909344,-1.055544417934718,1.1258830845232057,-0.9954903528942746,1.245435757278995,-0.9420024799473459,1.2801905537513933,-0.8941257386315484,1.2930513339231193,-1.0579281964449412,1.1121860888391315,-0.991169503006345,1.2121557290117202,-0.952735837701282,1.2469410469693187,-0.9150271981060005,1.26393065381994
-0.04007071980595066,-0.34996666405894755,0.041013291338988865,-0.39718695898248535,0.08056475831501564,-0.3949632359024541,0.11270606348036852,-0.3922267711466134,-0.09647979899863866,-0.3990226360144256,-0.1390096271322857,-0.39795115299848705,-0.17719871708481166,-0.3965142958667698,0.18189855244177366,-0.3583659591810038,-0.2169707201296956,-0.36443201267396574,0.0377556531969747,-0.28277258413951023,-0.12701907919480823,-0.284417798202892,0.49997939215940124,0.0045395391743729505,-0.49997939215940124,-0.0045395391743729505,0.5662884235476179,0.5360588213359884,-0.6565978500589562,0.506764811074929,0.6926136198222942,1.0603882903844457,-0.7706292378800588,1.0118422495346557,0.7585683320038762,1.2189838906787167,-0.8929927013544813,1.1602793251822316,0.6577012798886077,1.23159716726942,-0.8007783172577109,1.1693966272846281,0.6104441664964799,1.1917820688160083,-0.7459317276811654,1.1259931802715872,0.7337410671510461,1.0865305273113959,0.6466077722482022,1.129601577564749,0.6357222467967784,1.2040702561293393,0.6297201806169129,1.2776547293337452,0.618141006459534,1.3374477349525677,0.7859041243757035,1.2495567103450014,0.7838833244584353,1.3550964289727252,0.7188116934089891,1.3924685798766383,0.6578026477843186,1.405471401486164,0.8234853816966469,1.2475123016387137,0.8103302271865426,1.3514329445051845,0.7369241314991732,1.3861609110389088,0.6698618673184283,1.3964779518404493,0.8291140167930523,1.244731523560626,0.803356265858706,1.3361777320003894,0.7384920548842172,1.3692564559868914,0.6768982233029595,1.3818258876837013,0.8114641985448464,1.2445808770021203,0.7881278474557347,1.3167383300702338,0.7405227854825808,1.3486664066490452,0.6927123645192251,1.36355605766672,-0.814656537774374,1.0195003036300347,-0.7229989744614831,1.0886914809920498,-0.7262163277650909,1.1725234802303277,-0.7545123045760503,1.2497444564291091,-0.7645485694224655,1.3110887093835888,-0.8979386021255695,1.1975319331703156,-0.9365960267459872,1.2979654080015268,-0.8912565653476731,1.3321657368377984,-0.8470198779793154,1.3428687626026743,-0.9663533126487197,1.177897665045078,-0.9891321871542569,1.2804396295813443,-0.9274949322646239,1.3144906234585,-0.8733599790428105,1.3230799131207613,-0.9883433069640225,1.158595606308187,-0.9977516904453227,1.247006211645525,-0.9442730053468502,1.2808128732934627,-0.896831752768937,1.2936185802518094,-0.9909759211538783,1.1457561725083838,-0.99295774783213,1.213878583738911,-0.9534367755419202,1.247370461533255,-0.9154811502808097,1.2635074435707958
-0.04018646802479577,-0.3494251841288779,0.04088510394725388,-0.39655386628575706,0.08048465781234578,-0.3943491422712706,0.11259248018375356,-0.39163642165097207,-0.09669930962147542,-0.3983787175616169,-0.1392503987473841,-0.3972988030058667,-0.17746374047226196,-0.3958594480472955,0.1818213578512323,-0.35792756643445706,-0.21723518839179284,-0.36379286525274335,0.037844809869886545,-0.28214956278337755,-0.1271863228961475,-0.2837516266179062,0.4999813191449109,0.00432209510708789,-0.4999813191449109,-0.00432209510708789,0.5664295246165905,0.5343816870842454,-0.6562321710931457,0.5068000957253607,0.692634626762508,1.0574877240456841,-0.7703226789061786,1.0114701673061302,0.7583084654524128,1.2181396823812098,-0.8906950052637392,1.160865033328434,0.6577877466774008,1.2310103668652173,-0.8000290457362366,1.1703357021533203,0.6104912006974572,1.1908255859140202,-0.7459635855733141,1.126809015855844,0.7351117658290097,1.0874906409238583,0.6472251663289518,1.1309395343831754,0.635380035140294,1.2052703100655566,0.6307186507872579,1.2788846418263833,0.6204338752247178,1.3396914606368402,0.7837332269417502,1.251782741727378,0.7808293983732505,1.355605250987546,0.7175249608263213,1.3935640320516518,0.657388660045012,1.407629352096117,0.823203063592369,1.2490296250670232,0.8115242028794881,1.3513105239632806,0.7408626248215218,1.3873951537119218,0.6744352265908921,1.3995081546975188,0.8304477325301638,1.2456562276802359,0.8076868602530755,1.336072312862518,0.7456046138020483,1.370913194463719,0.6845359236785584,1.3859088418715217,0.8135931174692842,1.245137733727588,0.7935390610548991,1.317486947742058,0.748465703172716,1.35096017501263,0.7008967885329034,1.3678577167239638,-0.8140311942470638,1.0199634581595387,-0.7232103988537306,1.0905974806820606,-0.727147466275085,1.1749161069736218,-0.7552006884311,1.2516419648082027,-0.764602093512131,1.3124913353638696,-0.8994790351339799,1.1997747615443053,-0.9380310568837842,1.2996082790068055,-0.891756690051993,1.333553886884996,-0.8466868469064737,1.3442259395647345,-0.967584977868943,1.1795553719172536,-0.9901489780297015,1.281724923956001,-0.9277186320594888,1.3162913749184901,-0.8726600010416794,1.3252456117695712,-0.9893534291016327,1.159695703871956,-0.9983366273828237,1.2480648064212243,-0.9447124775554115,1.2824726724654416,-0.8967096569586605,1.2954974430047914,-0.9917433563067252,1.1464062502302421,-0.9932798585866845,1.2147893416669373,-0.9543082710055301,1.2488804127798547,-0.9166287474851544,1.2656064353419938
-0.04076132413900941,-0.34927162447588467,0.04028320716253476,-0.39641635878668335,0.07991675096529217,-0.39422990425492493,0.11201988206346447,-0.39153185799466184,-0.09733928107861364,-0.39823515364698514,-0.13989684915954043,-0.3971478336902877,-0.17812464091065872,-0.39569632343419286,0.18134937535622447,-0.35792555112675717,-0.21778265785145492,-0.3636184156085587,0.037361995888737655,-0.28196580652854064,-0.12765306009558064,-0.2835519659272551,0.49997969333939674,0.004506245470762692,-0.49997969333939674,-0.004506245470762692,0.5667564789311279,0.5348490860538598,-0.6565253557596639,0.5067867419696509,0.6943354163614991,1.057623069539284,-0.7709818153269884,1.0120863422944915,0.7579631373252786,1.218448155511096,-0.8916854887710777,1.1611566331290577,0.6598526710980054,1.2317110960591318,-0.8011180000012523,1.17097270565293,0.6144700964928134,1.1909864816271807,-0.7472741895446887,1.1275200395807448,0.7296661886764217,1.0832454136309801,0.6490661120656974,1.1292680404976776,0.6377057001414449,1.2058337062376827,0.6321413899594565,1.2789511912181506,0.6249616651332819,1.3397690958812754,0.7814603503805321,1.2419493067724705,0.7847069324933892,1.3480925882852177,0.724736492280819,1.3912129447742247,0.6650374132233612,1.4101540284145135,0.8168027497801935,1.239954136538027,0.8170673597248124,1.3455751369056548,0.7478985827485217,1.3835681365585002,0.6798731982827493,1.3971695752993334,0.8193102618776411,1.2384752463727087,0.805148097598601,1.3312335029476632,0.7426181984745085,1.365288484012946,0.6811195467532928,1.378489163397542,0.7986888769589788,1.2393448397909919,0.784587286040755,1.3128137627843697,0.7382777327280853,1.3455104378050924,0.6912004167554089,1.360590579177619,-0.8161524769361356,1.021755575990131,-0.7249236508383878,1.0934665587844605,-0.7313514595958529,1.1761341936088086,-0.7620297102126545,1.2501662800775162,-0.7750159448972705,1.307991523155788,-0.8981106720577952,1.202145482438378,-0.9429483677160772,1.2996982236654413,-0.8990908165479089,1.3335152245608295,-0.8549088322088046,1.3444491850222446,-0.9654231474488203,1.1820559428797008,-0.9948901183829195,1.2811995318460991,-0.9379029630739615,1.317308006103144,-0.8844416274452152,1.3268236497600572,-0.988353352589435,1.1624151712852142,-1.0027883782925862,1.2491342825401401,-0.954671563437541,1.285283076526521,-0.9082930446343443,1.299507501969001,-0.9917074383527194,1.1490605267946423,-0.996583500131624,1.2172625679349938,-0.9635910377011564,1.2537641126696581,-0.9275834565342639,1.2731792813134881
-0.0406187856381497,-0.3491732217984305,0.040264589924887295,-0.3962964395145136,0.07993038471462187,-0.39411538893925246,0.11198387798660785,-0.3914207639549782,-0.09732385054276396,-0.3981039814286743,-0.13985302422992055,-0.39701139359321636,-0.17808506702311677,-0.39555870365753587,0.181367799394711,-0.35780948456029027,-0.2177571432085074,-0.3634863661985817,0.0375620897579995,-0.28183666036550586,-0.12727016995257795,-0.2834315723491003,0.49997987502642577,0.004486041524511925,-0.49997987502642577,-0.004486041524511925,0.5490216949704574,0.5356555471592881,-0.6565190986840512,0.5068420654002325,0.6765391671043314,1.062053238631836,-0.7709888155635,1.012668794756359,0.7583222405948012,1.2181941855790452,-0.8929756286280297,1.1609746087436783,0.6624748930399065,1.2312414881262401,-0.801649339034625,1.1707733984627782,0.6176512286469839,1.1907459865968624,-0.7480438147536657,1.1275360208534448,0.6864955999706471,1.0908049143535996,0.6447144812028419,1.1305855915683731,0.6357217726755444,1.2065871039283926,0.630871972716025,1.2794001048516588,0.6200867226224022,1.339976759532579,0.7405873587462198,1.2546986442029913,0.7862472631338007,1.352610614992562,0.7244962687217197,1.3933498721742645,0.6654807752417643,1.4099938831236825,0.7744289184940615,1.254051856949299,0.8127952537415142,1.3501608706867,0.7419645487846906,1.3848090491255072,0.6762560876049463,1.3951334135318885,0.7751763291007969,1.251534465499622,0.7995236959941807,1.3324043964409422,0.7353216447458021,1.363402240234015,0.6750268090998386,1.3735059120228685,0.7531714295188648,1.2504887981988542,0.7758377717534536,1.3116157893846148,0.7258357997834173,1.3402313904370844,0.6783574488323321,1.3517912209920555,-0.853760357762799,0.9737507627736733,-0.7280978522369893,1.0926125860318587,-0.7336338243578023,1.1763149019618555,-0.7634858290806016,1.2514583944256927,-0.7740788872175838,1.3110476512103504,-0.9429046058548444,1.1496422022239596,-0.946277630245758,1.296773695218919,-0.9037209871716279,1.3314143734838086,-0.8596526840443895,1.344773308257283,-1.0110715700807795,1.1276550003432741,-0.9992429678067564,1.279370291660336,-0.9423424296194126,1.3168070347617364,-0.8877042720182498,1.3286841226734254,-1.0340479165221945,1.1083798335470845,-1.0071107439985758,1.2477578086147096,-0.9600258240455599,1.2839948988979772,-0.9139817876040569,1.2993353796205025,-1.0368848374175839,1.0966192496465315,-1.0002343032943255,1.2175928591351954,-0.9668215441280212,1.252982804774461,-0.9315347727562107,1.2723135655255395
-0.041573304945719515,-0.3494762674457756,0.03909086116671462,-0.39627644472204976,0.07877645303894908,-0.39415117632426355,0.11085821534633926,-0.39150755434650114,-0.09834659386880579,-0.3980454737328028,-0.14078316625188908,-0.3968654658630375,-0.1789557235231276,-0.3953656287800583,0.18034586208755643,-0.35793859087763713,-0.218497640287875,-0.3632693585627916,0.036928340200342205,-0.2819473757367293,-0.12800282084367456,-0.28344094165866507,0.4999824476980888,0.004189509974672317,-0.4999824476980888,-0.004189509974672317,0.5666467615779115,0.5343411094613297,-0.6565536830741469,0.508064008695255,0.6938040052743298,1.0557986333557752,-0.7708879936269066,1.0141418377287015,0.7565066301642512,1.2156499667557923,-0.8962364285596846,1.1605595953783854,0.6634925823695526,1.2285457202470893,-0.8044506859347272,1.1707920710140227,0.6181146482582727,1.1881781630112387,-0.7504350230812075,1.1276586509597726,0.719279895017545,1.0789399664013075,0.6471830708845949,1.1278522145573513,0.6388426138956964,1.204878545668096,0.6314422694667979,1.2780852717063111,0.6209525826289622,1.3399649705082675,0.7860310691577899,1.248128403399033,0.7883826609496501,1.350678734354132,0.7289380446209083,1.3930232985087723,0.6708221656380208,1.412121698269095,0.8141447777148169,1.245706986440928,0.8083996454037046,1.346658264929376,0.7382335900767764,1.379166278988881,0.6722151121850064,1.3885340831958761,0.811426650599882,1.2423057707693543,0.7902432301917534,1.3286660230975762,0.7246504424555867,1.355924794565491,0.6638321610600822,1.363912943342936,0.7872628375060179,1.2408386934828706,0.763921950500119,1.307979054005481,0.7127837209719204,1.3343357142773304,0.6648392908037702,1.344691928344302,-0.821390870301931,1.0223564970990577,-0.7326418672126812,1.0933355569755838,-0.7361813292254658,1.1764692501472618,-0.7642673323545994,1.2511241463894118,-0.7736965377801689,1.3100680058288665,-0.9105472180607469,1.1983041225085567,-0.9458470687773014,1.2956467690139053,-0.9047630079923864,1.3294943779518176,-0.8626359220867664,1.3444912511909128,-0.9782941028156156,1.180346138063949,-0.9981525298546321,1.2814235885686138,-0.9379145180544801,1.3152989029344193,-0.883071202342358,1.3251682128260502,-0.9998714831764565,1.1630246296655384,-1.0085649035727386,1.250497217483908,-0.9564387789813658,1.283069253545707,-0.9091406059986518,1.2952485970873582,-0.9994852919754846,1.1519535032396182,-1.001780209319408,1.2182422962521848,-0.9633438888866719,1.2508075931558476,-0.9252145745468072,1.2669591088222785
-0.04219377184894736,-0.3498121339106249,0.038288813224083625,-0.39657484575804774,0.07807214564981366,-0.39453689053357627,0.11008446452319967,-0.391964477062599,-0.09909286075332864,-0.39826322881708814,-0.14141250850775228,-0.3970184975378244,-0.17953504583292298,-0.3954926496375639,0.17954757731236862,-0.3583878741840857,-0.2189672162786654,-0.3633802659656195,0.03629855243630822,-0.2822277143347639,-0.12846618098136955,-0.2836164641091491,0.4999840530323694,0.003993333610506429,-0.4999840530323694,-0.003993333610506429,0.5659815571252983,0.5346575344363887,-0.6564025405837475,0.5087327090184793,0.6925635273016637,1.055283459115301,-0.7708520747681727,1.0139811991585568,0.7555377652190826,1.2140189611050742,-0.8963696640989378,1.159862021755206,0.6622489433376506,1.226838103466934,-0.8045180813358653,1.1700069089959673,0.6168689025618967,1.1865548211224253,-0.7506969669314395,1.127250249275503,0.722835092754147,1.0810448141893974,0.6532973521993242,1.1262591401772584,0.6442052962690028,1.2007930132537479,0.637111917791756,1.275077753037378,0.6252058900963673,1.3372439910860638,0.7809304703530693,1.2490910183702673,0.7927686036150436,1.3494941668736908,0.7322445504847556,1.3903847583787958,0.6732409211815349,1.4085148165445167,0.8062782866054599,1.2495337349650106,0.8039307851349806,1.348808676244314,0.7313881080312997,1.378521188083917,0.6659096316318279,1.3853474777156658,0.8017504947484476,1.2481485388937517,0.7813842221312052,1.3303585977602133,0.7148925662667038,1.3553396344425608,0.654182224277791,1.361479872333913,0.7772937227957434,1.246869018731251,0.7541529432218371,1.3105399694984454,0.7004430223178654,1.3345789007782909,0.650805084085697,1.34156323668066,-0.82393196151524,1.0236528827724902,-0.730832701640049,1.0930022770616152,-0.7360720757888657,1.1750262341064588,-0.7665379726912596,1.2481696740755033,-0.7772544450243467,1.3065783386605665,-0.909830530430618,1.202912703650126,-0.9473842414593108,1.2993927509390406,-0.9051884589625419,1.3319854456440654,-0.8639290772395722,1.3424245420962888,-0.9776343911745324,1.1815644867479647,-1.0014200743473722,1.283489742411516,-0.9410430323043119,1.3173172554344517,-0.8879689437044509,1.3258955207075023,-0.9988705729097097,1.1599944439559151,-1.0084972741235436,1.2470111668563058,-0.9577625041251209,1.281549607541523,-0.9129076165047919,1.2952315516150648,-0.9991063798158452,1.1444178150049966,-0.9940030283301156,1.2122544539843267,-0.9548979856090061,1.2461968077293466,-0.9195108177468575,1.2629012698303717
-0.04346796260953047,-0.34960264332549584,0.03680049215712408,-0.39618309187897033,0.07670066994076416,-0.3942026865636131,0.10863157564627261,-0.3917124175095361,-0.10036266402075703,-0.39778677544345376,-0.14260464586290406,-0.3965016048870875,-0.18068764573663743,-0.3949608951470309,0.17809861802911958,-0.3583139600825559,-0.2199271589616395,-0.3628932970006672,0.03497929662933852,-0.2821175011855889,-0.1294213466747748,-0.2833130695199591,0.4999845565051115,0.003929790883370648,-0.4999845565051115,-0.003929790883370648,0.5535820519781088,0.5360080249316519,-0.6538294631761742,0.509580127530194,0.6782147925295856,1.0575520774344798,-0.769361322842509,1.0171156486107158,0.7536218185782648,1.2130795423436076,-0.8997707975906035,1.161216580310247,0.660181556879274,1.2258819152970364,-0.8063435230749887,1.1707715968218682,0.6139608252754186,1.1856455656732068,-0.7528897712275465,1.128747500674919,0.7091684699200915,1.076645144595904,0.6502057182530857,1.1268932298743632,0.6397247809698478,1.2024033301448622,0.6340416268977626,1.2746253371969214,0.6249844212712247,1.3345818371637366,0.7589622579673896,1.244746105529666,0.7810941027679756,1.3473018022341616,0.7247798069907838,1.3891295022699164,0.6708329159069548,1.409373437864737,0.7917431418274593,1.2470633710665064,0.8033769327198317,1.3495709154389535,0.7341487050183422,1.3802408497283427,0.671168153417405,1.3873606292075298,0.7927109599572371,1.2467239590840278,0.7919080351702894,1.3335195042501864,0.7263132289588741,1.359448088844675,0.6664531518211516,1.3658990750964923,0.7716796297796669,1.2455306985275039,0.7683918899625967,1.3118434280310123,0.7165560234916749,1.3366969728274967,0.6684354257959874,1.3455211566170604,-0.8403036605362453,0.9908954741340095,-0.7299652436107597,1.0889121653751843,-0.7332291376889525,1.1723790177053086,-0.762918025752108,1.2470403728406547,-0.7782354274977044,1.3040279466279647,-0.930374367915869,1.1651527139282523,-0.9454356029995932,1.2945738377281848,-0.9023239003196465,1.329773776325452,-0.8588974219505395,1.342985385704681,-0.9988476527740902,1.1466671347308928,-1.0027474826394038,1.2805127357500112,-0.9440821796557732,1.3184123266959258,-0.889446921136537,1.3316809301892503,-1.0219713023402301,1.1290699840860186,-1.0131787135805126,1.2492810824213725,-0.9625576159201031,1.2881022962221034,-0.9147203070013623,1.3064200176264442,-1.0227665925891523,1.1174265169487838,-1.000189194380308,1.2191011106472565,-0.9643011219300683,1.255170162767993,-0.9287220323246053,1.2753266450992178
-0.043895572732279675,-0.34935688593551145,0.036177534434506727,-0.3957414709459842,0.07610198212080224,-0.39379273254989056,0.10795816559266325,-0.39135057885649605,-0.1008225925720673,-0.39734661083482004,-0.14300278639430183,-0.39602663623793544,-0.1810347819925386,-0.3944633143689995,0.17738802663216183,-0.3580442995383298,-0.22022489404813678,-0.3624532069801409,0.0345503654101879,-0.28185084049899656,-0.1295064871905853,-0.2829889813843522,0.4999864203966441,0.003685026316088728,-0.4999864203966441,-0.003685026316088728,0.5666094335379516,0.5343538319697699,-0.6571263111433515,0.5085929982734952,0.6885810229554148,1.0530802325654343,-0.7737151373118262,1.0179224790849595,0.7523783327520585,1.2112518522718594,-0.9013921794755858,1.16211754576538,0.6587171694316413,1.223951648877795,-0.8070957182903502,1.1713832241746265,0.6113642358978617,1.1839773556052797,-0.7539028236025159,1.1300054136092212,0.7282922734152564,1.0768618044448404,0.650407704852427,1.1242623433137737,0.6382076709218126,1.2007135245694989,0.6306933087834627,1.273558648359214,0.6217903643593301,1.3342369686091282,0.7763884102402031,1.2483860672553704,0.7798053531787194,1.348117937589647,0.7235638501651477,1.3888692246069096,0.6695405690821585,1.408053241235983,0.8115034122628338,1.2480265069592669,0.8055807485069235,1.348161995860613,0.7366547572697008,1.378806950256088,0.6724822054194912,1.3854442541020733,0.8145781568510087,1.245543562027711,0.7941440801270708,1.329583407082144,0.729853728408304,1.3560557071794832,0.6704665395227989,1.3632345917206898,0.7945234293075912,1.2437323190407972,0.7718784114690358,1.3084929367958489,0.7212044924174031,1.3340472940188681,0.6733577702111451,1.3433465761941055,-0.8218732544162674,1.0192307857075416,-0.7306163472087104,1.0884491297088859,-0.7331775142399897,1.1709142649514637,-0.7623118860103756,1.2453828240137208,-0.7780026044770976,1.303117454362825,-0.9104252451491391,1.1961704820951071,-0.9429899546925405,1.2945524144744907,-0.899939049955962,1.32924643598429,-0.8571174442503745,1.3419333511465958,-0.9794603086101409,1.178509089440603,-1.001723316970035,1.2805377771803632,-0.9416327825935797,1.3178392642434738,-0.8859636637273879,1.3302203851352619,-1.002193629678217,1.160996673481992,-1.0121725013487248,1.248799953639826,-0.9611552638212177,1.286656836279732,-0.9129670900149736,1.3039842448378036,-1.0021901759578236,1.149211832748955,-0.9987358488296424,1.2180119965513005,-0.9627805659696482,1.253777044758268,-0.9276926803192963,1.273720693186326
-0.04371774986506242,-0.34884870268259244,0.036212381285632735,-0.3951804408283597,0.07618108725317241,-0.39324701920079796,0.10797963302097176,-0.3908291453815187,-0.1007843511815971,-0.3967734391142655,-0.14297145614496704,-0.39544161563229524,-0.18101467467305596,-0.3938731666578386,0.17739873844901863,-0.35754027905630853,-0.22021955168398205,-0.36186413154662445,0.03479150821004039,-0.28130038546772534,-0.12932913307677799,-0.28239885047584323,0.4999905057140789,0.0030812652887467823,-0.4999905057140789,-0.0030812652887467823,0.5339050538657469,0.5376336253216726,-0.657169572494295,0.5092763061056127,0.6561309010437896,1.0608428574689273,-0.7762034897650433,1.0204263874128703,0.7529998166193956,1.2106850446389457,-0.9078899634729832,1.1635664217193484,0.6588202569949371,1.2235516841400496,-0.8103786515739448,1.173223728801255,0.6113026844284417,1.183747449224881,-0.7565939104902804,1.1325148097546558,0.6563337793043339,1.091008307837994,0.6471956446350653,1.124827048192063,0.6386896349197566,1.2011683127016877,0.6327257390752061,1.275915272117953,0.6227172741618464,1.3366377606292486,0.6998192740984751,1.2579695737485161,0.7793739913341913,1.3498144868704072,0.7178487496728435,1.3885995986585677,0.6615800476501048,1.4044599473490287,0.7346589481736062,1.2617613255636952,0.8088949583971914,1.351220051630115,0.7372264639679867,1.38225896889383,0.6739248976036747,1.3888333305059781,0.7374655417013185,1.2607696350562674,0.7947267386723287,1.3323273495870265,0.7268155023589263,1.3577966534836121,0.6676970266535024,1.3634155521604192,0.717467708673247,1.2588324662715005,0.7705879514502597,1.309365809193848,0.7179510540277804,1.3338434329199507,0.6712918672715035,1.3417733272350125,-0.8866410054543687,0.9347696074382124,-0.7305575455022335,1.0890735430094136,-0.7326342492327406,1.1717636515020555,-0.7627365589258017,1.2460017027585435,-0.7786521669028711,1.303330038939351,-0.978229958273587,1.10851312623988,-0.9381274810657945,1.298497651662816,-0.895165345939066,1.3320493729729734,-0.8546131504435059,1.3419394784683953,-1.0466824157638162,1.0859092753988586,-0.9948322367327737,1.283576897531474,-0.9335023627857352,1.3161320848148925,-0.8816542636765716,1.3232401839284358,-1.0693939234994556,1.065846438883129,-1.0083301109056482,1.251970079085792,-0.9531301440214586,1.2864931317075126,-0.905893208355618,1.2994712232157282,-1.0705053213339202,1.053353095876562,-0.9988530965806397,1.2190719481892003,-0.9582732247700807,1.251639830173596,-0.9211625067035057,1.2663606427645413
-0.04413541802439268,-0.34878660579945703,0.035536437138939385,-0.3950135329311068,0.07573479532261232,-0.39312740116498696,0.10744975859660713,-0.3907732348222214,-0.10157278546028056,-0.3965283715708463,-0.1435445814159358,-0.3951778161460705,-0.18158654748496533,-0.3936073768271042,0.17690676145688963,-0.35770053281422187,-0.2204809018192554,-0.36157298951674605,0.03441882617058863,-0.28134904572981634,-0.1296149320544783,-0.2823015338756311,0.49999055393780534,0.003073430162964564,-0.49999055393780534,-0.003073430162964564,0.5668123084980902,0.5327094546438458,-0.6586729333667534,0.5090263639851369,0.6878889446366404,1.0501749009167938,-0.7776687420721597,1.020302596394624,0.7522254607831637,1.2094732724345583,-0.9098719976923219,1.1629614384667362,0.6582677760682937,1.2226377594285356,-0.8118556966182212,1.1726090892098884,0.6108280824434419,1.182632697565933,-0.7583549692192669,1.1318750613951412,0.7220678762659006,1.077792579238371,0.6446842316060499,1.123050039493301,0.637410244759285,1.199462351481827,0.6300261760308293,1.2746697333144918,0.6180291167211543,1.3349600872807723,0.7823696115792711,1.237010908167584,0.785213269136639,1.3487188298564186,0.7210081049303025,1.3893981898892416,0.6636171957800774,1.4062735557729564,0.8158356230899891,1.2391147781640985,0.8067452851953285,1.3490981458996,0.7301921057141305,1.3791202737285455,0.6662416224713664,1.3849742043015012,0.8163065496482724,1.239520961649591,0.7875425271214288,1.330917096951358,0.7150832741623596,1.355564243682432,0.6545298431567846,1.3599688250062811,0.7934949716495246,1.2400245396134606,0.7617833668058187,1.307172994809068,0.7046620649760053,1.3311389399298836,0.6566389373781931,1.3381451852508417,-0.821544581422142,1.02093360813001,-0.730425983067858,1.0919136591262937,-0.7319482848860172,1.1738979801229712,-0.7594609189713368,1.2478211355290654,-0.7717607967453914,1.3064722023554578,-0.9073925432418355,1.197940422822589,-0.93762079472976,1.2964866562093535,-0.8979820349929696,1.331076249231158,-0.8585270560247643,1.3432856359668737,-0.9768547236821467,1.1789208857788929,-0.99379772462029,1.2808843219845798,-0.9370116594361168,1.3146115447399875,-0.8860743006000054,1.3233070804962457,-1.0002018780222386,1.160027103291569,-1.0065663832888323,1.2476114202154718,-0.9570828982537445,1.2824900248215794,-0.9116652595319814,1.2968452619324204,-1.0026268046253959,1.1473152580687467,-0.9986869927376338,1.2132746423626348,-0.9617473847660598,1.2455691214409197,-0.925819550563872,1.2615511448677958
-0.04439050073174936,-0.3490301285203407,0.035270811316853765,-0.39516294296268034,0.07561708661319919,-0.39330622855795805,0.10729539900233863,-0.3909768009711232,-0.10200927544869522,-0.3966437627099611,-0.1438653787400793,-0.3952689023499889,-0.18196113634542002,-0.39369238336733964,0.17681333829475074,-0.35795571451535146,-0.2205796020550541,-0.3616399485288211,0.03434777073867976,-0.28153689030214274,-0.12980141537936238,-0.2824700977581483,0.49999096197164417,0.0030063177925552043,-0.49999096197164417,-0.0030063177925552043,0.5741762072951003,0.5304847775206638,-0.6586817472575579,0.5101193642334135,0.6942442532604257,1.0458991002719338,-0.7784682749652518,1.0224285247131681,0.7511126578625812,1.2062999614386702,-0.9109650788963304,1.163783011088236,0.6579430163178713,1.2207378607005492,-0.8125876640491559,1.1732701072166951,0.6105724544551225,1.1800873252621258,-0.7591698619070261,1.1327309410638762,0.7404884121379891,1.0754865905542117,0.6428967833200536,1.1241338664791654,0.6343073572122436,1.200094061900652,0.626196427281276,1.2749668677647061,0.6143397956993069,1.3355416855297007,0.8017553287391477,1.2292600870120372,0.7815237482130108,1.3470823044319151,0.7130812593921374,1.387046715527872,0.6529190862833516,1.4031223215876065,0.8385953800560243,1.229271228546059,0.8120398652096636,1.3473615671129027,0.7316310544551706,1.378656896012351,0.6643757584878742,1.3845236508916952,0.8404140797714003,1.228590754978371,0.7925780359132649,1.327811313961602,0.716554973742618,1.3526832281019021,0.6535596928608475,1.3560642279884878,0.8176567881068695,1.2293638997963232,0.7703961470634395,1.303963736081357,0.7114754523394047,1.3280316274059882,0.6618911227844184,1.3338185396484168,-0.8110530475154686,1.0383349074386157,-0.7275976021793038,1.0883671633642251,-0.7294645767359661,1.1724037772965172,-0.7614710274389714,1.2465831834376384,-0.7745875124050752,1.3041642754147316,-0.8871707198637815,1.2148545255353815,-0.9386218780954969,1.297172075141668,-0.8975116878501574,1.332912288409781,-0.8554556981441587,1.3448967055204586,-0.9576325040062156,1.1990164344246639,-0.9918701545453439,1.2828847202909828,-0.9341901453761374,1.3170610998552088,-0.8827434116958075,1.3258227099673952,-0.9824410792887233,1.1831476223709547,-1.0071762025725173,1.2543286654113217,-0.9561448184975441,1.2888287061322032,-0.9092107794627919,1.3020484455364676,-0.985167086301529,1.1731706454289375,-1.0009334597616233,1.2231241854935972,-0.9644055932838912,1.2573729457660552,-0.9284388172061194,1.2741701203295037
