pose_0_x,pose_0_y,pose_1_x,pose_1_y,pose_2_x,pose_2_y,pose_3_x,pose_3_y,pose_4_x,pose_4_y,pose_5_x,pose_5_y,pose_6_x,pose_6_y,pose_7_x,pose_7_y,pose_8_x,pose_8_y,pose_9_x,pose_9_y,pose_10_x,pose_10_y,pose_11_x,pose_11_y,pose_12_x,pose_12_y,pose_13_x,pose_13_y,pose_15_x,pose_15_y,pose_17_x,pose_17_y,pose_19_x,pose_19_y,pose_21_x,pose_21_y,pose_14_x,pose_14_y,pose_16_x,pose_16_y,pose_18_x,pose_18_y,pose_20_x,pose_20_y,pose_22_x,pose_22_y,right_hand_0_x,right_hand_0_y,right_hand_1_x,right_hand_1_y,right_hand_2_x,right_hand_2_y,right_hand_3_x,right_hand_3_y,right_hand_4_x,right_hand_4_y,right_hand_5_x,right_hand_5_y,right_hand_6_x,right_hand_6_y,right_hand_7_x,right_hand_7_y,right_hand_8_x,right_hand_8_y,right_hand_9_x,right_hand_9_y,right_hand_10_x,right_hand_10_y,right_hand_11_x,right_hand_11_y,right_hand_12_x,right_hand_12_y,right_hand_13_x,right_hand_13_y,right_hand_14_x,right_hand_14_y,right_hand_15_x,right_hand_15_y,right_hand_16_x,right_hand_16_y,right_hand_17_x,right_hand_17_y,right_hand_18_x,right_hand_18_y,right_hand_19_x,right_hand_19_y,right_hand_20_x,right_hand_20_y,left_hand_0_x,left_hand_0_y,left_hand_1_x,left_hand_1_y,left_hand_2_x,left_hand_2_y,left_hand_3_x,left_hand_3_y,left_hand_4_x,left_hand_4_y,left_hand_5_x,left_hand_5_y,left_hand_6_x,left_hand_6_y,left_hand_7_x,left_hand_7_y,left_hand_8_x,left_hand_8_y,left_hand_9_x,left_hand_9_y,left_hand_10_x,left_hand_10_y,left_hand_11_x,left_hand_11_y,left_hand_12_x,left_hand_12_y,left_hand_13_x,left_hand_13_y,left_hand_14_x,left_hand_14_y,left_hand_15_x,left_hand_15_y,left_hand_16_x,left_hand_16_y,left_hand_17_x,left_hand_17_y,left_hand_18_x,left_hand_18_y,left_hand_19_x,left_hand_19_y,left_hand_20_x,left_hand_20_y
-0.04720557692696928,-0.32745065189303074,0.01878106916459165,-0.3724749150450269,0.06139652885703247,-0.3733239656523843,0.08967373589354223,-0.37198934030280306,-0.11852314959592175,-0.3678462392968491,-0.16158844304351103,-0.3652337061453779,-0.20284545011870217,-0.36117825037297885,0.1538313602028334,-0.3431193025947532,-0.24062196765814858,-0.32897567895688645,0.044682882034114246,-0.26893305243948623,-0.12681051504972166,-0.26310746517422096,0.4999955443357153,0.0021108397456050558,-0.4999955443357155,-0.0021108397456050558,0.6754123529071544,0.4481416644558378,-0.633335560638386,0.4470576843258941,0.6837633975978292,0.9056618726102916,-0.6534751957284778,0.8958393604699784,0.7131029827925948,1.0414624197297295,-0.704127156407741,1.0340323202405224,0.6290300737295331,1.0383513161634728,-0.6171293081619558,1.031454139990939,0.5970590177212721,0.9933129491807896,-0.5875774966136904,0.991996457327806,0.6827998242341553,0.9220055930936826,0.5738004597233142,0.9398126867524975,0.5313005744465544,0.9945339379516928,0.5147854436788054,1.053736379126739,0.5067786294536573,1.1026794923767658,0.6450171880491729,1.0428631316002441,0.6239957881523885,1.122948107457053,0.5759718990391008,1.1573054419771758,0.5320808150606489,1.1735335110489333,0.7087655429570542,1.048573974128706,0.6808065054884178,1.128285802922196,0.6216695697661907,1.1577337954634697,0.5673040444795602,1.1659666044020625,0.7425767249561505,1.0475357307068471,0.7189002861297322,1.1168790276291416,0.6659409162338819,1.1434736137391395,0.6146616810789248,1.1531031048823366,0.7511967634339096,1.0436505283191697,0.7335263417423578,1.1004438337295808,0.6935106265532256,1.1276767189198131,0.6527513826232155,1.1398811665798652,-0.6896128227302737,0.9267551588191776,-0.574870429534365,0.9516141678214924,-0.5338846824112712,1.0083232532143724,-0.5192853675458033,1.0659162458247364,-0.5077425427420836,1.1107124298861941,-0.6597289046993028,1.0514549837714688,-0.631192561693517,1.1306401352304474,-0.590388674312744,1.1610768063028796,-0.5561730951670161,1.1773987665903536,-0.7308946443123611,1.0545620576718149,-0.6993229998877019,1.135437251013687,-0.6402469106960833,1.1538681369554584,-0.5967817524318896,1.1527893953911985,-0.7678553424470035,1.0499045698123766,-0.7399854785716422,1.1211397948796842,-0.6818891658235431,1.1399609539648945,-0.6374368660795364,1.14215107738729,-0.7796015555606708,1.0445749336790549,-0.765055382264766,1.0994984741069607,-0.720916379833854,1.1210956700379635,-0.679389359197323,1.1274022986713033
-0.045097498007781164,-0.26280972995853236,0.020771179861320647,-0.3005718309977085,0.06395706681652184,-0.3011666098937331,0.09267586586051686,-0.30074200225310305,-0.11680750341318091,-0.29713829361849187,-0.16028666212737816,-0.29499014818093905,-0.2015282448812164,-0.2921088879087912,0.15487404127251314,-0.27799263254025025,-0.23917858474212872,-0.26664194724612034,0.04669622141209512,-0.21516743988326922,-0.12526905889472378,-0.21112788278739678,0.49999952225975797,0.0006911873941386768,-0.49999952225975797,-0.0006911873941386768,0.6789028004571815,0.3608019530348156,-0.6372319424454101,0.3653957564326119,0.6802498719023418,0.7319997780083964,-0.6535694196129046,0.7283889310424355,0.7166747019739168,0.8425623564421847,-0.7022418423680452,0.8412456214824106,0.6280277123388174,0.84143991537478,-0.6165423533119215,0.8384185140687778,0.5934841881923415,0.804985031520245,-0.5818975088330435,0.8048699977207932,0.6891926705339704,0.7432409268387117,0.5769590807796574,0.7639079550420862,0.5371864722727026,0.8099953196298941,0.5250557789176551,0.860157112472467,0.5136862957815762,0.9008181965374868,0.6534123787834462,0.8480762661360246,0.6179316131334242,0.9156957918668792,0.5625092775940688,0.9432981602503303,0.5139255527730179,0.9581842887574281,0.7182937804169514,0.8513454577946263,0.6859697514981167,0.9198563723965544,0.6212223064881464,0.9450571435546448,0.562850196063813,0.9545768878824636,0.7530542733560461,0.8489729061933783,0.7285443049999004,0.9076560615722362,0.6708137762988147,0.9311369051239715,0.6159224912109957,0.9420055479275311,0.7623452682366264,0.8446667693439972,0.7434294103543286,0.8928660954138956,0.6995646430574421,0.9156234239559544,0.6549052332433533,0.9263675151849292,-0.691506890606607,0.7498610317424017,-0.5734300401558946,0.7737408013518652,-0.5323041058622732,0.8214233778718723,-0.5220030916860732,0.8696486316740294,-0.5099571162296114,0.9073345905121418,-0.6608758550758814,0.8580298897302495,-0.6319131367131401,0.9249370592222732,-0.5838981021079632,0.9498345743726788,-0.547698883191816,0.9617271985008883,-0.7323008899391933,0.8583173921790935,-0.7059031338858416,0.9256866660637797,-0.6390004427927957,0.9408125440444854,-0.5940637950770268,0.9392407983509764,-0.7682319681776698,0.8523143016633336,-0.7532200702636136,0.9132932100440909,-0.6907845710202777,0.9296985723818952,-0.6461297098181934,0.9315606102169597,-0.7807301893826882,0.8455916345276072,-0.7779132339682442,0.8925564395229317,-0.7322940670211864,0.9129561495247269,-0.6917637734695664,0.9195076608076311
-0.044430843166492484,-0.26636227304905313,0.021501795757603546,-0.30546390969819864,0.06493018691470358,-0.30604022729367025,0.09392586507110498,-0.3059361372789779,-0.11614205518760855,-0.30238254282258525,-0.15978996221433284,-0.30018951155258655,-0.20105450528937122,-0.29739512731635087,0.1550136703415375,-0.283260896281754,-0.23867346816238263,-0.2719843940121079,0.04734295799916217,-0.2177529082782293,-0.12473471243070736,-0.21422241693244226,0.4999999379733305,0.00024905153232880324,-0.4999999379733303,-0.00024905153232880324,0.6801063330206504,0.3671970174513843,-0.6387255421744048,0.37444400118616156,0.6784424300545232,0.7463657727790218,-0.6536007026177176,0.7441784542781911,0.7182342356951252,0.8599838463303546,-0.7015845034966421,0.8601542212696573,0.62731458808441,0.8592828559489238,-0.6163796691867902,0.8566776651857206,0.5909974636207799,0.8219357955361376,-0.5794484012580384,0.8214034998677837,0.6881997282884876,0.7589239516137576,0.5781418947207243,0.783693342567588,0.5392322514026593,0.8305622450023499,0.528473468941922,0.8821757702537086,0.514165770684402,0.9237341496790022,0.6610539950748555,0.8697570501957196,0.627909375897127,0.9383292667673538,0.5769370622869241,0.9644908931719358,0.531380004792428,0.9778930496399235,0.72448793313029,0.8732248691032819,0.6936231820922717,0.943466726475558,0.6343206511142212,0.9681937757284966,0.580072677976478,0.9772436422036267,0.7574043833232011,0.8709619404222873,0.7332970321099841,0.9305988819473953,0.6790697809059915,0.9546237646605451,0.6269625429242028,0.9663766110652239,0.7644646421797456,0.8670864986323301,0.7454261947609709,0.9157629884408772,0.7056059249256562,0.938577436180914,0.66438476128336,0.9498114287270458,-0.6923281750896214,0.7669216604262513,-0.5772072444231371,0.793150831925113,-0.5329714948472055,0.8408290993328739,-0.521157601616857,0.8906375575497861,-0.5097599687699875,0.9297972460150352,-0.6621438321620162,0.8798014425739391,-0.6344701450648523,0.9484307868372528,-0.5860992311378349,0.9709997535256907,-0.551190856598927,0.9801996642027906,-0.7337715871642345,0.8801000187742752,-0.7050903814310191,0.9498356239846982,-0.637619765138205,0.9638912204319248,-0.5926787866740709,0.9617460756093632,-0.7694979088024074,0.8744005233935195,-0.7513584745094392,0.9365176468506264,-0.6890726682119375,0.9515585279567,-0.6439905073420283,0.9523838550788448,-0.7814664195384354,0.8677049899060709,-0.7751183348336034,0.914585149856546,-0.7296693274222366,0.9339369873903208,-0.6900371489855837,0.9396892418745688
-0.04410454197137927,-0.2825588509731581,0.02181178382533367,-0.32480793116220485,0.0654416178712725,-0.3254479843886772,0.0945846853938025,-0.3255363419047896,-0.11576065796798439,-0.32184041165765104,-0.15959226994166947,-0.3194669707370396,-0.2007475614620722,-0.3164940635790643,0.15497746859472405,-0.3017470684279998,-0.23829751094655863,-0.2896337378578045,0.04752337329712032,-0.2308437535167862,-0.12442537361175346,-0.22749083720414884,0.499999951265418,-0.00022075909894533912,-0.4999999512654177,0.00022075909894533912,0.6806040711923831,0.3917406352960079,-0.6395491559307857,0.4005941661635338,0.6784017180905545,0.7968381164690016,-0.6535829190432855,0.7947750043854677,0.7194967382818902,0.9180229640553537,-0.7010439132238381,0.9187844190722568,0.6277409885498493,0.9175522627347633,-0.6162707507757424,0.9148385017063614,0.5908045761296852,0.877953908029087,-0.5781707257208666,0.8769855671207988,0.6898437001187092,0.8079374008710498,0.5779315772904098,0.8349117652563977,0.5385150395561944,0.885978997388836,0.5288183055784182,0.9425974880183249,0.5176098891922062,0.98924792187583,0.6649640600700756,0.9304415051918761,0.6306663697315641,1.0033619575440937,0.5782558347621016,1.031198346476879,0.5323370574251263,1.0454027151341763,0.7282220670581047,0.9338576366379923,0.6997878997424849,1.0085698429297483,0.6385351392413771,1.0343147448043133,0.5828503557752589,1.0431849773974458,0.760516561729966,0.9308646155739101,0.7382332601440573,0.9940987854280875,0.6818056240021028,1.0187559200768548,0.6284348494081078,1.0302951961749909,0.7662777716082413,0.9262657146133306,0.7481856630489161,0.9776714709690856,0.7078533201293675,1.0012494586375296,0.6657887176878221,1.0126684104759192,-0.6929999125153385,0.8172068585827144,-0.5774265058315163,0.8463330517446033,-0.5333687339557549,0.8981197151972572,-0.5214419608024954,0.9517791269792192,-0.5105642961521659,0.9937974360133791,-0.6633411776291833,0.9396980325353291,-0.6363031631800824,1.013661893766841,-0.5897930659983844,1.0379447660912624,-0.5552827739584756,1.0487699985226044,-0.7354525757258872,0.9400466137116992,-0.7062709983560514,1.0152704674900488,-0.6390999123570398,1.0311222009751888,-0.5935100638045951,1.0296339515117272,-0.771307522256628,0.933913847822023,-0.7533239932371915,1.0010632254175935,-0.6908447282797365,1.0176492960640817,-0.6448981509346472,1.01883996747023,-0.7829421674557703,0.9267430607064742,-0.7768235451780934,0.9770545846523255,-0.7306250587430847,0.9980561964546154,-0.6897293099213868,1.004258642661876
-0.0441392310430912,-0.3104040842509472,0.02201469208694465,-0.3575618956193938,0.06587409008337576,-0.35831233775126736,0.09513793448457784,-0.358482324114031,-0.1155719603358673,-0.3547454042840236,-0.1598756481603018,-0.3521626441974536,-0.20070208688181246,-0.34896944242965044,0.15510987875045212,-0.3326439998095576,-0.23805754694960163,-0.31954253919818887,0.04702968010887562,-0.2536641853015977,-0.12465749920505419,-0.2503177773668879,0.4999996339381823,-0.0006050303162968959,-0.4999996339381823,0.0006050303162968959,0.6810021925865936,0.4327843363307988,-0.6403269286949345,0.4430397168590734,0.6783540108763407,0.8805591960911672,-0.6535993035003761,0.8778553008629081,0.7209540746566773,1.0145296982442669,-0.7004900646573857,1.0151780691256025,0.628458564469903,1.0140977819603756,-0.6161568552009301,1.0107552463785558,0.5910727782296097,0.9704734429585586,-0.5770991391870509,0.9687698062691318,0.6891455679611389,0.8919341830601678,0.5782723972368273,0.9230732620156342,0.5401619750851184,0.9789223212180704,0.5326210188666333,1.0406674845055714,0.5216158104762982,1.0913267965065299,0.6659061431368777,1.0286030201399408,0.634054769370431,1.1082404396015126,0.5854462471565771,1.1387422682788149,0.5421714830421062,1.154544446803251,0.7293231862024945,1.0322982377080552,0.7031961625166315,1.1137447410069832,0.6455235349690447,1.1418717251605817,0.5920238343613012,1.1515174583364212,0.7617637541775933,1.0289626525032176,0.7412796787408554,1.0984195569257227,0.6876668820311416,1.1251624231488742,0.6360257425668688,1.1378301802365562,0.7677339058668953,1.0240328494008724,0.7499046246141143,1.080675244490272,0.7113785286843963,1.1066281507238513,0.6708198951478945,1.1195393695881086,-0.6948843970789708,0.9033741064084017,-0.5779919371452474,0.9352407905428003,-0.5335952186562888,0.9923113288543011,-0.5220147250537124,1.0518113217943654,-0.5088044846994544,1.0980356975341081,-0.664506578874993,1.0380928662891806,-0.6384104514024707,1.120433188068014,-0.5919705925471679,1.1474838567003753,-0.5574207594686853,1.1598287191316863,-0.7368995989610122,1.0396318783352299,-0.70692867590616,1.1235882620535151,-0.6388886016561645,1.140450075194431,-0.5929807049095254,1.1379421805970689,-0.7725451645355014,1.0339280018192716,-0.7517053836167594,1.1080223963464724,-0.6886044851990907,1.1258050351464246,-0.6430361047746977,1.1269726984794273,-0.7835545912280271,1.027066192498086,-0.7743035124999078,1.0825278178293167,-0.728097598403923,1.105281564829108,-0.6879688896663431,1.1121286790675318
-0.04386757615448239,-0.33040481871288413,0.022386848875536026,-0.38086954744864915,0.06634851569297448,-0.38169004317794664,0.09571643556269954,-0.38187920890307797,-0.11523460268631444,-0.3781893108824238,-0.15978943985288577,-0.37551766311874085,-0.20048895487331397,-0.3722067327559452,0.15536512580675732,-0.35461591083771565,-0.23774224254520326,-0.34095876048390555,0.04688760131215229,-0.2700543782508163,-0.12456372043073448,-0.2666273400017993,0.49999880939234626,-0.0010911490439823545,-0.49999880939234626,0.0010911490439823545,0.6811822990649707,0.46145234376643135,-0.6410914650969021,0.4733165550808656,0.6774606426848694,0.939304899952977,-0.653484973172192,0.9363934019257025,0.7217261368066894,1.082512684922173,-0.6997348108634346,1.0835827860981966,0.6283617397193159,1.0820690361587482,-0.6157261050046854,1.0786328789341924,0.5901481570388323,1.0354483797510035,-0.5759271231657134,1.0334916172557262,0.6897469444290335,0.9507795401496237,0.5781524528815916,0.9849877863646107,0.5396767849362922,1.0462331588446767,0.5333760179475977,1.1125075402998166,0.523601309633275,1.1667192136706532,0.6664377789579508,1.0997927194298867,0.6328222073898774,1.1840053981851257,0.5823891558482505,1.216727675525678,0.5375707507761137,1.234068361824185,0.7302672880173354,1.1024242861150384,0.704094573012311,1.1886800395293757,0.6453598737657451,1.2190585280872466,0.5912902466131866,1.2292446358333347,0.7630402634424759,1.097195295885706,0.7438660689727709,1.1703154831401352,0.6897551559778005,1.1994039547630573,0.637970164171105,1.2131284370874158,0.769431813664762,1.0899236551356724,0.754383922450514,1.1504149095455958,0.7167937331805979,1.1786858544080006,0.6768906243412878,1.19301261325632,-0.6943837322995103,0.9642639601411923,-0.5776169914724052,0.9982363854073608,-0.5337221575379876,1.0602439345871153,-0.5218736910121126,1.123760356114751,-0.5096586700732182,1.1721460644622588,-0.6643847777168926,1.1081204647888379,-0.6378281728070074,1.19687015197845,-0.5881668928001974,1.2248864017333627,-0.5512215382070739,1.2371603307394492,-0.7364715693080168,1.1102029843188717,-0.7064677106059967,1.2007264182853883,-0.6361884861872257,1.2168203497654566,-0.5899633971915728,1.212775766010181,-0.7722474624975626,1.1043863503402802,-0.7525878742562925,1.1850498389881212,-0.6864667728444508,1.2016122313278477,-0.6400888578022994,1.2004589990259817,-0.7835625205014428,1.0968905524473498,-0.7745841043189501,1.1565859111550107,-0.7258471937948785,1.1792030911833318,-0.6851845166946139,1.18424630879471
-0.043537532734537726,-0.2790314021621879,0.022942956473336083,-0.32175460806182815,0.06701152307953694,-0.3224183423324102,0.09646601928310358,-0.32250061380120226,-0.11472584913766415,-0.3198138268045653,-0.15954456027199565,-0.31763995800540307,-0.20012743628907886,-0.31492419207264855,0.15586719777302868,-0.2994592194553147,-0.23731018953394115,-0.2885513864081273,0.046636114520013525,-0.22806140112634476,-0.12462410601546849,-0.22536214331818974,0.4999983674292629,-0.001277719872194371,-0.4999983674292629,0.001277719872194371,0.6816745871799882,0.3900087949894837,-0.6416995849341415,0.400478534708305,0.6777268303796263,0.7937684540390418,-0.6531210630431359,0.791761640283381,0.7226348743147984,0.9150767927332273,-0.6986647047222193,0.9164159246232932,0.6286131852891758,0.9146721642444027,-0.6151561058614121,0.9121792579937413,0.5900636287824117,0.8751125968753468,-0.5751808754347205,0.8739575664617928,0.688642317464703,0.8051405780905901,0.5776373563222008,0.8346321632514581,0.539859051071735,0.8855105621393877,0.5326243491983016,0.9414268100083558,0.5197471913882549,0.9866709141960217,0.6665792833751248,0.9295436518387709,0.631494653000578,1.0010651016661,0.5813421005225751,1.0289331486598345,0.5375530554515711,1.0443847532849657,0.7310675256247904,0.9320566549367707,0.7019009936476881,1.0061993078526812,0.6423063178011531,1.0320939162122278,0.5882025858101122,1.0411493402996008,0.764426424268158,0.9278601820018958,0.7430632208303752,0.9903554558321751,0.6884472228421775,1.014880966466785,0.6364728744972254,1.0266275737361503,0.7713168012463976,0.9219188720713087,0.7549112830292072,0.9731313810462413,0.7166684015782019,0.9967909328839254,0.6765165591774345,1.0086782180846603,-0.6931842571855977,0.8158417904260784,-0.5780864162252765,0.8449902936930959,-0.5338329090441553,0.8968267021162073,-0.5215390955645012,0.9504885143605221,-0.5104919481318257,0.9916893840742694,-0.664093138977787,0.937277887649773,-0.6371268407991637,1.0124845968578033,-0.5871331021893216,1.0359557407516888,-0.5499503489444593,1.0460976506483006,-0.7363330268053666,0.9391806284460023,-0.7050170312678105,1.0156060678962044,-0.6350343083595523,1.0291714398497056,-0.5891048128714744,1.0258829137678034,-0.772152855862693,0.9341768723309846,-0.7519699178459768,1.0021610975905972,-0.6861870915718704,1.0162093321886339,-0.6397089352418488,1.0153308128621215,-0.7833029128564898,0.927687385002012,-0.774857597509597,0.9780725139494632,-0.7261708787802517,0.9972770253789258,-0.6847971279541948,1.0016145351174441
-0.043642523477060546,-0.29687852911640544,0.02312937267480849,-0.3424313933636896,0.06734766346494617,-0.34308535092263953,0.09684310377827747,-0.34306662274006294,-0.1145051397225116,-0.34064189640810616,-0.15955941681544816,-0.3384020631031172,-0.1999859940758187,-0.33558318496948475,0.15611713369581698,-0.3183748517401569,-0.23705881515036945,-0.30752473649558104,0.045865964121377695,-0.24265814731033342,-0.12506836512117103,-0.2399618623310161,0.4999970419787239,-0.001719887358608767,-0.4999970419787236,0.001719887358608767,0.6817905229940397,0.41501485373805935,-0.6420559616879237,0.42662384258479474,0.6776646659215736,0.8448860771848778,-0.652723343131132,0.8428743263891253,0.7229190412643887,0.9742406787218607,-0.6969652487090261,0.9755946498805865,0.6282778168024765,0.9737707542223114,-0.6141060921210881,0.9710385417090717,0.5895906340779657,0.9316315790093702,-0.5740201610261322,0.9303674266854504,0.6883282826884731,0.8566401138946299,0.5777216364055835,0.8880214770485514,0.541111414192639,0.943031117977494,0.5327374051082148,1.002855239555947,0.5185724112117424,1.0515055158767141,0.6701921256915048,0.9895918642136448,0.6328985576879261,1.0662612216041243,0.5815520234283432,1.0956285407154471,0.5373497039922438,1.1120309887822701,0.7331140128713673,0.992231200229617,0.7019230992457818,1.0717267932540269,0.6412709696369467,1.0993894655430723,0.586635477256499,1.109156977172379,0.7649129787614073,0.987530426402893,0.7420876322188259,1.0546113365219665,0.6865520399572255,1.0808758926504984,0.6340158679839978,1.093537099591792,0.7704883502939394,0.9809602741887794,0.7531649070553144,1.0354999906181725,0.7141849922275033,1.060306806168192,0.673357876224075,1.072685561539606,-0.6928336875815464,0.8687927933477979,-0.5766252029508616,0.9000059850663378,-0.5324013221868107,0.9551887661321619,-0.5208674947870303,1.0124475089054297,-0.50961807157023,1.056975865124213,-0.6641938555202611,0.9989217479031516,-0.6341477457359129,1.0781507509817008,-0.584566388340851,1.1039946874178748,-0.5477989623717304,1.1166797823471488,-0.7366026129177092,1.0005847340743912,-0.7041056988562007,1.0810664232426297,-0.634374424882155,1.0973673951365122,-0.5870752598980504,1.0957848637087904,-0.7721640875758461,0.9947543450720527,-0.7518198908830979,1.066484048756005,-0.6872272859897399,1.0831345496900158,-0.6397759368178714,1.0838806193306179,-0.7831674378593579,0.9875453325073927,-0.775164990918522,1.0404900957553145,-0.7274851373028072,1.0621956771537737,-0.6854079206025895,1.0684312064322588
-0.0434202986388245,-0.3121827336800892,0.02368361259259636,-0.36008909743688483,0.06809041472196996,-0.360714754125351,0.09764513758879956,-0.360590607915477,-0.1139072734709864,-0.3584088513655945,-0.159188787529769,-0.3561127998840305,-0.1994527997347366,-0.3532100906076572,0.15676302472605483,-0.33447275843916313,-0.23645922866269165,-0.3236989784102858,0.04546562791559887,-0.2551190037039494,-0.12523723411949433,-0.2524373450474246,0.49999551416368404,-0.0021179745497488436,-0.4999955141636838,0.0021179745497488436,0.6823229874620031,0.4361716246727309,-0.6421271909239351,0.4490816242206625,0.678329519122834,0.8878000556142535,-0.6519013096312313,0.8863062801658913,0.7237371979434744,1.0242336240451049,-0.695065856555693,1.0259308585451148,0.6286112489630563,1.0236765242109982,-0.6125766887589036,1.0210689511874103,0.5898141017424744,0.9792096638688165,-0.5724116919366601,0.9782518783727199,0.6896964394303308,0.9015387688093115,0.5779879234501315,0.935004566061462,0.5409607332322505,0.9923363915369815,0.5328093032568062,1.055569735789247,0.5183975458575276,1.106879012498799,0.6687528608158779,1.0401398194889908,0.6340589201812167,1.1214962988714268,0.5831260004877474,1.1521440274210615,0.5395090399597336,1.1686851276921248,0.7328514042209806,1.0427369380949052,0.7035510641922551,1.1270180408215302,0.6423794063746294,1.1558794712744356,0.5876115798419751,1.1657241149325719,0.7657658057191288,1.0376540806405992,0.7445283750011081,1.1088299676738875,0.6881356923491919,1.1367689968135914,0.6347816868458926,1.1499968508680993,0.7731956097601127,1.030709331607924,0.7568528242516744,1.0881483148645978,0.7179703504109576,1.114454042289296,0.6771290146438171,1.1273214199805581,-0.6907400935046867,0.9132097188164279,-0.5742648081720864,0.9453894216482321,-0.5302847532164111,1.004207583851846,-0.5180441476366996,1.0647143355562398,-0.5062273233321256,1.1111566787457443,-0.6624138230071587,1.0496617835247017,-0.6296128100924524,1.1353484022889444,-0.5777417538695805,1.1632564702686152,-0.5389164306126706,1.1766727048877414,-0.7346118931628907,1.0516453082317734,-0.7000786814156237,1.13832791132592,-0.6288646051439659,1.1549938614695856,-0.5808177328962513,1.1524697227408927,-0.7693208914363991,1.045756254337638,-0.748419405766906,1.1231066812861483,-0.6821507371994302,1.1404799129947314,-0.6337865138057042,1.1406721134427307,-0.779366047642949,1.0386713758988377,-0.7704889991772896,1.0960013919559137,-0.7221907099900317,1.1192431708162727,-0.6803407405661579,1.125804323138924
-0.04336359806329171,-0.2890899806535018,0.024109311609389287,-0.33337841891351294,0.06864512688953817,-0.33390656724220763,0.09824078912503523,-0.3336946937847662,-0.11335599357817702,-0.33193913097337036,-0.15865678921543014,-0.32984952085753233,-0.198913937528048,-0.3271843072249034,0.15723391206641596,-0.30926225061933155,-0.23587749644091477,-0.2998560740423251,0.04493712205961373,-0.2361936365197738,-0.12542199636342205,-0.23381743428758983,0.4999950615715759,-0.002222252019036439,-0.49999506157157575,0.002222252019036439,0.6826164456293763,0.40349894923963275,-0.6432526867200907,0.4156110020320094,0.6787368046411997,0.8215497527608139,-0.6511063938210241,0.8199239938462696,0.7241710270849242,0.9478661585341771,-0.6935350919189699,0.9493236841544509,0.6286406267713532,0.9472914855112704,-0.611332547051848,0.9447586811583689,0.5897828633666106,0.9061003822437294,-0.5710930749400877,0.9050919129719899,0.6934283504737929,0.8366090518821326,0.5838292908378407,0.8661341811254019,0.5461103309283342,0.9184059777640279,0.5361457433250152,0.976071661350817,0.5205234029672753,1.0232227640456928,0.6731611606907605,0.9638217093647959,0.6325487777609127,1.0387523347761065,0.5794743311066093,1.06760471694107,0.5346520473325658,1.083979176118374,0.735990361338205,0.967470734181232,0.7014649777435985,1.0453035700174875,0.6384984729294945,1.0720072557049638,0.582721050064087,1.0810263468261263,0.7680241988919624,0.9639607251511014,0.7419348106665322,1.0294399519826316,0.6848035048554565,1.0542940019270155,0.631876854048322,1.0660703325259582,0.7742505551139632,0.9589006994086038,0.7545303011974595,1.012023153556202,0.7146584940635321,1.0358612902777726,0.6737172197577317,1.0476445065314588,-0.6875199377872132,0.8424720938467296,-0.5720440545462137,0.874812153188602,-0.5291029747034153,0.9303308151868954,-0.5160739040714579,0.9860666544577705,-0.5054016982338171,1.0289609337310248,-0.6580573602381712,0.9725443451344395,-0.6316188955558097,1.0494290077026545,-0.583058950600476,1.0750034460122169,-0.5458134847939357,1.0860147245395375,-0.7303655661453817,0.9736968548594594,-0.7034344486391247,1.0515644911669855,-0.6349884355992447,1.0681328652697648,-0.5868301395433924,1.065801233694636,-0.7668259805538442,0.9678801514902976,-0.7499485158952259,1.0372196252499863,-0.6863813623719881,1.0552183545516196,-0.638399942364715,1.0562860032343966,-0.7780436397379414,0.9607386109287548,-0.7740731088653562,1.0130733089539554,-0.7282128329609663,1.0357879673596944,-0.685940483710604,1.0426635727691214
-0.04327544395022522,-0.3013274283535694,0.024492923476856873,-0.34735101409698327,0.06907873207687347,-0.3478502563430637,0.09869503708768665,-0.34753693411837433,-0.11291525589128538,-0.3459201371840467,-0.15822571900545826,-0.34375400907656234,-0.1984778541498492,-0.34099437078093736,0.1576040327094426,-0.3217314482936589,-0.23542542787484638,-0.31251876729622247,0.04453170182315355,-0.2461763224771291,-0.12566073719188167,-0.24375674633631536,0.4999930850496316,-0.00262962022959744,-0.4999930850496316,0.00262962022959744,0.6826931407993253,0.41981651537877496,-0.6440220182180779,0.43266175775299004,0.67920499263441,0.8550387183247428,-0.6505810823107254,0.8526394877829347,0.7248608496940397,0.9865745660381255,-0.691897792521074,0.9878137099013837,0.6290071310731487,0.985874677432326,-0.6102493549002639,0.9830718289597649,0.5901620001852763,0.9429960368761852,-0.5699719053102175,0.9417295717799764,0.6940488362276105,0.8703112875441548,0.58354170250111,0.9012096643352414,0.546197877881275,0.9560280712260345,0.537592106648645,1.0161076562521183,0.5224002464421946,1.0655866028933507,0.6741995741366289,1.002828374432446,0.6374769796966718,1.081445900434568,0.5832673486441375,1.111365557029671,0.5367289068575891,1.127184550908096,0.7372304912969713,1.0068380075774654,0.7054902814898291,1.0885029167754374,0.6415710781508439,1.1156412331026424,0.585071972143907,1.1237953616489487,0.7698699340700672,1.003418009268395,0.7468011762194188,1.0727147319469357,0.6881989187004289,1.0982013731700886,0.6341005799855525,1.1091833462105916,0.7771265137666633,0.9980609161663627,0.7596907902196046,1.054020808045186,0.7188421691958198,1.079040275561644,0.6767415093733824,1.0907192306938027,-0.6880580928428396,0.876807734190512,-0.5697998354971785,0.9099943126831177,-0.5265998217532655,0.9670673994789728,-0.5154084421636741,1.0251279260132427,-0.5048736417546507,1.0700823989708041,-0.6570075306362663,1.012414058078322,-0.6284568269527212,1.0924923980890608,-0.5796123760017698,1.1201515617508142,-0.5430732542783002,1.1336711154063646,-0.7294538251740864,1.013273998729634,-0.7004605748077029,1.0944645648193565,-0.6304386515720815,1.1129736344215675,-0.5819020790142413,1.1121768620109784,-0.7650665750213951,1.0069145457832491,-0.7473129385261903,1.0789253713691636,-0.6833204145180308,1.0989622985729057,-0.6358016651220093,1.1015733171119835,-0.7757181411617315,0.9992731263318894,-0.7702174945671797,1.0535125556052602,-0.7240905835660896,1.0782002929741188,-0.6821507046822772,1.0866621244844363
-0.04251521035803647,-0.2606205543707304,0.02550095950215845,-0.30030712923154035,0.07010558223343198,-0.30070207340392513,0.09959539916445542,-0.30036161294762903,-0.1118628053148714,-0.29909969978144607,-0.15699917685112524,-0.2972664189812579,-0.19757017351218806,-0.29493475027122623,0.15840211771368562,-0.27784217911837367,-0.23462868530637668,-0.2703706287802773,0.045198249212509034,-0.21292796986162085,-0.12494186408138337,-0.21087491296550506,0.4999935807369172,-0.002533618336639912,-0.49999358073691735,0.002533618336639912,0.6832908840567403,0.3625455268588197,-0.6449900282076731,0.373710587732132,0.6800303582439634,0.7384028232202522,-0.6499498233676393,0.7361628813194881,0.725857478549621,0.852216711666832,-0.6898739844488987,0.8528758725699264,0.629449207438182,0.8514758670357767,-0.6084459280630902,0.8487210498333574,0.5906253854220543,0.8144383222542891,-0.5685730940865584,0.8131044336720751,0.6959622915514806,0.7496989463046165,0.5853473622127755,0.7769481692752477,0.5491918652810985,0.8260039346870491,0.5398359606313102,0.8783899858601419,0.5217941411387812,0.9203787697258173,0.6779613056222684,0.8654123161956643,0.6373309976401867,0.9341794699033765,0.5809179471349967,0.9604697459939091,0.5330491486634992,0.9745024413496524,0.7408662083334338,0.8681634509349379,0.7077506447244368,0.9396343695150937,0.6429366018378617,0.9631964425686698,0.5864316187850926,0.9708335363636378,0.7727763834029558,0.8644414850026864,0.7490071433841979,0.9246423925098752,0.6899036401094082,0.9475349268096733,0.6351750311211527,0.957931524578337,0.7791701438087849,0.8585937335271899,0.7627502608256551,0.9074308945358828,0.7217939686984354,0.9296957362540141,0.679320219234996,0.9404058455441343,-0.6856651618612172,0.7579736083778695,-0.5662284719425913,0.7859134605730226,-0.5224982349554146,0.8349183410395369,-0.5120052638455558,0.8852634707064262,-0.5015279189875811,0.9239139343457647,-0.655958060186846,0.8728813557634341,-0.6257213768519163,0.9431268510394879,-0.5755831219298194,0.9675588223189099,-0.5379413061054572,0.9793557603911002,-0.7285033337682243,0.874337602552901,-0.6969493688055133,0.945806679901484,-0.6262059047205469,0.9617730031781379,-0.5780188781997365,0.9610950951899377,-0.7635794787175916,0.8697680005583667,-0.7433636711892573,0.9334096677212202,-0.6786436139344505,0.9503920160567322,-0.6313257263870312,0.9523264809010851,-0.772934813066216,0.8639430134004986,-0.7644548910037828,0.9112867682188899,-0.7179372500491868,0.9326609560098081,-0.6762418476138863,0.9401738503659502
-0.042029961477984275,-0.25231535465687693,0.026319869036331267,-0.2904733701996936,0.07085412567165505,-0.29081927607976465,0.10005328710052325,-0.2904708612894732,-0.11102329591308199,-0.2894120202438557,-0.15585501919073766,-0.28771882957540335,-0.1967900320678651,-0.2855862558880212,0.1587257034071547,-0.26866665095683623,-0.23395717214731435,-0.261986151433069,0.04556022581164551,-0.20595805864845576,-0.12450643609025507,-0.20410583544506197,0.4999939382718112,-0.002462050252138538,-0.49999393827181154,0.002462050252138538,0.6826279672304517,0.3506767751866614,-0.6448125345759553,0.36163520943405836,0.6790198302571917,0.713626410778472,-0.6490652016101974,0.7120880441503976,0.7248337977371048,0.8238276214363209,-0.6880081343129965,0.8247287248684011,0.6281520082782355,0.8227732316830301,-0.6071172743403996,0.8207130117291023,0.5891534359734977,0.7867813768515145,-0.5675390468384157,0.78634757818114,0.70008375218293,0.7226884326295602,0.5893084971592285,0.749176211815662,0.5536439683788562,0.7975421737196102,0.544116142609171,0.847311830425606,0.5250915033069471,0.8865685058472162,0.6788303363669826,0.8367319988237336,0.645092214788159,0.901970948488319,0.5930434194549389,0.9269885062852375,0.5490181283586605,0.9397216303169577,0.7399930809226799,0.8393527578804626,0.7090291863815029,0.9061962770299071,0.6482739335006596,0.9293975456923956,0.5949789479027068,0.9378245704599467,0.7712616250875869,0.8361101128194132,0.7466921802085572,0.893607374869569,0.6896497306013423,0.9159695344621988,0.6360464468811718,0.9269651976999637,0.7776163973286798,0.8310154064201456,0.7576068914659102,0.8777984887727533,0.716224253430563,0.8995060655956091,0.6736567655113088,0.9103976495255192,-0.6809575250009371,0.7317786190211875,-0.5625046890031664,0.758142571348022,-0.5194553712523696,0.8061187619093352,-0.5076889636292754,0.8553021429496234,-0.49350280339973784,0.8929077935810024,-0.6547606217652018,0.8438840116037699,-0.6189915407000391,0.91200432325766,-0.5667890523680211,0.9344417501569032,-0.5267735751253924,0.9449951977351669,-0.726735577573861,0.845431766412024,-0.6870460708679997,0.9143743531575195,-0.6135968936391213,0.9292814883615529,-0.5626360349487265,0.9287136653258538,-0.7618131541600113,0.8409765893212077,-0.7331156612732128,0.9027610124099974,-0.6652045627020532,0.9177621912810039,-0.6149613180579737,0.9187676977512899,-0.7722914137857633,0.8354276892394509,-0.7592133709563118,0.8814007982537924,-0.7090728543477789,0.9007075907934411,-0.6650322851640832,0.9068971532398779
-0.04114616307224302,-0.2963189672900625,0.02759402463777355,-0.34049545285036864,0.07176169497447629,-0.34077116296034154,0.10044501665667434,-0.34032909891382246,-0.1098620770708551,-0.33939355921717324,-0.1541078107517469,-0.33742855659959825,-0.19553505884361339,-0.3350369228846545,0.15897748193501673,-0.3147115394924087,-0.23308546473699027,-0.30759278398467005,0.04607737324217308,-0.2414413884057623,-0.12349888859252489,-0.23940423911792655,0.49999304144499923,-0.0026378981366606837,-0.49999304144499906,0.0026378981366606837,0.6821495815692848,0.4104055763330592,-0.6480033072879803,0.4228305206090716,0.6748727103578331,0.8330093367383584,-0.6484327126615631,0.8328175137016808,0.7206581722771741,0.9624111121786016,-0.6872815911734645,0.9644662507936678,0.6252285260527416,0.9604646669722748,-0.6065097338438247,0.9598174299146598,0.5850039093057311,0.9171181521619766,-0.5669980576533784,0.9196819153343142,0.7048729663545538,0.8396292197977978,0.5901301068945042,0.8691531142869531,0.5525607834607836,0.9259711734953932,0.5397542924146772,0.9855370550979385,0.5212032509249522,1.0330635321112194,0.6776658965856761,0.9732225084827189,0.6425836599017086,1.0529856705314957,0.58844462242654,1.0820802828645324,0.5430689645739201,1.0957131631237298,0.7393740014978442,0.9759979776323571,0.7069073996690968,1.0569531693118206,0.6453029993455595,1.0845184994689359,0.5921996402236607,1.0943048828436002,0.7709735873812048,0.9721821572847853,0.742287530632933,1.041550139253154,0.6848215132011902,1.0684337685889078,0.6317145073245263,1.0815334073167289,0.7758971621583455,0.9670595543349311,0.7525932595989175,1.0231582298154953,0.7105183706529984,1.049431547554791,0.6674301397267455,1.0627921262081224,-0.6760719228700972,0.8459154481774486,-0.5585639116094608,0.8799376212808944,-0.5152418325339001,0.9378318209803895,-0.5047455606314427,0.9964639618190088,-0.48991648822377964,1.0412759440338952,-0.6485889533110274,0.9800014550671426,-0.6052053352488068,1.0587619488245001,-0.5521877888249725,1.0876829168094289,-0.510091247272636,1.1030130427524776,-0.7224866779085791,0.9819105960896338,-0.684576382904328,1.060785653457248,-0.6140898555062059,1.0785806959535367,-0.5637270325902297,1.0782536689206224,-0.7597086479509301,0.9759082203575445,-0.7362587612398144,1.0469427714728032,-0.6698849754890452,1.0654992359142852,-0.6201859759013914,1.0671809539683166,-0.7720547362079508,0.9685539940244272,-0.7653815168711988,1.0227467476252678,-0.717072272732282,1.046581091314803,-0.6728210689192428,1.0540574557117477
-0.039709578446492595,-0.2903867032584425,0.02998420247164985,-0.3320191291114288,0.07338121202862845,-0.3318677023861595,0.10114580130394875,-0.33128496677228936,-0.10811782247055401,-0.331669781775583,-0.15164630221326175,-0.32970794196294645,-0.19367358383001193,-0.32764181250638963,0.15984279613222324,-0.30578251937039574,-0.23204624491988982,-0.30132351686804804,0.04679187963024352,-0.23561258776456287,-0.12248168077812552,-0.23408830503064748,0.4999937620743489,-0.0024975761728808863,-0.4999937620743489,0.0024975761728808863,0.6820578677357647,0.39819775362245086,-0.6515024421174539,0.40971610833899175,0.6661629627851979,0.8043080590085416,-0.6468118957683661,0.8047033489188017,0.7165458924365626,0.9311917097148742,-0.6869019858442659,0.9327245377676306,0.619637555221177,0.92678655190974,-0.606037454387721,0.9285941165574936,0.5770958993509019,0.8817576834154583,-0.5662369632824659,0.8896778157038766,0.7042902280517993,0.8060066478697846,0.5881095464351268,0.8339864107692424,0.5464093453237745,0.88952069209938,0.5351532644828491,0.9477279124089375,0.5111767026559687,0.9930416248645874,0.6681101797821524,0.934554706161996,0.6294595401366596,1.0125900065075453,0.5819286248956483,1.04594413176198,0.5419190802454943,1.067178789656238,0.7341961636104545,0.9381178284632662,0.6951069102604055,1.017657472465435,0.6350612637348491,1.0484312789704688,0.5817540908189262,1.0636312878302687,0.7683465127215627,0.9349477908286842,0.7352996473357352,1.0036488464453452,0.6810797022117855,1.0300849388444848,0.6294201218660685,1.044184531161915,0.7758437310772603,0.92941556978802,0.7492206766901613,0.9856928344315845,0.7070718364181484,1.0116059165635924,0.6646231438681118,1.0254364691652529,-0.6587685053545682,0.8050953309637039,-0.5459372374817794,0.8402048301013576,-0.5058208305836062,0.8996561753260525,-0.501112283983786,0.9577544198490995,-0.49508060502949425,1.0023835879459773,-0.6346994359099996,0.9302566864403957,-0.607526006767911,1.0069337405159628,-0.567690768343204,1.0423280836149846,-0.5350417312836907,1.064118095348762,-0.7102442097212842,0.9321283869220316,-0.6940640349742998,1.0107664538438956,-0.6331802375333094,1.0367570870415148,-0.5859566936624001,1.0441610085638149,-0.7532345047522198,0.928466396200622,-0.7477718843574755,0.9981419857057577,-0.6894200842109688,1.0219534707137612,-0.6436116106840315,1.0283336079078143,-0.7711038549271146,0.922999964926519,-0.7809635492286254,0.9771306087231529,-0.7391014597863186,1.0026393962003157,-0.6950747832306174,1.011709011700578
-0.037232804587967905,-0.3156670653064363,0.03238891077445442,-0.35908258241357743,0.07488664393577847,-0.3584983714943241,0.10176290500889297,-0.35769212279223206,-0.10620684428734586,-0.3593885033373906,-0.14910510171953545,-0.3572181384797136,-0.191631435618267,-0.355010041063936,0.1607123292733701,-0.3294331107356836,-0.23121747697491687,-0.32664912138984026,0.04855482239785461,-0.25517097979232783,-0.12022997954840502,-0.25383558395655703,0.4999961542557625,-0.001961053147583406,-0.49999615425576266,0.001961053147583406,0.6821949299404502,0.42682123933570665,-0.6568751870864045,0.43108412708080573,0.6617420982264361,0.8529846347942917,-0.6347499528905993,0.8445129327338124,0.7105543272609582,0.9858947481895105,-0.6819723911350452,0.9836470365395065,0.6103694764845595,0.9769462888201169,-0.5983732333231192,0.9801354327465104,0.5680517798375933,0.927464544990307,-0.5524683661011538,0.9332898181332938,0.6930050971031884,0.8499640494345314,0.5722609879644148,0.8798801249087687,0.5267992612515241,0.9430923603926078,0.5157388661232606,1.0059692613837208,0.5055282889216306,1.0535051540283318,0.6473925043491522,0.9923974247377683,0.6243742662527002,1.0707139735186069,0.5975011957000933,1.109618122596464,0.574468372367035,1.1355046381651956,0.7192307198870732,0.9972234288223951,0.6923255162350681,1.0766002525823024,0.6498168441462896,1.1134365386335434,0.6096557114681437,1.1361452003326358,0.7614201120307695,0.9946320636904775,0.7359137237270278,1.0651362893395346,0.6956153986670548,1.0964705543990758,0.6565761897359766,1.1168986246337564,0.7773984666271867,0.989243339408665,0.7542922613224537,1.0481596092618262,0.7228745222010823,1.0782551372171088,0.6899535921319843,1.0970825943178732,-0.6305335660926357,0.84429901586899,-0.5163888207295251,0.8820600962182455,-0.4830268012002505,0.9456579762722783,-0.48896880380418534,1.010048933295523,-0.49709779426892375,1.0596160458000907,-0.6072559842577797,0.9638621033974909,-0.5992712508988494,1.0523478241754085,-0.572814885113968,1.0956158772956421,-0.5523865520395659,1.1222643726597177,-0.6874374109230929,0.9669335930482321,-0.6895940888390742,1.058728488882249,-0.6378443019943342,1.0940507189013584,-0.5956036336281944,1.1069501039213183,-0.7389414137415864,0.967065706519377,-0.7491124512783541,1.0491263946481206,-0.6977464384718147,1.0788043885746574,-0.6551161847622642,1.0882904131025026,-0.7638906004281064,0.9659145168727589,-0.7880937750516515,1.029088920762912,-0.7540081910501161,1.0576228556049914,-0.7131041228823417,1.0681485557101076
-0.03506042418989472,-0.3159296745713297,0.03449510846898734,-0.35786755847855767,0.0764945261713296,-0.35689000500141255,0.10282270685894077,-0.35590484448861903,-0.10417752310078421,-0.3589872746089228,-0.1466893795182197,-0.35696755724795715,-0.1897398276406652,-0.35488846549186626,0.1617338584165182,-0.3270976920371076,-0.23032881117064238,-0.32643578114303257,0.05033856691950181,-0.2545086904786801,-0.11795969196611523,-0.2538737499837218,0.49999822887222384,-0.001330836067773844,-0.49999822887222384,0.001330836067773844,0.6827989487952454,0.4183710550378827,-0.6650082917504944,0.41103866301426345,0.6504000767014612,0.8325296893873377,-0.6015135146457206,0.8023329192289518,0.6954684164345558,0.9599876463211089,-0.6431121863147974,0.9382508877303679,0.5920572101998909,0.9493717810921944,-0.5479121052724156,0.9332000136452216,0.5505909023531437,0.9027165471562975,-0.5000878799511961,0.8864685117674999,0.6701116651453364,0.817907781359208,0.5457835488267038,0.8512975306364754,0.501371203740254,0.9127048813405605,0.4898186629192209,0.9707183086334435,0.48140311042584166,1.011670636857195,0.6148315535939266,0.9582564035587551,0.6085705963309799,1.039050630386944,0.5891251059941175,1.0827053333265952,0.5711466956069072,1.1141123137017603,0.692462307261682,0.9589009269427767,0.6874973505645648,1.0419693610518026,0.6627682710333469,1.0851435364408897,0.6362907099491806,1.1165586178150566,0.7437778996341867,0.9532521596142063,0.7395324356727698,1.027540493902333,0.7130834258876395,1.0659805245087222,0.6817975976354643,1.092609496155373,0.7722551937028151,0.9442290298232437,0.7672726494054919,1.006280706326009,0.7466524444211038,1.0412586465783735,0.7199585786954432,1.0642552093066138,-0.6081167448815079,0.8134036259140336,-0.49625583879981666,0.8434516143102588,-0.4408616362574601,0.9027851092698032,-0.44040675696122283,0.9642922405713533,-0.4520028099619862,1.0117599454315598,-0.5740795992490537,0.9203184373051554,-0.557032646441585,1.0033139624231624,-0.5423631032022235,1.045375337168837,-0.5343620013656469,1.0770127020522084,-0.6589974438671001,0.9271710921195764,-0.652554900342286,1.0122122182782873,-0.6256417606400307,1.054364087110376,-0.6052157044890855,1.082404015680785,-0.716084395826687,0.9295693829948847,-0.7229323677978087,1.006232297917338,-0.6905176211817607,1.0425443343956111,-0.662669940359468,1.0644597101350817,-0.7478444040532476,0.9295822260420832,-0.7633958398172248,0.9890631196663976,-0.7391354584109773,1.0189313054018443,-0.7087915946165888,1.035393918471527
-0.03238003211310426,-0.3103724988482832,0.03668287225233284,-0.35108165979897543,0.07832996514459196,-0.3499422403938616,0.10440250680569921,-0.3488672779056071,-0.10196585386358847,-0.3526760692054487,-0.14441370696708652,-0.35083520688157244,-0.18759563800353699,-0.348886819142845,0.1633737014264085,-0.3202125326084529,-0.22934928505182026,-0.3202326571662053,0.05262268654736085,-0.2495824319636608,-0.1150159881918614,-0.24924605046692927,0.49999454986564634,-0.0023345459193684095,-0.49999454986564634,0.0023345459193684095,0.6863300417562476,0.39940305624463407,-0.6749954293399617,0.40086621853533055,0.6503763780265114,0.7785598351894593,-0.5673024041644426,0.7531861705666383,0.6988855585667187,0.9011703074275944,-0.6084742426059623,0.8826113819362459,0.5915289237160237,0.8929659043902605,-0.4961959514905701,0.874720027575061,0.5485083133803065,0.8532975816777209,-0.44832254408130634,0.8362743446610462,0.6408094188566116,0.7707188408326983,0.5253713960048418,0.8104270237803998,0.4707457777601323,0.8741639286845105,0.45223514394589226,0.9332587689337261,0.4498730789129981,0.9793389507423463,0.581138404036983,0.9005562653659307,0.5884606223199768,0.97865938234288,0.5829786974284435,1.0246367053007657,0.5770052485268636,1.0606631636007147,0.6628475681070539,0.9042626839154665,0.6651633450979761,0.9906079253230248,0.6522379822491765,1.0414268085517866,0.6359691103884485,1.0795178325929469,0.722582744569019,0.9024147245253297,0.7214046909859664,0.9778670386439314,0.7009703536452276,1.0182316516106882,0.6753959813071233,1.0463403116861254,0.7615261116829395,0.896611074285767,0.7640556844320778,0.9602709808819555,0.7463383634955907,0.9948449711006416,0.7235811455535283,1.0179009088789308,-0.5429238444353949,0.7615537089078784,-0.43549869411663295,0.7923625596452295,-0.398190876010501,0.8571939682748327,-0.40887023765441965,0.9124200324312923,-0.4217942256108836,0.9534319367290429,-0.5116260244521025,0.902168952148527,-0.5279374034008787,0.9608924116701371,-0.5303337261678064,0.9929161245991521,-0.532841300639572,1.0166296590375257,-0.5742264765418625,0.898957578275684,-0.581677247258253,0.9593960001101105,-0.5758108108101425,0.993504500558175,-0.5726181962320676,1.017162619547665,-0.6227112527431093,0.8877922403064263,-0.6298069575137811,0.9458337981465118,-0.6193247783456874,0.9758079172275227,-0.6140792203615492,0.9977219078784683,-0.6610881642146826,0.872349218563704,-0.6812228896005794,0.9157852084798085,-0.6796531062761865,0.9406931888918363,-0.6784657721698671,0.9590329803098805
-0.03037979675225487,-0.30186928973499233,0.038122765503152585,-0.34120718455744276,0.0792308821426477,-0.33992777097766563,0.10498372682546997,-0.3387448722363393,-0.0998300292772618,-0.3426975289961304,-0.14225641863916058,-0.3409610196260065,-0.1852061603164713,-0.33895059375657,0.16405329492990287,-0.3101340476234858,-0.22902604710720864,-0.3107145573829212,0.05430228860097798,-0.24236235098804879,-0.11301678228833886,-0.24233914575211116,0.49999326121531257,-0.0025959081794300165,-0.4999932612153129,0.0025959081794300165,0.6908611158934023,0.3792415134116912,-0.7041471333106778,0.3836938878237553,0.6298619305486727,0.6972879308407891,-0.5192167394065583,0.6763399487107817,0.6708110861112669,0.8374344851996973,-0.5452765791069264,0.7921994295611319,0.5523556380634158,0.8257602625028506,-0.4210113452455681,0.773724083714339,0.5049120828452636,0.7884784462997222,-0.3829581108357488,0.7379266448892284,,,,,,,,,,,,,,,,,,,,,,,,,,,,,,,,,,,,,,,,,,,0.6283010754013891,0.7067221379052899,0.5477706116904597,0.7387267993104571,0.4959256059884495,0.7967857313348932,0.46506438261725913,0.8434403791213486,0.4467132349666916,0.8800137252640142,0.6113522819111517,0.8338616365872935,0.5973110268448667,0.9083030863226952,0.5789359545170231,0.9560702594206743,0.562928275014632,0.9936061019208832,0.6611846241373205,0.8377299967757192,0.6524245115347329,0.9187907163835153,0.6369049874667613,0.9722309540191261,0.6193997151848837,1.017193040310866,0.6872068514844712,0.836178561001604,0.681708776610473,0.9130045618389059,0.6702861234810382,0.9588315877820025,0.6544045086242938,0.9957621998428587,0.6950858918373763,0.8302084694439708,0.7025848978935513,0.8893933763452494,0.6988206719871399,0.9265592610839385,0.6866901704732994,0.9565565275076283
-0.030577594216824395,-0.32202942108596894,0.037532361520768734,-0.3642786188669039,0.07856745919482472,-0.36288081043696563,0.10431315475759624,-0.3615702954118384,-0.09957315892081099,-0.36567875647121645,-0.14175465060887915,-0.36386098777474524,-0.1843890301613487,-0.3616891845733792,0.16345500887089898,-0.3306708605515556,-0.22887990424193796,-0.33130439598136746,0.054056660923383175,-0.25837966788543654,-0.112634421882425,-0.25846868285391555,0.4999894123051214,-0.0032538566009089644,-0.49998941230512156,0.0032538566009089644,0.6992444001864712,0.39205027634784356,-0.7513063378302469,0.38739172506232444,0.5986512064229759,0.679871619740599,-0.5055677692649406,0.6276130482572009,0.6148173441251934,0.8164539999762448,-0.48496528954850693,0.7506922932289208,0.49841963151914725,0.7884538808697207,-0.36852251863330554,0.7196042965127701,0.46269426952961246,0.7445082339966808,-0.3494859015890065,0.6828387853565658,,,,,,,,,,,,,,,,,,,,,,,,,,,,,,,,,,,,,,,,,,,0.5476643300736029,0.7087047731255169,0.4505365927625972,0.7556937394897186,0.39992608581911143,0.8222414919541461,0.36285496696431424,0.8702520544526097,0.3145321775485894,0.8922645751219439,0.547516824611406,0.8477064566569119,0.5565010596456245,0.9231368700373435,0.5552723852409808,0.9702599158307444,0.5523188188377712,1.005512881401963,0.607727862848352,0.8420967920790664,0.6173359998922063,0.9265862760172433,0.6176393079988488,0.9811770599284815,0.6123339513827367,1.0249912603520497,0.6409336471617347,0.8318948057826931,0.649732808936353,0.914403276281295,0.6467430575994483,0.9646593654134942,0.6368311514943817,1.0040556283912543,0.6512412827646016,0.8190126486606482,0.6580083263201718,0.8788955192872174,0.6540249874089998,0.91754847183422,0.6430738592272989,0.9476912288282057
-0.033296896720869815,-0.3078718359382154,0.03507877157108792,-0.3487393456755749,0.07640140266169279,-0.3474240862915939,0.10224605928464947,-0.3461432057719257,-0.10246730227781821,-0.3497450004996392,-0.14454945708895095,-0.34799518447949945,-0.18738210056644014,-0.3458899903407261,0.16172521090260744,-0.31616882910367233,-0.23166799775717337,-0.3166541262166214,0.051822580294939836,-0.24664210469149,-0.11521587954754099,-0.24663012565378326,0.49998072730776427,-0.004390025147872709,-0.4999807273077645,0.004390025147872709,0.7101066654889759,0.36738223440709544,-0.7835705751217343,0.35753040110352247,0.5519941441635658,0.6130056826360346,-0.47487740846296517,0.5266964237872451,0.5559938931447809,0.7349678689788295,-0.4079217495182622,0.6136858582404568,0.4511696579855473,0.711328455446438,-0.30493290453010735,0.5911572813266279,0.417321101707103,0.6669734874876067,-0.3023026612600104,0.5657621109505185,,,,,,,,,,,,,,,,,,,,,,,,,,,,,,,,,,,,,,,,,,,,,,,,,,,,,,,,,,,,,,,,,,,,,,,,,,,,,,,,,,,,
-0.0322019673212173,-0.2844369901679414,0.035282057970318234,-0.32227412136849326,0.07639926777661768,-0.32106482209171305,0.10208619239104116,-0.31990821050089513,-0.10124257269827715,-0.32259087685935545,-0.14311841583848847,-0.32091080501653646,-0.1855696224095102,-0.31889653500183707,0.16156299951866723,-0.29190326684029133,-0.23064534649510815,-0.2918363732594791,0.052578574225955806,-0.22805307422283738,-0.11339065002299425,-0.22752709647048316,0.49997752418875857,-0.004740812807886084,-0.4999775241887584,0.004740812807886084,0.7197626546719238,0.33800328375351085,-0.7932503013570554,0.3390189153245524,0.5013551125960483,0.5191962357779317,-0.41442378021758425,0.4394141320863048,0.4975643741081694,0.6365903342099575,-0.31818337741084324,0.47585512951958214,0.38913889311299343,0.6068998341521938,-0.2541777801918692,0.43691874977197337,0.36054485688734983,0.5672161164426076,-0.27210527680159274,0.4245126878531117,,,,,,,,,,,,,,,,,,,,,,,,,,,,,,,,,,,,,,,,,,,0.4989972325556375,0.47821564574356634,0.3885861927112103,0.4993016892371762,0.33596980822764333,0.5539834153006442,0.3426940214421414,0.6052201219522825,0.37169460465788345,0.6445724287225221,0.38350134901480487,0.5874625735684424,0.39061800264010893,0.6522288665822616,0.404249814599906,0.696076889518863,0.4200956657424113,0.728130423300964,0.46839728700569755,0.5940190435953099,0.48409952854589827,0.6637464306979157,0.501504041072512,0.7118501081600608,0.5164089139995964,0.7512860319063157,0.542312756177565,0.5932218950906308,0.55008987522023,0.6606833520539492,0.5573885268439454,0.7037888922078257,0.5644129095653533,0.7393234096925158,0.6045521402925143,0.5859310342464592,0.6076585940570137,0.6349473055866205,0.6088428529513784,0.6662038706854962,0.6075684044517018,0.6932420042997641
-0.031214158652945412,-0.3020825861867624,0.03583617749887333,-0.3424335432836065,0.07694426946314406,-0.3412211560974899,0.10256964911980664,-0.3400153383095075,-0.10030436796004626,-0.3420672755354527,-0.1418579640643157,-0.3402307955265785,-0.18417011815086928,-0.33806194205557666,0.16185241619926757,-0.30983980767066693,-0.22905494894427428,-0.30865436453776773,0.0535221606699281,-0.24210807519344535,-0.11135651965503873,-0.24131527260990573,0.49996973478578766,-0.005501299685456176,-0.49996973478578766,0.005501299685456176,0.7158988245840334,0.3512842363265301,-0.8176353186053198,0.363204361636865,0.47952365831399413,0.4732280703379418,-0.3563557361292062,0.37919560961708737,0.4679387030674323,0.584430271939109,-0.24544368133545708,0.38404972837764734,0.3571913162113812,0.5619465544288359,-0.2064650714462813,0.3366066775558285,0.3304927080743797,0.5274619746572442,-0.236074699247676,0.32981810906639164,,,,,,,,,,,,,,,,,,,,,,,,,,,,,,,,,,,,,,,,,,,,,,,,,,,,,,,,,,,,,,,,,,,,,,,,,,,,,,,,,,,,
-0.029875906841223866,-0.29415196968293456,0.03614056930344671,-0.3335477495228226,0.07759105586896414,-0.3324007182999318,0.10336209384982904,-0.3312502631032413,-0.09896327563498082,-0.33275301744196856,-0.14010478428939435,-0.3309017580943339,-0.1822858544807197,-0.3287475233353444,0.16248040492736412,-0.3018893176117062,-0.22654869645699718,-0.2997532206598717,0.05476814853448816,-0.23568104672539722,-0.10953888819942643,-0.2347499109315507,0.49996858196352906,-0.005605091379982714,-0.4999685819635289,0.005605091379982714,0.7151155558876485,0.3443288250798397,-0.8341561194506261,0.35502550430968643,0.4541504859099285,0.4043292463876747,-0.28676656813655244,0.33181059178856637,0.4171422333894813,0.48868022904013253,-0.16823881808015148,0.3194217291830212,0.3189621125381239,0.4667738297494825,-0.14517971480990405,0.2633168646608911,0.30406898567431284,0.4359119807158686,-0.18547524816242805,0.26773786261509736,,,,,,,,,,,,,,,,,,,,,,,,,,,,,,,,,,,,,,,,,,,-0.2501681748727651,0.3594457619452333,-0.12870024030335847,0.3492660102193049,-0.023258965799028804,0.3371247842053254,0.05334106904347047,0.33398897944381845,0.11003891879577914,0.3398741426266313,-0.03265820513875327,0.2821128151041183,0.038195278170355576,0.2479411864240411,0.06062226077193006,0.2599315725111701,0.05756058103111419,0.27903845679134065,-0.08129487531619628,0.2682449808967788,-0.02180931468274997,0.23252719669656766,0.002156453922615534,0.24403989216872593,0.0005815072538650805,0.2635010189274141,-0.13489684240573657,0.26013904681546385,-0.07958104405527627,0.22783949894531655,-0.054727035931333025,0.23942715168173795,-0.05307608276935544,0.258939360427924,-0.1926956346963058,0.2586928343143474,-0.15979058119659423,0.2320176723792432,-0.1378659324184393,0.24252483003228634,-0.13368200528898846,0.25995896430156745
-0.030612307650788515,-0.3001527586514895,0.03486099890209789,-0.3404586424832426,0.07663513717553926,-0.33932330677273587,0.10259893968381228,-0.3381835254421014,-0.09951132499816097,-0.3395606272174298,-0.14041876844888637,-0.33765752345208827,-0.18252110957993428,-0.33541816054729395,0.16177047527991947,-0.3083784801151656,-0.22572114144609692,-0.3055175816814419,0.05425453221676912,-0.24040806975417447,-0.10981146494261447,-0.2394367490500844,0.4999641361734173,-0.00598853407511452,-0.49996413617341706,0.00598853407511452,0.7209427865903298,0.36807880739886506,-0.8303218819429286,0.36442885868629055,0.4224111698708487,0.3426224298458645,-0.2993301516427465,0.3239612299520159,0.33813332356478637,0.3708636573521049,-0.19692740893532712,0.3186605373570984,0.28604029418467997,0.32549771193830856,-0.17343542374265,0.25986163049505423,0.29366062846213514,0.31353880461923983,-0.20227298565711677,0.2612272871632451,0.5193622710002876,0.363901437881343,0.3685426470086884,0.37383730427928225,0.2535637413852954,0.39132618468666747,0.18605426568427103,0.4072055614324696,0.14737119323063028,0.41523018952611007,0.22795816660172896,0.3530577191007125,0.18460824047567825,0.39598065437279706,0.1984493590952066,0.43386812085503457,0.21346501370357632,0.4665523200345167,0.30144155551534146,0.3498538458035132,0.2686965044791343,0.4053571293359336,0.28056725557497353,0.4494527624451307,0.29978202014070654,0.4838121091238275,0.3883192562139416,0.3516843062442135,0.3639464265485358,0.40750294504271983,0.3684213971622401,0.4487441116792292,0.3812660583150359,0.4803626862553148,0.4792911523917635,0.3579182007153169,0.45977890006235345,0.404734553342719,0.4542575455745555,0.4394881413978543,0.45568723541484113,0.4680579664429017,-0.2271509463241876,0.339512955035634,-0.10701581620600152,0.3331646094931557,-0.002500749323547703,0.32511936128913527,0.07307034567483317,0.3290477760795013,0.12289805059928216,0.33122840004601145,-0.01623074142346602,0.2537894809264724,0.039176066966880516,0.2126194442120076,0.07435117659547565,0.18485020914061084,0.10523629640077321,0.16221538155381995,-0.06409981268033339,0.2470391378192475,-0.012952854208379,0.20886034133714657,0.027179694588004174,0.17952416705219873,0.0652362711557265,0.1564780723097565,-0.1201613012188187,0.2493565355454338,-0.07535465136831185,0.21785581719656566,-0.039010067414295406,0.2008724132564759,-0.00289187786047818,0.18903836165163437,-0.18234510173831558,0.2608116689751283,-0.1833347719745545,0.2358159333374962,-0.17495403780618485,0.22049613720182132,-0.16091148799013696,0.2105020048039094
-0.031236211624564122,-0.3237464098202054,0.03400996234879449,-0.36739417696095333,0.07618655609721713,-0.3661847942721859,0.10236969650454206,-0.3650006602964711,-0.09983853548818132,-0.36624858049463466,-0.14030436041563907,-0.36416101281058355,-0.18228237765283495,-0.36172118980191975,0.16166432098923633,-0.33287295070589007,-0.22456894693438453,-0.32938627720989067,0.05405400878462996,-0.2591178821263225,-0.10981815434693051,-0.2580606050449328,0.49995940341480744,-0.006371415628394086,-0.49995940341480766,0.006371415628394086,0.738438531535332,0.42614343448794767,-0.8257562319141829,0.407535439632697,0.38142830242845194,0.34484605398985946,-0.2877969492120509,0.33185778888675815,0.2690772058522414,0.3564903106750828,-0.18327744363125478,0.31841586472079236,0.23086731581592035,0.29750625033885014,-0.17177632418880337,0.24977207610097035,0.24527974158673294,0.288742595814853,-0.19721652643346704,0.25461390015947416,0.4728854267140646,0.3951801301215869,0.3471347824746505,0.4134199230966127,0.24488074989288025,0.4176046672866864,0.16852049680682113,0.4194027436534702,0.1128841389068372,0.4252181253763998,0.1918173827836127,0.3585979137751595,0.14915514995160112,0.3908700623598431,0.16154894435887082,0.4247319598732489,0.18215056789683,0.4513712943524604,0.2446277027414215,0.34641106531308063,0.2231959190662523,0.3911830646244874,0.23751457259565248,0.42508523741296494,0.25823410093715243,0.4497629411088574,0.31412143748326915,0.34227048081547146,0.3027706294277881,0.38719581239237993,0.3129899650703443,0.41354218002297277,0.32912039943075994,0.43294607155768783,0.39259317483858375,0.34253768784348587,0.38094450201626257,0.37962917175439975,0.3847482534755175,0.40080190430394297,0.3915683453668725,0.41494527247382407,-0.194387615567229,0.33494487849886,-0.07740823832571685,0.3300601214060157,0.017147966605006927,0.3217419482240563,0.07826724262051817,0.3284215105953537,0.12036799117368052,0.33718271180310283,0.038068369796983303,0.24493536311798325,0.13052711032787895,0.22037725858918214,0.2006471425154349,0.21603611548829668,0.2675842046752432,0.21780863647749688,-0.0012380578956581235,0.23418329577495942,0.06496169703265231,0.19023520183684875,0.12599846266907763,0.16847939779235757,0.18441902873688104,0.15464821411503799,-0.05707965749069405,0.23657834576209671,-0.011614829776860043,0.19000499899557546,0.04101851805867477,0.1675585864272644,0.09476334275565751,0.15107250568353725,-0.1220454340755157,0.2525997275198432,-0.12447179082206283,0.2146097165330891,-0.1137742856984806,0.18726137365819753,-0.09807858220726022,0.16357102753062597
-0.03187578151892407,-0.3035929286843038,0.03313622923884887,-0.3446322337761218,0.07543469657588181,-0.3435188485820854,0.10175256946020966,-0.3424306844602294,-0.10024531276051821,-0.3435133615549317,-0.14052901525853514,-0.34153562518873104,-0.18242041997126476,-0.33923299905684884,0.16113343245357623,-0.31252205460884386,-0.22369537620894922,-0.30879674822599645,0.05349142676176279,-0.24297427422618498,-0.1101505032852373,-0.24179937656984626,0.49996198346719156,-0.0061656376435614245,-0.49996198346719156,0.0061656376435614245,0.7556921320959847,0.4181673501541273,-0.8301471692145043,0.39516804265290256,0.3449856888921105,0.30409686880973874,-0.262808400578752,0.2958499632613128,0.20942028920386868,0.3041459632632195,-0.14171645343839848,0.2787312086507411,0.17319010851261457,0.24614096273932867,-0.13510185798577784,0.21624398078769055,0.1920169270789643,0.2413474188069204,-0.1707612785619621,0.2215613914178289,0.44848291085208464,0.34025503006195723,0.3182049630745646,0.3511514958801961,0.22365370566957463,0.3557257512537237,0.1543570910230527,0.3632306567091501,0.10203863828699025,0.37142500231326137,0.1869533251731468,0.29139372710340766,0.13894909340340583,0.3250207323559727,0.1289017868242909,0.3546918798215993,0.13061268963100803,0.3784122019435514,0.2438959450361676,0.282557495585944,0.20603980974518546,0.32334035435605063,0.20561047691526604,0.35420420825035703,0.2176765661539977,0.3773450232939675,0.31336406322490895,0.284591161123659,0.28193621130554253,0.3234685775169063,0.27213869837292654,0.35114745280755655,0.27661592806076785,0.3736623617011044,0.3866748250363058,0.2946697711050889,0.36205224285578924,0.32677215291799044,0.3506792850681415,0.34743148399723395,0.3462548610224828,0.3622073742767961,-0.14884510033817996,0.3084449046427177,-0.04096363253855554,0.3088251459981079,0.05050859674768961,0.2958484230431644,0.0762945101844645,0.27804157597478774,0.06928697187708029,0.2688021923569761,0.08127982198600249,0.22568320771025918,0.1792912264924467,0.2078992713868402,0.24986390096179958,0.20311265843609977,0.31358401020408705,0.20237893701564802,0.046142029318682914,0.21007020886703281,0.13484311033908286,0.17376466799073775,0.20599779482118796,0.15291810414282744,0.2689430386618825,0.13870939919641953,-0.009441878412003451,0.20622832722307718,0.059382470121607134,0.1633190047718134,0.11985824662614324,0.14052762672062483,0.17902650951228735,0.12444717166935415,-0.07965616328376059,0.21409903448875245,-0.08800749038981845,0.17706487416462227,-0.08178434545859496,0.152742519273908,-0.07041976769677188,0.13292289587645417
-0.03199237869813716,-0.32550833772928434,0.03282382902378425,-0.36971809656659455,0.07499482444291193,-0.3686548987841866,0.10127172738486677,-0.36759417931828786,-0.1003012051831841,-0.3682501070876988,-0.14047394526230852,-0.3660933521456464,-0.18190716036627638,-0.363591078576949,0.16124759177416703,-0.33592150085824657,-0.22270761563195862,-0.33088680086999095,0.0531728075811201,-0.26065626763485117,-0.11012772814382395,-0.259181772575119,0.4999519292302961,-0.006933142065827253,-0.4999519292302963,0.006933142065827253,0.7586753772666706,0.46009909849498704,-0.8317997824304036,0.43023187361183185,0.3106240861727372,0.3080793703525973,-0.25240009174701794,0.3200355952980437,0.17974862268274658,0.298765443858613,-0.10801665604700388,0.2983724241655434,0.14282773389793121,0.24080402302819462,-0.10336949994531419,0.23436535673752862,0.16427851025304246,0.23931393522709263,-0.1498877239906912,0.2380029057937738,0.41553358070907326,0.3385403585660599,0.2837376975811489,0.341681624741356,0.1923829529344921,0.3451438329045817,0.12274726839391381,0.3529094311595,0.07219939947877399,0.36305503936866623,0.17542054080282696,0.2963222368333827,0.11195561183684542,0.3183377419629281,0.07614431712974828,0.341030034025836,0.05685563264461107,0.3634172866317477,0.22808716344355362,0.2883556884148508,0.17041624628905916,0.3196613695051682,0.1637683125215026,0.34521281271408527,0.17385004899908826,0.3656519020174613,0.2941060619978021,0.28829125218561397,0.24340272608851257,0.31676690234890426,0.2314659335892819,0.3405632844166204,0.2382569520240209,0.3630317018882055,0.3671544534320942,0.29336890966002743,0.3349163772645884,0.31314257098070764,0.3204313477358718,0.3305998324708737,0.3173793334406807,0.34585345753169,-0.12617258691694633,0.33285303523040555,-0.012783491431236148,0.3270548072309686,0.07479005744324203,0.3029984084561717,0.1333703877228103,0.2827805089012337,0.18050371532542622,0.269808587239804,0.10420289934094684,0.24099464687302027,0.1915157314420492,0.22954812902294738,0.2546791278161317,0.23400662042283504,0.30576195911674664,0.2438310801176959,0.0741200359728778,0.22463651875464422,0.16161195321030952,0.18126567005566754,0.23470116046312467,0.16262707769615942,0.2964658124945574,0.1509815716830426,0.02152357985163466,0.21903965397157235,0.09158645467259924,0.16762759756922685,0.1503878324187762,0.14459216193299515,0.2061931456434684,0.12810671030396362,-0.04619926447478262,0.22525733704017611,-0.048366400996484496,0.18197983826304254,-0.03964878420650895,0.15212025485579048,-0.02533045748715381,0.12744004316301322
-0.03217586071192957,-0.28929272286704577,0.03183716744127841,-0.32888310262224296,0.07373878849742078,-0.3281197280185802,0.09998477081128868,-0.32733345769384875,-0.10067028141415152,-0.32725824203186415,-0.14083484080077874,-0.3253222203166004,-0.18167758769252515,-0.32305775074729143,0.1606612125549664,-0.2996811275855007,-0.22186457406599266,-0.2938669017436789,0.05328880920098578,-0.2318400946014985,-0.10888988651458387,-0.2301986828874556,0.4999636734004248,-0.006027045706935909,-0.49996367340042447,0.006027045706935909,0.7606867781397946,0.41269413092835433,-0.8296456434317376,0.3863769247955764,0.29916090056268346,0.27116970220829917,-0.23568852298509327,0.29023935518994487,0.1758776942794164,0.2576910188003841,-0.07061869116494204,0.26764081874174056,0.14835909488575455,0.20483574098459967,-0.07523716294984847,0.21107385949359628,0.16758016684205407,0.20522947382643103,-0.1269008165687161,0.21375458982305717,0.38020630983400516,0.28413309396613884,0.24867386278912407,0.28250648631270664,0.16063970095534422,0.2816009559469067,0.09464257100716864,0.28557469683728137,0.04355778538026975,0.2913341200696376,0.15422009039566364,0.2361480762392008,0.08120308471961879,0.25377318392771925,0.03723062892960525,0.27707569483576966,0.0100292112069727,0.301392973525803,0.20679238025177704,0.2322409076462306,0.13367811468382185,0.25522251065657164,0.09430044503444934,0.28051225981255745,0.07069398176362127,0.30658634832884724,0.2722810126003656,0.2375626456083586,0.21608836629714911,0.2585621596092375,0.18577508972699988,0.278836182689507,0.16457701022667245,0.3004565477291634,0.3439123508751964,0.24993093251978712,0.3211860324144541,0.26256771543732205,0.29844415237100663,0.27420333927455337,0.27690142958311,0.28621853554781457,-0.11457798826369736,0.30110682298778824,0.0013826923927562009,0.302310825283664,0.10142375951795042,0.2868750634531569,0.16895805345191567,0.27130211119761194,0.22325767898835341,0.2576855017591627,0.14223080630819576,0.22214233149327137,0.2400591536807324,0.20016427828109648,0.31150466835031354,0.18536922883776386,0.36876282537525656,0.17403612276083733,0.10523291457876167,0.20373582686643368,0.20536185887688183,0.1753951539150334,0.27768728950974425,0.15664346640911236,0.3399622261828163,0.13963415247158517,0.04384109772423394,0.19368377776110793,0.11671896454314641,0.15570409819048805,0.17332696779652043,0.13379629530319856,0.22903560310823118,0.11469602274277431,-0.03654935199262448,0.19467077643561,-0.03591887904624225,0.15565830674835074,-0.02136857036967572,0.12952353077862597,-0.0004029992227146388,0.10804752831759523
-0.03424803276296354,-0.344677426475723,0.029021306453420655,-0.39194442597431023,0.07070120633652968,-0.3910657919660029,0.09683927879677436,-0.39019286194876074,-0.10268602481733573,-0.389484799211729,-0.14262884468362397,-0.3870203459951696,-0.18312438735565773,-0.38399942457334885,0.15769686090032684,-0.35750504422846674,-0.22216934580387795,-0.34881413630359903,0.051792711737178504,-0.27622404908693443,-0.10910200472869258,-0.27417631629453976,0.49995366259925206,-0.006807000337392791,-0.49995366259925206,0.006807000337392791,0.7551715393045935,0.4966485313485402,-0.8264219954255307,0.4626042606760954,0.29096363568667566,0.320944106882789,-0.21691722658422377,0.33945048650944926,0.17422912568709156,0.30143799312982256,-0.028053756869486267,0.3075590336955612,0.15070435944684216,0.23823886904913905,-0.03432774144941237,0.24407010299191287,0.16866295424282926,0.23976666111751666,-0.09324213964689833,0.24752321142905584,0.3317425996738106,0.33350605028245905,0.21528069338188055,0.33520978853676986,0.1308650951288745,0.3376416631889763,0.0670589748440342,0.3519681142862284,0.014015121403491674,0.3695021828205494,0.12886326840349233,0.27490565930593,0.04132195094617815,0.29391420953059655,-0.0027018397967292665,0.3252348244694245,-0.030445700680258512,0.3556969887529449,0.18431455191388824,0.27189263571789174,0.10844873510846993,0.2953141005685514,0.06364015541269899,0.3315081177197487,0.034502758950943076,0.36404653475098964,0.25250077838863483,0.2809343390932672,0.19832187325306358,0.2989725526840403,0.15722931251952943,0.3262624203982414,0.1262520118354343,0.35342570338765006,0.32481022134381826,0.2973929859275327,0.31159247147869323,0.3052239075071908,0.28743117444237515,0.31648380525410075,0.26080164099539827,0.3280317545498016,-0.1251301690084454,0.3612695686393406,-0.011733517188674809,0.3659902793985809,0.09478256694729467,0.3528998392882961,0.17692214059353567,0.34534951019218985,0.23996943418338454,0.33698460729512353,0.12254077539438472,0.26030410033191953,0.22252097498066878,0.23468879276388827,0.29573727504853387,0.2239619987972996,0.352866540278226,0.21633839535443317,0.09018314800010299,0.23843214659253947,0.18056961008542602,0.20403795800667385,0.24607762469549738,0.18429216693683453,0.2971893395765245,0.16857196756123632,0.03421922376629002,0.22817329927756622,0.10609892303196318,0.17635561183033502,0.1625458819056551,0.14385076059266985,0.21524266095148958,0.11864997960608596,-0.04027742554504448,0.23323251996809696,-0.06043666330432738,0.1864234851367611,-0.05898049947246223,0.15402229296749173,-0.05124989558246292,0.1283583917832707
-0.0345120055496028,-0.3032413985659484,0.02842793192437606,-0.34482508698156633,0.06953172673105211,-0.34409867446258163,0.09566072000403772,-0.34333710983552596,-0.10311236215175917,-0.3423449319280481,-0.14317654605704838,-0.34010388846679335,-0.18337570455960214,-0.3372840906547974,0.15800740495883675,-0.3146496096391599,-0.2217952190240428,-0.30604922148398606,0.05215440006993744,-0.24300130822197497,-0.10823379104628465,-0.24113699106177833,0.4999642416552196,-0.005979721241096846,-0.4999642416552196,0.005979721241096846,0.7529708889240144,0.4382855611720125,-0.8251041970956139,0.4082202721683672,0.28215065973105563,0.28276104645864264,-0.2117786054505916,0.30189036012662435,0.17165312105537536,0.2621539922475204,-0.023443180418501974,0.27172946511476387,0.1483968503714371,0.2076662933028876,-0.034374874083248255,0.21503181880447766,0.16391064213877943,0.21077416457196024,-0.09193694227984127,0.2191722349622746,0.32571215010609,0.2981062936358114,0.20975410001104863,0.29741619208560344,0.12016070951693368,0.2951334296389457,0.052782389533408906,0.302745406183935,-0.003055772663134034,0.31449760574327024,0.12128931964813974,0.24790695873239546,0.03152383370452683,0.26699976828814953,-0.01147868701791638,0.2959096731682728,-0.039075713505221,0.3236207366484127,0.17661051437963426,0.24647170974846164,0.09420767135392268,0.2718776061416347,0.0530418949407654,0.3056686323139091,0.030777556999381818,0.3352398603700504,0.24406648165039915,0.2548060427999658,0.1855712837738104,0.27407403346572234,0.14571892711704573,0.29821039795586796,0.11825653466872828,0.32185366721576425,0.31486582304953786,0.27012830590647274,0.30143738313396184,0.2772089448179266,0.2752366455838768,0.28478055438166944,0.24739986606930314,0.2930017053709229,-0.12193172607868678,0.32211190000967077,-0.0022624989157119637,0.32319640048669784,0.10772420234391215,0.3070312593602896,0.1900046714286216,0.29297331328363474,0.2533298938337324,0.28075641058133827,0.12870009480257658,0.23299589803293944,0.2198754920145045,0.2199183481132551,0.2932934995277715,0.21524118630529643,0.3492181635267665,0.21167575820094733,0.09623194975461406,0.21168406336933773,0.1943540547083481,0.19405605374551124,0.27477666487057484,0.18611013217384703,0.33990502983493726,0.17921549040564827,0.036130224964242105,0.199086088638337,0.09982483958087418,0.15252876321756778,0.15328817538988598,0.1237818714100377,0.20584653433649777,0.10145912392421699,-0.04258732342261556,0.1993039544509971,-0.0601074575213744,0.15199375585846447,-0.061493983787976096,0.12097173077058877,-0.05580507128392514,0.09601972148712429
-0.03344955160387707,-0.2905731430499934,0.02904885516460565,-0.3304490235066538,0.06927602747487002,-0.32981580379714776,0.09542378008644437,-0.3290309524358923,-0.10216379768329796,-0.3277075121208987,-0.14269825082538762,-0.3254728916296531,-0.1824494946228137,-0.3225549091773144,0.15989725620449233,-0.30183735425540836,-0.22135795306468797,-0.2922040174657527,0.05340638262769799,-0.2329839792849996,-0.10668591139190807,-0.23105252941286902,0.49996709344455736,-0.005736329192189276,-0.4999670934445576,0.005736329192189276,0.7534070681597643,0.4198840780924498,-0.8252355765878291,0.39199998125332713,0.2655993705800952,0.27309907813601525,-0.20223484640616934,0.28764959953463204,0.1539806560965333,0.25754256043661117,-0.007701615187047855,0.25967467199947364,0.12372804837732382,0.2099096458541183,-0.016108628464994272,0.20878816481122855,0.14145882062167733,0.21188289638330202,-0.0767006028850493,0.21232500089359824,0.33137173965036326,0.289368153377381,0.2073761655359325,0.28444494428347866,0.11342139849363647,0.2811203554398046,0.044571464085234026,0.29221986649536713,-0.008544966854490398,0.30847170244136285,0.12012789042656791,0.23601012441312774,0.039202600837838,0.26335850551440726,0.004802551356822049,0.29522858695935783,-0.017907008504700547,0.32464809329901867,0.18025707476964606,0.2377868840488465,0.1014642892360609,0.2702212280218229,0.06434594268029052,0.3043667110868515,0.0428202011948236,0.33493327935930606,0.24959290478016086,0.24938114434465242,0.1947462777523551,0.2720814036028806,0.1580313717874298,0.29605755608725914,0.13357938350098972,0.3189103738410738,0.3188206824819539,0.26771281786109824,0.29761887139789517,0.27665333888252236,0.27147383708339573,0.2834978952507309,0.24511156552767194,0.29010666254678147,-0.12055556916632958,0.3113844018838301,-0.0097158733194409,0.31180481824833817,0.09582608805350795,0.29507899436405005,0.17251898909684527,0.28228132003015477,0.23082125128093225,0.27193978186457185,0.1259973733852311,0.2282568903470274,0.22248581982595433,0.22611792013977036,0.2981056730990324,0.22681972629322172,0.35328982201362,0.22670275860097983,0.09688441171461237,0.2067782112660957,0.20058087589855894,0.19355066676055394,0.2871142388772635,0.18476733845390178,0.3563705586983416,0.17701039701245302,0.039117201004739435,0.19388877939232765,0.10277926544597328,0.15039385180494688,0.16089373860714593,0.12331314320382157,0.21595828245044432,0.10248065964611529,-0.03611801323226096,0.19379665111492,-0.05831041707531144,0.14927663424370777,-0.06208817043495125,0.11904651028412014,-0.058155021092537965,0.09522310166409546
-0.018372081904502457,-0.29383892597397315,0.040602862735489936,-0.33456973069535145,0.07495493219355429,-0.33373766434668417,0.10213841968846177,-0.33277635775801356,-0.08826773794335831,-0.3318267147717887,-0.13405898333672214,-0.3293831900594126,-0.17289874954463752,-0.32644283350737324,0.1640868909489581,-0.30563731827697865,-0.21878455978901168,-0.29587845735970153,0.06157338289337589,-0.23555976106647472,-0.0974000977706048,-0.23354938868686062,0.49996674556798776,-0.005766569704337815,-0.49996674556798776,0.005766569704337815,0.7522922688714301,0.425834880177657,-0.8272759668999027,0.39790563163092524,0.27416037752469213,0.28322420119658714,-0.1895995817409293,0.2929074368205872,0.16461033854341148,0.263818976688848,0.010680505352165902,0.2624690087670672,0.13339782213888177,0.21554520739225733,0.0012604871757390705,0.21388954021282686,0.15047340294833803,0.21836083864717562,-0.06067643245026248,0.217321837416407,0.32902724383469695,0.301092652020794,0.20468952718181083,0.30251034408580796,0.11352855780281843,0.3005807703715234,0.0463424395608685,0.310179350816482,-0.006736188428838062,0.32504649335973973,0.11163318373514826,0.24995433958806107,0.03604834770767989,0.27804443297497156,0.009467130724953999,0.31086562213457797,-0.00624354519303692,0.3402701282680719,0.17249919889270504,0.2491877399111858,0.09896421173144317,0.2811226834075384,0.06483728589470587,0.3164498539893915,0.045806760824008745,0.3471616242099054,0.24380562660704896,0.2591177924127467,0.19314083722144929,0.280413084884551,0.15835524171587978,0.3038083901644434,0.13460372217906783,0.3261690210338292,0.3158837488061629,0.2767926650608788,0.3003839468433582,0.2846736859843967,0.2759957283935179,0.2922666911765535,0.24976083394299392,0.2998277155232948,-0.10882987384646274,0.3227579816863195,-0.00605147095673375,0.3287513802398333,0.09287740636331421,0.3170928571048663,0.1678654079418924,0.3073217682172832,0.22500636072888225,0.298240901222818,0.13944748107451826,0.23822207238601797,0.23600261075723505,0.22766218535238875,0.3142819221562385,0.21843608769521244,0.3691159455838566,0.21098624381694564,0.10614230680536069,0.21400674060514424,0.20392870482362435,0.19928520496983784,0.2859758875916165,0.1913895104819528,0.35048950121783484,0.18448729155077406,0.046479926661618286,0.2000875479445306,0.10728093556231294,0.15588080157171078,0.16137497487436242,0.1282842478786119,0.21202775962019327,0.10718215733764214,-0.03143177095729095,0.2004370797726617,-0.05700980776007993,0.15458614170023702,-0.06153714247143189,0.12399288873038121,-0.059208921864168165,0.09977511135544628
-0.011272458613842505,-0.2977005437380582,0.04563270907140151,-0.33998057024696055,0.0775282906612698,-0.33910502382470026,0.10516848686434864,-0.33806040636917595,-0.08276404240532262,-0.3366643243564072,-0.13030394380480878,-0.33373270548200384,-0.16896791314812343,-0.33029703640128777,0.16552695287858601,-0.3112005398703189,-0.21745512848871815,-0.2997742517174805,0.06621100753784653,-0.23898439749541503,-0.09138981747620889,-0.2366742392670911,0.4999660146547315,-0.005829596063616381,-0.49996601465473134,0.005829596063616381,0.75005734788025,0.43419597860489395,-0.829911079765816,0.4053661086946371,0.2708437228428091,0.2916790654700231,-0.18586437620263838,0.3004032841388592,0.1634921918073265,0.26879025965721826,0.011898643429497537,0.26810036549767485,0.13050588048433323,0.2197575514149909,0.0004996348113341542,0.2187155217814043,0.14644099364019425,0.22347864767091125,-0.05882832025537617,0.22220294730087467,0.33160062894220627,0.30599470473894885,0.20656243308104372,0.3087425882557744,0.11806119302903734,0.3091917191298534,0.05377673385750351,0.321449369041497,0.003966742711460737,0.337246775982907,0.11372408214750777,0.25549077180250196,0.035567342806463405,0.2862199113245278,0.0051330855062012145,0.3203835697841862,-0.01358658051753782,0.3502535524228906,0.17256915499737388,0.2548428578655037,0.0985550606099315,0.29026822328768365,0.06556761735487826,0.32583678152375045,0.048242265242786464,0.3558074016822549,0.24191470879608537,0.2654740137666649,0.19382185858523418,0.28946197298619997,0.16051226746587272,0.3117415863458153,0.13716322570268275,0.33249956040605416,0.31133157431458414,0.28414524489253595,0.29790640730881823,0.29415225648042304,0.27434139290855886,0.3005269245203278,0.24801627537291945,0.3061862035623397,-0.11078830315639791,0.33196627739637097,0.00015552746505972714,0.3303631696285849,0.10390185488908205,0.3092116549432995,0.18195468286700783,0.2922395685326808,0.24140035886796996,0.2815988281058243,0.13355281520374587,0.2433807235865651,0.23266456000084065,0.2382014375913708,0.31185565885841665,0.23291710519455666,0.3674283161224953,0.22825480851536367,0.10444676698282045,0.22197905278063385,0.2063908321807305,0.21277407430292447,0.28974698824669864,0.20494390019094044,0.35464110602580934,0.19837830839918652,0.047839297429386134,0.20809529223953566,0.11303767854625515,0.16479211761266635,0.16903073537746002,0.13655648829551445,0.21934828485925784,0.11601972508832173,-0.02766826811816948,0.2068759488805871,-0.05272924392907443,0.1602244202020854,-0.06170931373477607,0.128795610304307,-0.06335129438117618,0.1048250949215373
-0.005349647839157388,-0.30549307375458234,0.05081732824537605,-0.34993299620193863,0.08046527031707784,-0.3489072418318695,0.10960107763998844,-0.3477541340106834,-0.07768653213061479,-0.34622134072567756,-0.12669300936107813,-0.3428799701088414,-0.1653648380930197,-0.33903680512478357,0.1672266424436944,-0.32091778335304194,-0.21614942274083074,-0.3082682311256597,0.06939488053302392,-0.24552246226343133,-0.0866770531214876,-0.24300072539609185,0.49996334847012774,-0.006053939753390204,-0.4999633484701276,0.006053939753390204,0.7470896283071573,0.4480682803688559,-0.8320828461652546,0.4172592342939691,0.2718009840616185,0.3007261756965716,-0.18456615874188348,0.31041849568880864,0.16307165522381853,0.2780307417979772,0.013128825376065223,0.27871530370538006,0.1304664969105317,0.2262049129082171,0.0026470286204366106,0.2275684953141164,0.1468493798815835,0.22933382986573062,-0.05629642357128091,0.23024875605767148,0.3247836311449439,0.3184042596453316,0.20421367452855207,0.3210202004640801,0.11618666904527158,0.3233157291035614,0.05096549443815794,0.33688624370044323,-0.0038578065545821303,0.35178095711849666,0.1054863554312806,0.2679143061169387,0.027086759359907363,0.29975583541556666,-0.0006976818016605736,0.33512229450105563,-0.01740223244620234,0.3675820867076704,0.16269931697447665,0.2664903619354517,0.08989565262377422,0.30001786489385557,0.05783248850576302,0.3371015670179495,0.04051695024793243,0.36978004696890665,0.2321076003272292,0.27669882458582884,0.18199078148261255,0.2986113365689316,0.14768092022458568,0.3236468282857195,0.12437992019422082,0.3475089266665747,0.30331061738003084,0.29557682147028796,0.2928170578121506,0.3009185417486085,0.26911114559082444,0.30483295341860595,0.24201120961911646,0.3085391664396911,-0.11610432935951187,0.3416629381777706,-0.009025979083572796,0.33885779782636033,0.0943103265448925,0.3146370911262759,0.16785029770094612,0.2946878211557307,0.22321287839382686,0.2825586665968989,0.13436790504321874,0.2512671221322324,0.23619540379251522,0.23824283212755404,0.3153236155996911,0.2265587714483837,0.3736201131175824,0.21685714980548237,0.10296164874786198,0.2281349064673361,0.20853944873400102,0.20206772315665078,0.2907221461917639,0.1794018764234674,0.3561688501030048,0.15995202593061256,0.04660058626118067,0.21516108286519833,0.11446567912972203,0.16742926666624172,0.16894695373546031,0.1386957750879978,0.21592536378823457,0.11757657516208628,-0.029001722573641,0.21551988909188852,-0.05254182438380807,0.16805000341749038,-0.05937013689574045,0.13485072998306097,-0.05925906880313594,0.1083933721131259
-0.0011406459318926117,-0.30722976897517085,0.05392223961505701,-0.35220824014380275,0.08215163145599998,-0.35112946924291005,0.11334806903335937,-0.3500618546061818,-0.07429374799765516,-0.3483412996873342,-0.12497200932687623,-0.3448051623852391,-0.16371557873118267,-0.34092686644560327,0.16871267273405052,-0.323205937696535,-0.214940478377118,-0.3099777959016553,0.071490546962241,-0.24689230955626723,-0.08267737985563352,-0.24406240361957648,0.49996329746823326,-0.00605815026974989,-0.4999632974682334,0.00605815026974989,0.7425756327371555,0.45265306689057616,-0.8352793259034436,0.41982157598789605,0.2716798644587216,0.3001867795644121,-0.18499517745524244,0.3129294246491393,0.1611085170793941,0.27793082943253294,0.014563377463843398,0.28062347347620153,0.1293804593419249,0.22551929804539572,0.005963506734452713,0.2294164201808089,0.14641127476852173,0.22818425064765635,-0.05242211773165473,0.23195546637321465,0.3262734608413944,0.313708171731612,0.20080477962109386,0.3124461193480192,0.10125924339592371,0.3134511792178259,0.02953659251713487,0.33002161822494497,-0.03233889020478348,0.3457310327013792,0.09607876979661953,0.2637753231789912,0.019098183247619013,0.30078622954424333,-0.011090344060169156,0.3360890321783313,-0.03041340444221049,0.36740645865870597,0.15613378093372665,0.2644646209291461,0.07701271185391814,0.3068400966054301,0.04187248376848759,0.34252559894415613,0.020830352588333892,0.3729515203863969,0.2270962646676852,0.2768128123880621,0.17144439637750392,0.3108750782908743,0.13638953465593134,0.3303559077118698,0.10999077706216416,0.34703253044755317,0.2977430283575345,0.2968644042524662,0.28318693413505186,0.3081573326528359,0.26351518151545333,0.3097010807065787,0.24231157692218228,0.30940763111525554,-0.12098158349040118,0.34547404018759315,-0.0122190770934017,0.3444438787234166,0.09242337306274571,0.3258943981411419,0.17104534250200942,0.3126146586245021,0.23122591897854766,0.3055158878929216,0.13319800699974071,0.2558593560973716,0.2315725786836321,0.24171042407092666,0.30761481274101987,0.23046231994621733,0.3623019056174421,0.22137474590833736,0.10287849426592703,0.23263340864020224,0.2068969569529228,0.21483060088092767,0.28741550502625746,0.20122653282750982,0.3498978116097794,0.18951006482690044,0.04623271759654294,0.21906420391229797,0.10981823763891667,0.17159509676897353,0.16512163952848208,0.14160934971371747,0.21550586115997047,0.11937202655861275,-0.029625685190526656,0.21843048826396194,-0.05335346927808363,0.16854913782359984,-0.05887021408316637,0.13482594266378295,-0.05687020212992345,0.1081441431627013
-0.0024000604591298998,-0.3357005334539416,0.05324939260231442,-0.3848042868630516,0.08126561331860556,-0.3836262144911045,0.1137577140607778,-0.382477294787272,-0.07525190506029783,-0.3805761709789137,-0.12668837306330627,-0.3767123546675968,-0.16526253249580314,-0.3724930498510607,0.17000029070584238,-0.35318180035456637,-0.21463854565727464,-0.33866235751150175,0.07073670941401704,-0.2697944004639964,-0.08368713920266667,-0.2666353607822127,0.49995437539428383,-0.0067544447670822,-0.4999543753942836,0.0067544447670822,0.7390719786669785,0.4947128914564898,-0.8390918207719001,0.4582687929547859,0.27096077032642585,0.3232486456961586,-0.1928033505378325,0.3425407501568761,0.15987832606757812,0.30176334685287426,0.002870718144722736,0.3101936893114065,0.12903476996010865,0.24499113638625858,-0.001720623272102793,0.2546071657196037,0.14604849171228076,0.24727592236043935,-0.058602191724587964,0.2567840433103153,0.3355897755161215,0.34535572308773926,0.20603689798373032,0.35272851987682824,0.09322750380122119,0.3577873780236218,0.007058961476528134,0.3783228220237073,-0.06942008803430041,0.39732622804719975,0.1116353484147029,0.28776332188386766,0.024113580511989384,0.3245639966769143,-0.004890049751128729,0.3607742211620267,-0.020659002809142627,0.3934419613567576,0.1677531996433264,0.2884196920308971,0.08261861294478443,0.32845370229797494,0.0470015982363379,0.3644233084925289,0.02505105470187175,0.3967177204896123,0.2349718388870693,0.3019891712521506,0.17885534336949385,0.3310452439590339,0.13984385414800746,0.3473646465009544,0.11035171600382761,0.3640201749550925,0.300697162411137,0.3245511608006549,0.285009777967861,0.3340705947262171,0.26541997927212485,0.3329952093643455,0.24261737134381753,0.33177514844802425,-0.12054496844804688,0.37217530752433325,-0.012236196018049738,0.36820227748619866,0.0881969120047545,0.3438291240417645,0.15924927614117843,0.3226035885248154,0.21040951801810048,0.30783906746808537,0.13100529596877689,0.27643228894792615,0.23797812813661945,0.2637341264117416,0.31616153238697153,0.2517937156893137,0.3737957464230909,0.2411007780935238,0.10339511071144435,0.25218901716665953,0.20944176628147368,0.2394192783035368,0.292377389659713,0.22902852769290563,0.3592049062660285,0.2191309793107517,0.04850711535544785,0.23665695422105978,0.11822884909798954,0.18745225425967207,0.17490547923034394,0.15484477741619312,0.22735748778443116,0.13009079004985807,-0.027532231872056733,0.23429384764597394,-0.0491811296982818,0.18086570928078013,-0.055763106837658116,0.1444727367268893,-0.05445236020581745,0.11547736248570739
-0.0013394808289637044,-0.29203066351049484,0.05400824233619618,-0.3347123174873303,0.0818412725412066,-0.3336600476595033,0.11572904096879305,-0.33268111498244657,-0.07416749098734436,-0.3310721452088366,-0.1265227762232698,-0.32770923467454555,-0.16512161934629332,-0.3240507990797955,0.1710659117278781,-0.30722318766407397,-0.21414238976983427,-0.29461099567463034,0.07117561828759272,-0.2346546102338285,-0.08311597807141147,-0.23184092398737088,0.4999654868933261,-0.005874684291029062,-0.4999654868933263,0.005874684291029062,0.7362829597427056,0.4304716160484567,-0.8425896252288312,0.3986141470109937,0.26955556650913265,0.27995501557894503,-0.19685168074523332,0.29621977619107703,0.16080609224310355,0.26256928478871594,0.0023026318681037077,0.26904812525922,0.1280903836715977,0.21362643607914641,-0.0014131867535551869,0.22088880120562238,0.14391115690254358,0.21522187396558198,-0.05914640442903626,0.222742764377096,0.33275342282687126,0.30109655477443076,0.20125504451009057,0.3094554759049408,0.08922339568180865,0.31391740278638863,0.002519001714220414,0.33088355044562984,-0.07619847356588766,0.34713203494171996,0.1018040474240417,0.24924595900825433,0.01802595953616975,0.2782233125349491,-0.012541876999694954,0.3096600628984446,-0.02596132929479443,0.3377015397527285,0.16034983900437477,0.2473126970853671,0.07864094320810139,0.2795140463885067,0.04320987219995855,0.31153768321532804,0.02285256713794531,0.33872050031981854,0.23209351292244618,0.25661903957524806,0.17126057676184514,0.28121508977205156,0.13229840412710828,0.29825940063972667,0.10354291940573813,0.31348230056801196,0.30473205815810356,0.2740641971147465,0.2837620443364494,0.2846601379152054,0.2588519288342565,0.28839304620370537,0.2322933780676573,0.28988969185090974,-0.11720202900165669,0.3197141604404379,-0.012842352992891645,0.3196253988308604,0.08240921512578878,0.2986642217119788,0.14792993852712488,0.27999608438337636,0.19264275592254937,0.2680155381763739,0.12879036386342327,0.2364499036846859,0.23156784950319734,0.22582576356689857,0.31025050664714887,0.21619730538511805,0.3678525910825589,0.20802272073164096,0.10056709922330577,0.21559527834872996,0.20838575357662606,0.1955175536680312,0.2912266909815787,0.17721600746469873,0.35762532881600884,0.16108183429522868,0.044830498173798146,0.2036319545435858,0.11267363647514544,0.1594372841749224,0.16912333104048585,0.1318360194824237,0.21783752099241302,0.11154547512161858,-0.031311791581473146,0.20277291627946584,-0.050521228609281175,0.15624271788736732,-0.05474824077542306,0.12334073856577167,-0.05402836450579316,0.09681606324658128
0.002106400240766689,-0.32035613169020477,0.055966600672726,-0.3666826266135393,0.08375555664287472,-0.3654937762898928,0.11963515983196565,-0.3644346130742758,-0.07098719676178668,-0.36294803183595264,-0.12486785152157562,-0.35929771812857225,-0.16421225963472125,-0.3555215529830241,0.1728496363455935,-0.33651342448257376,-0.21375738794599858,-0.3228700504509674,0.07277508582582652,-0.2571196196808147,-0.08105773250876026,-0.25401117209147583,0.49995976728914865,-0.006342798450222007,-0.49995976728914904,0.006342798450222007,0.7327386065469329,0.47149717792413043,-0.8465979049284458,0.4364190440373548,0.2686615501486173,0.308005378402019,-0.19928939773034457,0.324353832686959,0.16063263925721405,0.287532853348392,0.0008610593972218826,0.2956109814108114,0.12704233868232756,0.2344782824872324,-0.002938699270958524,0.24283092011165178,0.1414487398998207,0.2364970888355661,-0.0608924774448931,0.24468199365359727,0.336493525583526,0.33565827743690235,0.20342987351679076,0.34008318912285673,0.1024607569246554,0.33952608399212114,0.02349394265161961,0.35347693361318816,-0.04413846182778071,0.3701206308107324,0.10815768275086023,0.26944238294568473,0.024654301978436176,0.2979814253853928,-0.010296832937463855,0.33247384211759895,-0.029395750778128976,0.3633493258368975,0.1655550128019622,0.268095129823422,0.08340410382768204,0.3027053119870602,0.04497641122477526,0.33968780412683414,0.02238692278743063,0.37182304622884554,0.2373949064181013,0.2799676683799212,0.17769674700451557,0.30609459281033335,0.1380273297928187,0.32740847723148,0.10791539502231577,0.34616075618547415,0.3120231430445512,0.3016860604713563,0.29548700557139174,0.30875551102688,0.271406498341875,0.31092504883410643,0.24508121338856792,0.3114444192667424,-0.11493326359990001,0.35032422032030924,-0.004743652442745996,0.3502302982420721,0.09871772793918421,0.3272629291102383,0.17102253373593518,0.3075003139813,0.22255071478065439,0.2931072219918448,0.14207728670306893,0.25970931883803583,0.2420117081261033,0.24030393934000846,0.3156791563812446,0.2253390215408886,0.3705745040116496,0.21234128404709793,0.1083671983519431,0.23655369088271566,0.2094832244809755,0.21787812532595707,0.2843268530899841,0.20425154530834017,0.34437330111335285,0.1914578239844951,0.0507919947538589,0.22267457865473925,0.12098039916060081,0.17822642162939478,0.17816414534652125,0.148864887171217,0.22978318428944414,0.12618716294732424,-0.026032200427197144,0.22071320368757924,-0.03677603388250476,0.17131609953975854,-0.03502803640809924,0.13682357914079937,-0.028383883090914684,0.10838820345411246
0.01222381827882164,-0.2824454101896762,0.06131278750920436,-0.322496792098017,0.08980623189452226,-0.32140971560082704,0.12771755658326192,-0.3204517750365247,-0.06257927080086503,-0.3196989380831436,-0.1177365562439376,-0.3166502904132976,-0.16006446877997815,-0.3135551319201658,0.17586448916518507,-0.2958219229666761,-0.2123689743341697,-0.284399959139993,0.07843669936954321,-0.2261930317631887,-0.0740019171963781,-0.22352248972734856,0.4999714296117091,-0.005345051171313454,-0.49997142961170876,0.005345051171313454,0.7305925335221364,0.41491170041999514,-0.8509886820769155,0.38208910362488957,0.26795557806269155,0.27246327553561356,-0.19579349143915886,0.2835186246375732,0.16036337556202943,0.25484479327956217,0.007661449808138769,0.25992559913622726,0.12732247979307304,0.20820392208393423,0.005224314208249171,0.21350725031082954,0.1416991614561885,0.21037515675214724,-0.054631401620663066,0.21510904658571584,0.35135497757604206,0.2923221203109577,0.2168643289213912,0.29322096477037923,0.1180878988471128,0.29104991249755163,0.044366298578097776,0.2993157065746751,-0.014880754896135308,0.31283485254308474,0.117923584873161,0.23620544405123348,0.03543796994947541,0.2599060828299858,-0.00625619240367613,0.28924511015867665,-0.03348869090085674,0.3166295885370508,0.1767836981501383,0.23640060711364846,0.09545415747234284,0.27117538171906014,0.058452097043860715,0.30336178340976994,0.03813231229263423,0.3307484505327693,0.2468924251404517,0.24772170629218623,0.18708033049031914,0.27572359305025634,0.15657398341997716,0.29559101040871594,0.1353885555872731,0.31375795558876907,0.3200932834617577,0.2665874081938392,0.30554369919881663,0.2768595515107428,0.28490816943849756,0.279519423416535,0.26015371552234207,0.2807150251680586,-0.11717253214215478,0.3044692881901286,-0.00879684354699065,0.3048926278797222,0.09564220317568226,0.2847800711232386,0.16522159959241317,0.26716596635643763,0.22082594561385757,0.25430617970637387,0.14346141187558376,0.23089573198584798,0.24644061821620267,0.21726496004155235,0.3214028228910223,0.20740357113264737,0.3780732886031537,0.19942869769529206,0.11485315112332335,0.2116825668749422,0.22429190818682476,0.19739097644921716,0.3003195545029206,0.18635021897809229,0.3624813163789136,0.17639708519031375,0.060186095404460994,0.19876787921386266,0.13594320000553595,0.16008500988243735,0.18884868335441418,0.13423812460327658,0.24026245799891766,0.11352202151639,-0.01762323874748083,0.19527500758279082,-0.0113890264455468,0.15396099361877924,0.004043830183559971,0.12749232247067205,0.025875891137963687,0.1066914055295584
0.022519659399258568,-0.31766479676146664,0.06727681221219284,-0.3602940342256282,0.09683112840661377,-0.35881563590816795,0.13595829574348534,-0.3575463441047404,-0.052528356622125905,-0.35856246948144616,-0.10694808416283377,-0.3556159501009866,-0.1536825459127863,-0.3525094718689166,0.18000489200161437,-0.3297312092936017,-0.20946213948093081,-0.3186754273684606,0.08381329839492387,-0.25296958168463185,-0.06660049526236657,-0.2501636877067967,0.4999698194533457,-0.0054935995293690955,-0.49996981945334534,0.0054935995293690955,0.7352650628786981,0.46321412357762676,-0.8540576208212215,0.41976514787645913,0.2709712732841685,0.3065240494157818,-0.18935659823666118,0.31004599329106125,0.16049916535545286,0.288619444064851,0.01489270263876391,0.2889249125588296,0.12734550956439708,0.23682432019142613,0.018471249868018978,0.2377246483842053,0.1411265550613207,0.2385995378283187,-0.04256836063922377,0.2399972444350111,,,,,,,,,,,,,,,,,,,,,,,,,,,,,,,,,,,,,,,,,,,-0.12728640952015977,0.3306399831509379,-0.015627554622843702,0.33009579743947964,0.07967832933426665,0.3126661844036362,0.14106056189528926,0.29795526131520167,0.18764925106958982,0.28745923361570225,0.12963493001610574,0.2587362407421794,0.23272506951301844,0.2606284766229345,0.30175279116198295,0.2679985908863833,0.35805332393458816,0.2748800776654598,0.11015519382916866,0.2376088512002787,0.22724130862059408,0.2220452212565673,0.3106035595459726,0.21304946919838075,0.3770509936039046,0.20600598846780058,0.062420890413040706,0.22275506409933712,0.1412345849700981,0.18054943267795803,0.19919263102926119,0.15508941721829694,0.2529928816244476,0.13526673021796662,-0.010515118291343302,0.2179915057791785,0.010036102827632142,0.17322439587714503,0.03394212722253671,0.1436536821430838,0.06249479371883613,0.11994100345177758
0.02562146217072357,-0.30242601664884855,0.06914203349743714,-0.3414856403218618,0.09940437476381535,-0.33986876406128663,0.1391720395763473,-0.3385227380403039,-0.04851679809230981,-0.3409419077401291,-0.10242369683437323,-0.33841552043920764,-0.1519568504514097,-0.33570730834364737,0.1819653719535433,-0.31175636711392224,-0.20913915727617025,-0.3026766426297504,0.08474628337871506,-0.23967652854011526,-0.06458494891770185,-0.23700857142836007,0.4999861260657845,-0.003724747203426823,-0.4999861260657845,0.003724747203426823,0.7408692408259102,0.44170226107360744,-0.8615727764626397,0.38415989059356587,0.28907368646794523,0.2991744590387075,-0.22725418320035984,0.2892012868009962,0.16554187345820964,0.2926761821578251,-0.05409969978173378,0.27820412841274295,0.13275651841028668,0.24011943012875925,-0.0223894527352167,0.22930554803696473,0.14692713987316441,0.23614134747436674,-0.07970104900238893,0.23104560841865499,,,,,,,,,,,,,,,,,,,,,,,,,,,,,,,,,,,,,,,,,,,-0.15522806597550096,0.29467519046418467,-0.035186501348912165,0.3066413714673999,0.0715308854035957,0.30073646853049063,0.14184258609585917,0.29811021790436043,0.20070384267365776,0.2993252216944006,0.12040206801049187,0.2508270622873374,0.23596280729901353,0.2515452653878215,0.30461516128253063,0.2641241736926085,0.36255088221999604,0.27872202426208154,0.10656413173860607,0.2297888013762018,0.23232298655479444,0.21166244664935174,0.3189387544783232,0.2065696105972798,0.3903969499806855,0.20468981897372765,0.06181480080320313,0.21536629222657208,0.15537865814812607,0.1763331826534689,0.2272137306754332,0.15691112063539248,0.29636465919585847,0.14314991571490696,-0.008417354587944367,0.2094073934219627,0.02025521378006538,0.17181697989104727,0.05407239149459832,0.14913697365482229,0.09322612975236498,0.132757452984822
0.026791233398358847,-0.2871125919700353,0.07141881659083818,-0.32431837542820136,0.1021761210750941,-0.3227150020276343,0.14177571689724539,-0.3213819450140226,-0.044902033928314614,-0.3240787495822811,-0.09806440571314715,-0.3217571437904616,-0.14884680602713382,-0.3192302892452327,0.18267018047533112,-0.29558308913195497,-0.2078340417662436,-0.2880367182612054,0.08479541279386534,-0.22715903479487445,-0.06500423221636738,-0.22473457421688303,0.4999937382604301,-0.002502338977915504,-0.49999373826043025,0.002502338977915504,0.7479275780471879,0.4188763931764903,-0.8697711189155776,0.3523728478306736,0.3130898958144378,0.3207785487012381,-0.2323207620555412,0.24186090991616294,0.18541797602675922,0.3306402582262985,-0.061862080267816935,0.2419449632898088,0.1492852695658547,0.2930073877796731,-0.02396871649394005,0.20377957048251913,0.16794769283071545,0.2840311879190749,-0.08063947690435166,0.20367081721398608,0.42625884319178176,0.37854164915332733,0.2806846396695209,0.37411963065823006,0.15439172002612153,0.3736886727907212,0.06497849360160339,0.3845442765936292,-0.00561220857106804,0.3909927924349165,0.14255830684921197,0.32943641484191,0.05320925688265,0.35546144065701163,0.015367823882172255,0.3902947439129935,0.005337247598375665,0.41857612355879487,0.20118724292906165,0.3320638200786385,0.11052087478487743,0.3850646333344237,0.07437569586747979,0.4283206007469281,0.0629770044923437,0.4564814301594742,0.27505411926460166,0.34185401050507036,0.19171452560841712,0.38837515655959864,0.172849141460621,0.423004224863827,0.17163500451398842,0.4457288654703119,0.35192640407113923,0.35526605342879974,0.3066175979821931,0.3849759717714332,0.28896272243004956,0.4079780253764642,0.28173958271691246,0.42426613143395775,-0.1907023290710073,0.24204505316237393,-0.0788987755217684,0.26063946582306285,0.02797566322134395,0.27691595924340795,0.09772980372122354,0.30236274945954666,0.15171671826622699,0.3208989146069196,0.1049114441700287,0.20757395358887915,0.21830625639586837,0.1952442821784141,0.2927611523620805,0.1891231321081686,0.35726892411703287,0.1876695248613017,0.08417632540792847,0.1884053605358506,0.1948258365736389,0.16117787379316387,0.2708871849361797,0.14807319709872066,0.33517748240427725,0.14001845077947261,0.044110032940993825,0.17671622744428775,0.12834492220145668,0.14409826513383842,0.1895898993377785,0.12775476864042254,0.24630941571448162,0.1172315996168354,-0.010866287561827706,0.17343390633790187,0.04263805630285568,0.14571776719711163,0.08735294669078761,0.13003029253879586,0.13106414448891812,0.1181457722190211
0.02153063655905823,-0.27591798076779167,0.06749252145680737,-0.3117681546375061,0.09781516311874865,-0.3102146178179267,0.13697602755154448,-0.30890459208214294,-0.048969205116670314,-0.3115630693187555,-0.10192468409592251,-0.309308461959094,-0.15172682674346993,-0.3068627019483773,0.17788568697980914,-0.28360721595968447,-0.21077658101493757,-0.27697233761421136,0.0799948537576162,-0.21814648477009257,-0.06999212699962472,-0.21589773445544952,0.49999768489566704,-0.0015215449297439924,-0.49999768489566704,0.0015215449297439924,0.7608624370180272,0.3905050320217007,-0.897184847059282,0.31616617424458565,0.32841142074899776,0.35954628943031347,-0.29074809938137197,0.20271556721046033,0.2125971946415197,0.41452033648687237,-0.15124425991611562,0.21280991807036642,0.15001190204879442,0.37533262313083543,-0.08180006149487415,0.17723085439051917,0.17073372941834333,0.3577000778460264,-0.13469822150355362,0.1738167296034257,0.45468579259307235,0.37425758914063867,0.3114776296955827,0.37364881143114964,0.18938278500222788,0.38519056235545307,0.10880635892263082,0.4043507314727904,0.06228714332286672,0.4247433648509707,0.1152038810216133,0.3636286498081434,0.038663118273313715,0.41806349375058344,0.041223894259034985,0.461277304355031,0.06002270414943642,0.4926355684111587,0.17804337078818397,0.3634085669044214,0.12105947830790464,0.4256421550319772,0.11431940172865937,0.471893109707788,0.12528975427051528,0.5065707209134386,0.2586064299932203,0.36863855313343386,0.20741945648548357,0.42341186328345276,0.19453152383718325,0.4641390920482674,0.2024512837356931,0.49369107891796077,0.3433723517401583,0.37983811063969214,0.3179517281267929,0.4149218102999523,0.3039097131223691,0.44217126853256083,0.30119283922864437,0.46261626034348147,,,,,,,,,,,,,,,,,,,,,,,,,,,,,,,,,,,,,,,,,,
0.0037642589939804153,-0.2853467952640026,0.055402017871787584,-0.32309635976008,0.08538264694944403,-0.3213985663857227,0.12308744072904153,-0.31979820550160565,-0.06517798260020463,-0.3225692297278159,-0.11895928348049237,-0.3200762288362327,-0.16882533336462516,-0.31735999887438254,0.16787374203523397,-0.29327593972731025,-0.22893045961867264,-0.2872435977228677,0.06716421954786891,-0.22599981821959436,-0.08761028576326246,-0.22390161230500566,0.4999993872626026,-0.0007827752051441339,-0.49999938726260296,0.0007827752051441339,0.784712269613163,0.3841428799116571,-0.9766140112640447,0.300865912298789,0.33508160181155117,0.4274557659274947,-0.3294004336131368,0.15250763276222856,0.23778738288544748,0.5165862344332299,-0.16899236862901726,0.1574564297003504,0.14167051931806907,0.4814171574693107,-0.09805682410164202,0.12242033243010501,0.16103456306141836,0.4546565596678491,-0.1635927973291724,0.12207213560061678,0.4593396215033633,0.4060801089902211,0.2890442735598416,0.40851463196941995,0.1559173995109411,0.43727029354079244,0.07723938822075538,0.4728243117232414,0.05115686643666685,0.5085507246332234,0.1181651130417453,0.4415306166631898,0.058843732001898526,0.5072597901831397,0.06677477949316295,0.5556550053779767,0.08276684227503092,0.5936789095606569,0.19568453437738864,0.44135509083483637,0.15233042725215593,0.5145270751876979,0.14926842296717513,0.5681550965833231,0.15927687020296694,0.6090540880488974,0.28764266003754935,0.44294421659247957,0.24832473651320522,0.5090743551998644,0.23432852505274968,0.559930984004477,0.236689490904928,0.5968580819879494,0.3824345934009631,0.4471363922264291,0.3738518535397472,0.49622652762103286,0.3641631131900317,0.5351217987438395,0.36331519492695896,0.5659572479896796,,,,,,,,,,,,,,,,,,,,,,,,,,,,,,,,,,,,,,,,,,
-0.015365300870248356,-0.32011607417845905,0.045491637674664895,-0.36357790854761773,0.07622869022484345,-0.3617460777365819,0.1107027554678318,-0.3596784821674776,-0.0802623228756006,-0.3625741143504951,-0.1329093745812922,-0.3595700116590235,-0.1805398075280595,-0.35632983221377357,0.1604462390916959,-0.3292792841778661,-0.23993088753820613,-0.32288659608183107,0.05542565001085128,-0.2544430572287086,-0.10311836259291755,-0.2522487914014096,0.49999997138703367,0.0001691536740178139,-0.49999997138703384,-0.0001691536740178139,0.7919622101685968,0.4128344392356197,-1.0351881126489109,0.3031960268410301,0.37045340389324033,0.5348963127988658,-0.35615442186351337,0.10801847866981953,0.3005798754364443,0.6495064808283129,-0.17027363713694774,0.11059441924882184,0.18408787014089506,0.6168948172616617,-0.10638434889145415,0.06762824206402769,0.18790815692233367,0.5834103976960204,-0.1708036591179534,0.07056952961925167,0.4930220719097252,0.492909386148687,0.31672636935924553,0.5110398728417221,0.1864828798448425,0.5620771710429162,0.11436822281688959,0.6135460633093878,0.08624785324883918,0.6589127354856846,0.1715798674539335,0.5650856416743255,0.12823722905941431,0.6482524660718992,0.13191419057845194,0.7046184430000068,0.13999857984748615,0.7515425977598209,0.24270438383934395,0.5588159838865371,0.21961916444712432,0.6495351844336181,0.22227173738857736,0.711899382881954,0.23014524382471738,0.7621115564291934,0.32621093619173336,0.5539436508845484,0.3107604259899516,0.6376371240403307,0.3020107823114763,0.6994582419564065,0.30160520231361876,0.7477250182542285,0.4153486935346183,0.552929664827571,0.42186330758927304,0.6184129883857392,0.41911901586287953,0.6666327573299455,0.42277627309052307,0.7063724828807227,,,,,,,,,,,,,,,,,,,,,,,,,,,,,,,,,,,,,,,,,,
-0.022222485076070542,-0.29324367896970566,0.038699342329222855,-0.3329038487782873,0.07042381144634861,-0.33128193137593087,0.10231699123960249,-0.32939615863930016,-0.08956454638792936,-0.3319235144407339,-0.14089731327416585,-0.3291770115948305,-0.18709528909824816,-0.3261804098115158,0.1559551552051028,-0.3011714713757226,-0.24673380324690714,-0.2947358659072017,0.05117801684109224,-0.23290258155780563,-0.10873059976197244,-0.23100496303498738,0.49999526627269686,0.0021757079066243574,-0.49999526627269686,-0.0021757079066243574,0.7987667299600975,0.3766306578789477,-1.0903430264108913,0.23387288518931315,0.4173028996418301,0.5564794977324725,-0.4347814913232971,0.0399025307727576,0.36272156491188917,0.6760227775326599,-0.22910543055844315,0.03831395352668707,0.2352373419420605,0.635679468877085,-0.157199544329587,0.006331190595109667,0.22765269676308822,0.6007219806544264,-0.2230106686504948,0.011155769142123934,0.5245647937001185,0.49470238533693356,0.3551146773716883,0.5289240973884914,0.23664168677069983,0.5865255701529195,0.17171505123992734,0.6415989228716437,0.15123811827857825,0.6858415968546651,0.2201361983929869,0.5856155462882212,0.19821990071510664,0.6569432282669375,0.197693182671543,0.7070205251305292,0.19864368868277196,0.7493862151860268,0.2899975620452874,0.5802186443133875,0.2958021084633748,0.6621053161897631,0.30531355733899534,0.7192811048957096,0.3207417109223034,0.765197473830391,0.3711668001737192,0.5756127351581741,0.3821441153026539,0.6506733682745085,0.39203273783570564,0.7053596312703944,0.40744858713407844,0.7474721654113999,0.4580679421149489,0.5730892005780911,0.471597213263576,0.6335829557829564,0.4758663268942935,0.6767860664974867,0.4874458421224511,0.7126656154320987,,,,,,,,,,,,,,,,,,,,,,,,,,,,,,,,,,,,,,,,,,
-0.01590008370296741,-0.3177669879430794,0.03931552556787653,-0.3603184651714733,0.07099601244720784,-0.35855391407605575,0.10293263691950767,-0.3559606122187781,-0.08702906794947687,-0.3595678709901147,-0.136041492571433,-0.3566409486229838,-0.1809798172137252,-0.35319343275620935,0.15371640422198493,-0.32331787199627515,-0.245504279448195,-0.316518977014008,0.057334001849586785,-0.25160692289046716,-0.09921639707319237,-0.2500548080324765,0.49995535759172693,0.006681348316645899,-0.4999553575917271,-0.006681348316645899,0.7959646420496835,0.4100688701990894,-1.1374260031439465,0.2282772875424004,0.460747875302803,0.6663463762958807,-0.48136482493310195,-0.016125095241202248,0.4355599093109108,0.8146996221559459,-0.27599457716167763,-0.04503409190716876,0.31780088723312855,0.7845120586637438,-0.22422926413854574,-0.06630692043592151,0.2993710312933397,0.7339620037287098,-0.278056319382566,-0.052077018340256985,0.522826034492994,0.5907783167970265,0.36684934597217655,0.63626565451213,0.28084807737234235,0.711274561879205,0.24744787702288024,0.775761847459515,0.2576286374754844,0.828353119470412,0.27871509392979366,0.7172204900314514,0.2652501486020391,0.8070140864978037,0.2659668140259065,0.8724377960014094,0.2695718797601445,0.9235642557176418,0.3459918538422085,0.7143014664676689,0.35382460759617407,0.8124991818336358,0.36134593206274884,0.8848050355495374,0.37022143046410244,0.9394747321573339,0.4205300199995514,0.7077282070389506,0.4351969689577751,0.7986029002478247,0.45387800041539167,0.8658148572568936,0.47134946698518226,0.9158521135640096,0.50251106257839,0.6993762618140857,0.5358907057594128,0.766636235232984,0.5550866115851819,0.8174020522173812,0.5727662490215822,0.8583509038190028,-0.4154258168496437,-0.04444500746796351,-0.3138183493542721,-0.019136721881084156,-0.18095098992005154,-0.014563418673894884,-0.08597545399463845,-0.014569446708029307,-0.02173950098619631,-0.007200590705190262,-0.11096210150940104,-0.09238928875095907,-0.0071037422145702415,-0.11773914698704134,0.07265334554414335,-0.13688927604749343,0.13650674618818032,-0.15193836719570133,-0.14390260104048747,-0.12317872027199628,-0.03619946052427258,-0.1512866119878227,0.04722200158107313,-0.1717333919769136,0.1181825115620967,-0.18874533575723695,-0.19281318497741648,-0.14784294159109954,-0.09448659430710196,-0.17743705551593003,-0.024514482436211998,-0.19633951551875578,0.03288727536797199,-0.21190774512388502,-0.2597876127401979,-0.16688903509692132,-0.18399947622602744,-0.19465613502090687,-0.1312567525448582,-0.2103712200093454,-0.08584620375169266,-0.22115838709289384
0.0013655712274286548,-0.2470123481399651,0.05773769970531724,-0.28003140773328916,0.08818077093008483,-0.2784826178644427,0.11707996115477806,-0.27620782019604373,-0.06224979089476606,-0.27989303257414877,-0.10884016080778637,-0.2778474413504315,-0.15275627999804028,-0.2751836994593297,0.16095943437843666,-0.25073337904446397,-0.220178637767232,-0.2459235773724281,0.06640741153079113,-0.1951530649058622,-0.09053323839679199,-0.19410766186086487,0.49996697336668505,0.005746785410684118,-0.49996697336668505,-0.005746785410684118,0.7819043008343735,0.3187772553985707,-1.1124965007714462,0.15109523340365513,0.4915725587100155,0.5627624561946712,-0.5071030967320848,-0.05988351656289674,0.48095744371961274,0.6860165754550414,-0.3380299173454538,-0.09621554891586054,0.3601019866144323,0.66519476813659,-0.29989062761152313,-0.11425202409890457,0.33550372085192504,0.6288346270745727,-0.34343983471648454,-0.09392404664322404,0.5413280543304417,0.5012022952920334,0.4119295628151785,0.5169406024228654,0.3282989428515769,0.5462089965012885,0.2621606642760738,0.5686320365086204,0.2297298886780232,0.5879960458649613,0.33356171083205105,0.6114836831500442,0.32387654379641834,0.6736230440803782,0.32562718043518424,0.7200975017658084,0.33116298348775935,0.7579395339691248,0.41297804463720694,0.621987506170341,0.42157559557784235,0.6884056551033921,0.4288697263979748,0.7366630080487855,0.43309871618499246,0.7746211693757914,0.49518761545172885,0.6229258551891432,0.507230113461981,0.6849346310882746,0.5238601435867404,0.728843968296082,0.5395853350301377,0.7628900398076227,0.5756327508375936,0.6145632733139429,0.5952625474007399,0.6638119802723537,0.6083438002171963,0.6991523373699109,0.6173611963059835,0.7282019653813007,,,,,,,,,,,,,,,,,,,,,,,,,,,,,,,,,,,,,,,,,,
0.04457414357110697,-0.273925773414335,0.08356922713504057,-0.3103538254661704,0.11087825087529193,-0.3085952858452111,0.1373468410220082,-0.3059997498494061,-0.020225723467512644,-0.3102619535528201,-0.06240181691203166,-0.30830034258448413,-0.1053814658016398,-0.3056167295766487,0.15888022912755,-0.2785003063217325,-0.1878313009512447,-0.27242281598459817,0.0920751397248837,-0.21652171320381358,-0.0443496397551285,-0.21533329131603693,0.49995996991674313,0.006326806528502902,-0.49995996991674346,-0.006326806528502902,0.7687145447674412,0.3507363412004279,-1.0515832065428774,0.1433476316709389,0.5412229517792692,0.6652478782034352,-0.5183799580805171,-0.10228741716375422,0.5442266877532894,0.7936998161654326,-0.3511031568383412,-0.1598676313983364,0.4387834348783759,0.7785383911105759,-0.31658963095735804,-0.18272361602021997,0.41522476787191354,0.7368763758568629,-0.36093129123007417,-0.15366773343025403,0.5705035546604235,0.5981194274873112,0.44067155294647953,0.6287982922929471,0.3599043102774397,0.6711063233062415,0.3119359752483257,0.7066878476031717,0.29688429914014036,0.7340739736123613,0.4079545967475454,0.7256288178656568,0.39941482527287153,0.7947299112400004,0.399753198459491,0.8468174912083153,0.40355251039618817,0.8908792961525392,0.4946333419139912,0.7380204944780673,0.4932244241140002,0.8110847003797016,0.4884112865875652,0.8647783178880254,0.4827859671485683,0.9072868608966435,0.5753147512316769,0.7421611730857239,0.570666379233972,0.8117571921950038,0.568366778667417,0.8615141732317573,0.5654260159059479,0.8995427911054192,0.6451078333052257,0.7377031348234968,0.6448675861861087,0.7948990049825356,0.6430918278568383,0.8330421759239486,0.6376157463051203,0.8639275539642048,0.5137435553064303,0.6649257528588352,0.44652741472868623,0.6955624324823564,0.40665156883578246,0.7471790916729216,0.40290380004223536,0.7889493057410125,0.417448671186395,0.8202247643355516,0.4428734587689056,0.7827239025059194,0.4513601774686218,0.8390550646851248,0.4628256153866873,0.8748863464410189,0.47450197043446246,0.9021801592692629,0.5050008461844594,0.7843602992564878,0.5175264769549291,0.8425786746874544,0.5256737441595916,0.881190295308083,0.5327062561050849,0.9131705465059033,0.5632092294271314,0.7806400604136735,0.5712695849720056,0.8379640746823998,0.5774303923793751,0.8733387327306333,0.5817048070121351,0.9026133075408511,0.6145873913865469,0.7721195361616845,0.6233497257220184,0.8174405423159781,0.62740502808097,0.845066717897034,0.6259294708197517,0.867057729778527
0.046248231032974076,-0.3087784863647492,0.07998569364106554,-0.34988688040728766,0.10468449784803938,-0.34807825989798313,0.12769158257395952,-0.3455743861483325,-0.019566711865698822,-0.34938806909491854,-0.062089364447147244,-0.34706375171022036,-0.10442641895395348,-0.3439358975036876,0.13352457301687307,-0.3149519267440093,-0.1957353106705456,-0.306549592045515,0.09245175126460488,-0.24623328103133807,-0.037201209460382564,-0.2450124155559154,0.4999723708664328,0.005256269608583331,-0.499972370866433,-0.005256269608583331,0.7625581566164099,0.39159726440602527,-1.0454361593574857,0.11243463209401955,0.5907380853177807,0.7812355580715132,-0.5135609162100352,-0.18494143606498395,0.6056528366609492,0.9219506121611699,-0.34140771191434455,-0.26146720037953575,0.5013906789723638,0.9097409756881628,-0.30593757172900443,-0.2870082833760207,0.47220128056425575,0.8618387931689699,-0.35145080865356043,-0.24975882951584905,0.5985520751986427,0.7135421212813122,0.488905321722345,0.7719355397201351,0.4325675676264577,0.8394744539742863,0.3975679094466226,0.8975922057795465,0.38972411236486487,0.9421757861331566,0.4606946288170296,0.8632954674954673,0.4522422501802927,0.9387735415274756,0.45735086130935176,0.9954789926951166,0.4654045954391446,1.045233089521834,0.5359230717511063,0.8711657106149336,0.5394709864188761,0.9534952000160114,0.5445073311687848,1.0144114393769483,0.5437181908860775,1.064682116625962,0.610754585700593,0.8726842332246022,0.6133604641558809,0.9516593858964871,0.618546702671445,1.007848256641832,0.6194475663474379,1.0530723103278368,0.6798185134969014,0.8659031089202162,0.6840050313608402,0.9267467010913966,0.6883056314613011,0.9681701286905957,0.6874523735306236,1.0033396149705343,-0.4206867175658285,-0.22164466159568863,-0.2890076177209604,-0.21110267081510714,-0.17149069100671688,-0.2260910622963032,-0.09415011839478002,-0.25073151648356273,-0.037199708378323065,-0.27677415960500223,-0.13308411265255815,-0.27579106641821527,-0.05222897083860164,-0.30865066657952883,0.0071450433830612965,-0.32577930317408044,0.05361790062422486,-0.33693584991125136,-0.1666332966823297,-0.29713186561235555,-0.0768852086471739,-0.3299175423494979,-0.01774654264841094,-0.34704028863136654,0.027046389327880564,-0.35865078213263796,-0.21288592374133555,-0.31762141645192926,-0.12842593336149574,-0.3454846570517953,-0.07147627388606845,-0.3591187674752996,-0.02713345208733214,-0.36683605880876496,-0.2751788992478388,-0.3353549881590214,-0.207479883924202,-0.3595460114885707,-0.15875937073923507,-0.3712489828989647,-0.12061462398431144,-0.3770361169381003
0.042275971868157076,-0.32560405239420964,0.07035310073227219,-0.37139989296867437,0.09458033722843975,-0.37004366494307583,0.11623670329221628,-0.3676331823508689,-0.02736455994105112,-0.3681150084142661,-0.06864791629821547,-0.36428640519980227,-0.11127496183738513,-0.36001654417857454,0.12702619286424546,-0.3371060893402542,-0.19860043567430205,-0.3222152506901179,0.0893071241105456,-0.26222343288682365,-0.03411988221475547,-0.2607104449567477,0.4999706472897714,0.005417734641605082,-0.49997064728977164,-0.005417734641605082,0.7535859679426744,0.4250574455939662,-1.0481604536164106,0.07597872753072245,0.6226408864996004,0.8676816744582958,-0.4956851862783851,-0.2601656860849837,0.6607560822208058,1.013800005115005,-0.3258052918483656,-0.3515013711324406,0.5408736961050076,1.0079086620825002,-0.28834296809627064,-0.3660818106087477,0.5036390438156183,0.957920456259094,-0.330076322978313,-0.32955394429388957,0.6202455261807124,0.8128485785811794,0.5190956914851005,0.8786887786734157,0.4786556815320426,0.9455030330095315,0.46439917244624934,1.0051396185143584,0.46523289892939673,1.0494678243892395,0.5192059999121014,0.9778715087866092,0.5228158218081068,1.0556830893477847,0.53055258979569,1.1079541437867593,0.5372093613235657,1.1501222460276799,0.5908246012465814,0.9825012830589929,0.5972643901128175,1.0659308390156679,0.6012782486891174,1.1217993616274682,0.5978973809119453,1.1663187584143797,0.6593669656342699,0.9800076875512733,0.6614555573625641,1.0585112169409716,0.6620601159508562,1.1094358213444082,0.6570810586382981,1.1495330701159612,0.7210590911947885,0.9687421947477515,0.7248333068511887,1.028901590657292,0.7251039472941795,1.0672350564558393,0.7206924653182251,1.099518442915158,-0.45378455165966003,-0.2841898955996411,-0.33693308197413346,-0.2661113281686744,-0.2219649790364337,-0.28208232265696187,-0.16102534507096083,-0.315657131952437,-0.13921409827973824,-0.35241457299137063,-0.1573087420523062,-0.3256904939871896,-0.06841832085131809,-0.3570423708615081,-0.019347104037475096,-0.3838325033091816,0.016804558927908404,-0.4078229059433114,-0.18603094006075369,-0.35222920726490825,-0.09079628787505915,-0.3863248505628509,-0.0388150449710012,-0.41180129964380535,-0.0009843851341721393,-0.43351779948305985,-0.22824582543081876,-0.37429292977247447,-0.1373118123540245,-0.4062203557851298,-0.08820820847295169,-0.427145982662379,-0.052267969992653165,-0.4443587818883253,-0.2876504406752053,-0.3944429747998339,-0.21826163013110111,-0.4220700615882012,-0.17641828748608965,-0.43888685221670515,-0.14332608004982375,-0.4525315172400068
0.03415261026772869,-0.27714982515657316,0.06190690439620277,-0.31743231624365115,0.08690595561483172,-0.3167412842843293,0.10831352729922548,-0.31482276954137234,-0.03761427340765379,-0.3133016092991716,-0.07946690713326704,-0.30939258433932454,-0.12400477525831123,-0.30525885162709016,0.12438434593977284,-0.2898433658543031,-0.2043325615821348,-0.2741557389699119,0.08475609304503798,-0.2245906373765899,-0.038663971563796994,-0.22329676568868514,0.4999673340580483,0.005715319316364234,-0.4999673340580481,-0.005715319316364234,0.7426529091577255,0.37748125814191985,-1.0634629352534777,0.037271941164103206,0.6333941059053896,0.7721588443667349,-0.4993531489666876,-0.26659007367824566,0.6801945803669981,0.8994509359664377,-0.34389130584161176,-0.3333828289500432,0.5567601275060227,0.8933315876616226,-0.3003977671219124,-0.33447317325984505,0.5171335926115432,0.8511125162182274,-0.33524793918090384,-0.3062420481611002,,,,,,,,,,,,,,,,,,,,,,,,,,,,,,,,,,,,,,,,,,,0.6486280436714502,0.7384199320223455,0.6207792595289208,0.7920082368116781,0.5888274612760649,0.8467575464872069,0.5663714799357191,0.8926123448676445,0.5532813917385581,0.9260819638818462,0.6294920978249626,0.8725630737645381,0.6165353693976385,0.9375320030254738,0.61300208712206,0.9763520693620642,0.609070014037161,1.0044198030020435,0.6573447474680669,0.8775682275901892,0.6525326287522603,0.9471984410707462,0.6501306496449639,0.9896225527761218,0.645042147638045,1.0206779650945754,0.6782755740815443,0.8769945776211243,0.6835049521094186,0.9437399885268742,0.6835096766101215,0.9827120551965647,0.6783165913376459,1.0121477918344441,0.6946131122617665,0.8706984888821542,0.7160821024552964,0.9198599174597023,0.7265335570099587,0.9485568328063662,0.7292084834078562,0.9721019335844348
0.027871535808824392,-0.3157076294176164,0.05366601765561635,-0.3645721378981732,0.07909049535884785,-0.3646301899775269,0.10033933565714703,-0.36327342995148904,-0.04554702322476481,-0.35847335230435745,-0.08706300276912034,-0.35370903888468486,-0.13192903444954523,-0.3491411695549681,0.11974659392863572,-0.33486336430235325,-0.21025837069961498,-0.3141161731279057,0.07971582399913442,-0.258402659592314,-0.03881316418865251,-0.2569876401580676,0.49989404406351023,0.010292944662693086,-0.49989404406351023,-0.010292944662693086,0.7377301110240222,0.4525799195138002,-1.080438280776992,0.01834891464614783,0.6671577709988525,0.9214358797831116,-0.5094219753252365,-0.3372374870190647,0.7383478664800839,1.0673738313857948,-0.3552031664056762,-0.403964205659045,0.6192402870175128,1.0681131660821352,-0.308868586115692,-0.4012786750023719,0.5648371280659457,1.0218425489044145,-0.3441251125214535,-0.370071535772662,0.6786629524733611,0.9052669243811226,0.5754549487259849,0.9583522336884029,0.5380118276577948,1.0254146177443606,0.5338147689603406,1.085893481343899,0.5372004150622671,1.1303138958210752,0.6003402157124016,1.0607708220170213,0.6054702907063668,1.1333010899615328,0.6039649580591436,1.1746101203142056,0.5991246114559547,1.2058831901197529,0.6741670775640604,1.062414732507005,0.6821565705446658,1.1380868619176807,0.6821455353333665,1.1821784528310892,0.6758535175026054,1.215220245097231,0.7367518719988537,1.0569290183369353,0.741692833763888,1.1285101347840139,0.7400522656840767,1.1693126607443258,0.7323691620995426,1.2001447420756397,0.7873708189815709,1.0456443160971407,0.7966365016924225,1.1003975860415658,0.7992970694989855,1.1329720590689103,0.7984997213884468,1.1592132575676208,-0.4765786981669209,-0.3440776805977691,-0.3553613377676311,-0.3298133517207185,-0.25454094262968213,-0.343732374390042,-0.21707997048439054,-0.38703974391003854,-0.22711422320572633,-0.42488513841384395,-0.20388878182472128,-0.3739929537330044,-0.10292687633011251,-0.4009292222175481,-0.046749861256375445,-0.4211941664756503,-0.0009426991534844731,-0.4393761813936562,-0.22536654866330533,-0.4016915704167751,-0.1163337925518461,-0.4317492784752818,-0.05064896924875184,-0.4531178342276687,0.0002151325261609191,-0.4697041426144398,-0.26035054862531554,-0.4221932842270984,-0.1619097561591846,-0.45396923017004714,-0.10216263385347138,-0.47118737324192683,-0.05447169626880267,-0.4834677723070648,-0.31087093602476273,-0.4397311283931331,-0.2454754083590607,-0.4663056080259904,-0.197928361274666,-0.48006426182609935,-0.15685292467550901,-0.490876772599008
0.011867842733012836,-0.24510823355413466,0.03726103432236565,-0.28478632730173403,0.06555324093046977,-0.2851960742492741,0.08804478043465062,-0.2843712408290155,-0.06709427662020584,-0.27911016559741864,-0.11011504857808652,-0.2752422135581498,-0.15429448159466716,-0.2717284774045652,0.11100154240659177,-0.26244838264442,-0.2243738624644909,-0.24459695348166283,0.07011075097245592,-0.20126325650381452,-0.04977358485641427,-0.20011953021059065,0.49986159879383724,0.01176359006718328,-0.49986159879383757,-0.01176359006718328,0.7330885876833709,0.36679363012130356,-1.1072969931581174,-0.007084112347331354,0.7053374192026292,0.7395146671432039,-0.5218101223708401,-0.2785432723165497,0.7752220966683736,0.8528466640815828,-0.35756780215313816,-0.3269927272945999,0.6511439462080716,0.8528146269305121,-0.3121709234722245,-0.3233497746316968,0.5970900179782884,0.8197831741250466,-0.3500419442210836,-0.30094216970743926,0.7015048826708659,0.7395194316425939,0.600012986350363,0.7774325248058215,0.5623231540401762,0.8293828189304868,0.5593215131865434,0.8748432077136409,0.5515797454412745,0.9065650803591857,0.6335221893612231,0.8599176740555917,0.6498836482143981,0.9130096408099506,0.659058881314982,0.9422904468369908,0.6654139916339076,0.9642156872712813,0.7082434663985029,0.8583700332192534,0.7261291496429805,0.9131101881763879,0.7343578956539824,0.9459605900050333,0.7369233217704851,0.9706572904465627,0.7697827076641188,0.8517562508936022,0.778307024869801,0.904000958221953,0.7820272663231395,0.9350838950699905,0.7803883295425265,0.9591401810762709,0.8199610272772633,0.841695599698909,0.8272784470842962,0.8833084087850136,0.830209546411169,0.9083516033373538,0.8294265574396854,0.928615676415358,-0.49411729898466167,-0.2843094666300279,-0.37503605975873444,-0.27273288316390215,-0.2725331780991046,-0.28604933037279034,-0.24227602737409895,-0.32401220433998934,-0.26086349991984836,-0.3548309579115053,-0.21924982265307308,-0.3006434848836109,-0.11637203805059985,-0.3187948310683145,-0.05923713721902091,-0.33324711850247074,-0.012213188556388232,-0.3465517366094252,-0.23928010016437828,-0.32389070960554434,-0.12924103206254514,-0.3445691298373963,-0.06382387474717242,-0.3592280979692291,-0.0113899843219856,-0.3707193311790408,-0.27243703505250794,-0.34163970203141647,-0.1759791886518083,-0.3642217862091975,-0.11387385712783124,-0.3744522343045655,-0.06328811075265181,-0.382029677705115,-0.3181655248358544,-0.3568170969848061,-0.2507265067199949,-0.37561132200099506,-0.20645796283394027,-0.3829829883158212,-0.16818588823356365,-0.38808494569710034
-0.002115384710450701,-0.26859799427888464,0.02088988409690401,-0.31221590112332204,0.052349220576647086,-0.3128000012380091,0.07769274567027754,-0.31203996517306615,-0.08513457975722032,-0.3056444580759806,-0.12753390566169048,-0.3014866137207044,-0.1684553683340071,-0.2977933162958107,0.10773695476691603,-0.2883682536767002,-0.22859641432359676,-0.26794049701622563,0.06554440446298945,-0.22062087605791622,-0.05424722721819467,-0.2194464311883324,0.4997769011894503,0.014934826328770832,-0.4997769011894501,-0.014934826328770832,0.7265295297848195,0.4082499603575046,-1.1092756161318007,-0.01936915439188232,0.7252783286482669,0.8108565760060805,-0.5202613095404423,-0.3140994294138189,0.7846174324973847,0.9410676416099857,-0.35327045521676853,-0.3628058130088419,0.6754388167089308,0.9423196467210145,-0.30867998914139355,-0.35802151358789114,0.6260266996081253,0.9051111842865945,-0.34794713713922226,-0.33479290004031786,0.7300517466829223,0.8280763976394095,0.6306304781490298,0.8651847648264104,0.5976859171378573,0.9203870222720342,0.5970214225405738,0.9674516990061302,0.5833579721242009,1.0004901898129828,0.6737964778795329,0.9579383064037637,0.6871485563235671,1.0105987237779432,0.6903378667021978,1.0404401398014933,0.6914022886034024,1.0624303235428414,0.7424534484294525,0.9564166052373013,0.7567040448656477,1.0112526914613533,0.7592150170095505,1.0440066438795206,0.7570817784016037,1.0690302747302705,0.798597968133295,0.9490473867776625,0.8059263063672292,1.0022334399538415,0.8061185791094987,1.0336152005624508,0.8026548131250456,1.0579919228882888,0.8433311555185032,0.9371803983304632,0.8517669847479106,0.98078174330304,0.8546005356182728,1.006502963816636,0.8553878650303323,1.0268594048758752,-0.49878576267058483,-0.3204976515718652,-0.38822673846277356,-0.30653852765035206,-0.2835541167920124,-0.31948348580099706,-0.2429209533629618,-0.3561790732199334,-0.2566276926138798,-0.3905224223245173,-0.22210133121959,-0.3303189320871796,-0.12307109050840447,-0.34788229943407417,-0.06580095123624664,-0.36386043318802513,-0.01755060097930359,-0.37826509861319557,-0.2407879344952916,-0.35567008979182685,-0.1339524092792049,-0.37742659728648725,-0.06870240185216471,-0.39206385293396107,-0.014811977908553254,-0.4033417636547121,-0.27348990224078884,-0.3748495519245855,-0.18124963608518263,-0.3976343435071099,-0.12058297135329685,-0.4073446685311621,-0.07013466897686589,-0.41516078602493844,-0.3171754778559737,-0.39104543356758775,-0.2502909323793647,-0.41002199014454715,-0.20701561186111397,-0.4179236320585868,-0.16933356035055638,-0.4240883589740095
-0.008620478363548784,-0.30337405525144295,0.01440687559382973,-0.35259922441082453,0.04728166935564934,-0.35326813419762193,0.07378250380347023,-0.3525324966804149,-0.0926721814138904,-0.34522478989887295,-0.13497511876613225,-0.3405849679716901,-0.17448749202037311,-0.33644988928966985,0.10657562785885162,-0.32623973029564696,-0.22945394137371702,-0.3027197357787871,0.06354423175776316,-0.2493283687358946,-0.056010146600432936,-0.24805544034967064,0.4996484216875686,0.01874712524953298,-0.49964842168756846,-0.01874712524953298,0.7196013626482972,0.4720896119630587,-1.1110045255213994,-0.026956370602786606,0.7400590767269669,0.9267482878543889,-0.5177492093454509,-0.3569683603001225,0.8014203954666013,1.067018547709598,-0.34850647799690954,-0.4089633424525164,0.6970942425313936,1.068606137136469,-0.30435294450843337,-0.40374154044237254,0.648822191139159,1.0311637179631647,-0.3442348020243749,-0.3776909936783881,0.7404645788618822,0.9417124405345066,0.6452197469567803,0.9850346542766883,0.6193459957240772,1.0459913542773984,0.6209822362501158,1.0937255565797834,0.61883802328725,1.127345721568676,0.6929623684558045,1.087181749672212,0.7056382513373727,1.1433397667728835,0.7075234421481839,1.172830974889885,0.7060671815114005,1.1935916655211214,0.7600449457188423,1.084596509254599,0.7759442640378973,1.1421123438419543,0.7766580528930942,1.175818418232995,0.7726251458612319,1.20003956407,0.8141359089563875,1.075156473974845,0.8249272578880538,1.1314159090633253,0.820971422536262,1.1642457483645223,0.8133660679702301,1.1887115625463625,0.8554277184149792,1.0604239297779532,0.8672330416375708,1.1054580056926313,0.8695125679478328,1.132435598570533,0.8690100693519198,1.154030079741383,-0.4939453363160002,-0.3663253430224554,-0.3847620253840872,-0.3488610430855221,-0.2837051786732267,-0.35998896344809944,-0.24814710809532192,-0.4017799084165997,-0.2607051939204188,-0.43935180387413925,-0.21823650866529826,-0.3714449108034396,-0.12096460399289172,-0.39347710139853626,-0.06451824701001552,-0.411669896740859,-0.017843681350147477,-0.42740907058334904,-0.23730266290678886,-0.399126715906551,-0.13221871143543493,-0.42479373126593334,-0.06775941769206432,-0.4412938461074982,-0.015685674308178056,-0.4539517088515622,-0.26942677412565075,-0.4204253095878171,-0.17516373032689925,-0.44649024260560544,-0.11533300698366156,-0.4578125304397887,-0.06677303155934594,-0.46682730397589245,-0.313244213782002,-0.4386459591662283,-0.24434246022957706,-0.4595333712671415,-0.1990409528245987,-0.46752355784793415,-0.1619121088579878,-0.47337733472376187
-0.015095636724920891,-0.26779078277477375,0.007191867707079075,-0.3113980095353776,0.04092458413588793,-0.3120135205832947,0.06855890672222054,-0.31141446512657833,-0.09941749555941425,-0.30478816722723445,-0.14099700707211016,-0.300739372421754,-0.17927344930652192,-0.2971521434612638,0.10456206716275553,-0.28836207020092236,-0.23082656447980412,-0.2672146572402223,0.06080957854067314,-0.22024275664602302,-0.05822294011004662,-0.21917718967482985,0.4996756442642403,0.01800695779737214,-0.4996756442642403,-0.01800695779737214,0.7116230443935836,0.42192562964607755,-1.113099474804923,-0.03202838039805996,0.7451413991245253,0.8168927296453898,-0.5163813403507117,-0.3169430042424347,0.8081825113178157,0.9410400041519429,-0.3461415885127282,-0.3618964422372776,0.7084613184955122,0.9433355141638096,-0.3024599352989533,-0.35649325336258947,0.660824342690595,0.9111451406097492,-0.3426195734269486,-0.33316264204799917,0.7516080497738256,0.8365151679002278,0.6505229751915695,0.8682516189166862,0.6241126098760517,0.9188384442205004,0.6310058010117391,0.963824613555218,0.6240885978732357,0.9953765461391963,0.706822171866914,0.957598285435441,0.7198371139750892,1.0139258640367164,0.7197611487298164,1.0362018787742473,0.7148605172459928,1.0469708492780525,0.7798311030110214,0.9554993433053489,0.7913505339256254,1.012493058625831,0.7844431538791828,1.0383536946072136,0.7735777226049148,1.052512696740891,0.8344728166192533,0.9463306116048645,0.8434897602585543,1.0023056988536438,0.8336398184124706,1.0292078029076308,0.8213456729706465,1.0457083547400314,0.8722578859596746,0.9329380983203391,0.8850554102968973,0.9784580402745506,0.8822634692421932,1.0012861715693073,0.8761211989218444,1.0164179419303574,-0.4943721568604434,-0.32728691693418693,-0.39163298272056274,-0.31097079361300306,-0.2940499496035621,-0.31911091598154834,-0.25923843937550817,-0.3600887550793117,-0.2734125063468951,-0.3922479259549751,-0.2232699871935893,-0.32926680331154823,-0.12336030014917948,-0.3482645585496032,-0.06792488070240937,-0.3632372581957132,-0.021445501724161282,-0.37637502454104954,-0.2418045247309059,-0.3546613773847711,-0.1359871209754733,-0.37567372860785664,-0.07185826505461516,-0.3900340644502683,-0.019374139044873864,-0.40141054300954887,-0.2715106465783957,-0.3736453746695272,-0.17852711260081178,-0.3950420493723494,-0.11816246555777343,-0.4039640371260866,-0.0689209422374067,-0.4109487611813103,-0.3137060659633237,-0.3900995271300175,-0.24520877185741952,-0.40866575022505514,-0.1985619637322629,-0.41446369344603345,-0.1587609776099659,-0.418108831700148
-0.01940698857417198,-0.2755502870291202,0.003316816532779036,-0.3206274902520053,0.037354656203359524,-0.32129852502807593,0.06540334001712604,-0.32074101152087003,-0.1030206174193215,-0.313772601952394,-0.14431219820573654,-0.3096659283835368,-0.18198887543169587,-0.3060321366418347,0.10289354966445807,-0.2971911817061065,-0.23180552762789886,-0.2750379598018539,0.05862457990962625,-0.22673660439147347,-0.060034074628816554,-0.22568306034812707,0.4996175747996784,0.019551955178138066,-0.4996175747996782,-0.019551955178138066,0.706128568684128,0.4364911306815391,-1.1189819305797062,-0.038812792192074945,0.7441035505195364,0.8376871469884343,-0.5156258273039032,-0.32560779609797386,0.8046408917870513,0.964715409761657,-0.3448009638040242,-0.3714385360957538,0.7057519346367496,0.9669184260983856,-0.3008957907720214,-0.36505847411485226,0.6591998793480387,0.9324672210585158,-0.3410748759580625,-0.34052176853862043,0.7509780466067276,0.8605930723140581,0.6544914098013757,0.8935544264436236,0.625127661757478,0.9437756431824225,0.6298550609183076,0.9885915437782796,0.6238125975273471,1.0213297443532252,0.7071192184921666,0.9837510561345834,0.7184132355327699,1.0414724545846723,0.7185766394435622,1.0650593223338125,0.7152393702242128,1.0768227554815375,0.7767553943023051,0.9819002705537775,0.7879871829561083,1.0403637240191046,0.7822341033219435,1.0666836209459045,0.7723528447271117,1.0803721007328608,0.8304025735950425,0.972561340590354,0.8394887883948882,1.0286184394592242,0.83007380753751,1.056345037133653,0.8174531944328584,1.072844140570788,0.870527916083393,0.9591999057639445,0.8845293031133277,1.0032678252750635,0.8807002990891973,1.0263846816369628,0.8727413754502232,1.0413539331946668,-0.4978341658052592,-0.3377990173877502,-0.3919820479956648,-0.3204176703537611,-0.29598790753129545,-0.32961780065810775,-0.2613095071238676,-0.3719108623538932,-0.27762520267196683,-0.40589011151496746,-0.23083021733478806,-0.33773577511480196,-0.12988500364794547,-0.35739541808714037,-0.07301630863857675,-0.37301311128094505,-0.025962727365343923,-0.38691418881122364,-0.2492956207905134,-0.3642916962784178,-0.14261962960113891,-0.38586999684630735,-0.07724849168627305,-0.40025553055823376,-0.02396010473560796,-0.41165636232841046,-0.2781418505896448,-0.3845995956971851,-0.18335866147749139,-0.40662244407243153,-0.12125081497948588,-0.41577044348414294,-0.07083613928286672,-0.42317460435056137,-0.31799097301840706,-0.4021794660594336,-0.24771021120863898,-0.42085112213227244,-0.20074300989890104,-0.4270065490411791,-0.1616363852671807,-0.43106090652772905
-0.02417369398673238,-0.24433997441405442,-0.00047407710106889527,-0.28432850077865934,0.0339370198300174,-0.28492830732869956,0.06244902189476038,-0.2844952414169199,-0.10715397633845393,-0.2782637718620739,-0.14841666917677046,-0.27463455637465545,-0.18548075046737417,-0.27141197130639244,0.10132562627275149,-0.2639218603309788,-0.23317263515748127,-0.24400805299579373,0.056464294305060475,-0.20107164081236933,-0.0620548722911897,-0.20014319675619563,0.4996810136750168,0.017857339463304697,-0.4996810136750168,-0.017857339463304697,0.7024451753570264,0.3871610893266351,-1.121696849000205,-0.03598018322209669,0.7395626140932747,0.7390905632005778,-0.516365484845517,-0.28672140544797536,0.7983809932583708,0.8506068005866122,-0.34472729670999486,-0.3273919182636047,0.7028822499932442,0.852909315574626,-0.30070066645309135,-0.3212932008565023,0.6572195783021646,0.8211223597478011,-0.3409470683918785,-0.29954023853445694,0.7465497226985068,0.7623114342434991,0.6478582263721987,0.7895437681454496,0.6170019741700898,0.8340632722676128,0.6238034727607373,0.8739744625016211,0.6170652206738886,0.9032973348637722,0.7040380744166178,0.8702887637256143,0.7157182474772678,0.9222593002688769,0.7142750970125814,0.9427481206175417,0.7089384830803657,0.9519138477558791,0.7740380442378473,0.8686655259611199,0.7840579422382953,0.9221141513528529,0.774007181682729,0.9451892166973249,0.7614878514015737,0.9553611345114484,0.8269325515557302,0.8605989242117694,0.8340881001624881,0.911394969582725,0.8201793028751976,0.9347719906472965,0.8048623471751503,0.9472040609829925,0.8658304554435917,0.8490370905897919,0.8788503242067004,0.8902710406286523,0.8723774466254818,0.9100153980980719,0.8617546420905396,0.9213330728533891,-0.49718255943302847,-0.29697599574990213,-0.3934125427252298,-0.2829115747935588,-0.29775198838766936,-0.29057507632929064,-0.2663802011099228,-0.32845836872692563,-0.2836047669949931,-0.3586340730685206,-0.23015668976241782,-0.2967443978471286,-0.13087641412754997,-0.31517888486679563,-0.0736007280344938,-0.32976651512281135,-0.026851129314213247,-0.3424274741337759,-0.24916878441206836,-0.32055070832453353,-0.14474826328547366,-0.3404633662904741,-0.08020596685562117,-0.353451567144918,-0.02779830547763247,-0.3634544455822919,-0.27872935265405235,-0.3386814334724309,-0.1850667140765265,-0.35921696747110554,-0.1232366276841473,-0.3679171179676037,-0.07239100281063167,-0.374791988005979,-0.31952356494618933,-0.35418379745148915,-0.2495885803642584,-0.37100818235517075,-0.20406500751314893,-0.3769382708745394,-0.16582065083120798,-0.38095318184130206
-0.027612099330600732,-0.266373626069811,-0.0029269733047406926,-0.3097289197123881,0.03168136968111463,-0.3103741979853283,0.06045270506311047,-0.31001703189940505,-0.10991210406108408,-0.30318445272601896,-0.15149052211017555,-0.29931126247143314,-0.1882479471426037,-0.29592654804835916,0.10057599737927336,-0.2881112030883369,-0.2339050822953443,-0.26617415690587193,0.05507066177691219,-0.21936321653214746,-0.06384702118962009,-0.21845308256664064,0.49960793564376765,0.019796733108592982,-0.4996079356437678,-0.019796733108592982,0.6988998972850043,0.42169534438612016,-1.122894880709262,-0.037898604460092786,0.7334906497650218,0.8062989057734616,-0.5209384870563082,-0.30852986852736414,0.7910311488616262,0.9261088515447231,-0.3502081863108137,-0.3547093950767631,0.6958456642713621,0.9291656493960478,-0.3044346497861085,-0.34782887174558713,0.6512102986243944,0.8947075749457098,-0.3441415248807367,-0.3234247587422236,0.7423128313596038,0.8333327916108203,0.6443274160067622,0.8612822677450761,0.6115771516375683,0.9088766836376089,0.6166836103323053,0.9540821208617626,0.6079756584423007,0.9873102845479023,0.6988560296037788,0.9486864352531825,0.7074421509533503,1.0051369242323884,0.7036093751813243,1.0282780306909896,0.6970839490156587,1.0387690353375185,0.769443689197156,0.9475423946223391,0.776247957455364,1.0089474114000139,0.7602772983216709,1.0315400223818105,0.7445170737578168,1.041345139338167,0.8214987736399219,0.9402711621843982,0.8269585626185892,0.9999806016205353,0.8066506493787764,1.022770713909048,0.7874437715043765,1.0335590438923186,0.8586527451372896,0.929325045831088,0.8648754408691516,0.9790599536936039,0.8479594549217221,0.9989870126191741,0.8294216677693808,1.008130571756475,-0.49927197869893664,-0.3217057460101243,-0.39466797264951003,-0.30524068462764753,-0.3000040139823308,-0.31428620869603496,-0.2697513842753879,-0.35578840697120123,-0.2914885804062192,-0.38911863088875553,-0.23314358712595176,-0.3233044511074711,-0.13489616010282027,-0.34344368082087245,-0.07810814375595049,-0.3595520233577039,-0.03133585739977908,-0.37316404955946275,-0.2521000717505842,-0.3489931276369912,-0.14923046786010624,-0.3712278569484199,-0.08455386972849846,-0.3856859723078917,-0.03218280768086572,-0.3966738609031568,-0.28199068450404713,-0.3685011224221782,-0.18917839803473604,-0.3913494653948725,-0.12811806043663038,-0.4005630623596911,-0.07846972637595284,-0.40762856426980243,-0.3229010976647736,-0.38490607471130656,-0.2539690087041823,-0.40330151458121355,-0.20819514642936893,-0.40894380847902234,-0.17003721309880518,-0.4124770066743559
-0.030740735344963226,-0.2902413811705405,-0.005004972663669951,-0.33742944103835476,0.02965632731680427,-0.3381151616688618,0.05848009474862244,-0.3378250453411974,-0.11246760315720827,-0.3303504269926921,-0.15441028538184923,-0.32619931415632686,-0.19118902157317108,-0.3225556365382108,0.09933022203514691,-0.31407727229453036,-0.23524544674281198,-0.2900761719735221,0.05308618860355218,-0.23898447152193483,-0.06631970326311967,-0.2380129282463794,0.4995151292151443,0.02201444264971512,-0.4995151292151445,-0.02201444264971512,0.6967172764029355,0.46031844327109694,-1.125030585093459,-0.0393071518017743,0.7294211454841393,0.8851955128502156,-0.5289869561777643,-0.3349819443635651,0.7869216014666647,1.014704690590888,-0.36251473610105855,-0.3857089745438837,0.6897013747979372,1.0175371549456764,-0.3145460561440636,-0.37874149866254003,0.6451549401506822,0.980877497603269,-0.35294743954811036,-0.3521880967774345,0.7402463249346206,0.9101833795033267,0.6434532135986306,0.9437642712427035,0.6126893953421195,0.9962717159532057,0.6119070747352082,1.045481807582047,0.6016165498289116,1.0818403216391628,0.6972226020712708,1.0367687545499262,0.6999073890916018,1.0968496698927968,0.6938595576405602,1.1221326296420588,0.6864732431961328,1.1349758150159441,0.7658941009883664,1.0351334469754228,0.7682386730488464,1.1016156575965057,0.749289612239063,1.1264509033493588,0.731599737832406,1.1380016902558419,0.8162154999157994,1.0274860079016253,0.8174388399151103,1.0923069536851173,0.7932648941855209,1.1171369299183964,0.7713912013262394,1.129586072328572,0.8504827067052328,1.0166239667202197,0.8513554036999466,1.0709938938490877,0.8319898728531039,1.092975206834073,0.8118537529496894,1.1030431118989188,-0.49446469679390864,-0.34919383865498144,-0.39138619011249803,-0.3326923381086076,-0.2978466287373815,-0.34150922019307767,-0.27413618787167604,-0.39053907473574456,-0.2996154858274878,-0.42597464219782183,-0.2342144824439787,-0.35197663290859876,-0.13565761941478927,-0.3745674536576578,-0.080567236648807,-0.3922655254821414,-0.03494975490572467,-0.4073817278826951,-0.25479542363110613,-0.3803672430348536,-0.15181250735987084,-0.40393487657904215,-0.08860508663895127,-0.4199006426353799,-0.037227413679082166,-0.4319810162590625,-0.28444224621962627,-0.4015101169053779,-0.19250860373545386,-0.42649749564001005,-0.13136995501656543,-0.4369926221251432,-0.08086009090543467,-0.4450098058223918,-0.3247721661489583,-0.41988054039404155,-0.2567157046209675,-0.44047177363211165,-0.21145646966511025,-0.4468592120255182,-0.17189257652277337,-0.45084023648007415
-0.033396674825584484,-0.2866173044576289,-0.007452987468656542,-0.3332483493725802,0.02725619189975198,-0.33396395308382665,0.056057249773750956,-0.3338766160033667,-0.1152813223551564,-0.326163611779341,-0.15738763098494857,-0.32217364044536423,-0.19445450579601162,-0.3187338733959221,0.09754084283357384,-0.3106382863858108,-0.23831800691892535,-0.286766279875847,0.050639330324454813,-0.23609637804869688,-0.06917336659965405,-0.23517586067853946,0.4995115285543544,0.02209599152092057,-0.49951152855435405,-0.02209599152092057,0.6952822409965961,0.4560277638789462,-1.131052531944547,-0.03535374101237638,0.7259495945287997,0.8770757710800963,-0.5378631421326955,-0.3290299877087281,0.7819253980276182,1.0053631217525039,-0.37575739812757986,-0.3806789536657245,0.6826637304226174,1.0077275993046904,-0.3259025870690159,-0.3738575798792705,0.6380059103483264,0.9711998315204674,-0.3626923485516,-0.3474387893228416,0.7336641247145516,0.9039116348404471,0.6382674530654214,0.9388768031342285,0.6089045465568637,0.9919702123323274,0.6078139504476119,1.0396512344490914,0.6026503872793872,1.0749330962713546,0.6915788309658579,1.0271517910909653,0.6960296303430322,1.0896919035273083,0.6887001189115053,1.115121099266092,0.6790467753949491,1.1262998591177056,0.7600777614332537,1.0245942831330719,0.7633502030733749,1.093806793937651,0.7411249519315974,1.119217633431648,0.7198496169696439,1.128742978687032,0.8099437876874296,1.01699808259298,0.8113804215797491,1.083962436470233,0.7857747144867105,1.1097624283537126,0.7616285072187933,1.1215237574477748,0.8428289189306198,1.0066946257822593,0.844272303717385,1.0611910317529678,0.8262106122826338,1.084936283562087,0.806478401128619,1.0963424676254292,-0.49767866071219785,-0.3460492215924707,-0.39914293203095724,-0.3294850293558147,-0.30247970547539577,-0.33623809858929843,-0.2779572991701915,-0.38687090147961606,-0.30496751896423197,-0.4227577464853309,-0.2372697672280541,-0.34741656860546793,-0.14051387920194813,-0.37025782366473803,-0.08587703939676679,-0.3884370756072002,-0.04053541904630774,-0.4038459837640554,-0.25778192446139897,-0.37578981617263196,-0.15588991238643035,-0.40011927962504906,-0.09351034107837505,-0.4164482220929883,-0.04310163001903607,-0.42903133128261695,-0.2873697881945686,-0.39647614470573067,-0.19705098690835365,-0.421966882170458,-0.13698120146946358,-0.43242462804920373,-0.08813401584969925,-0.44081835911938066,-0.32829207704680463,-0.41447289693028483,-0.2615274731397289,-0.43540403980175246,-0.21669979185033894,-0.44183915955316355,-0.17712332647158066,-0.4462409870530703
-0.03507028392759047,-0.2986817441985407,-0.008976275297256055,-0.3474141068729263,0.02577466949506712,-0.3482052638486878,0.05456032871313471,-0.34834970702708973,-0.11696916078252156,-0.33987207343685566,-0.1593356189235633,-0.3358697558499817,-0.1966990609365307,-0.3324740794246701,0.0965506448204888,-0.3245935987648526,-0.240193400045253,-0.29937155879057364,0.0490719258215887,-0.24628076704545512,-0.07096361023555985,-0.2453244744723033,0.4994591636786424,0.023249598220852714,-0.4994591636786424,-0.023249598220852714,0.6947660629838227,0.4761252933418488,-1.1349336853255991,-0.03549951026198726,0.723829522173437,0.9146343933671405,-0.5436438597025268,-0.3434713430772872,0.7780439092422557,1.049845119109635,-0.383284698340628,-0.39817886884648984,0.6783348706322316,1.0526364759618558,-0.332509557779831,-0.39089432985353834,0.633442918558338,1.0141330320945279,-0.3686566981905321,-0.3632510749803578,0.731518737555423,0.9451358264650801,0.63518603706112,0.9830067888817676,0.6068124986799621,1.0385004246952712,0.6055691584619411,1.088546402690218,0.5987979476955059,1.1258089070500172,0.6889763103586211,1.0725565125595307,0.6894440348005109,1.140211436297721,0.6814643723525124,1.168143375650447,0.6726763861254533,1.1817931046014898,0.7593451800742487,1.0699329157090596,0.7595848207090443,1.144778303637776,0.7363488373746773,1.1718266262303827,0.7150123167970941,1.1826474491591377,0.8103801312049811,1.062204044870318,0.8100689690704466,1.1346832294530533,0.7826642417360565,1.162098564901474,0.757424130035531,1.1746482646713672,0.8429509785753864,1.0521453085921117,0.8428203646170219,1.1109444826350408,0.822524176585945,1.1356272075134415,0.8011087206946258,1.147190131244161,-0.5013769429170669,-0.3621935409621066,-0.4050994099210381,-0.34438514048754093,-0.3079635099014666,-0.3510738387522557,-0.2817707231022858,-0.4039831428420515,-0.30740976341187265,-0.4416628265563827,-0.23901209600612108,-0.36305495122379944,-0.1421258670755769,-0.38794621531015155,-0.08715799664594245,-0.40748520858255216,-0.04146971372739527,-0.42379608355413273,-0.2592805912613842,-0.3927025444572371,-0.1576025308750132,-0.4183312661686101,-0.09440892478867492,-0.43550930490374856,-0.04263041172468176,-0.44861033146639634,-0.28933237727284694,-0.41417077774976135,-0.1988190846597351,-0.44037575809530405,-0.13921060277448358,-0.45099076715909636,-0.09011763480434343,-0.4593276923002093,-0.33118542879457424,-0.4328912596778841,-0.26454647070633414,-0.4540256889236052,-0.22037104194994608,-0.4604403388100101,-0.18120844172251127,-0.46469611329483473
-0.03508720392739944,-0.2676403344442674,-0.00881800559697097,-0.31130028989796016,0.025853261358425212,-0.3120059715879398,0.05453246187408718,-0.31223977960358,-0.11710329974612023,-0.3045702244558991,-0.15956191898343672,-0.30105196187882227,-0.19712494860796292,-0.2980845658430505,0.09659166818588187,-0.2911149853318872,-0.24036799650730864,-0.2684755571890186,0.04896707576331024,-0.220767942008539,-0.07120255256873394,-0.21993933219875164,0.4995598268370125,0.02097568617648018,-0.49955982683701233,-0.02097568617648018,0.6961586781630933,0.4272530315529308,-1.1355813919542945,-0.029440152342077815,0.7264333489885669,0.8208219465155354,-0.5465099327682063,-0.30757612045550164,0.7784318510614029,0.943422137219594,-0.3869362888012922,-0.357347786638059,0.6770542627593482,0.9455944410611486,-0.3355580656218044,-0.35080822807584733,0.6317751033106749,0.9109111371742274,-0.3713970318619177,-0.32600156902783467,0.7290758875902976,0.8477528976855022,0.6330621247528255,0.8823113711014616,0.6070038670553732,0.9316813694260768,0.6057085563225785,0.9768152846715101,0.5997494289061942,1.010357177866038,0.6857831039470855,0.9629462388774306,0.6886952626339853,1.0250712299250895,0.6825138513447961,1.0499525336088587,0.6748466937772188,1.0611452430937265,0.7556803659133676,0.9606840715908874,0.7566986398272589,1.0280573777079505,0.7371365683242542,1.0529551684350542,0.7184810834506694,1.0627975709531912,0.8075634723348649,0.9533813984514757,0.8063333852310877,1.0176636557077579,0.783674391115505,1.0435792948903957,0.7616436379750737,1.0559675867814704,0.8428466198233512,0.9433168737890733,0.846821989105004,0.9946519102676086,0.8316246654047091,1.0182091775482016,0.8137680063821676,1.0306173988323182,-0.5013301357376516,-0.3236856829682289,-0.4029820650268825,-0.3093211199926104,-0.3065981199203716,-0.31590715027586946,-0.28028551188367407,-0.36295519313481617,-0.30424407044698737,-0.3960207738356455,-0.23985166095585608,-0.3259957713862225,-0.14111028521793498,-0.34874281825151676,-0.08581700825319369,-0.3660095537947703,-0.03971153741081435,-0.3802722051014251,-0.2610459592285032,-0.35242078773737845,-0.15820302066583045,-0.3757356411280632,-0.09490643358396064,-0.39098443503768565,-0.042151206530985634,-0.4023464537752587,-0.291599521056314,-0.37149348864281856,-0.20048385643274816,-0.39512186762131074,-0.1400144628086735,-0.4046157775256668,-0.08962310149431924,-0.4118101978256015,-0.3334688371705847,-0.3881078989165544,-0.26705994866059946,-0.407460788970532,-0.22326609921185875,-0.4135166068107294,-0.1837003333398099,-0.41742113726021607
-0.03522735291722853,-0.24389881951747475,-0.008851214072155096,-0.28364977601576086,0.025877023155520956,-0.2842906525949925,0.05453991616237087,-0.28451433141139015,-0.1173271093189513,-0.27752236462678165,-0.1602320696339174,-0.27432087377294845,-0.1979440877882482,-0.2716220198752094,0.09668564441169444,-0.26533182781822,-0.24079240853988687,-0.2446574435342264,0.04885893522100322,-0.20131448783844427,-0.07156507045309747,-0.20055297177936757,0.49962473626375564,0.019368090080657766,-0.4996247362637559,-0.019368090080657766,0.6966642825864181,0.3897719470570734,-1.1360334177365354,-0.02553202383271338,0.7278771563961723,0.7493137888392759,-0.5469620970884355,-0.2803041788243593,0.7804199004416403,0.8618182015132951,-0.38867372483918516,-0.32581186951533364,0.6771353103738803,0.8636339083147438,-0.3366967216343514,-0.32044919674687905,0.631046202584535,0.8319855454836671,-0.37241664231473615,-0.2979819941106949,0.7297893691680841,0.7740276952131222,0.6337993873699357,0.8047002003339455,0.6073488204281582,0.8497640038429146,0.6052170338577597,0.8914122227362159,0.6009796524225471,0.9224135943842879,0.6861544241920453,0.8786376586375552,0.6889997164754196,0.9362000427775943,0.6832886150726292,0.9594087650659219,0.6761555223207916,0.9693124400633933,0.7582732855201036,0.8766725571925723,0.7627356973591333,0.9400601756135131,0.7434378669483824,0.9628109636571137,0.7249574360160942,0.9709541285466546,0.8120837081158815,0.8703447685853573,0.8142157129504933,0.9307316038898235,0.7901787116783658,0.9537610195539978,0.7671885055727817,0.96362784166927,0.8487929113426297,0.861635093919229,0.8544640703944033,0.9104299625466388,0.8371400032636886,0.9311378118918223,0.8172192467884435,0.9408530909892617,-0.5033439584568135,-0.29074213798393905,-0.405005235460338,-0.2777728981219119,-0.310868098568109,-0.286174446335751,-0.2841624898931984,-0.32765087791494424,-0.303363738389605,-0.35746808217557835,-0.24293860054835734,-0.29601201750864986,-0.146876155031424,-0.316108571736098,-0.09234906189157902,-0.3316521424163255,-0.046861926802260256,-0.3450674178346565,-0.2641379487845729,-0.31969825729973395,-0.16138341335858755,-0.3412130690833879,-0.0974354911161692,-0.35554570032722554,-0.045165795601424016,-0.3668745737824829,-0.2952032759861988,-0.3371229775677371,-0.20428324446454338,-0.35948210045074497,-0.14441326164958934,-0.3683761221576502,-0.0958591869683838,-0.37563985829103297,-0.3372926920685147,-0.35208136414093544,-0.27112578670252113,-0.37011399170566467,-0.22678748529942067,-0.37582164380860766,-0.18828775159962363,-0.3797104491784348
-0.03551751760567882,-0.26429517386157697,-0.008870385475708021,-0.3074198635996714,0.02579119427725864,-0.3081297213902731,0.054422176242522255,-0.3084597815143466,-0.11762313366731235,-0.3006537654819554,-0.1607457183259577,-0.2972294925140358,-0.19854695607912692,-0.2943276877848749,0.0971440603565597,-0.28776233218085007,-0.24115365243442846,-0.2651582770532554,0.04857675233047441,-0.2182915317786927,-0.07203542178900582,-0.21739213362360135,0.4995574633142246,0.021031900700057015,-0.4995574633142248,-0.021031900700057015,0.696508222768857,0.42262733646494244,-1.136358029455221,-0.027414795697887566,0.7278240075657028,0.8112639467991262,-0.5472203017731354,-0.3027820842130499,0.7817307868270751,0.9339242543367631,-0.3887964083603544,-0.35300544147435503,0.6775084659918627,0.9360216551360614,-0.3375195130275844,-0.349379798672389,0.6306411327558439,0.9011261538185946,-0.37253091418243756,-0.32504604209088656,0.7319875810174947,0.8392664520527221,0.6334556446465527,0.8715727334123472,0.6059385446856731,0.920313732674114,0.6064785623678611,0.9660523767154872,0.6015579160069927,0.9999199688222227,0.6875528385536456,0.9546016294188905,0.6925595208897595,1.0172626881300426,0.6880186119932362,1.0419925527073108,0.6819211943871951,1.0523143025987818,0.7599844298048067,0.9531252757713242,0.7641401421014999,1.0209995458692813,0.7461629905835782,1.0452476284136907,0.7287498769439793,1.0543568576755895,0.8141139417939715,0.94637584645162,0.8160691857593225,1.011408713808911,0.7936996138300728,1.036611757168451,0.7721124451985505,1.0476142392625998,0.8523691612540834,0.9367715718122077,0.8585336170438815,0.9890119432501411,0.8420843683655358,1.011307267145742,0.8230225958094302,1.0218053836742418,-0.5014300559683309,-0.2979475950864498,-0.38756046008652306,-0.28553758534942886,-0.2926513152062168,-0.3020707925473504,-0.26374289997559935,-0.34365505234444593,-0.28547953973670415,-0.37672451372487187,-0.2491973610236246,-0.31660741828878725,-0.15295815237372337,-0.3394313940095061,-0.09754443335303868,-0.3569401739770893,-0.05308763598182977,-0.3726506953376515,-0.2687978410694016,-0.3429589059844669,-0.1650441324242319,-0.3680828173620475,-0.10168420497411534,-0.38469632156544553,-0.053892530917755976,-0.39728789573672463,-0.30027030305467056,-0.3629648690520522,-0.20775520745000892,-0.38889515593775476,-0.14789567767295161,-0.3999289144324742,-0.10338221447540732,-0.40758652439224374,-0.34302035630781125,-0.37916846421186834,-0.27682462633859384,-0.3997192998166154,-0.22999146729071204,-0.40733326620309585,-0.19319154416822357,-0.4116989677899109
-0.035145331495822024,-0.28691720198458054,-0.005839787392124125,-0.33371713862021257,0.028132865529854383,-0.334601880330439,0.0563210837178,-0.3350744172579423,-0.11693765391658505,-0.32582199630636405,-0.16094777098019744,-0.3220757593551655,-0.19894767129276414,-0.3190329757501204,0.09981111529304584,-0.31265255950989534,-0.24150474009974174,-0.28795092516844933,0.04875290547859322,-0.23711447611729786,-0.07266864159725875,-0.23601759880123183,0.499485939283718,0.02266707872360461,-0.4994859392837178,-0.02266707872360461,0.6957807811611928,0.4581181287602768,-1.1341130709999439,0.007922972948376116,0.7283484710576519,0.8797203242023279,-0.5442120891524955,-0.31973837529449256,0.7830476071445216,1.0139550647018996,-0.38878248093902534,-0.3817040615494371,0.6787223268535292,1.016352197047887,-0.3374763043304762,-0.3775535992282121,0.6312628594496509,0.977745657603121,-0.37270802531538294,-0.3520068283102904,0.7339750988059308,0.9103312975051598,0.6333045146489931,0.9449391780897604,0.6077863382033841,1.0002791298190112,0.608642036748018,1.0522122615664067,0.5991349308486712,1.0897989931445677,0.6882963149379742,1.0379415685078799,0.694986500570848,1.1071475986859873,0.6910201247114678,1.1341460388552462,0.6850811615301667,1.1447674156338663,0.7617873779142418,1.0362721196758689,0.7662396331771268,1.111022090099799,0.7479464812759419,1.1372636537818008,0.7302607332714457,1.146550911681494,0.8170032116663771,1.0287208705872668,0.8187546069251643,1.1007389625715909,0.7960091997610947,1.1282188921801592,0.7746490843916329,1.1396518336159822,0.8563535419809929,1.018129270641393,0.8639464185434547,1.0759323308362454,0.8482227665377275,1.100040861270539,0.8299038234671257,1.111166887247271,-0.48384884069399947,-0.29240548096134805,-0.3725393991526281,-0.2804986402592687,-0.2792379859488466,-0.2973382176565843,-0.2541438338139883,-0.3403549395748623,-0.27529936838197444,-0.3715745863705963,-0.2384873918472073,-0.3357882827645658,-0.15257744365828116,-0.3639211618755118,-0.10399922963864063,-0.38389869197076754,-0.06460540404678812,-0.40241423796412684,-0.2655115103036792,-0.36197428248742336,-0.17049564004137688,-0.39441964492130216,-0.11267227534735598,-0.4150804852111476,-0.07083834284559472,-0.4315900847004806,-0.3033840940384046,-0.3802846991885305,-0.2184064529100495,-0.41398351058517063,-0.1619837891415167,-0.43096603624165064,-0.12194179649114281,-0.4434571256489873,-0.3539709593033034,-0.3935310108146383,-0.2915992781687817,-0.42167537249507475,-0.2446189145222052,-0.43598489220806486,-0.20724292008336961,-0.4468820452742765
-0.038803980788210214,-0.28847144498163796,-0.00694343738664831,-0.33627422200931706,0.027210076469936,-0.3374502647744922,0.05551993882634073,-0.3380875115428784,-0.12006728680411421,-0.32697418549393453,-0.1648492207103024,-0.3230704026189745,-0.20352633677811613,-0.3193724003954502,0.09926989385178941,-0.31604761343590954,-0.24795086214442957,-0.286935749546386,0.04624131565529685,-0.23893646126598458,-0.08060000038728106,-0.236033578306827,0.4995768639993699,0.020565917352624037,-0.49957686399937007,-0.020565917352624037,0.6953901538758137,0.4564900296485386,-1.1285597346668788,0.05367035519951935,0.7287599499855371,0.8794144444710397,-0.5455561383873663,-0.2512416368442253,0.7841248076278076,1.0145966232727868,-0.392254997583402,-0.33636994074760934,0.6799207510817135,1.0171787850364635,-0.3496800723475541,-0.34893407405411475,0.6319560438195171,0.9780943165754428,-0.37896219967320205,-0.3140934290419057,0.7323900308470795,0.9105244980053007,0.6350703539729664,0.9467358431556647,0.6072672943013165,1.0009185033861765,0.6060017093492267,1.052648383144526,0.5970807134503341,1.090968662861097,0.6864348170095035,1.0400404397325227,0.6958348365940301,1.1104519632303145,0.6917469490776783,1.1369630289861166,0.6847203934259428,1.1475693677117509,0.7591904217630467,1.0376124427053413,0.7678679686381445,1.1129310883093462,0.7514545173384757,1.1403173804489217,0.7338389134469145,1.1501031334568823,0.8140082299816781,1.028517308687832,0.8184449954791191,1.1000981424401546,0.7985771053359731,1.1293833928719261,0.7783332144094458,1.1428864674817818,0.8534246611442143,1.0164104982420565,0.8644439557720043,1.0735855155224638,0.852329468635553,1.1001311219850505,0.8355478909144584,1.1145927499944814,-0.46799115770328714,-0.24709372727894185,-0.3630603631683719,-0.24029662356139167,-0.2625514603360927,-0.25867091355402383,-0.22693593994308084,-0.2965154291850567,-0.24127132524943304,-0.3276022604362254,-0.23767394486323376,-0.31971585601093316,-0.16333460906136565,-0.35603121357212236,-0.1172878557660554,-0.3799593369833035,-0.07931101108160049,-0.4008388039439828,-0.26691396622564695,-0.34193333628272565,-0.18489308096992904,-0.3819368412330177,-0.1307504992889926,-0.4088011198661063,-0.09023100125583919,-0.4312158919715654,-0.30391329636622155,-0.3564501903939644,-0.22694020522247355,-0.3961912250017424,-0.17392650082078645,-0.4193812115574892,-0.13390221266173108,-0.4382344855320549,-0.35432310238177717,-0.36507034090687945,-0.2934496910869944,-0.3981480438564332,-0.2506631423735891,-0.41689681755708347,-0.21528768065408546,-0.4317839597537648
-0.032205892940200605,-0.2676232124964216,0.0007841288351048399,-0.31312023292313024,0.03362289898725922,-0.31428528432185937,0.06130020749940215,-0.3149354865342698,-0.10980905870949749,-0.3046420384864051,-0.15439851530848464,-0.301123222441718,-0.19398232551717126,-0.29782534097478386,0.10368673636293398,-0.29477314383518266,-0.24313041041907293,-0.2676318250466418,0.05003587325459688,-0.22088353706057903,-0.07811641077069921,-0.21721277749832363,0.49968565195717063,0.01772707613051946,-0.4996856519571708,-0.01772707613051946,0.6930249950892889,0.42121870785536103,-1.0927133854422015,0.114521261594309,0.7286108511153602,0.8158698740836906,-0.5697339512709844,-0.16050185405127373,0.7831944325664588,0.9417835451339566,-0.40486033746823596,-0.22497930331159346,0.6797589673087947,0.943997061198961,-0.3703309609909383,-0.242841369834511,0.6322138019074077,0.9078292458291527,-0.4044452647667739,-0.21523977823052012,0.7295844247816167,0.8448040538527986,0.6318989116747281,0.8780457779499136,0.6048248711307832,0.9293430336454178,0.6047972720558692,0.9775802049184877,0.5975567525441892,1.0130708018657215,0.6835215687502145,0.9653313453369534,0.691576804260733,1.0308157377056448,0.6869823188919851,1.0560840534673595,0.6796635657821237,1.0667001548439983,0.7557081444232088,0.9639304913790386,0.7623480037532968,1.0340667487676967,0.7444023029082572,1.0592104998557008,0.7259220058089788,1.0691149326088842,0.81014612445547,0.9570607586897458,0.8138867770262891,1.0245820645147168,0.7924672871064491,1.0509928577277412,0.7712657646837638,1.0628536992572517,0.8482059007084746,0.9472968464927859,0.8557730454925616,1.0022857131879208,0.8406348442444785,1.0254574622507784,0.8225170294834401,1.0365003834846436,-0.43405439986511885,-0.1853569487192674,-0.3318658912362446,-0.18416778217992177,-0.23426795629620903,-0.2038001357359873,-0.18672887573023614,-0.23248092521177585,-0.17853140719191335,-0.2605810474858789,-0.23086055712208733,-0.27735693543839923,-0.16579443411912,-0.31798650511436716,-0.12266935835720169,-0.34992057211279176,-0.08903608255240579,-0.37573129722152965,-0.262883850670977,-0.28972120319288375,-0.18980073969438033,-0.33104231532231876,-0.1392643343980859,-0.3578284344080956,-0.10122639835790702,-0.3786091582129902,-0.306150724829599,-0.29410743903237596,-0.2328848514750286,-0.330788834370576,-0.18627827193626684,-0.34250317188792023,-0.1571390817158861,-0.3490552374617242,-0.35929730720299247,-0.2915540445381571,-0.29775549914031785,-0.30896581067219536,-0.2625465769365955,-0.3031923196382938,-0.2450014973089093,-0.2919477740708534
-0.0443664588002714,-0.24814454761743357,-0.002518582533728196,-0.2902701548913004,0.031427849721340106,-0.291306661824728,0.05991758189744808,-0.29170144161298645,-0.11543344988658107,-0.2826179786636573,-0.15977822374448858,-0.27947200372973546,-0.19955905836576415,-0.2765084674554088,0.10295807509541034,-0.27230515465455135,-0.24798477368076832,-0.24832715426842802,0.03837010559868894,-0.203884189637484,-0.10573034400550067,-0.2001138746682164,0.49975299336883733,0.01571450345657694,-0.4997529933688375,-0.01571450345657694,0.6965169999103822,0.38694802922501503,-1.061645973285174,0.16002306321787324,0.7341187997663344,0.7553128498640082,-0.5761709498531131,-0.09445610408281575,0.7890064083113887,0.8727385019631959,-0.4127831988289399,-0.1435218560385668,0.6837948010663825,0.8745430655740352,-0.3755081553703273,-0.15633195619335621,0.6347802434936725,0.84085205446986,-0.4079501467126442,-0.13265230853231677,0.728574261946154,0.7841841877234449,0.6305881872939322,0.8181883347958389,0.604089736711289,0.8672060412114018,0.60498809720962,0.9109508335870258,0.5943757609097328,0.9427452217935678,0.6837475882804767,0.8969126323079539,0.6921218189340698,0.9564116581060795,0.6864896629670224,0.9794274877529474,0.6773011764523165,0.9884840720783952,0.7561847383326468,0.8953570319508164,0.7619049516352678,0.9587435467191927,0.7425123547229964,0.9816925157891554,0.7220938129932712,0.9896356531203151,0.8110938671243,0.8888377897197753,0.8154051630577469,0.9503221378743429,0.7933952210514625,0.9748010046173567,0.7707051953337798,0.9853542243188022,0.8502315098854898,0.8796285012124013,0.8584333589719381,0.9290070531535725,0.8441076821619615,0.9511288325735843,0.8268866538070095,0.9624084470854253,,,,,,,,,,,,,,,,,,,,,,,,,,,,,,,,,,,,,,,,,,
-0.0711665146460335,-0.269744577720468,-0.02396232690877033,-0.31631804668164093,0.01184402571365651,-0.3174452296083231,0.04162603369147668,-0.3178676222903934,-0.1416961775125548,-0.3078852851066918,-0.18718224282356813,-0.30441642455566936,-0.22852645688614964,-0.3011169099528071,0.08761424202813807,-0.29645910936880243,-0.277175234552423,-0.26972633761560877,0.018524711185322788,-0.22099553645534814,-0.13618746391477232,-0.2158940476353766,0.49956378451397954,0.02088121648923884,-0.49956378451397915,-0.02088121648923884,0.7034692875590155,0.4296647433685352,-1.0716659754549684,0.23967766294198897,0.7430550294370829,0.8365003751918484,-0.6080974330125133,-0.012279479323588617,0.8000791824221106,0.9680689366331232,-0.44911492754702165,-0.06700525667382926,0.6904622629347155,0.969434629763447,-0.41093434028181364,-0.08138744047129268,0.6386319125445885,0.9327127618029236,-0.43535646011584467,-0.059483759626923954,0.7372259181837365,0.8667308027885072,0.6319135063357351,0.9009972007953907,0.6016781636800819,0.9533214877916512,0.6038739678054407,1.002395332548376,0.5970961228592009,1.038689622822402,0.6815487384320889,0.9922584637148772,0.6898811349715023,1.0586235575207026,0.6839457198224463,1.0853017015486832,0.6744597545566859,1.0969472214917073,0.7578411011934539,0.9912257219402582,0.7630707956413147,1.0603518306034567,0.7450976645084083,1.086779427810376,0.7246015875839915,1.0977116392872295,0.8155748612586601,0.9839511607291883,0.8192666926819203,1.050276626286893,0.800152109180673,1.0789113687711451,0.7781037667683659,1.0931436503870495,0.8574131026731314,0.9731735734914968,0.8662562151330082,1.0265491201353298,0.8538620953353703,1.052144894489176,0.8370148710548733,1.0670215980838638,,,,,,,,,,,,,,,,,,,,,,,,,,,,,,,,,,,,,,,,,,
-0.09340212514899157,-0.28668497208900606,-0.04176470880076753,-0.33547802775070207,-0.004069430193523508,-0.33676398967263865,0.02780396552791176,-0.3371670147870287,-0.16397797108613216,-0.3264888827798156,-0.20948274506360243,-0.32273751494428676,-0.2519290286649983,-0.3188246271926593,0.07975249463067262,-0.3146588077738557,-0.29432868068017287,-0.2864451130769099,0.0025350625963937515,-0.23571846647716946,-0.1584375263090827,-0.23009247990317902,0.4996821752325739,0.017824807287686373,-0.4996821752325741,-0.017824807287686373,0.7080841508559267,0.4443788609664587,-1.0562992798672535,0.28174922170323574,0.7488053012801966,0.8725131565581891,-0.5932604641517348,0.049241980320588956,0.8073839940966022,1.0123560928377955,-0.4228585210374971,0.017470296248815156,0.6930280363329939,1.0121337608669547,-0.3782504630425396,-0.0011685016951813742,0.6390769396663966,0.9743752849409844,-0.41300536107416386,0.01331619380234248,0.7385041954734648,0.9054740649043079,0.627728271761118,0.9384508541054869,0.5928859983835942,0.9920117491610377,0.5967269809072455,1.0445411633135413,0.5923391370542719,1.0835209157274228,0.6826091739954002,1.0337952471688767,0.6850825321696224,1.1056714161638161,0.6761909720373066,1.133985044046262,0.6646237480107485,1.146056236912585,0.7624132459865902,1.0330261877122486,0.7611739762558005,1.1077314729354486,0.7349731481390417,1.1334743389878061,0.7089053849021568,1.1424570928828757,0.8199985447086457,1.0258362274182884,0.8207792705082596,1.097812523267692,0.7948134844271011,1.1266238803879958,0.7686510449394036,1.1394519315662055,0.859069219596356,1.015314386265142,0.8633414265360234,1.0740410136013878,0.8444751817005252,1.0999419135284891,0.8232893687201106,1.1125333012325112,,,,,,,,,,,,,,,,,,,,,,,,,,,,,,,,,,,,,,,,,,
-0.1032425996367811,-0.29036610626015147,-0.0510763809532582,-0.33885020290853535,-0.012150167982653315,-0.3404264219985763,0.02218479622001778,-0.34085438297376836,-0.17498493979879523,-0.3293180311406021,-0.21890763598331528,-0.3255437316375536,-0.26005941108354325,-0.3216708046219693,0.08021159925436876,-0.3185034141659344,-0.29534086118451647,-0.2897982073177074,-0.005407761556209167,-0.24002064295146988,-0.16677439467579042,-0.23428040670437578,0.49985821476152115,0.011906516510924703,-0.49985821476152137,-0.011906516510924703,0.6986172021175707,0.43372919903256846,-1.0240431121819844,0.30083643749621003,0.737016715929889,0.8585189498516466,-0.5161986806042906,0.1427751616141129,0.7943851450163816,0.9982512274614098,-0.3559771017822592,0.12459348159908477,0.6805223633431555,0.997346998157947,-0.3153055523851751,0.08649450738341212,0.6272346791612845,0.9605302774531632,-0.3587199744933718,0.0928036969001008,0.7177717764978965,0.8922399743466315,0.6073473263619878,0.9247590658900132,0.5759683555637112,0.9780292327142625,0.5786187507933778,1.028279614883551,0.5729290385402475,1.0657548108178014,0.6630070344715079,1.0180098933498611,0.6608178530769719,1.0916120883366038,0.6476506088342273,1.123035254730972,0.6334041476887188,1.1380990976660401,0.7437201597626275,1.0169942887601333,0.7435293369392376,1.0935976739048183,0.7160614125199845,1.1201003913355903,0.6901099779677949,1.128910349005411,0.8027299467875773,1.0103207812889754,0.8030810795597684,1.0839411873810456,0.7748324949798822,1.1119174707765658,0.747441087461521,1.1234598610288669,0.8411653719061425,1.0002080586527917,0.8438451064382984,1.0607139768631992,0.821440676199846,1.0853574362879743,0.7979795616429416,1.0955130987935613,,,,,,,,,,,,,,,,,,,,,,,,,,,,,,,,,,,,,,,,,,
-0.10270649798799568,-0.33094841837581945,-0.05004145977399924,-0.3850917843613588,-0.007059939587194038,-0.38643361725237624,0.029984079053175433,-0.3866965614141504,-0.1756633934409317,-0.3739890639593119,-0.21872797930007423,-0.36948372446731004,-0.2584018267510037,-0.3651662329730404,0.08769030399199011,-0.3608621899322167,-0.28728438021820135,-0.3311043128481643,-0.0017958424505340766,-0.27274136010944144,-0.16661659540563564,-0.2667861697483447,0.4998395052335506,0.012667636238824845,-0.499839505233551,-0.012667636238824845,0.6951627675104576,0.4849345013828299,-0.9766348288375103,0.3676883021384695,0.7314151504324639,0.9660457150386198,-0.4926174649144759,0.27367909387131667,0.7870927504282949,1.1231135380496637,-0.3418067715388296,0.30220186499089824,0.6714737462487075,1.12091272554015,-0.29737645050441175,0.23931969395621738,0.6205408200713778,1.0803892000912185,-0.33997255064474735,0.23128461957899255,0.7041252147504972,0.9974565684326139,0.5946018990657911,1.0377974100899363,0.5614046038113166,1.0982543408239986,0.5654641902844103,1.1551296794363504,0.5553075133641597,1.197053565445696,0.6497093718028247,1.1411639446771142,0.648628232939523,1.2237516504017387,0.6353652970936766,1.2599701645211983,0.6194758036592468,1.2800219161966528,0.7304457004337954,1.1389226792196354,0.7308994656537072,1.2242975500240143,0.7048916153278972,1.255169389403897,0.6780388550972464,1.2667260220066496,0.7893295652842247,1.1302384210976704,0.7906492696931133,1.2119854371004852,0.7638845987971211,1.2445433897796,0.7353387475348113,1.2588544808233268,0.8277802093745781,1.1176523900743551,0.830123338944751,1.1849506028701573,0.8089875064358211,1.2140332600035981,0.7843474942136998,1.2279297083306813,,,,,,,,,,,,,,,,,,,,,,,,,,,,,,,,,,,,,,,,,,
-0.10252128796511857,-0.3330065118230412,-0.049533715924623974,-0.3859197696581268,-0.0048034443930453745,-0.3868023682060319,0.03462192490194976,-0.3864336461629963,-0.17510977462740726,-0.374631675895162,-0.2178306205205231,-0.3700005270346345,-0.25616878283312466,-0.36589301652874895,0.09299555998607456,-0.35954802639077926,-0.28259729237570463,-0.3344672877558387,-0.002021947591549837,-0.2746584502342045,-0.16733596064046785,-0.2698152994623143,0.4998901645775388,0.010479664051917732,-0.49989016457753904,-0.010479664051917732,0.6906259453296294,0.4750117160346803,-0.9152514645601003,0.39002993284058096,0.7274483715986316,0.9503134226718402,-0.471639826804784,0.4555953968372691,0.7805080608133882,1.1052602931122475,-0.3467687076832049,0.5504171246020022,0.6658746818366714,1.1033707385389013,-0.27659255209436023,0.5159365734926903,0.6155923154390487,1.063140457913614,-0.31199176563979614,0.47372124193758697,0.6957817435692673,0.9803385382165287,0.5852745800227974,1.0203031267567049,0.554033930286417,1.081629825810893,0.5568223837285167,1.1383934967388354,0.5423558177044983,1.1796884556316967,0.6414081768324371,1.1240885669679312,0.6395658265124803,1.204702983459485,0.6269627126182509,1.240590938649034,0.6130067640145654,1.2608013631040218,0.7226167528111402,1.1223770600458693,0.720714111605949,1.2063856292604802,0.6941385850586044,1.2370501459652645,0.6682700850846456,1.249157598466739,0.7809567641323454,1.1143074057100577,0.778075555482193,1.1939023455427662,0.7501397738087481,1.2258429057841107,0.7217181867331249,1.240125765285964,0.8184143316884919,1.1022984205628097,0.8183503305949353,1.167799159251224,0.7966699601525988,1.1963532064780287,0.7718674494071918,1.2100902512491265,,,,,,,,,,,,,,,,,,,,,,,,,,,,,,,,,,,,,,,,,,
-0.10361934572378839,-0.32130557869703696,-0.049979271831329615,-0.3709021700060301,-0.004567748717633422,-0.37146396566900636,0.03679794564044901,-0.37081529438804406,-0.17573414387905245,-0.36010103426456375,-0.2181245821255343,-0.3556398214954334,-0.2551202752675724,-0.3515424877515227,0.09452894254135638,-0.3440166626651614,-0.280242490587299,-0.32198720279861465,-0.003221133095989475,-0.2657228578806785,-0.1683310940144296,-0.2622210714766168,0.49996032628875753,0.0062985821610185505,-0.49996032628875753,-0.0062985821610185505,0.6832689242077492,0.4430520711723224,-0.8501489495863153,0.3875601203982045,0.7218429161990062,0.8897155717700269,-0.4759593703628601,0.537723128231556,0.7728967426623004,1.0354319459609445,-0.3710612804693985,0.6518599157134591,0.6626196676456158,1.033939482758164,-0.2878633042800247,0.6377902595950751,0.613549298088898,0.9960307576362877,-0.3231339121784124,0.6005122314883709,0.6870117471930393,0.9165857011279418,0.5790558758337553,0.9570264011574658,0.5473543860181566,1.0153548907873433,0.5473410418004807,1.0678125857820093,0.5377870420901806,1.1062128072162158,0.6291887212047139,1.0523946600152951,0.6283376822188159,1.1274927401993107,0.6190530976619318,1.1607489264784232,0.6083006491607306,1.1804696917612496,0.7092583986400312,1.0506044231425902,0.7094454477602082,1.129457327450181,0.6856964214611174,1.1593395443264063,0.660775404733759,1.171587209035856,0.767990902084765,1.0428395403212192,0.7678542388899493,1.1172124587376318,0.7413323761869542,1.1480551005492476,0.7123383821231931,1.1625683216045213,0.8061341979469059,1.0312701045742534,0.8075555872020769,1.0918567611295744,0.7876375017394797,1.1194147057250614,0.7626108816343083,1.133681679339009,,,,,,,,,,,,,,,,,,,,,,,,,,,,,,,,,,,,,,,,,,
-0.09938834606936281,-0.3000816265930378,-0.044304642770423626,-0.3463767436566924,0.0004258925643466466,-0.3467961434064755,0.04285280635686145,-0.346539638814341,-0.1709348719293257,-0.3370340429915992,-0.2131208975538279,-0.3326664626447809,-0.24899725148651808,-0.328391754650287,0.09873315308537037,-0.32097173280296043,-0.27461211195689494,-0.3001464898232327,0.000641892760498311,-0.2483789062529621,-0.16402035402228576,-0.24505954887479092,0.4999811453690899,0.004342151012253324,-0.49998114536908955,-0.004342151012253324,0.6808461468234508,0.40728497524458823,-0.7998325720007796,0.38010414919372987,0.7210335998085079,0.8149798603061328,-0.476541356641356,0.5929920887034599,0.7709606980018566,0.9513496422158296,-0.4502315737640156,0.7118506411659308,0.6623566670308818,0.9511288861085185,-0.3515468837247694,0.6960534962848217,0.613680360671062,0.9145913548315021,-0.34930902122743085,0.6539708959083007,0.6848001377291146,0.8446030080984784,0.5758065757490123,0.8810694109469287,0.5417771833244304,0.9351076682503725,0.5437602295227144,0.9840989397248141,0.5314011823585546,1.0194954678161288,0.627508939825108,0.9690563827063421,0.6247205736566052,1.0373066897030063,0.615162450811887,1.068374702802052,0.6047631601842697,1.0869985577717693,0.708085461200298,0.9686023400949776,0.7044705403699886,1.040541559038438,0.6798775708910247,1.0670754112222098,0.6556807539916835,1.0772497248357966,0.7666653537206679,0.962318530399304,0.761969290259515,1.0301144262435233,0.7343025420907063,1.0575198780830397,0.7057770447276839,1.0699345529259157,0.805162707919346,0.9523248019152374,0.804182487156049,1.0079081676993187,0.7824075667478076,1.0323663965168532,0.7572177426042133,1.0446845135965983,,,,,,,,,,,,,,,,,,,,,,,,,,,,,,,,,,,,,,,,,,
-0.09620324413235558,-0.2717175084987273,-0.0390423254916524,-0.3131732532456973,0.0052612875437908066,-0.31331936093779444,0.04847783510646935,-0.313204758498186,-0.1672724274224515,-0.306502557788198,-0.20975249496135648,-0.30262932871834797,-0.2445519164372972,-0.29884969858644717,0.10247004445837231,-0.2894879711524841,-0.27113376533742684,-0.27238762021832863,0.003441159059426125,-0.2238063541862642,-0.16163879945216594,-0.22115691247697467,0.4999913448622951,0.0029419488087846753,-0.4999913448622951,-0.0029419488087846753,0.6802394204116123,0.37031452971783857,-0.7691566833870317,0.34028018912308894,0.7191115786970294,0.7368768088684392,-0.49699416958459963,0.6088212930583998,0.7689739871361606,0.8604087371822542,-0.5196950899585866,0.7152156975740118,0.6609355796400145,0.8610335080093849,-0.41981115421344956,0.7055604212001936,0.6128379440880388,0.8270218376560065,-0.39883126897079874,0.6693345483663511,0.6877304222989526,0.7660418378667408,0.5797104666685429,0.7980595091181614,0.5465663597898034,0.8458214718910614,0.5482304447182494,0.88984364450743,0.5375814401802521,0.9220443462733089,0.6275935138560291,0.8785200900018281,0.6284388826677284,0.940689121357242,0.6204813447183131,0.9675347636723265,0.6111000516966474,0.9825867731113422,0.7075493207054878,0.8780026704053996,0.7081511704496295,0.942898989781808,0.6841514437485328,0.9665232617035351,0.6593375569469206,0.9761133605444271,0.7664146450182833,0.8722297079493712,0.7642771900034154,0.9332643835207336,0.7363437988883003,0.9576174436111416,0.7067098747148891,0.9689646687297245,0.8061777322777117,0.8629758318294832,0.807590552911007,0.9126036056664375,0.7868786753231567,0.934731961525552,0.7620636495174867,0.9461850376247188,,,,,,,,,,,,,,,,,,,,,,,,,,,,,,,,,,,,,,,,,,
-0.08816756788066887,-0.2929003573117815,-0.02951910163411861,-0.33440245636058025,0.014398719101106116,-0.3341048317458877,0.057970588366524245,-0.33373991267679776,-0.15805615017456434,-0.32971771335888245,-0.201357210362596,-0.3260611442799846,-0.23560937052018152,-0.3227861178672339,0.11067402569653838,-0.3074718735429491,-0.263745806523821,-0.29310232957121446,0.010924153119582261,-0.23889660210603925,-0.155093555880394,-0.23723895390108926,0.4999962248895048,0.0019429606902713222,-0.49999622488950446,-0.0019429606902713222,0.6877831068656108,0.39481251917021165,-0.7344849589412423,0.37427233152934003,0.7226145133866165,0.7835509804370758,-0.5193431674526152,0.7107431811761686,0.7740187512944237,0.9114033320927399,-0.557625308756335,0.8304284573834944,0.6671847413027879,0.9162899584576297,-0.44420499395291174,0.8326526413320035,0.6194774178821482,0.8775022172299252,-0.41264336473848856,0.7857781868577771,0.6978430654599248,0.8183042546656143,0.5908204583255532,0.8524167647894024,0.5562111722604418,0.904138020112574,0.5557885960748442,0.9521956835538129,0.5480827950433601,0.9870053179991122,0.6391686015419452,0.9381392321426958,0.6369131895205965,1.006423635079225,0.625907508615612,1.0357439266460098,0.6144653404903176,1.052375702157379,0.7216377763100302,0.9375471831779848,0.7162906938363632,1.0075949319499506,0.690093022777061,1.0316740789429466,0.6652139353686629,1.0409544909129127,0.7815685662973334,0.9312965328919949,0.7754449744270342,0.9977486065101121,0.7452543803058715,1.0238167179980697,0.7151604792784455,1.035215705182299,0.8217019014416295,0.9215725286797002,0.8206576616392273,0.9753261298634159,0.7975322768035461,0.9981449059522566,0.7718360871431262,1.0092325785006875,-0.6122760628962881,0.6666700250466833,-0.5009668046228575,0.694361559686826,-0.4466984899126113,0.7508181399727946,-0.42704812715795293,0.8028663556701714,-0.4112744961178468,0.8439003271141401,-0.585687856641176,0.7851969832344617,-0.5939603612998647,0.8511014560083418,-0.5892552388706968,0.8959252519963886,-0.580422530002661,0.9308236048901536,-0.6318591509748799,0.7872014156753483,-0.6376096534551967,0.8518606299060343,-0.6213022719766711,0.8974114193525508,-0.6057858810538634,0.9313717391118366,-0.6542414357022125,0.7887880357837811,-0.6561142942689797,0.8488770942673508,-0.6372662105326333,0.8906476599638112,-0.6196201770252586,0.9230618963005364,-0.6577327633403157,0.7887444766257168,-0.6589099561466052,0.840133971177672,-0.6487675575678912,0.8756101496375963,-0.6363098839086165,0.9034400068286534
-0.08347331534287275,-0.3356475780619546,-0.023984366392505348,-0.3814909662093177,0.019591052017182253,-0.38088771042559444,0.063088674290297,-0.3803511004285887,-0.15208939372961874,-0.37758398356973716,-0.19589911311367703,-0.3737323027531776,-0.2304813209496498,-0.37013059427950407,0.11472933909331702,-0.34997145922211736,-0.25982746095428694,-0.33588782700738634,0.01455894238554227,-0.27286218270448526,-0.15152120816324072,-0.2713552586698588,0.4999974808129666,0.0015871927063189411,-0.4999974808129668,-0.0015871927063189411,0.6916648034947039,0.4481755452313262,-0.7054970022056044,0.4277545874404061,0.7217741897600589,0.8914342418405982,-0.5743506250249315,0.8453339939438189,0.7768716494644077,1.0356097407303175,-0.6126880364033983,0.9830049450782145,0.6695394453686637,1.0420968673985358,-0.5155722217266356,0.9886907017395794,0.6219476017848807,0.9967204048997564,-0.47002623402179045,0.9361555904358985,0.7046346286095755,0.9328147931272469,0.5960147957900266,0.97212891988409,0.5615967355208111,1.0306131298635215,0.5662266322821341,1.0839261129635416,0.5608053138264664,1.1226454919094337,0.6439009414740412,1.0694074599981236,0.6471994064082686,1.1453234933344185,0.6405646051067608,1.1779505560628907,0.6327074234540576,1.195966390979349,0.7254020905336154,1.0689243286871162,0.724848163789923,1.1479370615418054,0.7028841014661031,1.1758142446138826,0.6810327408767904,1.1864585288353477,0.7858957731657047,1.0622956050434704,0.7827834714204617,1.1367192994413204,0.7568759890946968,1.1662735660034733,0.7296966197853716,1.1791931252292298,0.8283140595968062,1.0513085710617436,0.8291627447230565,1.1110902468889747,0.808987537258088,1.1372856873430297,0.7857919689365535,1.15023502447349,-0.6615011196325622,0.800078061059316,-0.5496686029560627,0.8593942292334257,-0.5119442068824975,0.9344288771046502,-0.5168115985944726,1.004024499524911,-0.5332674206795334,1.056273378316033,-0.6468348368298419,0.9432455677462794,-0.6578004418280181,1.0197545257565026,-0.6604878306572288,1.069510973666855,-0.659037195072481,1.1095829177127878,-0.703282207795487,0.9429751357545835,-0.7197562811735853,1.0161538301367306,-0.7155914501729777,1.0689490423223125,-0.7104196040790185,1.1071929876468485,-0.7290325008599651,0.943678258932993,-0.7461187910488946,1.011339938113762,-0.7428932172162366,1.060606975018918,-0.7379732389661967,1.0977357681979214,-0.7315409129468254,0.944551136425291,-0.7473643277281319,1.0046455815373003,-0.7507573571744104,1.0455004616490793,-0.7503336990347743,1.0773328392064478
-0.07907835159821587,-0.30230434498084047,-0.018886022936463694,-0.3428339076910625,0.024655219288791854,-0.3421664649750824,0.06808449805914654,-0.34163010264489746,-0.14679229850825054,-0.340134855822382,-0.1908799041509047,-0.336926533394276,-0.22566245736853469,-0.3338865995480613,0.11918566782071607,-0.31403179786863333,-0.25569066831945053,-0.3028403424386919,0.018432012266997738,-0.24532122926561292,-0.14785731951866762,-0.24417644231938496,0.49999982958999145,0.00041280743626730994,-0.49999982958999145,-0.00041280743626730994,0.6950214694463245,0.40322137349554693,-0.6737884325392546,0.4021054114636622,0.720223736246944,0.8027943429197945,-0.6139529731380318,0.7861764149285656,0.7799761921907657,0.9325621004953635,-0.6757604487469595,0.9150538840104945,0.6718630487684685,0.9389944348619143,-0.5911243999907547,0.9197862781754592,0.6238038189017632,0.8977915914783768,-0.534515585980261,0.8749600700845059,0.7111679222255994,0.8386456037884871,0.6006636407420174,0.873286400690929,0.5662445696977316,0.9276523783763376,0.5704620118533172,0.9775092637648585,0.564819372970378,1.0134112418879018,0.650498779746744,0.9626553110697378,0.6596004280948401,1.0334323341333038,0.653973751415247,1.0628459699866104,0.6451489332794723,1.0780722748980263,0.733796853815309,0.96192720832832,0.738151570919673,1.0345570531011916,0.716520733102064,1.0608061512064073,0.6935996931911165,1.070730131367995,0.7948940113753237,0.9555640172689598,0.7961821611853751,1.0236012139805815,0.7702483694085395,1.0517213774117755,0.742214863797228,1.0641618820572307,0.8371236165484608,0.9456177798950309,0.8415385339625885,1.0006848597691813,0.8221168650881162,1.0248664087968509,0.7989474988993944,1.0369591901085198,-0.6919981141167854,0.7646996645088284,-0.6026461463976358,0.8249605196136026,-0.5851702701110849,0.8908477061003164,-0.5964300083516093,0.9506938837981141,-0.6098821552217566,0.9966541151014584,-0.7044376872160821,0.8996239803370085,-0.7068723792893552,0.9661246996524337,-0.7047240947504112,1.0089685563557036,-0.7007354821813696,1.0450153887951303,-0.7603067671172101,0.8976148108328159,-0.7679463916545176,0.9633038716424613,-0.7631331032511601,1.0077292674751097,-0.7567169816003514,1.0417366460066666,-0.7856443705990592,0.897084468896133,-0.7945365720361033,0.9578200229067375,-0.7906938996119427,1.0015508842526464,-0.7804291767185878,1.036800470643465,-0.7864726949369971,0.8977571110428649,-0.8004075844426337,0.9521975226842992,-0.8003332461813348,0.9880268912129843,-0.7930132077581693,1.0186874782658875
-0.07620745068566764,-0.28860829270001165,-0.015882954607165337,-0.32731463805152755,0.027456105401454423,-0.3266564123448042,0.07071042047689245,-0.326161061019779,-0.14343273578548002,-0.324985202353195,-0.18768029792723653,-0.32203511390099865,-0.22272677007241967,-0.3190885206072078,0.12136214810680021,-0.29983683859365073,-0.25319712973029357,-0.2893244506573069,0.02064689558213042,-0.2342760552858861,-0.14551320111418448,-0.23311557531628654,0.49999886461740284,-0.0010655427294090605,-0.4999988646174025,0.0010655427294090605,0.6965173528676706,0.3845983619812117,-0.6569275727254418,0.3888192900296626,0.7192280837244132,0.769770585283133,-0.6463942559298248,0.7663776602609547,0.7814030719863335,0.8940870784830751,-0.7216501485888844,0.8902455498795457,0.6732603361244526,0.9005531215333249,-0.6581084204704556,0.8960039981105938,0.6246976166592558,0.8609313068164378,-0.6001458476909414,0.8530923655444917,0.7126528337071784,0.8031540665198914,0.6013399083556452,0.8381381555484669,0.5664183894251124,0.8899142088627005,0.5724653504637252,0.9376566746190201,0.5715156149087983,0.9723686655657243,0.655621999574738,0.9219697046632737,0.665057391086841,0.9898738169240329,0.6608791469484597,1.0194559638789256,0.6544291918593153,1.036907464555709,0.7396110626261926,0.9211542842072611,0.7413009494926946,0.9918375716741857,0.7190872977870314,1.0169943238139034,0.6964690573681156,1.0279630046800905,0.8008659304980077,0.9158362259353111,0.799885896351379,0.9828121988814791,0.7725135107427854,1.009745015764972,0.7444996151023677,1.021939972957743,0.8421553932920254,0.9078108179624296,0.8440095304188059,0.9626194454672302,0.8217626186049586,0.9850664012951323,0.7970262104744311,0.9955330026563637,-0.7293646712159029,0.7734319384708569,-0.6450229598941132,0.8247766892378467,-0.6272625177417501,0.8826993281240637,-0.635374339195296,0.9336152229546938,-0.6450915303911229,0.971278350901116,-0.7549569576097694,0.9036998126458329,-0.7596188401705807,0.9672278118249352,-0.7441109730163263,1.0076465226582856,-0.7248438024014338,1.0394676680877672,-0.810849772081707,0.9019875345429587,-0.8176995318959404,0.9651810470626508,-0.7977670452128865,1.006068982911945,-0.7728626279742375,1.0360637333166116,-0.8367503979031565,0.8997212738328063,-0.8445478429916751,0.9572950959101503,-0.8274780037020513,0.9953807885078023,-0.8009430438310233,1.0241356314681036,-0.8406690537314301,0.8967240007421351,-0.8570095626350864,0.9475296233250704,-0.8486494294149609,0.9803537044590219,-0.8267508375012055,1.0057142243337827
-0.07287513370264681,-0.3214568029980551,-0.011733725299724935,-0.364824587431075,0.031552956499454825,-0.3640897239879194,0.07452244140203347,-0.36353437662776755,-0.1396649905724143,-0.3623224965636162,-0.1840694842471709,-0.3591102525734589,-0.21919301061911076,-0.35576547140994136,0.1249144247028439,-0.33411874234336775,-0.24975324777807265,-0.3224210915113825,0.023598686833391433,-0.2609614457338163,-0.1432529107055633,-0.2597170418091425,0.4999911082466304,-0.0029818910621027843,-0.49999110824663057,0.0029818910621027843,0.699042855450864,0.4289759977611887,-0.6492396432906246,0.44364084043302865,0.7191994212267857,0.861438250595705,-0.6798072756426563,0.8776798656527527,0.783627708518808,1.0004309707579764,-0.7683146528871158,1.0075877827809252,0.6744225511379058,1.0076022378300464,-0.7131209138398711,1.012351893497332,0.6239538853735699,0.963377601059599,-0.6561913523208017,0.971970932423581,0.7153031784287193,0.8990641574423781,0.6059703686382093,0.9376128433707808,0.5712259312402564,0.99517265363243,0.578665950557454,1.0479812455187807,0.5754329996916638,1.0866735052458862,0.6640255923147295,1.032350258617848,0.6688415695862985,1.1086307248608105,0.6602968221966479,1.1424797617783466,0.6494035890323756,1.162802974827084,0.7458096013365721,1.0308885406101038,0.7456794459385404,1.109584758102802,0.7223584201618763,1.1386446809757222,0.6987718500678997,1.1505296614307767,0.805267636252366,1.0237465743132792,0.8041622255467064,1.0980074357878247,0.77868180339361,1.1285062220637976,0.7517548814760265,1.1427473755255884,0.8453049839888002,1.0130943751420511,0.8502531645580201,1.0728515482086067,0.8311840334799874,1.0989571715827802,0.8087684068794903,1.112139981042706,-0.7615006082202411,0.8974588656359314,-0.667941176386979,0.9433192670190806,-0.660427887772288,1.0034059761378964,-0.6760087631653148,1.0559168721477534,-0.6869308944686603,1.0938344193773695,-0.8061561971427736,1.0316984140378878,-0.820669320428697,1.104332301132305,-0.7950155094411601,1.137434363619584,-0.7714353105904436,1.15685608948327,-0.8590310311876768,1.0258382589888002,-0.8766487702965764,1.0992745966479391,-0.8420499613160015,1.131891828974157,-0.806295113000288,1.14789532639771,-0.879538925520523,1.0190979086513396,-0.8917736467076885,1.0838815320419992,-0.8627340887883151,1.1153296634359242,-0.8320477920305606,1.1335299376488785,-0.8786462688308767,1.0144615493150033,-0.8905586733723923,1.0683810312601594,-0.8708188551690135,1.0978974602114036,-0.8424973136106343,1.1160070973595988
-0.06982905989673084,-0.35841861745622,-0.00776146054838915,-0.40707752045128404,0.0355895642838341,-0.4062649278361713,0.0782005422172069,-0.4056517659166944,-0.13598361766374648,-0.4043190571726673,-0.18055900316973525,-0.4008090113272738,-0.21588630183091126,-0.39704869307929785,0.12829719564417036,-0.3727306126302012,-0.2465206534092336,-0.359902648614041,0.026018487980403862,-0.2908904436156847,-0.14127869071588262,-0.2895228563673222,0.4999797861363874,-0.004495937612141563,-0.4999797861363876,0.004495937612141563,0.7013132145287696,0.47755374793569516,-0.6481782107390717,0.49621429444017473,0.7209259342610578,0.9644080294584914,-0.702711396472913,0.9693358482371689,0.7858207990568646,1.120162528054058,-0.7896502066128287,1.1191207650781705,0.6762106964780522,1.1278847819857294,-0.7436300596065817,1.126164473561862,0.6258152522399166,1.077338940972418,-0.6891302748227345,1.0787382359519944,0.713828573213318,1.0084463506566415,0.6031619099714249,1.050988066941489,0.5687614308682503,1.1138321341856783,0.5800448170979117,1.1727332903849002,0.5776926631228125,1.2170348950891308,0.6648968631239063,1.1582883414138283,0.6746767521691366,1.2428473937114461,0.6682669508131133,1.2796933081002115,0.6581328299240674,1.3002812473144876,0.7467594105167492,1.1556091474632468,0.7494889725050479,1.2430028709313992,0.726353702243783,1.2756802026985568,0.7016731268062575,1.2877556001149026,0.804895695329043,1.1458202054784452,0.8065362045736544,1.2282635867450578,0.7827492749614829,1.2637311988590503,0.7560464651365555,1.2802955363192698,0.8436294364549299,1.1320800428363587,0.8504634525976136,1.1986883644606743,0.8325450926211517,1.2304251793178214,0.8097454223812571,1.2478051708292708,-0.7591888810441701,1.0095296616941196,-0.6826012979682626,1.0599875957560654,-0.6793644732530119,1.1221410904818137,-0.6865334077650248,1.1788078356634837,-0.6891590178171172,1.220425654262957,-0.8258395678881397,1.1534851668199233,-0.8388552591705599,1.2294945027381874,-0.8081634216034723,1.260153692082074,-0.7778441068766255,1.2765505252518798,-0.8721246503208708,1.1456295217431445,-0.8774490344107572,1.22225945449717,-0.8378906079242998,1.2533175052323282,-0.7976938143017297,1.2676598960934733,-0.8855174087904703,1.1367773792102114,-0.8867858496295344,1.2046369535104353,-0.8528595731293382,1.2351780588898007,-0.816728833929527,1.2519903726755148,-0.8796574734139427,1.1313850968377503,-0.8835247126581652,1.1863507769082897,-0.8599331899643271,1.216570212821339,-0.8283669064376982,1.2355699227128045
-0.06558158001083053,-0.3367944927166416,-0.002811805021978773,-0.38261949887191976,0.04049662537370765,-0.3818414317444294,0.08248433031565,-0.38124348036789574,-0.13097673262859316,-0.3799283576517451,-0.1754028218458654,-0.37666477545265936,-0.2110836892122429,-0.37311656716396946,0.13201583613093854,-0.35032621568785005,-0.2417575039178088,-0.3383871438714449,0.02954098814222465,-0.2733645348600703,-0.13730903842725475,-0.272070705096774,0.49997710128481243,-0.004785205412121201,-0.49997710128481276,0.004785205412121201,0.7025837207373434,0.4472626407186577,-0.6454969816463414,0.46899071043570884,0.722128374718061,0.9068201101495991,-0.7114850344977952,0.9157273535001595,0.7876541510222839,1.0531314983209858,-0.794135304435933,1.054964749556593,0.6775736992721761,1.0603785085359445,-0.7524395219267301,1.0614563228355007,0.6271914416133553,1.0122984038037268,-0.7009998236449341,1.0188887270089158,0.7145639728820323,0.9476626682014601,0.6046949639796784,0.9879575756204868,0.5705854293823162,1.0474951405494757,0.5786625914433584,1.1030913490457679,0.578512045946831,1.145159640557594,0.6640671648153273,1.0887841305597328,0.670507116303611,1.1684203914221338,0.6628338236648312,1.2059733425547536,0.6524452788676348,1.228459935143052,0.7443158379114977,1.086394588072742,0.745879247233327,1.1693891693447547,0.721548378384072,1.201763304030967,0.6954922355061947,1.2145121252428777,0.8021545121404171,1.0780615343977036,0.8033808353805489,1.156079325114159,0.7791285218505344,1.190071312759278,0.7513493687860882,1.2061286679596335,0.8405370486128931,1.06633724367096,0.8451340062857966,1.1301706361221926,0.826121128803338,1.1600741710902582,0.8020037402596848,1.1757071073366179,-0.7570068232687388,0.947602595329639,-0.6804055392963245,0.9935048527293309,-0.6733450687013026,1.0532469122973271,-0.6751578402252746,1.1064546069516938,-0.6772532524295686,1.1444105812209486,-0.8215369618380347,1.0838353191499552,-0.8191195181016955,1.1526755385926555,-0.7839176797137414,1.1790884693956951,-0.7539090949954612,1.195220504227801,-0.8677184341832341,1.075816619406912,-0.8611274844300127,1.1450510156386846,-0.8155249896898784,1.173027486941176,-0.7732821497485581,1.1854864359736488,-0.8776045192367582,1.0662833426695315,-0.8698321835081577,1.1266635736361197,-0.8298264722836521,1.1535521499174137,-0.7915144544911283,1.168238732703579,-0.8699682404155455,1.0609179300082552,-0.8676739496868918,1.1088132900867218,-0.8383176910561954,1.1346818619211367,-0.8052020963122201,1.1503769283294483
-0.06086017515928769,-0.3127100438852573,0.0019368385265724447,-0.3552657483756554,0.04531530292468916,-0.35460699814436497,0.08581694520610275,-0.354078105987389,-0.12612390599082537,-0.35276509656932087,-0.17024817975900874,-0.3497945095095071,-0.20718682373937922,-0.34644677026476384,0.13474231043002144,-0.325508374096829,-0.2382010403551995,-0.31442361625220405,0.03241897832457008,-0.25418647840697434,-0.1339135331493787,-0.25284824269632417,0.4999796783361013,-0.004507909818171185,-0.49997967833610113,0.004507909818171185,0.702127159697188,0.4151826843025424,-0.645166081786473,0.4333870854577588,0.7212307465635343,0.8425822041063987,-0.7101552068705073,0.8516439852833925,0.7873200982878121,0.9784792999783489,-0.7852434205043521,0.9808511448058933,0.6772203282161138,0.9851055972715118,-0.7424332186567961,0.9868760243509067,0.6268114606780958,0.9404877389166695,-0.6937018585607317,0.9474979727386001,0.7114062637612271,0.880173966652308,0.6001149572563959,0.9165023123780661,0.5634050386708055,0.9722342636980739,0.5683454621068016,1.0251139239818154,0.5737298089556333,1.0650591849606639,0.6578567902603821,1.008966230105145,0.6638277743464919,1.0831900094291826,0.6565834131980673,1.1149529695224207,0.6462182862393454,1.1308436227663423,0.7403223842471072,1.008157268768025,0.7397909837981209,1.088863823069096,0.7138590026176227,1.118276151353552,0.688184492507444,1.1291475368067536,0.7997815177262446,1.0021763441267528,0.798146734249112,1.0790574840443774,0.7694493063536081,1.108884326181943,0.7402836057671643,1.1217957924935795,0.8379318764766946,0.9931762909232743,0.8368501372513077,1.0561432193991256,0.8133388801356244,1.082644013081403,0.7871577697671207,1.0949477550717448,-0.7544983986853455,0.8787395079241195,-0.6746136027213396,0.9204171654352127,-0.6649751213489916,0.9765798748118867,-0.6657483236569253,1.0266116395497362,-0.6677969321336822,1.0616616620097266,-0.8135475399215969,1.0031143035509402,-0.8048754768880614,1.068274772831767,-0.7654963814184865,1.0925441862701957,-0.7322597295350017,1.1072469104634353,-0.8592745823753322,0.9965717116831632,-0.8445264726297949,1.0613719418615872,-0.7954900701885972,1.0874341420478357,-0.750055106343968,1.0990896447621297,-0.8682344403486772,0.9885793724250267,-0.8507133311027963,1.0442958439745864,-0.8071450325179822,1.0686613848764148,-0.7662571836310893,1.0815931086654278,-0.8597350768246553,0.9841915263819667,-0.8489759650188377,1.0268277830111778,-0.8161201087901421,1.0492663791546364,-0.7812151931721321,1.0624662278564723
-0.05763165510007829,-0.3472126565106523,0.0059476852408451445,-0.3942915105435504,0.04964172356364574,-0.39365479272490606,0.08892870280249983,-0.39306386516723296,-0.12270955748761525,-0.39169089930991646,-0.166709741554253,-0.38860874836426296,-0.20429076243803085,-0.3849395917119918,0.1377887537285019,-0.36136990284483145,-0.2354481213036244,-0.3495305764803734,0.03467904715766554,-0.2824631075778011,-0.13138623623634327,-0.2810437154836665,0.49997491461112603,-0.005008468787693281,-0.49997491461112586,0.005008468787693281,0.7025999832702357,0.4604684012686215,-0.6414067127145798,0.48015778950236543,0.7193939105950812,0.9351993558720586,-0.7068911973445746,0.9431140752857715,0.787616273932725,1.0861583987290604,-0.7794484134592056,1.0867805950992022,0.6770967606405588,1.0931511651568289,-0.7379710637717025,1.0938161839006568,0.6251975215110447,1.0437199424625068,-0.6907217083627788,1.050299748573738,0.7086079529044296,0.9755270083030065,0.6001603782209933,1.0174414204717779,0.5619922593273593,1.078352855169052,0.5644036350613277,1.1361431324020674,0.5672959362914923,1.1805138952832186,0.6554193475708945,1.119255429765528,0.6591491069967276,1.2022473098886517,0.6514138095396654,1.236366566102913,0.640910378707397,1.253057964194733,0.7367794347651077,1.1181668511077159,0.7360668192496961,1.208382144899056,0.7111230267926293,1.2419239350444018,0.6861272727875638,1.254449479347582,0.7961076006660804,1.1114732053199032,0.7939893240535079,1.1961807362858066,0.7653702080780352,1.2297918477984562,0.7357586490299632,1.2446902179861332,0.8344077603764908,1.1015526180853104,0.8327125992261935,1.1715116571714381,0.8084425073589809,1.2014815949690767,0.7803918192267676,1.2155941110020294,-0.7528583846859963,0.9735003652711304,-0.6727739422480645,1.016096755539645,-0.6593211874478924,1.077752493969651,-0.6586547974654406,1.134009433435976,-0.6613150712637409,1.1746862366068298,-0.8111810608919283,1.1104223612290025,-0.7962492015079213,1.1843199987345054,-0.7534845100922931,1.2108100886902773,-0.7181630292502794,1.2257508572677425,-0.8557310026352282,1.1039029728232195,-0.8335357736197062,1.176540318192268,-0.7811905874386444,1.2045151997584227,-0.7336611795307665,1.2157041348235298,-0.8630858110947148,1.095169752494645,-0.837456508605067,1.1563290057802313,-0.7904760710776695,1.181903078524629,-0.7482530394351192,1.1952081172240652,-0.854363919050975,1.0903948458366977,-0.8372908389942398,1.13674116169003,-0.8021106215814175,1.1596068252947573,-0.7672092194878355,1.1729275513984152
-0.05404264493705768,-0.31971680578589035,0.010302875353220381,-0.3627905958508987,0.05424834407151731,-0.3622880858397567,0.09134518874014624,-0.3616989496118404,-0.11920422121461928,-0.3605660852741369,-0.16270178034848604,-0.35798064836786775,-0.20210063537441542,-0.35472120297855236,0.14002836575906624,-0.33250289384716974,-0.2342979985290828,-0.3222437773040104,0.036744033018289664,-0.26019446086131237,-0.12945783437752803,-0.25894641970895504,0.499979157876952,-0.004565269833626757,-0.4999791578769522,0.004565269833626757,0.7017128264448611,0.42331601195148905,-0.6399234352678356,0.4407692945064019,0.7167851468575714,0.8615047416673008,-0.7052463353886984,0.8686955946403926,0.7868111537862043,1.0006695153094798,-0.7771787946995181,1.001219284842709,0.6763429669481199,1.0064959810077974,-0.7372945076910651,1.0076512570776246,0.6235698485369848,0.9616140513719629,-0.691435958382535,0.9676852921619983,0.7057915335861498,0.8956999778879785,0.5950002496914261,0.9348328110224795,0.5569208574367861,0.9924557129284051,0.5575158233658409,1.046098291209136,0.5625755052980108,1.0864148535690303,0.6496160099394865,1.0284323895259875,0.6508178501035781,1.105321390788704,0.6420811978432425,1.1375136028113917,0.6319705966946253,1.1543695639840472,0.7319605976937847,1.0281591612787038,0.7267663294355183,1.112610270729259,0.6976046855661454,1.1425568271931377,0.6706561891292461,1.152759816963674,0.7916677204616276,1.0228006135702066,0.7868134006363897,1.102528499196819,0.7542884467247124,1.1323678691157573,0.7229415163651629,1.1445023604261144,0.8291683241085464,1.0143831567537456,0.8251887030604272,1.0802292155028497,0.7977214089157533,1.1066890911021399,0.7681333128812196,1.1178240191597737,-0.7498718133155619,0.8949233626487305,-0.6723493030863432,0.9340230653966137,-0.6595454026206636,0.9913437012458081,-0.6594749638673559,1.0439091521922046,-0.6657550224776457,1.0818038832903336,-0.8125685949399015,1.0181625543283341,-0.7995303479999001,1.087754880265409,-0.7558043965447024,1.1131647174935404,-0.7205113232047942,1.1264383094496702,-0.8571453162177451,1.0116249546254956,-0.8392090482164026,1.0803430281251134,-0.7863304401890698,1.1069079465384448,-0.7388535970346117,1.1172756138189346,-0.8645237475410957,1.0039320788528299,-0.8437716145450856,1.0626365904395147,-0.7957968693895754,1.0871595077294234,-0.7538804187310706,1.0994816729357393,-0.8555811714612817,1.000272535323947,-0.8425610116652714,1.0458568291560801,-0.8066198343894272,1.068099986077426,-0.7722702134423064,1.0809438574306596
-0.0515234253644795,-0.3381697671680236,0.013536257832874278,-0.38356666367977327,0.05765563682640338,-0.38310176190498285,0.09320641597755536,-0.38242952793922086,-0.116568968958133,-0.381285700742654,-0.15981977229578684,-0.3787018722117719,-0.200435447267645,-0.37530209782903223,0.14227398295172483,-0.35147052870621376,-0.23337522515455333,-0.34103638692462523,0.03836046429119997,-0.27527512496032724,-0.12818858106561748,-0.27397358529277305,0.4999776773617155,-0.0047246312008673704,-0.4999776773617157,0.0047246312008673704,0.6999852893983496,0.4474642007258239,-0.6424780623012609,0.46425646106689056,0.713458087343188,0.9125411887183049,-0.7060729498867104,0.9183930214211801,0.7848662281638189,1.0590811929619741,-0.7770518527378684,1.0590186021118695,0.6749649239934514,1.0646451901107497,-0.7373628829037642,1.0657508245352956,0.6217625329086395,1.0179097965051505,-0.6926503138692849,1.0227599697153973,0.702398897306174,0.9471496051161302,0.5928501854756977,0.9878569233619806,0.5531874749056086,1.0474901499082212,0.5506248400635458,1.1052116789438646,0.552951141529475,1.1492834612737937,0.6489314447615199,1.087622208827781,0.6464033733951692,1.1676357573755276,0.6347067790008721,1.1994782346933999,0.6230930022853909,1.2153876346224644,0.7299616981192769,1.0872157800840094,0.7220322981394145,1.175727477770141,0.6924300278211601,1.2062055157339229,0.6660493427650325,1.2168033408241732,0.7883584858396372,1.0811327318394648,0.7800259949352398,1.1642605869618259,0.746789622027856,1.194684475604629,0.7154576068569326,1.2072458827259582,0.8251427770850241,1.0721060606214134,0.818538908842526,1.1405528612480138,0.7898761366368021,1.1681653089099655,0.7594701532891707,1.179800412627937,-0.751787635278679,0.9475578868784904,-0.672753198205126,0.9905876550887498,-0.6616290333225366,1.0527792826330176,-0.6657650918430262,1.108698854036701,-0.6751651228267957,1.144177571498317,-0.8163121456978844,1.0759693984877408,-0.8013458240574329,1.1499781373535736,-0.7561480197340642,1.1764690969874991,-0.7196996001860977,1.190928406925488,-0.8597932225815144,1.069367299147427,-0.8379110636645424,1.1429280192967213,-0.7810928617001502,1.1697376981278904,-0.7307367952840226,1.1796027573118169,-0.8660220546687242,1.0620583761610303,-0.8381396539243638,1.1240675843197958,-0.7853383338207014,1.1472459643901243,-0.7400564774086698,1.157036285157643,-0.8558523130359045,1.0582296279750243,-0.835537742405356,1.1041023384821416,-0.7953327892552683,1.1246521087390295,-0.7588116517454144,1.135043836984034
-0.04812441499319422,-0.3009914370405828,0.017021274597056157,-0.34128137316580265,0.060959788589291734,-0.34088217560445433,0.09492995069574442,-0.3402414090533335,-0.11313182955841027,-0.3393142198538616,-0.15591304658261118,-0.33712362209173685,-0.19787615505107786,-0.334162090630535,0.1438582433466344,-0.312646705991235,-0.23231571268416676,-0.30375689393714167,0.040464382001826164,-0.24502166879519938,-0.12595812675497156,-0.2439038057777297,0.499983217181977,-0.004096649406512472,-0.4999832171819772,0.004096649406512472,0.6984208764068368,0.3979590053740171,-0.6438372024646316,0.4109936616330751,0.7116058594665546,0.8122737142725123,-0.7079472860732229,0.8114943590701919,0.7838607230343408,0.9422292261907506,-0.7803948830632612,0.93761790393657,0.6743565398782496,0.9470307645725353,-0.7416993904821743,0.9446055547146216,0.6210637316478724,0.9059352933544779,-0.6965410532139876,0.9061018926577693,0.697413508112624,0.8425356538726907,0.5906515181596451,0.8787455547526878,0.5521310544189988,0.9309656486789907,0.5484830141313015,0.981459517516574,0.5505333839919813,1.0201850678762716,0.6470596604629602,0.9677577317397205,0.6444543976330991,1.0384269592820525,0.6298765794346642,1.0656437931551472,0.616145219533725,1.0784549134259427,0.7255546047391037,0.9668915984387625,0.7164961338932555,1.0453942886066259,0.6839055845163186,1.0714844718066925,0.6554083792759335,1.0793419174088514,0.7828071883622395,0.9608449591100712,0.7731373491723174,1.0347429177654226,0.7379724639565319,1.0613852586563979,0.7050426141129792,1.0718671009757905,0.82004194088956,0.9521850907097515,0.8134011539498229,1.01289863680924,0.7840747467764928,1.0376664609239508,0.7527192600623832,1.0478874197189583,-0.7506312399517755,0.8441505686576727,-0.6739501188767917,0.8813084378810138,-0.6636067211978244,0.9357887900473562,-0.6672296613189027,0.9864117275759509,-0.6723664552391819,1.0203635671297981,-0.8195743382319685,0.9585363687644615,-0.801063861785069,1.0241345698212232,-0.7548705908611146,1.047054789354816,-0.7167223715557715,1.059888244916822,-0.8613562548726552,0.9535541342152606,-0.8327877830877629,1.0173061953001643,-0.7755476374936213,1.0412602458949516,-0.7233653995818138,1.0508669841816705,-0.8658552356304584,0.9474793011583199,-0.8292428327701076,1.0010896754243976,-0.7754914982816745,1.020952523128357,-0.7280386247998507,1.0294197954110254,-0.8537168398752956,0.9441844795524565,-0.8263178789788016,0.9830531954672903,-0.7837715277993917,1.0003061094704555,-0.743976670331261,1.009187683097463
-0.04783666832087159,-0.31281328390692525,0.017064000395825518,-0.35467082610920403,0.060970159920756835,-0.3542857101901009,0.09478367522617841,-0.35361073435264145,-0.11262672412892014,-0.3526106890860601,-0.1552707993226789,-0.3503292079492927,-0.1976106890176536,-0.34721782912769744,0.14379974808769896,-0.32487216070076463,-0.23234157494399493,-0.31565269304806665,0.040698665065077994,-0.25468085905957283,-0.12566706801625893,-0.25346746318992025,0.49998450957548474,-0.003935757177708523,-0.4999845095754849,0.003935757177708523,0.6967467371273537,0.4137088015091103,-0.644879694914879,0.42654504720414893,0.7097213626165376,0.8447019518530264,-0.7090597003795795,0.8390219916406647,0.7824511413553131,0.9797014967435577,-0.7801666713138358,0.9712443625793538,0.6729757095808395,0.9846862118595597,-0.7412899284844833,0.9789759905001076,0.6193819640383132,0.9420160912453162,-0.696141165039417,0.9381761610333939,0.6933195282614039,0.876271370170453,0.5875455984967966,0.9151065089364495,0.5491591126785506,0.9691729014162609,0.5449511199817135,1.021567698582268,0.5489683389980471,1.0614929999302376,0.6432056110859049,1.0064909860724618,0.6400159736695028,1.0797387587306226,0.6250545701672799,1.1078108258597916,0.6110145677158466,1.1208659414866162,0.7222893625144133,1.0051897567475752,0.7124351853955333,1.087140939823619,0.6783225226286647,1.113947938747066,0.6487360326055763,1.1220874260276608,0.7803656178104642,0.9989298863768211,0.7706144405660345,1.0763563618369727,0.7328658822310689,1.1033578695171893,0.6984451154919312,1.1132190067133794,0.8176358984675475,0.9899339515370644,0.8069698136426741,1.0532697711105248,0.774727942073702,1.0772904606414986,0.7423261967865615,1.0859124133804212,-0.7455132592061028,0.8784239083691465,-0.671815953385806,0.9174912395845158,-0.6645302796578386,0.9750264350006127,-0.6685169345809929,1.0281876575712299,-0.6735435523669397,1.0623125250835157,-0.8205176558244517,0.996258721600635,-0.802704163407422,1.065100928014467,-0.7543107919607847,1.0898275206558699,-0.7122039954599467,1.1037000678974944,-0.8598094209740078,0.9909167726916226,-0.8304400143819622,1.0568837894885081,-0.7702219214792707,1.0818783550550888,-0.7149519649364504,1.0925418884533737,-0.8624277449563665,0.9851926578495441,-0.8239778918240566,1.0401796362946147,-0.7685094366101487,1.0605870687343242,-0.7189495915853614,1.0694115237405688,-0.8488934494972072,0.9825365284860634,-0.8216203142629965,1.0229989176144674,-0.7776133939913202,1.0407911398518563,-0.7352795499411505,1.0498241874191767
-0.047408406233370934,-0.3528840560970532,0.017228813383030235,-0.400009372778627,0.061029607155022834,-0.39957092135924743,0.0946784324669056,-0.3987949106463675,-0.11161739736200013,-0.39769733311525957,-0.15398438639842,-0.39512093461567865,-0.1967849735588221,-0.3915938961598076,0.14352131464037585,-0.366381705226919,-0.23211002030768874,-0.3560806191746452,0.040916516055110985,-0.2872685400353216,-0.12534341805717372,-0.2859162635523929,0.49998192964343685,-0.004250885793030429,-0.49998192964343685,0.004250885793030429,0.6955516874074145,0.4666543105204736,-0.6464409946279551,0.4800630887139266,0.7081705562364756,0.9529689544172069,-0.7081957264062112,0.9478406291251732,0.7810000508310668,1.105058682241868,-0.7788995162660475,1.0970135011914353,0.6713941415669316,1.1106667817920723,-0.7386368652869624,1.1048736417897234,0.6175409413395619,1.0625730080341063,-0.6928415872651043,1.0592987365531774,0.6923209562875469,0.9861953074384228,0.586993752143657,1.0298579848934102,0.5476023246396942,1.0911359981987236,0.5432459835292409,1.151068496940183,0.5455620866146199,1.1964529951221443,0.6427473561197911,1.1347855811437564,0.6375998886076861,1.2165614398021762,0.6216659406232874,1.2479418962479967,0.6070826798806223,1.2627350432069717,0.7212467390827813,1.1334937326043066,0.7104824083598542,1.2254693558609255,0.6762760358214681,1.2558071887846276,0.6461465595757567,1.2653455732980736,0.7787192978507391,1.1261462098711241,0.768289226981904,1.213081305451634,0.7301388566470479,1.2436361637780255,0.6950787119512231,1.2554246573626768,0.815490119149231,1.115379088062927,0.8050719062270267,1.1865322938508451,0.7731359948662314,1.2140507285164657,0.7403621965217865,1.2248803175770686,-0.7410158378629702,0.9912895011389357,-0.6694250512216438,1.0335356102137585,-0.6611539097116145,1.0961423942833117,-0.6623810953205117,1.1560401174409574,-0.6671817738273673,1.1979021924451463,-0.8168358842244386,1.1255520196489244,-0.7990800634208511,1.202520261177148,-0.7521663349233548,1.230496145034787,-0.7109820082622548,1.24539211609652,-0.8546225735734676,1.1201854172085377,-0.8265640988936185,1.1940667890130505,-0.7697287369559501,1.2227967878456127,-0.7166411573582331,1.234454765658914,-0.8569327476855307,1.113891895194647,-0.822324882973003,1.1760313555236912,-0.7699755164867821,1.2001351283885424,-0.7229956743434461,1.211847630882638,-0.843938116189169,1.111104696551208,-0.8202784922397712,1.1574989746483522,-0.7783883940192791,1.17848281951846,-0.738074955231038,1.1897889628757694
-0.04638162745154739,-0.3344356862564107,0.017459720689851656,-0.37899612122679477,0.061160388014215854,-0.37857478922022064,0.09448576312140752,-0.3778136667778427,-0.11065312755764703,-0.3768157484273299,-0.15268807387733419,-0.37437539832554595,-0.19580935512242545,-0.37100809747474256,0.14308287440569778,-0.34708876224244983,-0.23213047932057343,-0.3374164271919161,0.04167119515203289,-0.2722115372816508,-0.12445666833340113,-0.2709046353481315,0.49998402852246954,-0.0039964011863915915,-0.49998402852246915,0.0039964011863915915,0.6943579414986597,0.44192354083125385,-0.6478696703427655,0.455222340652658,0.7070541316085304,0.9027527795294092,-0.7063763739780787,0.9088604668602303,0.7797692643813815,1.0464827104554608,-0.7770268220347104,1.047300973001047,0.670219574984741,1.0515303573662669,-0.734940677794069,1.0533854789376838,0.6162963149192396,1.0060234504728136,-0.6890019458945331,1.011904000809743,0.6981736398258619,0.9323568433214446,0.5888913421910622,0.973601220522906,0.5480081255211426,1.0330031364285333,0.5430835115261067,1.0914434311666468,0.5414679823697017,1.1347568494718203,0.6477922027462126,1.076150421408721,0.6406204695218617,1.1530864185223,0.6235854232898831,1.1821701210185713,0.6083501293010629,1.1966599158025741,0.727789066023369,1.0753240250406142,0.7145618931088396,1.1619217832354498,0.6790177923791509,1.1897795153322832,0.6473186778703108,1.1984989730745126,0.7848798900368287,1.0674576019352469,0.7736364688805035,1.1482016514074718,0.7343149005855476,1.176556766751448,0.696885643220541,1.1874855740358725,0.8207472754551643,1.05622479303411,0.8101101807688321,1.1220430748352201,0.778401005533167,1.1483521271241053,0.744395748864305,1.159744968983338,-0.7363093837856981,0.9385639666325817,-0.6639255842829539,0.9792641911074057,-0.6571144722223564,1.0396000731839767,-0.6594994234091748,1.0972475235718813,-0.6643585308939942,1.1408358650782557,-0.8127077486492208,1.0674484513849112,-0.795632683081649,1.1408153271763908,-0.747222142387038,1.1670292137417833,-0.7060629264445497,1.1797212304031406,-0.8493076667662778,1.06195649441891,-0.8261635236343869,1.1330369526998105,-0.7701660770551092,1.1600493772911764,-0.7167692165742678,1.1702587479736417,-0.8502956301405032,1.055818101908073,-0.8215182624875278,1.1159514518038776,-0.7692241694525719,1.1396422266233377,-0.7211798392143948,1.1518077816220402,-0.8365484294349697,1.053210601753488,-0.8154223563183418,1.0990947146663403,-0.7736839778682882,1.1198733776778138,-0.7330447897168044,1.1320610973428853
-0.04501745201849633,-0.35065602779692623,0.01797613851682634,-0.39734750992252904,0.06157730361244197,-0.39689635617296803,0.09435103675825993,-0.39607771408688774,-0.10968434856480287,-0.39506914618419564,-0.1514379934066723,-0.3925106898274246,-0.19484035982501158,-0.38896967112309805,0.1428827219431401,-0.3638704735311737,-0.23231776577798474,-0.35381111979982116,0.04299392956311366,-0.2854142716077537,-0.12339687565227919,-0.28402457311011,0.4999828080057121,-0.004146287342114655,-0.4999828080057119,0.004146287342114655,0.6931237129212107,0.4632310917388824,-0.6492105490021229,0.4796691605086181,0.7059527648301878,0.9462906732083521,-0.7059717618932215,0.956166176191301,0.7786694992159,1.0963171471115027,-0.7770355283001384,1.100640890393381,0.6691576886824151,1.1014123174756685,-0.7329804451454458,1.1063823627507754,0.6152370954520093,1.0537034212954213,-0.6865574339573113,1.0623907688330345,0.7005969340238272,0.9770494896070773,0.5906084089556246,1.0211504347525644,0.5499258632265699,1.0836068254583855,0.5473141023017186,1.1447215853115078,0.544578972214578,1.1896721873649798,0.6489045845398499,1.1272072702476386,0.6405767190955745,1.2085034066881393,0.6240027873254981,1.2395022415711572,0.6095357415932935,1.253989893705654,0.7299004624905276,1.1262203381141789,0.7149533498007175,1.2177309023955551,0.6802416927305982,1.247567374228086,0.6495533901161673,1.2566345733989228,0.7876901987237591,1.118596873573995,0.7734332381592219,1.2037703956532928,0.7351331476294578,1.2340843465309532,0.6992671396114649,1.2456054469372948,0.8239922452120917,1.1077487201968828,0.8110172511600434,1.1771253596527618,0.7798752539813948,1.2056696538194107,0.7470592803071842,1.218779437852248,-0.7334520192984011,0.9833287653711065,-0.6584754166436806,1.0279905352343328,-0.6516063021455375,1.0934531254818778,-0.654920730907778,1.1544566156646618,-0.6625772177949552,1.1997216291429402,-0.807853010943199,1.1206378833316357,-0.7901177998846125,1.1978289789457504,-0.7410402285060862,1.2250201316041485,-0.6986697378527682,1.2385692389905627,-0.8455284333414416,1.1145035565634493,-0.8201343886996563,1.1889593793618936,-0.7630342458545496,1.2176424408760333,-0.7094648747954089,1.2291967942873037,-0.847142624962162,1.107572223478415,-0.8147372113443395,1.1699226735210981,-0.7609883739132448,1.1938987295555281,-0.7129284863761791,1.2058676797269667,-0.8336597388425351,1.1044683965247852,-0.8102944687853241,1.151706847949407,-0.7674264785753812,1.1722849158327613,-0.7264480256527183,1.1835261367809533
-0.04505882596369805,-0.27084563661914773,0.017473911831262692,-0.30693165418555773,0.06102230706774397,-0.3065834370588804,0.09360270653162682,-0.30594844319731895,-0.10974419449933133,-0.3051681666935014,-0.15122762066669054,-0.3031888965921985,-0.19478552003848007,-0.300450187010032,0.14213931923137896,-0.28106286080719833,-0.23290258147960635,-0.2732844742622811,0.043046968238945924,-0.22044960822961115,-0.12306027075988533,-0.21936320044389684,0.4999901399965437,-0.0031400487634102104,-0.49999013999654385,0.0031400487634102104,0.6923697161350432,0.3581852949071876,-0.6499712094575211,0.37052311856962017,0.7052356318220492,0.7313571038254222,-0.7064699394652182,0.7344287939759795,0.7779530010134835,0.8470284421891151,-0.7763589898022313,0.8463885067410823,0.6683423675685741,0.8509082464472782,-0.7334522914191014,0.8509179649006718,0.6143904103834564,0.8140313279661374,-0.6867802782534994,0.8165698209364419,0.7040003178586715,0.7543736958523243,0.5945155862532591,0.7882578248468995,0.5529943671713798,0.8371627295187227,0.5547357483865903,0.884950506208935,0.5484337239836301,0.9193531723438981,0.654916714218582,0.8712712065390947,0.6450252574430334,0.9339870218004436,0.6294731376778061,0.9582302803090703,0.6168959240774621,0.9710930651743035,0.7371990451843826,0.8700916498483965,0.7229227158176114,0.940018886966856,0.6890099483968481,0.96257722920832,0.6589384170276678,0.9700408366950156,0.7948866866124813,0.8636868596229503,0.782334742830722,0.9286993595566084,0.7442401558742664,0.9514295042877244,0.7082847820556947,0.9603395141345683,0.8297167708105392,0.8553156474210267,0.8157186330749123,0.9085564647823137,0.784092672422705,0.9301666812994851,0.7509769106075681,0.94064482125322,-0.7330246053302236,0.7606822898611292,-0.6553889020233746,0.7946578382054234,-0.6464646307821504,0.8447065554258024,-0.6488351857547767,0.8918412191040584,-0.6545319644586273,0.9267097121237158,-0.8042172875914786,0.8668863721435652,-0.7847050741766355,0.9275471463110513,-0.7354931088032046,0.9479929603360365,-0.6947122059551708,0.9583063807407283,-0.8449555895506595,0.8621803346274014,-0.818516985949773,0.9212421761323254,-0.7589175597510519,0.9409871084761318,-0.7061002845083999,0.9477562583440614,-0.8484249343782926,0.8567566140360565,-0.8159798290758585,0.9061505710489889,-0.7603351294856379,0.923186031530584,-0.7129202283789893,0.9308669041024676,-0.8358867436393914,0.8544747541231613,-0.8123744073932805,0.8916723815662893,-0.7684632896280884,0.9066636724442584,-0.72886302401207,0.9141472109963883
-0.044685092502609734,-0.324422394841724,0.01678479172798776,-0.36765492458321253,0.0600738496979053,-0.36724776578400226,0.09211083124334152,-0.3664672876496305,-0.1099524236893204,-0.36552876047325855,-0.15104777712632372,-0.36315496646603834,-0.19464055467076388,-0.3598883236260455,0.14051752483266128,-0.3366546211653685,-0.23439824240514762,-0.3273300236593456,0.043155403431959005,-0.2641888394362891,-0.12199656849885317,-0.26278780669880797,0.4999854938512819,-0.0038086662087500806,-0.49998549385128205,0.0038086662087500806,0.6915009074186476,0.42919549229103104,-0.6522298880102423,0.44417680510364904,0.7044417587846098,0.8759261410283986,-0.7085705972941867,0.8792749654239383,0.7772020344874518,1.0135024059364433,-0.7785348828010255,1.013047595647042,0.6674592232377966,1.018043405502726,-0.7353781349814256,1.0185595806511312,0.6134834038463645,0.97341378931694,-0.68608078458006,0.9773711321213794,0.7064287637177474,0.9055462284053045,0.5963482871056387,0.9467686150564347,0.552573681132777,1.0026765398460777,0.556123536698372,1.0585213239447842,0.5544293842063274,1.1001641881346191,0.659127828963005,1.0431025645327725,0.6552685401754138,1.1175624082074873,0.6416516858907236,1.147895196133338,0.6294562974715981,1.1652796041800637,0.7396250555387875,1.0417791751136771,0.7288509089206194,1.1254936682477368,0.6959259593384186,1.1540391799907688,0.664761485371877,1.1651998890577566,0.7951352693576131,1.0350690954990696,0.7837135760257816,1.113029893171549,0.7468845247346289,1.1417342432152178,0.7100828093255062,1.1543602109412485,0.8282764412853795,1.0262676778118525,0.8170030787232522,1.089682636124516,0.7869900727710758,1.1162455301721448,0.7546078076665543,1.12932078337712,-0.7337903011453094,0.9091280814133315,-0.655806407264047,0.950488391011226,-0.6458006902149129,1.0114775629039763,-0.6479045448404986,1.0698560645411654,-0.654814809346636,1.1131974133171896,-0.8027739679004705,1.037126890079619,-0.7831714517096197,1.1106068691568642,-0.7346834226680301,1.136194831473503,-0.6940526671932347,1.1499551611751382,-0.8453390731258046,1.032048602696399,-0.8180435227249466,1.1040804894899499,-0.7559690001528888,1.1278819648824066,-0.7006310920166954,1.1356243947938245,-0.8501059356032553,1.0256942814122862,-0.8166825543032193,1.0857539039456572,-0.7584649678403815,1.1055737668305958,-0.7083539268194072,1.1135709299670105,-0.8382609842291708,1.0227896123145523,-0.8150277251496686,1.0677609774900316,-0.769877138426424,1.0857598233854324,-0.7279787374386353,1.0938791242958772
-0.04494131771766024,-0.30531932688549945,0.015796496333127043,-0.34590639664035067,0.05899664033478959,-0.34556121023311004,0.09099683845721863,-0.34483954967811237,-0.11052676232307504,-0.34384224134390606,-0.15122777824116862,-0.3415907309722029,-0.19467170676620812,-0.3385218399847529,0.13944441065267488,-0.31681845352390803,-0.2353098684793794,-0.3078241101240538,0.043019325922859314,-0.24898189714432456,-0.12105439268894401,-0.2473697893510684,0.4999855582173842,-0.0038002071062866005,-0.4999855582173842,0.0038002071062866005,0.6913701023058106,0.40412434028111116,-0.6536668952435531,0.41877777251015996,0.7046188707862059,0.8244408754361356,-0.7090856722027957,0.8270796296229547,0.7772464556152482,0.9532813769918418,-0.7810652975228806,0.9530466725169886,0.6675869690804482,0.9575563778815143,-0.7340399139534417,0.9580120462211423,0.614041696386495,0.9154538488137559,-0.6821224529273228,0.9190717143106233,0.7085342387942547,0.8545948299371766,0.599195084225255,0.8932857883431641,0.5573739165837259,0.9466294362425205,0.5603285131736778,0.9988771776461618,0.5554676383401557,1.0377047994172537,0.6644177702765475,0.9837027163376524,0.6583049743685562,1.0544131955887082,0.6441147396901474,1.0823994760079163,0.6311176125087445,1.0974874086097157,0.7461500111678793,0.9820777963539177,0.7343630519105331,1.0603381837913124,0.7005486120588841,1.0861694166352465,0.6690155553666094,1.0953681980309973,0.8023594042333224,0.975149000879908,0.7908813284973083,1.0474931272589374,0.7527521719570509,1.0734062467115821,0.7152919637406089,1.0843779381752907,0.8355264457742724,0.9663043187195566,0.8222770038559672,1.0250263013610996,0.7904209214462529,1.0490097935173244,0.7571088662753753,1.0606599740246356,-0.735703642309803,0.8564394139982463,-0.6569854850237957,0.894076430474434,-0.6450685522498423,0.949421565347242,-0.6437222376283382,1.0036303146297798,-0.6471886470297998,1.0445583929036721,-0.8021513119191693,0.9760937606647602,-0.7812541968566022,1.0461905545602859,-0.731201597642596,1.070372914194808,-0.6904008006741884,1.0825639919610177,-0.8440032332252497,0.9711309865354861,-0.8168469617489439,1.0398626322513276,-0.7536003670045461,1.0625838451195364,-0.698473525379237,1.069766656196077,-0.8479515996908829,0.9652149111610409,-0.817308154477561,1.0234140078839236,-0.7584474363609158,1.043461929356197,-0.7083485944104309,1.0519003350996348,-0.8356961521275624,0.962723218638845,-0.8155410534020328,1.0068441319167731,-0.7692080762436033,1.025302041982268,-0.7261595680113158,1.0341487666657392
-0.0459793673137446,-0.34217130156199776,0.014672280178172806,-0.3876567543661731,0.05786202215849985,-0.3872737395598561,0.08988787124807038,-0.3864540337820783,-0.11149577183452417,-0.38532808259696827,-0.15197120179447568,-0.3827994775149603,-0.1953076390571783,-0.37936617939369677,0.1384446836590858,-0.35504817197057126,-0.2358472060816294,-0.34496048570153537,0.04213148041608251,-0.279223203031031,-0.12166806751791949,-0.2773327825869249,0.4999813848999964,-0.0043144818323746625,-0.499981384899996,0.0043144818323746625,0.6905976391858523,0.4528481213105635,-0.6532064045271821,0.4696691496214496,0.7048508942867638,0.9235872574333104,-0.7073772880778784,0.9260453345308852,0.7767039509208262,1.0677899394694126,-0.7803027029514823,1.067045962854861,0.6672811766237335,1.0725735676289165,-0.7287704249737487,1.072585842410868,0.6140006862609336,1.025426130153224,-0.6749496556613107,1.0287908767379956,0.7107420689958333,0.9582177460729056,0.6025575556427762,0.9999499242364717,0.5599963793593672,1.0593430170624185,0.5615123054933207,1.1185696721669893,0.5564271685685767,1.1629286536681753,0.664993583881877,1.1033158630500117,0.6619293822714547,1.1805350599768054,0.6475305551292269,1.2118536460081657,0.6340557060825757,1.2297113732760738,0.7452997034336044,1.1018085614357986,0.7345388294350106,1.1866320898051193,0.7014640978440427,1.2164866480298242,0.6693409760787158,1.2279125976023006,0.8009547253962692,1.093926487045725,0.7883719543991036,1.1726808639050623,0.7517262148316499,1.2034177501002128,0.7147214874215674,1.2177827817850413,0.8346267965826999,1.083882802749278,0.8211038728187005,1.148353702407261,0.7907273909009565,1.175720640838847,0.7581974312238646,1.189563890267161,-0.7381984611310937,0.9591741388293636,-0.6579558046992302,1.000209983176122,-0.6449299151040764,1.0621377144514768,-0.6425332556553385,1.123178540719048,-0.6441959893957737,1.1699385943982377,-0.8008930594621003,1.0943165754552004,-0.7797879215738956,1.1730072898861112,-0.729315084563519,1.200579570856445,-0.6882879185951221,1.214598412080811,-0.8444310061708843,1.0886999265002086,-0.8148446120144199,1.1657716179964326,-0.7520234244160033,1.1917246679849276,-0.6965059994831319,1.1996525127483797,-0.8496949630723069,1.0816502487641677,-0.8149774914317633,1.1462143535461216,-0.7562872474780128,1.1689251967222083,-0.7058639453983616,1.1784443941491685,-0.839036640982449,1.0784590135039307,-0.814729816778135,1.1266739409151,-0.7687325337694908,1.146840991567103,-0.7265969535235411,1.156607349010307
-0.046973943734635155,-0.31454271405425016,0.013676370987748135,-0.35634462820926666,0.056840923824338266,-0.3559908956569478,0.08880743007475675,-0.3552159345571919,-0.11208827775108811,-0.35420445066434497,-0.15222723999481783,-0.3518764124531242,-0.19541528885317877,-0.34872475101535555,0.13774188636276374,-0.3263095796054412,-0.23629117177970876,-0.3171082310924872,0.04107385658364871,-0.2567444402630191,-0.12246317662719708,-0.25501134196344166,0.4999842135804337,-0.003973181389681094,-0.49998421358043355,0.003973181389681094,0.6897261687558842,0.4162506699953556,-0.6528066111793314,0.4318583062375895,0.7042860576148948,0.848663475909553,-0.7064283551788059,0.8504059433415972,0.775900133232686,0.9810355507772563,-0.7796203741533911,0.9800733982349491,0.6664925379654073,0.9854637087119336,-0.7251307388234487,0.9851814874972186,0.6132912490923511,0.9420941857297893,-0.6705791594361115,0.9448601830821379,0.7118582970520703,0.8804596346069639,0.6028790263921858,0.9184143726436388,0.5600031710862482,0.9729780968557876,0.5625989755966764,1.0275821656995792,0.5565556638919312,1.0684935342532849,0.6654231879219601,1.0132340085503855,0.662034139729177,1.0845287088668618,0.6479673300638754,1.1134454845883972,0.6344520585938169,1.1296607759934794,0.7457173010559986,1.0118401110874642,0.7358584152895851,1.0898920591871561,0.7022829374430969,1.1166560377159571,0.6700290827159073,1.1266054827753693,0.8009801691023863,1.0047381174708263,0.7912696792629439,1.0775986101499726,0.7540623235249927,1.105057242928814,0.71661393682687,1.1171925639547717,0.8335984932199103,0.9958546502379967,0.8215631338579189,1.0557809599432997,0.79049779560038,1.0804732129562222,0.7574126988398379,1.0925024142164843,-0.7409157934492259,0.8804617378815993,-0.6597507536134859,0.9183709687034354,-0.6475978017214855,0.9755458127720525,-0.6456800092076965,1.031402477264623,-0.6440446186397797,1.0746607178978755,-0.8020818964389905,1.0061735068061008,-0.7777815012916729,1.0778902004971544,-0.7279076538174757,1.1027185927410235,-0.6880603120544755,1.1159298343463857,-0.8466583465837866,1.0008921841965877,-0.8153373626156929,1.0713790358462816,-0.7524304180129365,1.0946888638033851,-0.6975298833549035,1.1017801498400608,-0.8527675370864144,0.9938930598302997,-0.8186304031405719,1.0534480459590603,-0.7598738228044237,1.0738656800856907,-0.7099551192886646,1.0822263879682286,-0.8431685690345138,0.9904153908240427,-0.8200714175283876,1.03526466311559,-0.7738909423184214,1.0535547393451112,-0.7314035021092152,1.0619496732421707
-0.047609565906524536,-0.3043677471272558,0.01309455328457121,-0.34480082863237865,0.05626378587796114,-0.3444603432228808,0.08823571486584983,-0.34370652350280345,-0.11246303333493218,-0.3427242651601713,-0.1524073687317425,-0.34046483985250736,-0.19551644791880887,-0.3374192380793617,0.13764785910915622,-0.31574299209376594,-0.23614304662322835,-0.3068441475248169,0.04050269393102042,-0.24849606056774426,-0.12287553175139053,-0.24681979626011077,0.4999852189687286,-0.003844582265023151,-0.4999852189687286,0.003844582265023151,0.6890054363134219,0.4025268340470916,-0.6522258447068678,0.41745420252409154,0.7040129803553533,0.8202598130448027,-0.7063449086677813,0.8214126376596377,0.7752168485111448,0.9480077569192585,-0.7790330480700706,0.9469847290774169,0.6659524022847928,0.9523215582165668,-0.7222426106870268,0.9518885325152125,0.6129326277699069,0.9102537214857721,-0.6675990315102273,0.9127361309931941,0.7106874224229693,0.8516872727211421,0.6014465878140529,0.8887059780033536,0.5601372760569303,0.941610551009286,0.5634514476546707,0.9943084106360067,0.55699198374199,1.0335817339379936,0.6639024641463074,0.9795578024367585,0.6602716720023859,1.0488585552653604,0.6461249400703847,1.076577377231297,0.6328630816108427,1.0918578964724244,0.7436487906176744,0.9779137099788413,0.7326617428436217,1.0544102331939953,0.6991420161147066,1.0800879916598252,0.6679285822278612,1.0895831248226544,0.7990029670430056,0.970707030746696,0.789538981029809,1.042157565739963,0.7528674406820904,1.0687305891272094,0.7166951173887196,1.0802860149417,0.8331874170208637,0.9614173166932624,0.8234699996471939,1.019958989435697,0.7933404514369061,1.0442766552204161,0.7610748389026304,1.0561205183082252,-0.7414273871620986,0.8517070565597608,-0.6604862004122274,0.8891016547757269,-0.6472708905699154,0.9445890356476787,-0.645794602298836,0.998399782420621,-0.6461362961340081,1.0394991355375414,-0.8022746377293621,0.9725998079050066,-0.7777238401014152,1.041851563376282,-0.7280081179196541,1.0652207142814334,-0.6888307103443998,1.0781809775335367,-0.8484340005802602,0.9675009395163446,-0.8170350468421366,1.035972804975531,-0.7542163386552917,1.058139024534393,-0.7000779356553358,1.0649441103321482,-0.8553618740083494,0.960432932050218,-0.8219139940582018,1.0183548344463933,-0.7631500752026538,1.0377845978224869,-0.7132445605912215,1.045563159417693,-0.8460682289495078,0.9567932604314483,-0.8222391597611692,0.9997325105399043,-0.775755755570039,1.017052799011322,-0.7342591249812623,1.0250750531233452
-0.04822466280972272,-0.27492731556762345,0.012609956083646701,-0.31143239657881766,0.05579456008450644,-0.31113109566547226,0.08775377529988786,-0.3104352399955544,-0.11290038651485243,-0.3095484518820729,-0.1527653118034936,-0.307502210434,-0.19584783411000542,-0.3047506793999083,0.13798966109532684,-0.2851681236960554,-0.23631760468013302,-0.27713760697267165,0.0399138862775049,-0.22452156789676028,-0.12344020903146342,-0.22298467443215095,0.4999879881182143,-0.003465795363303778,-0.49998798811821443,0.003465795363303778,0.6881924553639472,0.3635867581676689,-0.6512133615865475,0.37689676149624385,0.703232866413731,0.7407034634866361,-0.7059216172970085,0.741416600755075,0.7741519874909939,0.8560645620353946,-0.7790883344462936,0.8550169799182824,0.6651563944220953,0.8599636913944643,-0.7201375050578663,0.8594066729145972,0.6121827405421281,0.8219812424246777,-0.6650292420032549,0.8239503428242798,0.7095156124565929,0.7691346150631859,0.6004035473223372,0.8027757929069099,0.5601289461590242,0.8507278040457327,0.5613611216766993,0.8979675127759483,0.553906234945217,0.9331172823359791,0.6640148332718695,0.8856393046097291,0.6582002239859056,0.9473793598168928,0.6430388438798245,0.9720574825049616,0.6288094651461454,0.985362977590444,0.7438364224643361,0.8841699513055233,0.7315081466507198,0.9531818026208081,0.6976215211182741,0.9758442397306528,0.6666444487242806,0.9841522638621718,0.799338509500555,0.8773301116744454,0.7879611224212906,0.9418024961395663,0.7506943336484776,0.9648848677448744,0.7152155484735758,0.9744999484292709,0.8332669570487465,0.8684244948752273,0.8209915208786801,0.9211348731121474,0.789535743799079,0.9421337685208782,0.7572777035357066,0.9518765827595608,-0.7432162874136522,0.7684842592541085,-0.661897312662799,0.8021878846132612,-0.6485509181002717,0.8523158744180396,-0.646909516407018,0.9010097420035198,-0.6475836153489871,0.9376425565690001,-0.8042392178026518,0.8778824549392537,-0.7792286405636347,0.9408086789956308,-0.7299487026173556,0.9621451917203961,-0.6910151041524756,0.9742209382734381,-0.8503400080036005,0.8734308153434094,-0.8186286894138097,0.935644570019213,-0.7555926810303308,0.9551557452074355,-0.7014790399469669,0.960931973412628,-0.8572000552584387,0.8671449886968036,-0.8237439041837646,0.9197408241647821,-0.7641250467911379,0.936780981222443,-0.7136244006540815,0.943252814639604,-0.8476286597408473,0.8637102083762562,-0.8240951191762116,0.9026946561163313,-0.7770737949297587,0.9180913081088448,-0.7343819487111958,0.9247386290626785
-0.0485929889845077,-0.28331933367658135,0.012326004542819626,-0.32090296937989815,0.05554277663489088,-0.32060698244141583,0.0874781703715973,-0.31986499485325404,-0.11317548003215731,-0.3189285482308643,-0.1529779407732181,-0.3168080678868024,-0.1960498319576473,-0.3139575494708288,0.13842274845594502,-0.29377610604057686,-0.23632897224045474,-0.2855040319245196,0.0395903658824723,-0.23143143927997004,-0.12378764122374987,-0.22981404216681103,0.49998817099657394,-0.003439311486454402,-0.49998817099657367,0.003439311486454402,0.687538248107261,0.37463684911779066,-0.6511202008728091,0.38792333570400056,0.7025930491401824,0.7626008475641386,-0.7060243325757961,0.7630152120844653,0.7727493526083019,0.8813754284447884,-0.779131193612977,0.87987322810699,0.6644993738443402,0.8853884026789898,-0.7181498192448884,0.8843856749268962,0.6116100870989928,0.8462878661538547,-0.66338146421873,0.8479434329448197,0.7090305271109425,0.7904669475238519,0.6005449623249342,0.8240856649611962,0.5589433482179837,0.8731080825545856,0.5604984857184803,0.9223598620857825,0.5542021795242903,0.9597790414971106,0.6592958001436332,0.9108711329371393,0.6545939707188884,0.973850241639657,0.6412269367217759,0.9999275248070554,0.6287804416180626,1.0145786633425737,0.7391070841908685,0.9102475229308219,0.7283856722295099,0.9805897688047052,0.6965752649701492,1.004564109047574,0.666751153598962,1.0137432288179813,0.7953013191195493,0.9039151389957047,0.7843411739946279,0.9693028919161714,0.7487996056723526,0.9925671386034597,0.7145391487428688,1.0025326912850596,0.8300940925568642,0.8951601840683041,0.8184631566974125,0.9488850371932019,0.7876919805257642,0.9702715764421136,0.755929679572432,0.9804128471900097,-0.7439183891812015,0.7905474133311187,-0.6620466266243461,0.8257606604620354,-0.6479381036065072,0.8776545726006432,-0.6469606913699996,0.927515519557366,-0.6491838096572445,0.9653079709079594,-0.8027083414730266,0.903130081568397,-0.7809323701412695,0.9680061544836801,-0.7317918909309076,0.989895605028009,-0.6933223570197388,1.001611289017661,-0.8496037848034438,0.8982082563572468,-0.8215127368263127,0.9623377853939994,-0.7595541750175392,0.982700964632544,-0.7066132976309133,0.9886200156602482,-0.8576845202371453,0.8914995056441233,-0.8290353042325883,0.946028501035232,-0.7716145832959992,0.964389147672845,-0.722532550999504,0.9717204767793721,-0.8500469697676283,0.8878544733491333,-0.8300074337672655,0.9291219127994458,-0.7843308333867893,0.9458826997434323,-0.742269174628962,0.9533952488517953
-0.04857517345199409,-0.31256867390537274,0.01274782810786297,-0.35399829634463853,0.056004754469527206,-0.35367387757399676,0.08778514707231114,-0.35284804988564583,-0.11278174540299599,-0.35182163968051666,-0.15257110702717513,-0.34948087866161925,-0.19568838256688834,-0.3463386403118636,0.1399664687604838,-0.3240301124066058,-0.23607926510878705,-0.3149898763776215,0.039545056948127474,-0.2554048358384543,-0.12384640473446476,-0.25361134199806945,0.49998875944595433,-0.0033526747076982255,-0.49998875944595433,0.0033526747076982255,0.6864114841186137,0.4127432969245446,-0.651082634910441,0.4269148259913928,0.701825204848088,0.8398345445721684,-0.705748235741799,0.8396221184962984,0.770946182473891,0.9705912268842175,-0.7782000483783656,0.9692507254919747,0.6639154556545114,0.9750709346750887,-0.7162912548751035,0.9742540133431746,0.611172160184039,0.9317682296783413,-0.6619533784585733,0.9332898901504518,0.7093160165156317,0.8719089870590815,0.59923701447407,0.909644840288806,0.5581140605276397,0.9643103506266701,0.5583753862008962,1.018507993006173,0.5529282176960942,1.0586265808282163,0.6617008160710064,1.003667729218767,0.6546214294316078,1.0741262939858518,0.639333091097385,1.102222816593494,0.6251783624119834,1.1171466485338513,0.7417974719735835,1.0021773357426587,0.7280240585654962,1.0804043277892172,0.6940861000860059,1.106241667812986,0.6632552881325617,1.1159035485715791,0.7967805733864647,0.9947985141830679,0.7844277110586249,1.0677777673187723,0.7469129838199794,1.0941309180281058,0.711431338861321,1.105518547469079,0.8296518827077874,0.9852186856018625,0.8167181718284702,1.0442234864940056,0.7857062519707743,1.0685944991537406,0.7540937099938908,1.080650294824435,-0.7449340541515613,0.8706308301618977,-0.6636633426662106,0.9101176351677495,-0.6490866280699099,0.9679428175743523,-0.6470008537259685,1.0230199152777737,-0.6487969902428868,1.0644990911682795,-0.8048132482191486,0.995333464060125,-0.7806271414649352,1.066564607873884,-0.7318812524667185,1.09064872215818,-0.6944258459312027,1.10403194393188,-0.8518613067899135,0.9899663420736258,-0.8204051557576446,1.0601226592126884,-0.7600398240339176,1.0834694408821672,-0.7072897875744528,1.09070936118073,-0.8595307546657449,0.9826824584837146,-0.8251221628047967,1.0425297627954098,-0.7689218634795935,1.0628790817814706,-0.720316748801493,1.0709469142347843,-0.8508034209174355,0.9788841817087476,-0.8253228195771253,1.0233636627368532,-0.7800921316386035,1.041615819027416,-0.7387818905480125,1.0502402040095702
-0.04844717939898171,-0.2986056716304077,0.013231952249038108,-0.33816499120875576,0.05652513339749928,-0.3378572087260971,0.08802773944603125,-0.33706392040538025,-0.11235500636315593,-0.3360835929503296,-0.15213326600983007,-0.33384201756090465,-0.19524659777805353,-0.33083600563212295,0.1413266982867942,-0.3095329898760314,-0.23595486508133778,-0.3009193312510048,0.03964331647873046,-0.24406241908054482,-0.1237641031896473,-0.24234252731144768,0.49999126869311467,-0.0029548655890980565,-0.4999912686931145,0.0029548655890980565,0.6854319214235749,0.39433922862778825,-0.651021750394533,0.4072583146762652,0.7009070512422323,0.801293333377394,-0.7052502678297834,0.7992775073493313,0.7699159993919505,0.9261101190968566,-0.7775347873697616,0.9244832042281923,0.6630915298694009,0.9303825342939859,-0.7158918052226384,0.9291316874720142,0.610555976637637,0.8889973220444907,-0.6616160239989487,0.8891698900659167,0.70847801410395,0.8319632291853654,0.5995642830544188,0.867412752697886,0.5576319846695291,0.9193752631495463,0.5571452013282617,0.9713059371528096,0.5515056546573117,1.0101719095339605,0.6631934669713087,0.9576274794544936,0.6563167541516569,1.0251656105066882,0.640221245010157,1.052024538730379,0.6255970879144724,1.066660803214283,0.7432024163535196,0.9563087992907663,0.7287176930470074,1.0314619917328907,0.6936097917444468,1.0558380387594184,0.6619888578265201,1.0647636403120648,0.797837335010031,0.949350907315764,0.7846369293751294,1.0191910306537737,0.7461924964991195,1.0436341874664117,0.7103315180163874,1.0540736483181297,0.8299138424516807,0.9403799026463693,0.8157452588797193,0.9973546639425726,0.7836027393059971,1.0199254396338469,0.7512945158089098,1.0307576103121014,-0.7457214303321549,0.8318228593901592,-0.664654378322765,0.8689665884463657,-0.6504778238981213,0.9231949134015716,-0.6481047551094413,0.9753923985490731,-0.6477430355694127,1.01528165950172,-0.8045865141867671,0.9484612956497543,-0.7821343061639809,1.0173901006523927,-0.7328502994988995,1.0409734924693934,-0.6950693559095346,1.0531677566500988,-0.8511450505621911,0.9432120803313455,-0.8220347107080951,1.011641451049752,-0.7617627152223095,1.0344227814338354,-0.7096949724571191,1.0415479956518348,-0.858907650684874,0.9366640826294579,-0.8270136869961993,0.9946407876056179,-0.7709206636264996,1.0145714896357676,-0.7230052860466103,1.0227720884317308,-0.850392310178612,0.9335837253581122,-0.8264922136059345,0.9773763881287384,-0.7825386866056891,0.995113812108793,-0.7432823494114027,1.0036362122780447
-0.047765219993771826,-0.28688984009596225,0.014559100558826674,-0.32499083278225854,0.05774439823608424,-0.32468815980194543,0.08864731974307154,-0.3238601758351285,-0.11111303450188825,-0.32300507904320164,-0.15097298640784293,-0.3208358792342506,-0.19409714815724458,-0.3179554022665678,0.142516485385193,-0.29740353323296026,-0.23570592412792124,-0.2892468309788313,0.03995799374255318,-0.23459554416488754,-0.12335031591436384,-0.2329581728484764,0.49999295061647897,-0.002655058158916747,-0.49999295061647897,0.002655058158916747,0.6845830693760823,0.37909664779102703,-0.6512995484911906,0.39113508974013367,0.7005786959755007,0.7697145951522221,-0.7047946071252399,0.766217909713853,0.7690567683268485,0.8896394870177081,-0.7766999932449934,0.8872109773686037,0.6628135189627217,0.8937251812015732,-0.7149666159363305,0.8916701680983734,0.6106985618340137,0.8539021765204778,-0.6609409647541008,0.8525633938805973,0.7053309206501557,0.7984844309966972,0.5983181438271453,0.83421496328765,0.5587702655932917,0.8846489891958814,0.5588609038129387,0.9336263959551009,0.5526804541227583,0.9702878019081594,0.6607804408774737,0.9196217527850454,0.6574416339844412,0.9846270103880643,0.6418841668973257,1.0107415273733813,0.6274798692383913,1.0253536021059946,0.7403583298551345,0.9177170768210766,0.729924614402415,0.9899668465334222,0.6959420125956924,1.0137548745641185,0.6648809229083806,1.0226221587763356,0.7957678965271957,0.9108728264824427,0.7857436235270889,0.9774980753857767,0.7491022258267146,1.0007963345628859,0.7141010658091084,1.010795405423279,0.8286812365645195,0.9020189248826197,0.8164782810124546,0.9567067097303653,0.7848807656242127,0.9784416364596326,0.7524179244607775,0.9887747512293924,-0.7454802866732997,0.7981773261122795,-0.6640235616302107,0.8339083798037152,-0.6511592162971581,0.8871025260681642,-0.6494358561877084,0.9376203236539787,-0.6502747084235,0.9753255733737675,-0.806443239114964,0.9109698069722588,-0.7817401737486505,0.9769372222663564,-0.7320321773612342,0.9993440604178979,-0.6938661954489523,1.0115804607503387,-0.8521194051922951,0.9062533920042672,-0.8210795167717077,0.9716109425335535,-0.7595214705735744,0.9929131068620286,-0.7068120927444843,0.9997973312376834,-0.8590568186277442,0.8999300207480326,-0.825003658107955,0.9549751387267134,-0.7671311548634095,0.9736788168486644,-0.7183263997440585,0.9813089915151628,-0.8494397445599622,0.8968422870884041,-0.8243106346909024,0.9383179575000751,-0.778829542702638,0.954999123148926,-0.7384514497861028,0.9625571707486257
-0.04689202342779294,-0.31655536712754223,0.01636216490342876,-0.3589003322959023,0.05941874093719469,-0.3585620829224473,0.08963543993304851,-0.3575699742950305,-0.10962865200835074,-0.3566925980132326,-0.149692889518349,-0.3542318961758832,-0.19278310245098818,-0.3510530619478122,0.14388772138780032,-0.32843131605975484,-0.23535115859011782,-0.3195044488742108,0.040599793001559026,-0.2591344182567733,-0.12282037100847772,-0.25734321227232865,0.4999934969035907,-0.0025501086484838896,-0.4999934969035907,0.0025501086484838896,0.6840929536029485,0.41839855057472414,-0.6513777057587865,0.4313529451837323,0.7010786905499898,0.849365856937898,-0.7043912523510314,0.8424508348629887,0.769103039633429,0.9817815651504269,-0.7761491850864094,0.9768998765184423,0.6630656311332851,0.9862933474908511,-0.7142312786244274,0.9818966812162653,0.6113011347192016,0.9422357430529811,-0.6603593183729363,0.9373607695248369,0.7074409978488763,0.8807252000132502,0.5987292316423135,0.9199435169033859,0.5593747326985417,0.9759941049404043,0.5603228447547834,1.0303121961865556,0.5542031716197695,1.0706835923361722,0.6654235777443025,1.0151771195703496,0.6609265486109364,1.0873201661711294,0.6448629111850079,1.1168002394716707,0.6296742816217702,1.1335551909943318,0.7448355868182975,1.012633246375432,0.7343978328519234,1.0918966053685328,0.699717965867569,1.1182606786269398,0.6673139714609815,1.12856452582002,0.7992881199443418,1.0045827961711373,0.7903048254852486,1.0780065090043685,0.7530633965286968,1.1046526166240795,0.7168274866024642,1.1166956757118676,0.8308698042964737,0.9948409072394577,0.8169185641197878,1.0549570110016668,0.7844943875738764,1.0792200241984145,0.7515490633414215,1.0913482691749228,-0.7463573201233253,0.8804853748760869,-0.6648298864791888,0.9193723493567181,-0.6510704887490772,0.9776095670643357,-0.6492990575314136,1.0331352258411313,-0.6494302414370193,1.0750294156816793,-0.8055913384242076,1.0051844694752523,-0.7822427335632983,1.0782528573852626,-0.7314206309326484,1.1028579571576598,-0.6919991945601188,1.1155970847235501,-0.8507097442359101,1.0000656417476408,-0.8216748216204711,1.0725611353699955,-0.7601543911801751,1.0960348360753114,-0.7072872772210254,1.103295590067955,-0.8574926248937088,0.9930305152440401,-0.8256888248860169,1.0536726994271304,-0.7685610370695839,1.0742111323136785,-0.720661532459038,1.0827402734917508,-0.8484414960218877,0.9894870508774262,-0.8241744916987416,1.0350952687221386,-0.7796412558044381,1.0533407814372966,-0.7404947450186996,1.061967579411222
