pose_0_x,pose_0_y,pose_1_x,pose_1_y,pose_2_x,pose_2_y,pose_3_x,pose_3_y,pose_4_x,pose_4_y,pose_5_x,pose_5_y,pose_6_x,pose_6_y,pose_7_x,pose_7_y,pose_8_x,pose_8_y,pose_9_x,pose_9_y,pose_10_x,pose_10_y,pose_11_x,pose_11_y,pose_12_x,pose_12_y,pose_13_x,pose_13_y,pose_15_x,pose_15_y,pose_17_x,pose_17_y,pose_19_x,pose_19_y,pose_21_x,pose_21_y,pose_14_x,pose_14_y,pose_16_x,pose_16_y,pose_18_x,pose_18_y,pose_20_x,pose_20_y,pose_22_x,pose_22_y,right_hand_0_x,right_hand_0_y,right_hand_1_x,right_hand_1_y,right_hand_2_x,right_hand_2_y,right_hand_3_x,right_hand_3_y,right_hand_4_x,right_hand_4_y,right_hand_5_x,right_hand_5_y,right_hand_6_x,right_hand_6_y,right_hand_7_x,right_hand_7_y,right_hand_8_x,right_hand_8_y,right_hand_9_x,right_hand_9_y,right_hand_10_x,right_hand_10_y,right_hand_11_x,right_hand_11_y,right_hand_12_x,right_hand_12_y,right_hand_13_x,right_hand_13_y,right_hand_14_x,right_hand_14_y,right_hand_15_x,right_hand_15_y,right_hand_16_x,right_hand_16_y,right_hand_17_x,right_hand_17_y,right_hand_18_x,right_hand_18_y,right_hand_19_x,right_hand_19_y,right_hand_20_x,right_hand_20_y,left_hand_0_x,left_hand_0_y,left_hand_1_x,left_hand_1_y,left_hand_2_x,left_hand_2_y,left_hand_3_x,left_hand_3_y,left_hand_4_x,left_hand_4_y,left_hand_5_x,left_hand_5_y,left_hand_6_x,left_hand_6_y,left_hand_7_x,left_hand_7_y,left_hand_8_x,left_hand_8_y,left_hand_9_x,left_hand_9_y,left_hand_10_x,left_hand_10_y,left_hand_11_x,left_hand_11_y,left_hand_12_x,left_hand_12_y,left_hand_13_x,left_hand_13_y,left_hand_14_x,left_hand_14_y,left_hand_15_x,left_hand_15_y,left_hand_16_x,left_hand_16_y,left_hand_17_x,left_hand_17_y,left_hand_18_x,left_hand_18_y,left_hand_19_x,left_hand_19_y,left_hand_20_x,left_hand_20_y
0.10979144338507207,-0.3830197716684698,0.18197973589374952,-0.43299873312475845,0.22477112747466094,-0.4285817340509725,0.2634326016856996,-0.4242944765599263,0.037804971116212026,-0.4415403385094746,-0.01810037339727152,-0.4413323536476703,-0.0676969386096956,-0.43986033675753583,0.3143590181212063,-0.37734357742360497,-0.1563371845963464,-0.3940683865547525,0.17097958442031772,-0.3055267745198922,0.0015717889259840446,-0.31711882454440504,0.4999928574077779,0.0026725533119994803,-0.4999928574077779,-0.0026725533119994803,0.6624177398848423,0.5024790564174606,-0.5786072984840005,0.5270908729007769,0.7104057332690233,0.9780107884515398,-0.5080433492706747,1.073434390590559,0.6447880676782127,1.1465820853700566,-0.5265248213973839,1.2170431456383417,0.5378229612136288,1.1490904226363587,-0.3953403377513274,1.2247326105837912,0.5223524155559706,1.1040996836111965,-0.3763775811582571,1.1867261037487766,0.8432151428053118,0.9738379073599092,0.6205222187309927,1.062002333625672,0.5529738949313506,1.1281039629054952,0.5228085975830015,1.1966312286766576,0.5079981406796333,1.25406558912357,0.782777540498749,1.1219071856775302,0.598390277394624,1.2864161975461075,0.5406072838642678,1.33266224328848,0.49452720871385036,1.366215806561508,0.8507898072565382,1.127096655200905,0.6623528776853296,1.3027706551563494,0.5972905088321604,1.3549379625776508,0.5451444456466292,1.392082939779911,0.8865120563884802,1.124149817969266,0.708525896367242,1.2913919010525834,0.6487305805396836,1.3358020275269176,0.5977880412466726,1.367500134422226,0.8983139557155084,1.1166407810831873,0.7487435108484517,1.27106116742045,0.7103301389623013,1.3105204385569322,0.6742407347248757,1.3363431864970297,-0.5247909646282498,1.1131361390793064,-0.49114624549521735,1.0763763352923674,-0.41533875083819755,1.1412886667304094,-0.3786175202672833,1.213730182942241,-0.3408202312184703,1.2676082203850776,-0.38242831145861667,1.2568881436957826,-0.4417486553124629,1.3102903558963135,-0.40906657990770645,1.3616693504259971,-0.3844335091707435,1.3998367064747008,-0.46708865962951396,1.2765491504464976,-0.5267561369824002,1.326400694475874,-0.4775583753923597,1.3781323053832086,-0.4390274963271051,1.414787906440047,-0.5264675081792874,1.2802692985907205,-0.5905726831521853,1.3193250361996436,-0.535879303321327,1.3666114804527292,-0.49439964845889056,1.3993668674389605,-0.555296560384642,1.2751818378901276,-0.6303421770351162,1.2935889723287162,-0.5885196743498696,1.334778510596415,-0.554700842650728,1.3645151296158287
0.11626897897075253,-0.37487612630763834,0.18716084681927625,-0.42405072781872855,0.22972223964951238,-0.41987205047474735,0.2690975811809808,-0.4157283469643217,0.04552183043349361,-0.4324126281773654,-0.010021997842664554,-0.43254909106638495,-0.06073498418625724,-0.43152362486976903,0.3169544020404581,-0.3694454413836382,-0.14905977737725204,-0.3867163924200399,0.1763479022792761,-0.29892882328772097,0.009947226198511084,-0.308735690308063,0.4999554963487646,0.006670957252176084,-0.4999554963487646,-0.006670957252176084,0.636610787837261,0.49680882540104304,-0.5941852085145195,0.5112254663291147,0.6913709053816469,0.9523798366727924,-0.5450764728438127,1.0450014946453015,0.7574321168351836,1.099798348630239,-0.5318833594774532,1.181231348466195,0.6101121253319443,1.1015095617171557,-0.4044987314073051,1.18790309425308,0.5715414602786236,1.0637940393633472,-0.3917913554215754,1.148104170429794,0.7488463653880327,1.0186533031161842,0.6170543849083471,1.0307355102310078,0.5488793438224518,1.0984927206900208,0.5151936976746317,1.174920658807158,0.4984352014301703,1.2334616611271254,0.6673747737357395,1.1668377141978628,0.5888205749684813,1.2628884776970328,0.5308343300083621,1.309974946530393,0.49006096282256023,1.3442446649754716,0.7336124314264721,1.1784124760353671,0.6445972529057129,1.2809570547835978,0.5749928303147102,1.332827239004573,0.5221797441195712,1.3703601923810937,0.7685447045645333,1.178584840445835,0.6996944922303142,1.2685761321673172,0.6352081237434639,1.3172725105697087,0.579727749319168,1.3511833993378821,0.7819705748231769,1.1722006779056942,0.7455450952529888,1.2454626027825464,0.7047769231193862,1.2849871165271647,0.665078375126093,1.310804856119223,-0.6168851746367144,1.028071376140686,-0.469495328235153,1.053024325079148,-0.39244036587132436,1.115513752608123,-0.3584822577894116,1.1874030704789023,-0.32989546260636465,1.2431752955142488,-0.4884390860797127,1.1880403920612028,-0.4212019374533603,1.2852708034847595,-0.3839175116633001,1.3327287185503658,-0.35837427491869867,1.3694672000155586,-0.5751652874939673,1.2007233698553539,-0.500772603844675,1.301763238841588,-0.44748760281850797,1.3533629092730453,-0.40856014900164617,1.3899761528727204,-0.6313530239364644,1.1997841786327612,-0.5693766078121654,1.2920353180609168,-0.5160066305750249,1.3390371817584605,-0.47440929100290646,1.368494983103985,-0.6582692387622959,1.1932797877417236,-0.6169219110772662,1.265609571823968,-0.5716555658894286,1.305520003731959,-0.5327982452772566,1.330234907957148
0.1198981249336053,-0.3720561608095864,0.19176759806183985,-0.4209034219889025,0.23489419174923087,-0.41675029454392915,0.27516681967789747,-0.4126610315506773,0.05016534224793921,-0.42941243728409817,-0.00568042919575369,-0.43011642288775714,-0.05705827312970122,-0.429933043313233,0.3191941605456387,-0.36654831329695314,-0.14638009203590174,-0.38563797011247986,0.1789937848208282,-0.2964382504398453,0.013200376096296373,-0.30602936211717274,0.49993425050443685,0.008108339692379039,-0.49993425050443685,-0.008108339692379039,0.6372033217269641,0.4949430867099583,-0.5919660632839779,0.5101670061132587,0.7176243556883187,0.9461362091557146,-0.5524668227908989,1.0376807324770334,0.8029694127091411,1.0886508406484003,-0.5360334472607041,1.174816906574591,0.6701189863125162,1.0779782786166319,-0.4055983338207335,1.1818814962427724,0.6234154295906975,1.0484719790245736,-0.3926919003237625,1.1421327044816947,0.7557671226100056,1.0056427426543022,0.6227490981724467,1.0240908939728397,0.5566791079144179,1.0913224420189718,0.5285187608713582,1.1656571568153944,0.5052447827023582,1.2249667441579506,0.6703945632674881,1.163071015679352,0.585617456876571,1.2597274638284985,0.5275399366300882,1.3062517940109484,0.4844495204933834,1.3410900370043954,0.736473967071869,1.175014221889303,0.6507632583780397,1.276296043725416,0.5856414521908017,1.3248631134662543,0.5350216756072022,1.359917868025798,0.7700157247795005,1.1755784809324035,0.6973791399132464,1.265516425676311,0.6319535161319804,1.311920410128927,0.5767030130605476,1.3446485421047996,0.779867647064581,1.1700063998093682,0.7352535284742305,1.2435365332617034,0.6884560208682319,1.2824859119002203,0.6450623408755198,1.3083576597036974,-0.6080743023063475,1.0099823875225837,-0.466478414479685,1.0407687448391767,-0.3923936201099416,1.1037453699341955,-0.35417277612733505,1.1766049266434544,-0.3215388719046528,1.2347320987324604,-0.48341006193884606,1.1789404090354567,-0.4173999676767237,1.2741772574788504,-0.37945866910490417,1.3207078633588683,-0.35278760046853624,1.3583506048478566,-0.5672509819160877,1.192656130649691,-0.49723856152996454,1.2921862945469673,-0.44464692385462706,1.343047500907595,-0.4041731044451035,1.3802441141312338,-0.6219027096077959,1.190686484510036,-0.5631893135342011,1.2812636275091795,-0.5099647533011954,1.3286510506865714,-0.4659087103460475,1.3594163659583776,-0.6479332879335459,1.181914166785994,-0.6111610226131091,1.2523810215077775,-0.5682845339317375,1.2910243676001836,-0.530884421985489,1.315510109137831
0.1250307083559366,-0.3680720944025055,0.19629167853731505,-0.41606780329987575,0.23916689877208808,-0.41195314771829505,0.2793535112156994,-0.4080370130241785,0.05652439795217387,-0.42480910859008153,0.0012728236036101857,-0.4259376487453808,-0.05001617894986302,-0.4264178941275551,0.321866175381179,-0.3625182536188354,-0.13960475073173248,-0.3833530025117904,0.18327834242156,-0.2932569982041509,0.019252101330784074,-0.30271155546962997,0.4999144138615167,0.00925088176857478,-0.4999144138615167,-0.00925088176857478,0.6236812034541989,0.49634611293732234,-0.5909514765120755,0.5040422980867934,0.7032445896113575,0.9438975753503174,-0.5388647411277262,1.0223994939809808,0.7946860005368238,1.0873242175280953,-0.5179273562060961,1.1612400396512046,0.6498495036874101,1.0845943728614127,-0.3925088661258183,1.1680443065762274,0.6104117237090128,1.0443557581632725,-0.38087669164394167,1.1285514224544346,0.7285970731438073,0.9954919799616416,0.6207351747852493,1.011505295353285,0.5562111422940827,1.081514744609005,0.5297930846732246,1.1544020168767508,0.5039468693881318,1.2121721425209646,0.6455625385578958,1.158218060279331,0.5873721704560644,1.2483908917120072,0.528900835463942,1.2926676183223427,0.48641481104990514,1.325670073686795,0.7085562225561153,1.1720375753449797,0.649118552699192,1.2655757209612226,0.580232169677242,1.311790580721047,0.5262277371171133,1.3433435416645296,0.7386153827246776,1.1734175696794251,0.6935474543280432,1.2559439911022439,0.625368849359837,1.2992733643599013,0.5680322583007471,1.32858128762015,0.7442283530036021,1.1685597891880832,0.7219244460002018,1.2349135495146149,0.6711498096064357,1.271109308235234,0.62457093406491,1.2944185433555282,-0.6215103305195405,0.9667558700960835,-0.456363346781921,1.0288131053728597,-0.38176565650030675,1.0919485864360832,-0.33703185744227127,1.1611918691417464,-0.30591890855772225,1.2168211440758345,-0.4963001406393916,1.1416327720224697,-0.4032098353235285,1.2614354291804795,-0.36759969497452333,1.306602762823639,-0.3426366056961643,1.3436721594203411,-0.5806266686280339,1.1530455920646563,-0.48314222706358817,1.2791884514844405,-0.4317606240042436,1.3287341924948695,-0.39320095227117813,1.3650620551883967,-0.6369664487729537,1.1493146115463038,-0.5504581419987701,1.2683354897322656,-0.49646511344182753,1.3141310471029426,-0.4522741449354517,1.3431344378621086,-0.6643877405974141,1.1391973917808211,-0.6004947113063298,1.2369013128859698,-0.5567505060287739,1.2744135497343958,-0.5174715610067528,1.297654178371522
0.12944644613601874,-0.3639916519152404,0.20149038555768678,-0.4093915769793565,0.244782065696569,-0.4053733306113412,0.28585901842009814,-0.4015343613789378,0.06183394849567817,-0.41985802000941197,0.007026444450833712,-0.4218179661655402,-0.04428474902786005,-0.42270161729643546,0.3247761558181746,-0.35614789338948466,-0.13511133267354378,-0.38036945367581076,0.18670205397829243,-0.28952751632077994,0.023097262340399074,-0.29908980650216477,0.49988846229579526,0.010560552236759516,-0.49988846229579526,-0.010560552236759516,0.6394350751780034,0.49529052308398885,-0.5794169737604338,0.4990420664890511,0.7211207828059119,0.9421732391268239,-0.5245439906610208,1.0117432443929846,0.7689414459384445,1.0781942790791845,-0.49820425069635377,1.152453307179955,0.661202841762848,1.0745444314195625,-0.3706109521205635,1.1562798128130058,0.6249617655880368,1.0336777341981516,-0.3569075858963863,1.1170940758172923,0.7544735553047182,0.9735249717180141,0.6216556603859158,0.9986718187823473,0.5548007328279495,1.0710499271721585,0.5297499819209417,1.1438512560443261,0.5030421141956932,1.1987082532228308,0.6740553415413828,1.1388952592989514,0.587833425644837,1.2325299460682855,0.5289622463154972,1.2747013473204523,0.48589382717370955,1.3059734212549121,0.7358401130091815,1.1514972226673161,0.6464468432890199,1.2502266314617734,0.578755228887573,1.2953679819972965,0.5248656960298116,1.3267128505772492,0.7656143874388615,1.1529973703864669,0.690779866185386,1.2417555384352819,0.6240784757208909,1.2844334314640287,0.5678680039054692,1.3130594290664188,0.7708975085092673,1.1486672630868304,0.7184629654019885,1.2211683817832932,0.6677305164497437,1.2571246014917465,0.6213400965008639,1.2801674484799008,-0.5837226957569897,0.9828755613422834,-0.4434615934945166,1.018219800259348,-0.3714090740588016,1.0817848794839138,-0.32845662058055336,1.1495203874309061,-0.29591082098184407,1.2030557011824359,-0.4549898809998312,1.1547998958638184,-0.3899463298810754,1.2489009741335557,-0.3557507290550497,1.2934191447014607,-0.3323901505993475,1.3303961151336854,-0.5372275996367373,1.168519789904528,-0.4679409154659996,1.266768717912358,-0.41869705379292654,1.3155225253094458,-0.38287152124579826,1.3520459291043692,-0.5925562266400104,1.166502854391941,-0.5346629882801447,1.2554333452491928,-0.48307524740132807,1.3010763105006802,-0.4417117222086318,1.3307001185787584,-0.6192804415499167,1.1577707483065485,-0.5838782198010821,1.2257175955469068,-0.5415807375003945,1.2629803256048626,-0.5045728790176008,1.2865804219263797
0.1324201616140125,-0.36318321128353204,0.20563165240878367,-0.4074449385953099,0.24926696239239982,-0.40356671011976536,0.2906169825082279,-0.3998670339699533,0.06508623558902053,-0.4185503535511073,0.010714938559825266,-0.4208670362459386,-0.04176145504676021,-0.42189769244152686,0.32622166552119186,-0.35436407565425476,-0.13288142928472088,-0.37977310604011577,0.18867736698643556,-0.2888077572167315,0.02506298968203588,-0.29837681261408516,0.49985188381584866,0.012169397920495973,-0.49985188381584866,-0.012169397920495973,0.6475136677378786,0.5031107561005463,-0.5746268993087972,0.49791537815109715,0.7191614539328848,0.9458985759234075,-0.5114864792916884,1.010381961292247,0.7609605084114617,1.0881978533210708,-0.4726303449345169,1.149441211096518,0.6497289758880748,1.0841567239579184,-0.34273006485857477,1.151610644341866,0.6167218918990415,1.0386599722469936,-0.336831811406217,1.1118809978259097,0.7537376395693122,0.9660750786819717,0.6172042080555038,0.9927785909416947,0.5517966682309586,1.064779883756413,0.5286937063462581,1.1380066661861337,0.500320707353238,1.1933694008648117,0.6727243566233667,1.1322383016800517,0.585850959361643,1.2270214320455337,0.5291270892708824,1.2687111063588257,0.4875520122689169,1.298853437466283,0.7365286134988661,1.1447599918845432,0.646696374825231,1.2435516894258147,0.5802400087447459,1.288263710411455,0.5269742069715971,1.318611489131997,0.7673662642425513,1.1459489614772547,0.694195791009762,1.2341674829097609,0.6287416566740182,1.2777333508805482,0.5726872003908651,1.307160753078725,0.7735703503938968,1.1412869917351574,0.7224435784977848,1.2126687034820445,0.6738242749301963,1.2491988002618275,0.6281091226918767,1.2733973628152542,-0.5785710617162116,0.9777706607960214,-0.4388781085694797,1.0142406704455327,-0.36501438456872043,1.0767568319535314,-0.31929842277325643,1.1452338526663866,-0.28641969856700417,1.2003332114207599,-0.44850608173678536,1.1488496946763584,-0.3846432668945092,1.24156341707922,-0.3502865611950023,1.2861577824265438,-0.32702888394493157,1.3233322866932524,-0.5304997383845739,1.1635199495420319,-0.4630420400672857,1.2599995518789568,-0.4138750261161278,1.30888528969784,-0.3773700256078205,1.3451496718326792,-0.5852336270636571,1.1625826622704287,-0.5278555448494444,1.2499650011235852,-0.4751683965329389,1.2950674085544038,-0.43244230917325416,1.3240141137104073,-0.610939854872299,1.1549346859766865,-0.5743411256368314,1.2218994539438415,-0.5313359209639236,1.2592292132806833,-0.4930394604458993,1.2828254653186921
0.13497973792136597,-0.36233737062086396,0.20793444582329534,-0.4059418391702367,0.25139781175713255,-0.4021875784629802,0.29273013425507066,-0.3986138145025001,0.06802815842784894,-0.41720068187888204,0.014240486016939965,-0.41977929636494743,-0.03929005015550577,-0.4212035732735384,0.3266536741162284,-0.35323034279913557,-0.13076608792457087,-0.37942027750500856,0.19016948327598468,-0.2883038902477495,0.026818853057922115,-0.29746141418315936,0.4998216799679857,0.013352461719865571,-0.4998216799679857,-0.013352461719865571,0.6493526698825124,0.5026829025796462,-0.5671895838030258,0.4974997092937431,0.7158177318552045,0.9403713977315159,-0.49469086297020964,1.0081486424029953,0.7481726690360433,1.0855663472460513,-0.452374403448181,1.146005539652751,0.648397183135688,1.0848762336924043,-0.32371872180666594,1.1488175643664187,0.612474749242521,1.0371044032504444,-0.32175984863071283,1.1067521528989344,0.7524166704203171,0.9588750002395932,0.6162454838592055,0.9844554002966299,0.5522550895853727,1.0573805626001287,0.5280531259933012,1.1320184742914414,0.49814671313331643,1.1880360335948175,0.6724284985137933,1.1238880627960213,0.5857871950333825,1.2199332825963303,0.5286938178186644,1.2620592177745396,0.4864710088904493,1.292124818737584,0.7360605852575669,1.136382448711767,0.6466255216152456,1.2361280308852258,0.5803167827178867,1.2814296702341492,0.5270775840523906,1.3122672171052823,0.7665530753518763,1.1374614897793016,0.692794369044167,1.2255231307551793,0.6280678417088285,1.2697093789972866,0.5725310698708241,1.2999739203230978,0.7726460940052111,1.1327021415327037,0.7220672526481052,1.2039827779211283,0.675646461843475,1.2411742400329506,0.632459033892557,1.2661497611112067,-0.5739797890472077,0.9722589772644515,-0.43232135813270645,1.0072377426501662,-0.3588661656997849,1.0700330622335368,-0.3153566011938561,1.1401483485941628,-0.2824641131858121,1.1969357050348324,-0.4453463113705739,1.1413072523095766,-0.3796503302782437,1.2353840189974719,-0.34429633579245944,1.2805323793630214,-0.31996616220962215,1.3182651526509401,-0.5279345854711127,1.1555861923705346,-0.45959212454844306,1.2539655144468664,-0.4085221100004565,1.3029034111735565,-0.37071117517487134,1.3396314550505994,-0.5818748206084637,1.1539087186366046,-0.5240478172315005,1.2432845120178317,-0.4699600331662292,1.2879633659646832,-0.4266563029960341,1.3167169632931732,-0.6066875722990019,1.145649380893487,-0.5695847469824716,1.2134432785386273,-0.524202439196621,1.2503579073463658,-0.483836526363715,1.273401862544188
0.13540191376367097,-0.36309903317407344,0.20805427394454587,-0.40669717463057564,0.25160018663484157,-0.4030212174775188,0.29321381384113504,-0.3994882634017978,0.06798727605137327,-0.4180434269248406,0.014238867387043353,-0.4207451923822001,-0.03976120522952124,-0.42239674824784257,0.32612616437055536,-0.3543624305337559,-0.13156774995407425,-0.38066462255657724,0.19077245489624275,-0.28910947348580235,0.02658757214776121,-0.298113837985747,0.4997844867538326,0.014678787422950385,-0.4997844867538326,-0.014678787422950385,0.6749079801630707,0.5013746874568581,-0.561150961793164,0.5042807217213516,0.7319522117540564,0.9509435595110671,-0.47110704849526114,1.0194432711086971,0.7428566280819072,1.1058759766143882,-0.43607281490588345,1.1555705744660338,0.6434692210349928,1.1073451789624023,-0.308996202248654,1.1572519114603523,0.6101469104639792,1.0641358914022456,-0.3015830264616302,1.1160006660360258,0.7901432431288457,0.9450323445399904,0.6168912181988482,0.980260785649933,0.553128837942613,1.0536416655731333,0.5286857753579773,1.1280452992126648,0.5001772756942074,1.1830733126490536,0.716005950008382,1.1146150398497492,0.5840470154773891,1.2173387817276249,0.5259004796478151,1.2587345505872076,0.4837912157594731,1.2884502144397707,0.7789103580018193,1.1245200910692712,0.6416599951097236,1.2336205629955839,0.5730042087374712,1.277244461103914,0.5188522791945047,1.3069193435910829,0.8088409639050672,1.124063888398492,0.6897011590065311,1.2237144473832078,0.6233566744045532,1.2670550223214314,0.5674867404115413,1.2961773888537653,0.8149796758284941,1.1187087601144694,0.7214138577039414,1.203030782771613,0.6748318796794371,1.240250575587967,0.6317011141342279,1.2646737840868185,-0.5338691127960696,1.0108392774234678,-0.4297163773063526,1.0066595651171089,-0.35654172946341284,1.0697343858620505,-0.3138008910083753,1.1397749500013257,-0.282232268582127,1.1968978377863801,-0.3980467737024381,1.1756660258132279,-0.3778338055416219,1.2328598474384738,-0.34321310930659144,1.2771509143754003,-0.31934822989579986,1.3143233077977654,-0.48083936357394075,1.192446259207338,-0.4579111466416083,1.250573805867444,-0.40683212875421537,1.2992528046282663,-0.36904220171771357,1.3352858239385244,-0.5351702165774996,1.192321190082796,-0.5236346097495145,1.2393675159346744,-0.4678924752546345,1.2826390487367483,-0.42387364181827736,1.3097411278913347,-0.5598199784436978,1.185071447565809,-0.5687447024414394,1.2094511648366193,-0.523040328668278,1.2458603385829465,-0.483553771625435,1.2682226572042943
0.13699568476333526,-0.36297834324156136,0.20892151861498523,-0.40635809503884146,0.2525487720526524,-0.40274789253977544,0.2943258346562283,-0.399264655167921,0.06842058740535273,-0.4176626342485844,0.014841303722077993,-0.4203862237285149,-0.03976637963434909,-0.42213694961765985,0.3256617566296222,-0.35423766031021475,-0.13182877551818387,-0.3804416732704312,0.192341765870845,-0.28903660317178026,0.027042277444622658,-0.29798380532903423,0.4997832678120081,0.014720231491066134,-0.4997832678120081,-0.014720231491066134,0.6609021928160791,0.5054640197485114,-0.5483221058895857,0.5036612787528038,0.713141289045454,0.9496826782189378,-0.460647381582885,1.0153585396811164,0.7351026846008102,1.1011202890573628,-0.4363898119396762,1.1536158155577305,0.639322406932806,1.102366904462516,-0.310314154909054,1.1558240444791061,0.6063548670025458,1.0603803761849329,-0.3023365127492615,1.1146543073293227,0.7631890111496453,0.9336090904879127,0.6145509927532572,0.9794894829148176,0.5525971892797713,1.0504219173252891,0.5296154298188078,1.1244945511197484,0.49988166132128176,1.1807720669720336,0.6914529611812765,1.1005266487710954,0.5830938199762393,1.2149826508552046,0.5243866451635596,1.257041322468081,0.48179457715830504,1.2877879548215057,0.7526345579008701,1.112230503956353,0.6399949113900193,1.2310032927508225,0.5712344556606647,1.2750110844249003,0.5172123118993525,1.3050002117577462,0.7807465498219341,1.1127374171435536,0.6868814721439527,1.221719838364962,0.6210099641333441,1.2652451268411131,0.5653542381164324,1.2945865713098295,0.7851982995271916,1.107983843582829,0.717392924367226,1.2011791665115679,0.6714411912376984,1.2390842391667218,0.6288516232490133,1.2641919055748774,-0.5556158502062256,0.9668380711596561,-0.4269351064188002,1.0044112552337647,-0.3535553343593352,1.067774889479874,-0.3114093407391362,1.1380848197645235,-0.2802856523152373,1.1947357309487348,-0.4259572129264945,1.1343554556550393,-0.3770100433834771,1.229827927817902,-0.3409579294379022,1.2743410799842565,-0.3160306213679797,1.3117745423708227,-0.5092345335828967,1.1491513228414219,-0.45688637635787854,1.2477496537420631,-0.405240141200715,1.2967930145050839,-0.36678515418656255,1.3330884336346613,-0.563206556728008,1.1476690318439513,-0.5230174396601918,1.2349134972382365,-0.46669965568387517,1.2783202134999456,-0.42224686106041476,1.3052928922689977,-0.5869583455471146,1.139762337072745,-0.567765236238861,1.2043847234715883,-0.5204827800038756,1.2399679950240636,-0.48035322831964394,1.2614565303025473
0.13958640164649805,-0.36464920158801395,0.21124813627649308,-0.40802581068650595,0.2551059914343255,-0.4044186080810493,0.29695761302010243,-0.40093336876261654,0.07007161372205017,-0.41931553966968893,0.01683312109139035,-0.42203926736657915,-0.03886570853577857,-0.42380202078950263,0.32624969459190994,-0.35583829159285835,-0.13209423085291158,-0.38210700506422346,0.19434113186152124,-0.29067177163426144,0.027872494981736502,-0.29957919869623467,0.49975523813604616,0.015642952265600456,-0.49975523813604616,-0.015642952265600456,0.6629015807917017,0.5030540504095989,-0.5538256882399776,0.5021233437449303,0.7133897388004836,0.9475852318165361,-0.4691554887005838,1.0148452167757553,0.7313520917166435,1.098448639336114,-0.4369278061667999,1.1516519536834007,0.639162310893827,1.099041313054463,-0.3121739169935771,1.1539542562596812,0.6052331244355812,1.057878971538836,-0.30257676343653805,1.112868699829589,0.7518083527829882,0.9510380606860744,0.6154592906991235,0.9766437438723445,0.5522839151504246,1.0487263679130503,0.5286042876213143,1.1231395085847213,0.4997880950098564,1.179790830412455,0.6718840072395461,1.1170470584724483,0.584566329378898,1.2119280672582775,0.5241959308617832,1.2526761264519493,0.4797012952039107,1.2820401717202,0.7338085001738928,1.1304237346524815,0.6423812131074338,1.2287373939016504,0.5736539187346338,1.2726295344930239,0.5189427595914025,1.3024341118682847,0.7621268397191387,1.1321374706196392,0.6863240675692536,1.2208342443304863,0.6195367573109894,1.2637610356837172,0.5629432921523566,1.292664013298826,0.7653841344755129,1.1284266081487104,0.7117892161919983,1.2012215477852266,0.6624881913195781,1.238090888739591,0.6171092771882907,1.2621676558738861,-0.5710118867973534,0.9624533243556085,-0.42783002352068683,1.0007697963173552,-0.35329572312684043,1.0644624890585992,-0.3114702620411352,1.1343515596325378,-0.28028399955116323,1.1906257416913189,-0.438408686897824,1.1363972571671588,-0.3732853808710862,1.2293688173026995,-0.3385016478388242,1.273643811901949,-0.31520737429711887,1.3108504715227678,-0.5216326482796675,1.1482646599915165,-0.45389320296077146,1.2452508301107645,-0.40398932588191966,1.294634354307643,-0.3682098867172338,1.331417088828323,-0.577025319699512,1.1443180851649926,-0.5215875593631616,1.2314987998614426,-0.46771433978707483,1.2753279052546909,-0.4255480779205714,1.3022560776118237,-0.604454470097268,1.1347047710259979,-0.5680653037824458,1.20168547255783,-0.5235399540903594,1.238275351514841,-0.4856920497203417,1.2604874910604043
0.13968233535304217,-0.3658168979836137,0.2115683402368363,-0.40916162441450715,0.2555384349216561,-0.4055027334437624,0.297590721721095,-0.40195644983674766,0.07072822972855274,-0.4205764926747375,0.018128713959922885,-0.4233606896504503,-0.0380720942468539,-0.4252064323950461,0.32721779948850244,-0.35659291716331337,-0.1323450860005351,-0.383343551002801,0.19437200810459374,-0.2916433830052061,0.027771512017252326,-0.3005853542659035,0.49972442231840886,0.016598245043755924,-0.49972442231840886,-0.016598245043755924,0.6909800033277317,0.4929907493289308,-0.5475758436434368,0.5017845391260711,0.7349822824949664,0.9442624400776756,-0.4624968396680807,1.0130803099027472,0.7282486096513855,1.0965174191226554,-0.43622244197954285,1.1515853668882912,0.638126998647173,1.0972996875653793,-0.31127916926805466,1.1534647757519403,0.6041588668229515,1.0563386473835301,-0.3020724233575084,1.1122140462061418,0.806578050073091,0.9193241721532354,0.6161725812220981,0.9759582430923412,0.5528881358063457,1.0511915710705486,0.5292284446161731,1.1248280355450133,0.500976230426868,1.1787368686546495,0.7370902349000776,1.0939979032161533,0.586930922472818,1.209062272817274,0.5297856769315381,1.2492087179381042,0.48736618832428186,1.2783735786439203,0.798686449231776,1.1016441511504695,0.6443501405691523,1.2246329868295,0.579129491457608,1.2687995416255062,0.5260629364246578,1.300022589896151,0.8281143470089902,1.1000401039086827,0.6908242086710927,1.21574191659761,0.6275254752472541,1.2599484778162577,0.5726505941908842,1.290876657320022,0.8340534339325885,1.094153719239368,0.7208872492852328,1.195213620979647,0.6767251594917536,1.2332313314957224,0.6338445254235127,1.2590451185050027,-0.5139558285088579,1.0107617686286356,-0.4293024024631552,0.9986940359596347,-0.35488965264935296,1.0625349992903477,-0.30988555267933915,1.1327873490495768,-0.27619773371376033,1.189642369426604,-0.37579731745146666,1.1759218435508298,-0.37470604826441717,1.226639558965117,-0.33815893098062205,1.270714670509371,-0.31344907119610793,1.308082633857723,-0.4577285029526114,1.1939857121041002,-0.4555692086288211,1.2441332602656552,-0.4034791496485177,1.293322407104191,-0.3647244458153418,1.330544811370164,-0.5119123550079747,1.1939155481194426,-0.5243012250276194,1.2304749961357777,-0.4692924831954911,1.2743104263443845,-0.4255289395275686,1.3021968675266808,-0.5372164866519809,1.1859353830060562,-0.5695380409293386,1.1997055921218722,-0.5254335496684571,1.236224669189798,-0.48840028290952636,1.2589670702608313
0.1403899332680771,-0.36340852773230625,0.21301945104124323,-0.4068103915913737,0.2567762596394428,-0.40314822646960874,0.29869564418796307,-0.399570108403587,0.0734723998826753,-0.41822364235766835,0.021763185699834445,-0.421095354298427,-0.03466731155057617,-0.42308756426479366,0.32818392435993476,-0.35403607524090575,-0.13167208319064214,-0.3814935606132684,0.1942913376062421,-0.28921418061097853,0.027966233544002423,-0.2981804205524111,0.4997347724576903,0.016283648137332164,-0.4997347724576903,-0.016283648137332164,0.668656671523837,0.4948640178196783,-0.5539296716153792,0.503626883535896,0.7132473412404404,0.9240865259116323,-0.46862923400905415,1.0183230144000477,0.7267148771099152,1.0728178391828007,-0.4369430474101669,1.1555703380439772,0.6374092087695941,1.0809713860740666,-0.3113322663915733,1.1568082681105023,0.6053859407802981,1.0295033270989904,-0.302020549285832,1.1157377498933134,0.7517151695486436,0.9531123239851577,0.6188879529128088,0.9790318643491873,0.5571030955160745,1.0542933679232454,0.5323787918151213,1.1296697328295942,0.5033111935055834,1.1854793000783828,0.6743329292141547,1.1215006448249392,0.5853936381561485,1.2149104175344398,0.527250938930609,1.2569067931159577,0.48446482470203395,1.2873695189607857,0.7343746810424688,1.1330359022630139,0.6431192281889988,1.2298020195641366,0.5752835186792191,1.2734464676988666,0.5206993771528494,1.3037357404275913,0.7628649359212694,1.1328074300328428,0.690618408344731,1.2211068559395801,0.6257335454105541,1.2642988254511487,0.5696776425828712,1.2940582712567403,0.7675151228609204,1.1272008394025461,0.7184568296286181,1.1994816646086333,0.6715998368594889,1.2368425011964532,0.6272072716802268,1.2624126344594548,-0.5746862576146554,0.9643999954099275,-0.42974251017328946,1.0013585493844985,-0.3542887076502251,1.0639912013116408,-0.3103374565011724,1.1340662602173743,-0.279436453395418,1.190562851858061,-0.4399714209192289,1.1365917804598753,-0.37124352645746367,1.2328655838701836,-0.33641437296745436,1.276801740489565,-0.3138492122266871,1.3136211389775816,-0.5246787953479403,1.1494274896850067,-0.45185385253974114,1.249945982018947,-0.4018519279111303,1.2984580140472906,-0.3663293192236822,1.334427474403052,-0.5812613096959862,1.1460536390116358,-0.5235791276005335,1.2346279818552248,-0.46842585978383927,1.2772720824614496,-0.42524943138565996,1.3034577867214565,-0.6092781858336191,1.1364402992627016,-0.5709572835686653,1.203455723799107,-0.5243409101068389,1.239057556438143,-0.48507092812421576,1.259769930649329
0.14204714385836475,-0.3617204357607443,0.2150800808101219,-0.4052405487606661,0.25872883965921717,-0.4015681969939201,0.30040812800289796,-0.39795931885671765,0.07723609812049578,-0.4166500677703353,0.02665816451272313,-0.4196273385938404,-0.029434822907079335,-0.42176112534024224,0.3291611457892536,-0.3523412683011644,-0.13042369189729033,-0.38041261506601365,0.19490941293387912,-0.2874768510747919,0.02912344452440305,-0.2964842061044118,0.49978612915638165,0.014622759755963293,-0.49978612915638165,-0.014622759755963293,0.6692755603510279,0.48961738550507133,-0.5517754123269767,0.5086784270575191,0.7138292207187706,0.9125570194670851,-0.4658845954187406,1.0231835098084399,0.7260672940926787,1.061985028947886,-0.4328302111368103,1.163265340237128,0.6374572132551103,1.0724617538016998,-0.3061412271423316,1.1625463896331996,0.6056939362377826,1.018523115008292,-0.29771058814677565,1.1203514450990861,0.7526486197538629,0.9572808964413785,0.6186062604765038,0.9847517469109545,0.5555098967310927,1.0581129587467735,0.5292645343090983,1.1332212151861698,0.49862232674877904,1.1904692438647082,0.6772934419555944,1.1227655886092183,0.5885919948512746,1.2182465557456579,0.529563664963257,1.260868650986756,0.4859295676285915,1.291768507843335,0.7388283544142342,1.1342920421364127,0.6485686744043595,1.233463419734201,0.5810443545021996,1.2782012430270981,0.5265557301187189,1.3089893505358894,0.7685574357039088,1.1343081340424943,0.6957467458550323,1.2243620164534827,0.6301952936384596,1.2682138909171172,0.5732512231859043,1.2983590373784757,0.7739897055990973,1.1294027846719954,0.7235791278145718,1.2025851975513535,0.6758419520270466,1.2403849061377505,0.6312389431473205,1.2658011777986369,-0.5742052944175785,0.9672442894911937,-0.42826118260341395,1.0058505601701846,-0.35328890277040603,1.0695314177042656,-0.3083311567610621,1.1385025787621055,-0.2756762093478649,1.193268699126013,-0.4397273808822812,1.1417039740775339,-0.37224364834323787,1.2352285230323807,-0.3369226296902555,1.2795298980725576,-0.3128477078007372,1.3166069012769404,-0.5227775293697482,1.1545553278721021,-0.45132445999727766,1.251529087496032,-0.40138242487815745,1.3012809699249563,-0.3652573473179713,1.3383048698392703,-0.5782906717737486,1.151515924411227,-0.5206584041377761,1.2374139826771997,-0.4655559629367659,1.280782563561521,-0.42199016680346835,1.3076885881276379,-0.6052484586377608,1.1425284160657743,-0.568435005095201,1.2079325379422232,-0.523786581280534,1.244395903128033,-0.4860934368721877,1.2668174710671594
0.14355366576265316,-0.3611567779116914,0.2169300284877723,-0.40480911843473777,0.26058585811333607,-0.4011045862029708,0.30211083020663004,-0.39742483554549374,0.0800981634569,-0.41618547138884626,0.02994902458235901,-0.41919289883047783,-0.02592206349232094,-0.421333686885297,0.3302118829531269,-0.35169236367293,-0.12959117212984278,-0.37998236474036706,0.1954670380126396,-0.28698257374426883,0.030257854887229076,-0.29599215215743363,0.4998060627653571,0.013924784486372748,-0.4998060627653571,-0.013924784486372748,0.670615165966966,0.4844449310760038,-0.550644612511662,0.5100463549933959,0.7189621386592062,0.8937114674408383,-0.46332051774130584,1.0232221218202804,0.7298823138252114,1.0345901546068474,-0.42896672489119547,1.1646449300506638,0.737239846928489,1.0515962192048025,-0.3017409853397897,1.164045162274346,0.6238254065674745,0.9943427308199105,-0.2921636673221332,1.1209622611749663,0.7543607835170157,0.9597340545576984,0.620609169759804,0.9853836101969968,0.5596345088080621,1.059031943990136,0.5336542936071185,1.1337669095570153,0.5019165224675254,1.189882592664579,0.6799155029232443,1.1258969257045213,0.587667568787554,1.221343382742794,0.5276890018724353,1.2634292951638793,0.4845731779595586,1.2940979695064858,0.7409001838617028,1.1370293098749158,0.6476271692992449,1.236558195786836,0.5781666531686109,1.2806629566029668,0.5235935112303896,1.3107998559362608,0.7688783128425879,1.1362506137643742,0.6946549033832539,1.2261955613102717,0.6272390013277939,1.270223025086018,0.5698228670870925,1.3000099405975702,0.7723139157880168,1.12994213748465,0.7229533140823995,1.202983904224771,0.675040421528986,1.2412865559470307,0.6306273671929876,1.267067266055315,-0.572776705492624,0.9697350748707967,-0.4264070656059587,1.0076866692013096,-0.3511053445404257,1.073004457609663,-0.3062057840636731,1.142941996679337,-0.2712590227139455,1.1988456497108457,-0.4373495173495747,1.1444271018533936,-0.3711108742691394,1.237767751326188,-0.3350557413530632,1.281726864478261,-0.30958797690133616,1.3182591992617116,-0.5216598327224343,1.1571490853450312,-0.4512921499372863,1.2545258212529091,-0.400205247663079,1.3031642682015996,-0.3624269454242617,1.3394008344485786,-0.5782747258824821,1.1538961682288449,-0.5206214221347673,1.239448425169551,-0.46499143999045367,1.281549367570711,-0.4209028721885699,1.3080991116594884,-0.6066727101996231,1.1446996097064164,-0.5685669691091765,1.2095562997974751,-0.5229734350881374,1.2446734903855508,-0.4843480861151052,1.266385728030257
0.1446877614056089,-0.36054881578262105,0.2182511023199615,-0.40436328540858096,0.2619102192775901,-0.4006151111108252,0.30341267566309,-0.3968486600285599,0.08179931693397542,-0.4156919352658407,0.03174780500204548,-0.41874998176419853,-0.02417019638913118,-0.4209128241899113,0.3311041544050236,-0.35107499077683935,-0.12922784151253996,-0.37958587869095184,0.19594876643008363,-0.2864556273016529,0.031097904046984766,-0.2954495971219776,0.4998261114209131,0.01318553532659923,-0.4998261114209131,-0.01318553532659923,0.6918713949960408,0.47266744810822087,-0.5513303589451107,0.5113462643511592,0.7408284105693578,0.8858745287517183,-0.4632411851734574,1.020088266093867,0.7352699788672364,1.0249900280256676,-0.42801115996589467,1.1654395912468785,0.776181485886927,1.0441439190075301,-0.3012458911858163,1.1653415775103417,0.6353991776771452,0.9883316362718501,-0.29203734833166606,1.1211821783728044,0.7962748657445591,0.9507481501393347,0.6211024317707806,0.9887319336894419,0.5588488367846117,1.0631938831755148,0.5323136334391508,1.1382410481342176,0.4997169882663413,1.1935508984800465,0.7283503019250309,1.1196184514009375,0.5909150968383201,1.2229258124226405,0.5315264774161066,1.2641324357569121,0.4891433308750722,1.293931657794787,0.7897756731026297,1.1286845629604934,0.6493939982707783,1.2386246743955478,0.5818388814877025,1.282351522966359,0.529646835558211,1.312558030604138,0.8182835735086371,1.1272462688310765,0.6953626198906008,1.2291845360121954,0.6300336871344547,1.272843652969824,0.5755195936514393,1.3027235078805353,0.8221500694159906,1.1214278725129507,0.723262310628614,1.2069895314352708,0.6753174668876543,1.24433455689733,0.631359112379722,1.2692366757916127,-0.5308367155124253,1.0162748018860204,-0.42577261223179663,1.0107400491855483,-0.3502103823998317,1.0762700265712994,-0.3078118260208776,1.1455729056691428,-0.2737582344279967,1.200677410965482,-0.3882312252627261,1.1868051656548662,-0.3716907109471838,1.241082005991275,-0.3365196373288725,1.2860366244391404,-0.31263985367007346,1.3233999266857093,-0.47299994312588844,1.2021146104881542,-0.4531814279583985,1.25662927816325,-0.40263026099112614,1.3066539124709011,-0.3660947895723434,1.34436913241136,-0.5307888071798519,1.2002462502174533,-0.5234578146076191,1.2401712128965483,-0.4666108329292871,1.2832044395768052,-0.4229468779992884,1.3104160631332817,-0.5608763527379311,1.1910145365098628,-0.5706632549046698,1.2098412473712485,-0.5241754471758623,1.2456359714649083,-0.48602167399925467,1.2675363972797375
0.1458570999108953,-0.36002040252273076,0.2196314538806497,-0.40399115441752115,0.26327130933834125,-0.4002243645767839,0.30477692322863226,-0.3964233254715711,0.08363256876760389,-0.4153452800031354,0.033807709653799846,-0.41842483722729534,-0.022145880046400904,-0.42061607100907256,0.33221552819312794,-0.3504793305203403,-0.12877831314523025,-0.3795216280786539,0.19659994718434443,-0.28577366040384444,0.03164883738176336,-0.2948144774014929,0.4998522837318583,0.01215296046425568,-0.4998522837318583,-0.01215296046425568,0.6554770074294393,0.4844228696066032,-0.552370609279999,0.5120095590640794,0.7136012161660602,0.8853443567367464,-0.46501862432619506,1.0153709091688232,0.7491434208622084,1.0033676656336596,-0.4295005189895155,1.1639197675454855,0.7557386965473673,1.0132852098660339,-0.30246694068472313,1.1670192810339857,0.6541708397229605,0.9788015042309833,-0.2933686820072849,1.1216964472836113,0.7193635660889119,0.9771145471882211,0.6239124685430568,0.993482303124861,0.5622869849022992,1.067362011787438,0.5367821599309768,1.1426782119101724,0.5049524576669958,1.198580023194788,0.638702634529898,1.141581066190787,0.5933344375613808,1.2277729815595613,0.5333261304768331,1.2682734110000724,0.4898238114355396,1.2980495956848395,0.6993579454503872,1.155792901985304,0.6524970305247044,1.2435837365018858,0.5843688610738795,1.2873438689041137,0.5309441435737509,1.317838838677455,0.7273166873865993,1.1564785507726436,0.6978558215081239,1.234898986004468,0.6328512568919394,1.2790355906366795,0.5777678322314336,1.3093347732760896,0.7308978036664112,1.1507111244666077,0.724289421809005,1.2128546851414197,0.6762946060710386,1.2504112959125169,0.631631048188549,1.2755080062887756,-0.6126249737931833,0.9339611106058163,-0.42890299966938616,1.0155181540381435,-0.352967975565943,1.0809461150734356,-0.31043722096153203,1.150668808023652,-0.27770858787142,1.205878802144477,-0.4857066253818611,1.114682748047252,-0.37273186870926167,1.2483869036920696,-0.337226348404148,1.292523328538116,-0.31352369995305324,1.3293787732648306,-0.5704971772513483,1.1229272613449848,-0.45269230505212,1.2648339218731297,-0.4010051309458201,1.314140097900256,-0.36473758697939507,1.35080425014717,-0.6268529924356767,1.116188598527202,-0.5240082629985711,1.2474635219474677,-0.4663004097911754,1.2898366040849751,-0.4226278332514127,1.3159483871501014,-0.6550904587983901,1.1045904297592608,-0.5718394733261815,1.2160192812217316,-0.5242472887052393,1.2522618349111903,-0.48532906741180143,1.2741081912063243
0.14746708461294558,-0.3596488812958301,0.22089235690039047,-0.40373295864303693,0.26461068328283877,-0.3999398922061475,0.30619687442075105,-0.39611771350666153,0.08498315599624857,-0.41509061668200053,0.03527455346304121,-0.4181794908350905,-0.020690211210584553,-0.42037760185739964,0.3335957496738166,-0.3500508477233476,-0.12846020210943654,-0.37928334486577914,0.19803247094876372,-0.28531770389582045,0.033520066454665355,-0.29431483513167284,0.4998676885035521,0.011501912454709308,-0.4998676885035521,-0.011501912454709308,0.6758056195621102,0.47413839700385935,-0.5510916609161298,0.5107926283607007,0.7388474581028721,0.8765462970445312,-0.4693164869832542,1.0117670785625654,0.7688123584832601,0.9884100308756976,-0.4311805946826807,1.1619528248870667,0.7468673005977494,0.9973313620717861,-0.30337253429466116,1.1700627982258964,0.6736350885780504,0.9636132330875354,-0.2967053755058202,1.1230202660567987,0.7616462353422991,0.9744318185488202,0.6265604698285057,0.997892877229609,0.5657682971527936,1.0713208534423724,0.5392579317594101,1.1463001617412432,0.5065330446755141,1.2027871445247287,0.6856042843932305,1.1387136683440886,0.5938927256996754,1.2349205930106095,0.5309146997964318,1.2773583403621833,0.48510623914272916,1.307411208446269,0.7456995653835032,1.1513078314312342,0.6502080993562757,1.2508395026694683,0.5782353757499664,1.2944657153293972,0.5219093666537797,1.3233807716394288,0.7730252543912794,1.151914592272721,0.6959740182516329,1.2428104668285078,0.6278671868041263,1.2861915235928865,0.5708026455725944,1.3150242003115455,0.7763647824214008,1.1470787119713033,0.7239372928495278,1.2209510332447517,0.6742198574936131,1.2582617776689418,0.6291538947323897,1.2825320310667343,-0.5760568231207949,0.9808565253674295,-0.42954372842566263,1.0200032350829282,-0.35122687497523747,1.0853181735081676,-0.30536550751613484,1.155691615419387,-0.2706855922960691,1.2109266807803747,-0.4399133721532209,1.1563353299068944,-0.373924705669438,1.2517990356341846,-0.33932410559205023,1.2963106937051012,-0.31552785030260283,1.3333321181202045,-0.525316943471085,1.1688831657402485,-0.452823984633483,1.2691389481787956,-0.4004727457555936,1.3190523279894626,-0.3620642977829083,1.355445900945594,-0.5823705788704988,1.1656427816384747,-0.5220214894236564,1.254862763281812,-0.4635333315118976,1.2984271461827896,-0.41769873291344883,1.324522368908929,-0.6102667059896493,1.1562444780161905,-0.5699148567596641,1.2234900191188887,-0.5220402366391985,1.2602994557890157,-0.4821634670876859,1.282313373639306
0.1496708170350393,-0.3593031960770244,0.22223672503830774,-0.4034397240237295,0.26576609183798244,-0.39961773979636805,0.30711585027569144,-0.3957653478848709,0.08661015258545998,-0.4147439836198459,0.03662623600250765,-0.41784168748947015,-0.019413231018772303,-0.42005296676280574,0.3341400704953243,-0.3496068442889155,-0.12827292068568177,-0.37894601864559885,0.1991440288933383,-0.2849798682995381,0.035385025014463264,-0.2939631283139835,0.4998827020538422,0.010829782423927407,-0.4998827020538422,-0.010829782423927407,0.7015000043509987,0.46330132975811245,-0.5499841890000848,0.5121606391559187,0.7626763988561079,0.8778964634169679,-0.46943694064006547,1.0138406879876287,0.7681936102702275,0.9978565324111467,-0.43085464238077387,1.1642854572798613,0.7962287731992271,1.0108482831310204,-0.3029047018297028,1.1724307464854984,0.6711674724105328,0.9732719649026758,-0.29668538300352254,1.125358207755137,0.8163149539064692,0.9594475048343375,0.6292700147363139,1.000231219150268,0.5658801893617283,1.0721276167194502,0.5395451498288273,1.146497413213049,0.508022216506409,1.201118817433507,0.7496222480975215,1.1281834311266372,0.5932274348312303,1.2334348769979224,0.5313060208857981,1.2744722573867358,0.48666916472386285,1.3044841904761073,0.8113048421213455,1.1380563447830803,0.6528589787232609,1.2504388178744101,0.5839905368342759,1.294486107840076,0.5302586250476752,1.3249670591553748,0.8385236197491239,1.137625773687057,0.6987097962571902,1.2428397842170154,0.633544595235559,1.2874223216078833,0.578846855997953,1.3175912557963532,0.8412107635497816,1.13266486226912,0.726375916372792,1.2221244817266688,0.6782973073809668,1.2602638383793663,0.6336685719655366,1.2852928814132156,-0.5304697202501025,1.0372960667830746,-0.4383767094074037,1.015841820387516,-0.3559391317220332,1.079780066842745,-0.30408744344291055,1.1496242615395749,-0.2661455111608035,1.204127644244159,-0.37839728087710645,1.2040611168445197,-0.36991926752209286,1.2510689878032049,-0.33224929001738956,1.2966954922725602,-0.30643650471528244,1.3349142517799741,-0.4625479879317773,1.2230832235802291,-0.451894413809257,1.2692202999303448,-0.3987585648161297,1.319211795876702,-0.3604671697427537,1.3555335490005271,-0.5199002491758674,1.224357869948909,-0.5203884892843574,1.255421527468899,-0.45845173615108237,1.299707386920781,-0.41074280158627213,1.3257600049363383,-0.5490496680846986,1.2170816047663022,-0.5706659257382103,1.22514269251106,-0.5201666124437351,1.2612388693430772,-0.4787290597132544,1.281837052622717
0.15028649929731486,-0.3594469153402889,0.22250453998710432,-0.40346057654615297,0.26590525084786387,-0.3995919140912148,0.3071223712271528,-0.3956959071199977,0.08711597390465542,-0.41469529216188616,0.03701612729333671,-0.4178105816072642,-0.018982915159971307,-0.4200687152255217,0.3339169288189665,-0.34938007228285917,-0.1283470824028329,-0.3788550241915087,0.19919943145945593,-0.2853101559686286,0.035762069873493924,-0.2942741937820687,0.4998887570556816,0.010546590412343666,-0.4998887570556816,-0.010546590412343666,0.676013432719509,0.47379247733419266,-0.5512145946031376,0.5121886904862618,0.7408515223755432,0.879395943448147,-0.4736005693676343,1.010685539466602,0.7673776885765529,0.9983207643365285,-0.4374947978761588,1.1615983906293759,0.7919484060028682,1.0035880581884675,-0.30701642250731287,1.1702037008777701,0.6704696253432179,0.9741303432521258,-0.29839712414002983,1.1235747126693842,0.7734014237996146,0.9704114890381879,0.6414270416771177,0.9974995263888767,0.5710177098825852,1.0694392486357476,0.5369141345566704,1.1424696831722143,0.5059857719725338,1.1966291526227821,0.6938714775060182,1.1340793387250623,0.6032124033328151,1.225896268158526,0.5380811949016191,1.269380005273334,0.48974782209110657,1.3018992230817787,0.7529527793949415,1.1483291708057457,0.6591547713431423,1.2428410241505037,0.5878141015684156,1.2882740733168807,0.5300837812263436,1.3207523194738713,0.7792055004331616,1.1517695260849086,0.7012933026505109,1.2385086781158914,0.63437468336314,1.2848178347543346,0.5762561250374638,1.3167287950059474,0.780969988823545,1.149768593362344,0.7233367731003382,1.2211724352868902,0.6712107249065273,1.25982223949752,0.6223633112883418,1.285681849272007,-0.5918295039027913,0.9733627113858921,-0.44540999751074084,1.0093995349881362,-0.3627567298841464,1.07493324025961,-0.30836740405416424,1.1452835512170256,-0.2678511335541571,1.2002859176380405,-0.45946796674782997,1.1417857995274554,-0.37744163758522864,1.2426260583492612,-0.33181374745962305,1.2895425700852536,-0.29967554796051726,1.3267307512409199,-0.5400634467170226,1.1582423250472578,-0.4562350868578596,1.26522111191294,-0.39301979948475674,1.3142154459024196,-0.34435341919876783,1.3484693709449045,-0.5901696105433232,1.1604141835580475,-0.5155745823476875,1.2559180201468263,-0.4482189922754232,1.3024704798080025,-0.39573159938464564,1.3315460934838654,-0.6082585946603863,1.154897630452107,-0.5572659450802633,1.2273809941711378,-0.5029040540124884,1.266233671228616,-0.4569560615791552,1.289925393313159
0.1507178140426602,-0.3595280690084898,0.2225308222225351,-0.4035886117375433,0.26578309500342123,-0.39973701874418976,0.30685785499379714,-0.3958482680607397,0.08760259137955145,-0.4147236531212225,0.037420589772802146,-0.41783073948412286,-0.018475218383399713,-0.42007499181509766,0.3333429906843366,-0.349513710773207,-0.12837864683206415,-0.3788841591374542,0.1991945302019705,-0.2856349516917558,0.03665218317177718,-0.29445891101542737,0.4998956625879074,0.010214035725267558,-0.4998956625879074,-0.010214035725267558,0.6761908643822201,0.4737228499090287,-0.5504914493455373,0.5122420266310193,0.7461909019642308,0.8790210761452844,-0.4695472995787172,1.0099121059215683,0.7657663306910464,1.0019446674300485,-0.43151279622220884,1.162366861599104,0.7968260109375939,1.0067820214737782,-0.3033794622956362,1.1709887083414496,0.670591236560103,0.9766473151826428,-0.29506975818781495,1.1244407649015666,0.7874667824616824,0.957267956403084,0.6666220376738226,0.9839509658122443,0.5934670235991999,1.0513539333844997,0.5515194186458287,1.122545542329508,0.5181321518312938,1.179582777004791,0.7225026941505677,1.1175211371953413,0.6288586411533097,1.2053253000248094,0.5587996202476992,1.2511075425207134,0.5047907373152819,1.2863447572460727,0.770564542896179,1.1323387581955757,0.6800233373991162,1.226178159631545,0.6052032619784696,1.2766767231126603,0.5413701383125255,1.3127761405499676,0.7854057933012807,1.1363214853670855,0.7114515281353102,1.2214535412980598,0.6418485006304958,1.2706041464389264,0.5766473967621635,1.3055343592781483,0.7776517409621114,1.135072012943306,0.7179339216629241,1.2042249994928254,0.6627031640085953,1.244817250643356,0.6078594956889611,1.2732984397251963,-0.5980354353325706,0.9555484211618702,-0.45689645892937764,0.9922968355359119,-0.36950346578231236,1.0588612298010862,-0.31410216154552595,1.1319855797625225,-0.27484794799274276,1.1903453396018233,-0.4878396155458166,1.1137025532179472,-0.39813526977303915,1.213812405046271,-0.3425281552236308,1.2622746910346703,-0.297656095757955,1.3026319107764834,-0.5631513990402646,1.1363770415250938,-0.4711241565050459,1.2421016728549918,-0.3967007304073228,1.291936628851325,-0.3352597683241938,1.3252917885355824,-0.6029357409969005,1.145717691155957,-0.5172800502389835,1.2414167808681158,-0.445387856496233,1.2868222155260993,-0.38708671922625937,1.3157464108549157,-0.608642152083761,1.1480375215070795,-0.5479879048810007,1.2233870038230332,-0.4900367894441934,1.2648062841439156,-0.438076990781176,1.2919003730469105
0.1503949388179555,-0.35937835336670537,0.2221074289831655,-0.40340137932626907,0.26534688189207944,-0.39967640885439204,0.3063938813532551,-0.3959091440148369,0.08712382729000208,-0.4141947396339131,0.03688190604377029,-0.41724642705870174,-0.01913423345923499,-0.41947323904393535,0.3325669707347933,-0.3498150467373744,-0.12909273575069358,-0.37828754291433986,0.19896510529229805,-0.28599167357261823,0.03641477422165431,-0.29417432610994226,0.49990621460112183,0.009683832050230164,-0.49990621460112183,-0.009683832050230164,0.6746986458871883,0.4706692635098558,-0.5450821002544946,0.5091766169528017,0.7454196983588958,0.8625174718784347,-0.46978468898415393,0.9844607009837101,0.7602757528206223,0.9901651200068315,-0.43155635211603943,1.1456482335802578,0.792651414929021,0.9739783711112935,-0.30681457053282485,1.161045187012844,0.6725162925869553,0.9569911855259674,-0.29772714317478854,1.1109565715769592,0.7842917392706905,0.9341055137975984,0.6834504237004533,0.962573320620365,0.6142768581143656,1.031566526429574,0.5620194163615136,1.1036786938603473,0.5202109379223557,1.1582090295214253,0.7642406017957482,1.0892814746710002,0.6682518660224339,1.1798953087335506,0.5855890123638069,1.2202176226112276,0.5195771536664038,1.249656847192263,0.7971896276348445,1.1039279510719937,0.7084717355468436,1.2015823093847833,0.626793105190644,1.2460931183609156,0.5546895950291608,1.2763964466329774,0.7988227854144816,1.1095937731028631,0.7211777211083985,1.1976611074756622,0.644286019590338,1.2393853578990177,0.5737097960194643,1.2661969208907067,0.7817475842580387,1.1117164273169493,0.7188839054660544,1.1817876435125625,0.6575347077205211,1.2184120408848942,0.5989711667288802,1.2427025349153717,-0.5946044761708685,0.9188328282512819,-0.4662436854846932,0.9546082721538452,-0.38712616396017197,1.0276651640959096,-0.33739348854395734,1.1021301248160662,-0.29954958854026,1.160865007595742,-0.5188155845085333,1.0779161033309852,-0.42260708034709227,1.1814512725286836,-0.359538783388239,1.2339801557457382,-0.31113779438460876,1.272823519453009,-0.5808304000106377,1.097080231423238,-0.4826730182801332,1.2037653841241238,-0.4048126044004569,1.25371061353739,-0.33998625051647796,1.2859322483963342,-0.6088514556660756,1.1064780579572826,-0.5135748704717671,1.201786837371764,-0.4376395266706063,1.2461355029084822,-0.3750973391809084,1.2749122660290422,-0.6076417826425498,1.1101390007083676,-0.530613729133169,1.1870822851226155,-0.46330941227465267,1.2260524417530323,-0.4033066002635193,1.2498478481959776
0.14906547103785728,-0.3590013876946707,0.22057500465204427,-0.40298453356263303,0.2637565019980159,-0.3992635588458666,0.30475710472417517,-0.39549566670830066,0.08572695295853285,-0.41370295792585693,0.03548550944012516,-0.41670783412017115,-0.020623223204521684,-0.4188606323190825,0.330922617109321,-0.3494317647463014,-0.13027418850766231,-0.37773557685675263,0.19756511656566245,-0.2857496958793568,0.03544552607191983,-0.2938705520987005,0.4999052987239302,0.009730997263288148,-0.4999052987239302,-0.009730997263288148,0.6927038932881455,0.46314136755523905,-0.5405073285048714,0.4950341718028428,0.740040950872322,0.9062573409921658,-0.44554917038561703,0.9808112032872093,0.7028660987867973,1.0483836358700065,-0.4391982085777769,1.1345137544579431,0.6615160918519969,1.0482840376600175,-0.3323744456278038,1.1475168140719985,0.618128373980822,1.0035494926382142,-0.2985837267048506,1.0940815639392434,0.8103485522828773,0.8771094441328491,0.7021062346856338,0.9237072089637216,0.6496451739160436,0.9891491764001185,0.604486481001792,1.053885671524532,0.5712503962337412,1.1021011109486074,0.8492680297648764,1.0295198929802998,0.7159518267161963,1.1318550405775507,0.6392568824984071,1.1643654812442534,0.5813930240737558,1.1797992414767737,0.878607211448273,1.0390745962911765,0.7511998673681289,1.1489400058537937,0.670932715380139,1.177350170121566,0.6067608502526791,1.1881728754315957,0.8798730794077665,1.0432177430983434,0.7570821052311295,1.1427814865185995,0.6812439217455599,1.167561269016485,0.6200953035491572,1.177840596750499,0.8639615320086084,1.0445356722080357,0.7581845295409712,1.1271933760763857,0.6943159616750328,1.1558092205535746,0.6389928481840421,1.169504965005998,,,,,,,,,,,,,,,,,,,,,,,,,,,,,,,,,,,,,,,,,,
0.14817158039470205,-0.358328527311135,0.21941750484130487,-0.4025333113816963,0.2624207043217473,-0.39881242902129316,0.3033186570775947,-0.39504450153881837,0.08486071980741516,-0.41305090957117485,0.03467050089432453,-0.4158933164781344,-0.021346656675654694,-0.41779886880311395,0.32952305992876085,-0.3489379431454324,-0.1307948393881602,-0.37650314639181626,0.19660484840090534,-0.2852903906041992,0.03484159042048159,-0.2929763761785894,0.4999017819661094,0.009910014485783561,-0.4999017819661094,-0.009910014485783561,0.6667061541552051,0.4701221297423678,-0.5233564780078365,0.4706791267041349,0.7076976574406021,0.9051794071273865,-0.49473030901921633,0.8725085199521626,0.6830965667420245,1.0436665737364113,-0.5098901899966068,0.9702823000701418,0.6368835046688436,1.046583731114578,-0.4968270279266243,1.0562370663349099,0.6065411100288881,1.001022284460683,-0.4299913812812594,1.0095056983470514,,,,,,,,,,,,,,,,,,,,,,,,,,,,,,,,,,,,,,,,,,,,,,,,,,,,,,,,,,,,,,,,,,,,,,,,,,,,,,,,,,,,
0.14949579959219983,-0.3564214501370541,0.22062388105401085,-0.4017628728247115,0.2634211420183437,-0.3978933105673476,0.304172192775959,-0.3939795562425389,0.08602677276422492,-0.41218930882724764,0.035740718628358585,-0.4149180108403927,-0.02042206712673007,-0.4166785541244253,0.32945836960837593,-0.34734617078148533,-0.1300418911945823,-0.3752360647001023,0.19799898847949604,-0.28330924425653076,0.03614847856355467,-0.2909165155475328,0.49985593263404804,0.012001941948954762,-0.49985593263404804,-0.012001941948954762,0.6703585083026053,0.44974705344342814,-0.5527597115666542,0.45136526031391155,0.7220437067905784,0.8222003282932366,-0.5077683912701646,0.7852159960859256,0.7074417078346292,0.9391760982133097,-0.5065177286497793,0.8747156869684242,0.6522124682077709,0.932078617213629,-0.49821522305437493,0.916542710640145,0.6322723566959346,0.8952065274352881,-0.4419861040119561,0.874718398138206,,,,,,,,,,,,,,,,,,,,,,,,,,,,,,,,,,,,,,,,,,,,,,,,,,,,,,,,,,,,,,,,,,,,,,,,,,,,,,,,,,,,
0.1548887829306008,-0.3583552642908965,0.22656231534972845,-0.4045000758606642,0.2696545321431353,-0.4005357866341335,0.31075343718297616,-0.3964887238288852,0.09069696103185461,-0.4149762208675148,0.03982876817610571,-0.4176638096866234,-0.01678161380235043,-0.4193641321428345,0.3365848103245632,-0.3488367585400237,-0.12684221379470056,-0.37738297743908567,0.20385354811716208,-0.2846943455395869,0.04083773069730151,-0.29230076339001854,0.49982378822977686,0.013273308541398084,-0.49982378822977686,-0.013273308541398084,0.6666357040691925,0.4448100794134769,-0.5748233052518887,0.4245192487468843,0.707181448232758,0.7226330328352307,-0.5570959941966575,0.6713152372369323,0.7032199849764258,0.8184536601576355,-0.5538338218239621,0.7568768634561267,0.693489531460665,0.8151082584045778,-0.5492557501023816,0.7421107133672853,0.6534995006625864,0.7811862237449956,-0.5609544462812376,0.7444657493062601,,,,,,,,,,,,,,,,,,,,,,,,,,,,,,,,,,,,,,,,,,,,,,,,,,,,,,,,,,,,,,,,,,,,,,,,,,,,,,,,,,,,
0.15294247839796551,-0.36053332326905774,0.22489464022378983,-0.40694289572867226,0.26791193757906817,-0.4028700800759819,0.30910988661354494,-0.3985599899364058,0.08913100847031605,-0.41744252044963,0.03816913197703373,-0.42010431211053123,-0.01855721566642027,-0.4217345908999554,0.3359639800633974,-0.3492632424944996,-0.12754011331409804,-0.3787716270239408,0.20211866771584872,-0.2862293633197478,0.03971681290151651,-0.29404615816392776,0.4998081417818221,0.013849960599296577,-0.4998081417818221,-0.013849960599296577,0.6684111479315199,0.4486078931556082,-0.5570173676040815,0.4250337711529103,0.6710369002139196,0.648189946595021,-0.5015304953179364,0.6458027810568852,0.6661593270686997,0.7442380002987798,-0.498269790848728,0.6987445964053366,0.6161549638093113,0.6973879058928113,-0.5070638565556251,0.7002926432118347,0.6339426838624213,0.6901220378930852,-0.5032875882762902,0.6738179694117904,,,,,,,,,,,,,,,,,,,,,,,,,,,,,,,,,,,,,,,,,,,,,,,,,,,,,,,,,,,,,,,,,,,,,,,,,,,,,,,,,,,,
0.15040042695183706,-0.36164069315685865,0.2223090221111676,-0.4084288074196178,0.265300613639094,-0.40407909380886364,0.30651091042719597,-0.3993386074071006,0.08660706603742602,-0.41906371681966836,0.03564253899212745,-0.4217357503810294,-0.021068625226448066,-0.42335453558431685,0.33438225618535067,-0.3484919615056378,-0.12977735403940607,-0.37985758238002376,0.19951616795851304,-0.28672617455552746,0.03808667510551425,-0.29504022463186586,0.49976849501910947,0.015213526426647254,-0.49976849501910947,-0.015213526426647254,0.7057722558482623,0.44515439026520237,-0.5948649238968252,0.4258094629893814,0.6649852607788554,0.5224604787480083,-0.6259494224778432,0.48536294369392796,0.6527374322935007,0.5809110521444948,-0.7216821717580488,0.4769594539289383,0.5988404174605848,0.5179098452005303,-0.692605310687215,0.43154091919300996,0.5993922365621404,0.503632417601116,-0.630609888708267,0.4308919784663546,,,,,,,,,,,,,,,,,,,,,,,,,,,,,,,,,,,,,,,,,,,,,,,,,,,,,,,,,,,,,,,,,,,,,,,,,,,,,,,,,,,,
0.14638016149073263,-0.36216580700720763,0.21884523548449314,-0.4096316132026061,0.26176556177508875,-0.4051784394158967,0.30320531995280564,-0.4003391581292497,0.08292732101500307,-0.42037518284618913,0.031663659418008,-0.42305573049428274,-0.02537564920633359,-0.42468439212068315,0.3323371675253338,-0.3493905852097227,-0.13391333021304108,-0.3810311222204151,0.19584743225270418,-0.2870802852732573,0.03445064354422132,-0.29573614010075644,0.4997668859203422,0.015266294163408564,-0.4997668859203422,-0.015266294163408564,0.7119716779927663,0.4311100357092365,-0.6137814577709844,0.42396979962792786,0.6649129913261757,0.441402993676918,-0.7998129693402694,0.4211716213203951,0.6620250760569178,0.5255946148919307,-0.8845200734294859,0.4484922136531968,0.6112565275943485,0.4542062009277016,-0.8799091717928733,0.4073879138927261,0.5985318631239704,0.4402033811640414,-0.8101863969556327,0.39850101850323955,,,,,,,,,,,,,,,,,,,,,,,,,,,,,,,,,,,,,,,,,,,,,,,,,,,,,,,,,,,,,,,,,,,,,,,,,,,,,,,,,,,,
0.14162304307510523,-0.36100006269068874,0.21254433877697826,-0.4086187541751716,0.2552556193817062,-0.4042089312522612,0.29644264784195756,-0.3994757127716739,0.07818039550607064,-0.41927469729881756,0.02728966960191091,-0.4219406739807705,-0.029530371514272322,-0.42351243314320186,0.3256776794844935,-0.3494861556377743,-0.13849700806513526,-0.3800096435129341,0.19037146792297566,-0.2863139044676578,0.0327063850055589,-0.2948783488374516,0.4997739661880269,0.015032721666052143,-0.4997739661880269,-0.015032721666052143,0.6903734037222095,0.4318107832910408,-0.6165162841535459,0.42783612099116913,0.6600139477857299,0.41034035724587276,-0.7576364759702027,0.4537639685128825,0.6573330507879259,0.4907396234046088,-0.8053313251405013,0.4930267339067642,0.6096380185462672,0.4238557834791334,-0.7954136172765962,0.452563386533123,0.5884248077620876,0.3808764864031691,-0.7420559132589493,0.43856044126782523,,,,,,,,,,,,,,,,,,,,,,,,,,,,,,,,,,,,,,,,,,,,,,,,,,,,,,,,,,,,,,,,,,,,,,,,,,,,,,,,,,,,
0.13750600728184242,-0.35646926580261556,0.206918610033041,-0.40384162769772947,0.24879103604633254,-0.3994737144631038,0.2893911030314344,-0.39478916104024664,0.07467571532771702,-0.41420531994727927,0.024456490876151586,-0.41673336796227545,-0.031507193596874775,-0.4180468585056174,0.31840675962786447,-0.3452660920125355,-0.14069306551978444,-0.3752359272820569,0.18519120424704597,-0.28273885053899217,0.0304611485000734,-0.29105312427695845,0.49983080631644017,0.013006346799056096,-0.49983080631644017,-0.013006346799056096,0.6768959995754898,0.3994110206118145,-0.6044907620037869,0.4029168027931609,0.6520257474004388,0.35640521298056127,-0.7824447221431087,0.35984866370282237,0.649115556806341,0.44173951721382054,-0.8592498540614388,0.38428078370325597,0.5897781821103206,0.4014360682476801,-0.8339291483768351,0.36579243943647477,0.5618033159237341,0.3763867943238608,-0.7838466363842228,0.3325670538024583,,,,,,,,,,,,,,,,,,,,,,,,,,,,,,,,,,,,,,,,,,,,,,,,,,,,,,,,,,,,,,,,,,,,,,,,,,,,,,,,,,,,
0.13833139363069286,-0.3450443435242821,0.20725674067900138,-0.3921737782778498,0.24849717863166118,-0.3876297681530754,0.2886012540459871,-0.38277291182338663,0.07610271940253895,-0.4026463859889644,0.026378893192451885,-0.4051768761780818,-0.02881632153580359,-0.40645049143865225,0.31806675845752347,-0.333733459186996,-0.13769526101379567,-0.3643085056049145,0.1856957330433016,-0.2722752002390685,0.0331544075763306,-0.2806061254725818,0.49960359901437873,0.019905874808204115,-0.49960359901437873,-0.019905874808204115,0.6754989476792773,0.40844520100122905,-0.5989655697351632,0.3977504688845539,0.714974270623082,0.2545943495614434,-0.7209237486235591,0.23124482645276945,0.7433842340992802,0.2619242749413728,-0.7974667567586761,0.22005580453247242,0.7029147514375572,0.1813233563226617,-0.760115295939028,0.17864346317032287,0.6647124137418275,0.2016560195956828,-0.717873228120289,0.1887850443159383,,,,,,,,,,,,,,,,,,,,,,,,,,,,,,,,,,,,,,,,,,,-0.5325084316407014,0.21679530986462653,-0.6196578801413367,0.1645417134797027,-0.6572980666874993,0.10020546745049026,-0.636699448139587,0.04543506114778016,-0.6090831204041641,0.0034664187520933097,-0.6399410424325676,0.10897488138088007,-0.6124168765250596,0.0032872251980126193,-0.5836113552034647,-0.05232982789688083,-0.5591174593975854,-0.09126370010168532,-0.5455945111867708,0.1210990218480874,-0.5238667302433304,0.015982877000434593,-0.5106397079018364,-0.04811567431439959,-0.5061335885285778,-0.09413403703123899,-0.46339201080268255,0.1325688493378127,-0.45466489771127716,0.03907319496809776,-0.4532080388162977,-0.01587856493153478,-0.4570651553173936,-0.0569344092230095,-0.39675207908273713,0.1422683417151487,-0.394232929118539,0.07960432885259587,-0.3976395866853437,0.04136392040178019,-0.405013522938174,0.014318473989076378
0.1351574922652685,-0.3313190718125113,0.20466049649915588,-0.379933580547167,0.2450592119649752,-0.3752652713720235,0.28491089010528114,-0.37026733944346923,0.07436435636415341,-0.3905742374973446,0.024904605841339817,-0.39312064508067884,-0.03000666696214804,-0.39437019538772616,0.3159090734407404,-0.32222078363932277,-0.13850695136058874,-0.35309051104882044,0.18163519816163717,-0.25989416584917824,0.031211244230127094,-0.26830888178183765,0.4993125378899761,0.026210484655403852,-0.4993125378899761,-0.026210484655403852,0.663737225763708,0.44276714415541163,-0.5791114513425316,0.44866404754523986,0.74852414807333,0.19592698084983423,-0.5885862121278036,0.17560293664422258,0.7762532808769407,0.12996723551395206,-0.586422172736195,0.1065750613068283,0.758654011121303,0.07252795726886453,-0.5857195699881159,0.039808590198683616,0.7174716337172277,0.10113861980572184,-0.5604174330020377,0.0600295816689495,,,,,,,,,,,,,,,,,,,,,,,,,,,,,,,,,,,,,,,,,,,-0.4917509622905582,0.15524976155726786,-0.5734386987268486,0.12719326973892495,-0.62174575704472,0.0641020205180743,-0.6067203634352009,0.006108344090779547,-0.5731298120453436,-0.037933187539572026,-0.6751268297334123,0.04517520667622734,-0.6654128724156826,-0.03357223901466776,-0.6160199082023836,-0.08519626093855259,-0.5696097067478899,-0.11673636490645756,-0.6098160395921873,0.05527894780154841,-0.5977798848482041,-0.031052940927937582,-0.5575885301014422,-0.09215316817965676,-0.5257216759095679,-0.1282580804962666,-0.5242196591352895,0.061301606702126615,-0.5129750958125993,-0.01898571404388092,-0.4887912704447104,-0.07613163521975648,-0.4726218022185735,-0.11223331594074466,-0.43167106919108555,0.06358454233829015,-0.4272356575099703,0.009233925422753815,-0.42349499581133737,-0.0323149687847464,-0.42230998765017846,-0.060956511013099714
0.12773159830543238,-0.3196131177879061,0.1976657625024272,-0.3689247022531211,0.23715831972711213,-0.36430977382008106,0.27619929941479476,-0.3593216742123703,0.0681424036832328,-0.37943824999755693,0.018959071549529218,-0.3818909411188766,-0.0349661839729266,-0.38299913826069665,0.3112817008365839,-0.3117105108903662,-0.1426943703150942,-0.34257998488460906,0.17480074284545385,-0.2487997784696473,0.02619778402512779,-0.2570677428493919,0.49889833632724007,0.03317303136452983,-0.49889833632724007,-0.03317303136452983,0.674018273000559,0.4688540152011771,-0.5588489448310031,0.4593617268686132,0.7530818836248175,0.18021208412840786,-0.5356985178167738,0.12372914391334289,0.7786197249805156,0.09260954463969205,-0.4798516975345571,0.05728330212542851,0.7704792944318257,0.03914493772250367,-0.48248096014309755,0.0007852760928360022,0.7380601945777108,0.06627578440314393,-0.4719457675724052,0.03212833170056592,0.6924622638046829,0.15481908227733038,0.7724330767985615,0.18628547867588302,0.8288854780521571,0.12097378716672298,0.8212020137938943,0.06251865570278269,0.7896138597178909,0.023115641597507328,0.8837755002511616,0.03932841725580358,0.8527840606160163,0.025434961071561988,0.8116202713291717,-0.025429751943251304,0.7685116809312995,-0.058783261641235006,0.8077509550004612,0.04744661832952781,0.797029862181167,0.01811936904710225,0.7685569464600682,-0.038763144542353176,0.734857119541981,-0.07546324974228176,0.7209798244065049,0.05112048643097,0.7147268922481181,0.02575451414965549,0.7045703494180784,-0.02794450354151379,0.6894425019285021,-0.06324811329139297,0.6336474695511464,0.04803201194803104,0.6429361228711489,0.039316389893970925,0.6554822185948804,-0.0024395335817073154,0.6600707421361387,-0.03338956943965164,-0.47936177778788147,0.15257608255553284,-0.5711303547971472,0.10275486090009665,-0.6076881070941027,0.034412354839687825,-0.5792847961047417,-0.027559477109308388,-0.5366281424941001,-0.07027666438342246,-0.6568871822450771,0.04837802229506209,-0.6368790742090624,-0.06416716518800082,-0.5817633532425006,-0.1113462402978892,-0.5334239897076853,-0.14190837572180154,-0.5882629629538303,0.05890498420165655,-0.5731048838645687,-0.0540748383362739,-0.5271016347519822,-0.11107356937459188,-0.4858895263094282,-0.14765826543867164,-0.5061914400833313,0.061254323454150855,-0.4933180127181385,-0.03811191369096027,-0.4652074008523038,-0.0973173392567536,-0.44194136812796464,-0.13844762845980696,-0.4192893326940562,0.053558936275527595,-0.4295957340316375,-0.017478107389545316,-0.4335974223249297,-0.05068863549665638,-0.43472367179072297,-0.07455955579293472
0.11792917604731677,-0.3132867211549106,0.18662502775081172,-0.3636172251895391,0.22553535156431426,-0.3590334583211589,0.2629933171794441,-0.35406132294130543,0.057350962778903655,-0.3738807565073781,0.007341174206688117,-0.375990003988561,-0.04579865906277165,-0.3763888296245529,0.3021758899565033,-0.30680721400856426,-0.15103115824553917,-0.3361642725878422,0.16570605027447596,-0.24170633985156723,0.018671968746058545,-0.24988608451313846,0.49897697290526705,0.03196842990039407,-0.49897697290526705,-0.03196842990039407,0.6772336640271005,0.4736497263894303,-0.6013871396461932,0.40868406739903607,0.7493443579408189,0.18978535264340143,-0.46657552711828076,0.12721592100359055,0.7646083043404706,0.10721253297750614,-0.4228513796969864,0.07704018241183894,0.7304647925401845,0.04322611549965107,-0.4281931516956969,0.010837400125122356,0.7384327576973725,0.08692871215128517,-0.4215125040325211,0.04101538844487791,0.6358911039820633,0.19282710283710072,0.7255028414902972,0.14793948664870274,0.7794064995072106,0.08618552885831622,0.7706296075698622,0.027354837494256122,0.7268002523827578,-0.015861184606946455,0.843027281352981,0.0975105037805632,0.8128689342410171,0.007444654273664583,0.7579459339123232,-0.044666016080118866,0.7101557836836011,-0.0799297132451528,0.7978868755457829,0.10961812627439756,0.7754848050181412,0.015323415612132024,0.7241806972250618,-0.04114360188462907,0.6722038780651178,-0.0755606356897176,0.7310902195179211,0.11559960149910052,0.710298546166161,0.02338949587676073,0.6705705661468127,-0.03278035742063385,0.6291878143710166,-0.06708709129492936,0.6519854370000182,0.11384134967567613,0.6402972815966606,0.03782860248067998,0.6264156761268649,-0.008517282454731719,0.6062343351209273,-0.04182158727951179,-0.4525826214709991,0.16200159118084304,-0.49574963148424,0.10938734208284548,-0.5193967363502313,0.027157516101163914,-0.5248294398664958,-0.04299833204817827,-0.5039014601699222,-0.09029390575292408,-0.5548511169075759,0.03079323096752601,-0.5510298108138861,-0.05406760754306336,-0.5188302329958698,-0.10414068445149649,-0.48130306849588134,-0.13874785605979045,-0.533806381142463,0.03696093394017959,-0.5192351510435378,-0.052063022238585145,-0.49577609255584826,-0.10391335565761145,-0.4683526926973564,-0.14272974721348067,-0.5024134568166683,0.04072304361594176,-0.4898986429872271,-0.04212066104074694,-0.48377076801926217,-0.09269440688483246,-0.472147537719438,-0.13126437402813032,-0.46651778560463397,0.044652558215520874,-0.4733432871752733,-0.02277425322899028,-0.47663991841267644,-0.06519362430490215,-0.4745789555673148,-0.10186512322470732
0.10216513114512417,-0.30985800350638304,0.1703774182657411,-0.3609630234413319,0.20939496847304817,-0.3563161716894502,0.24583109864892494,-0.35126939203464635,0.04446887800420717,-0.3714064272612128,-0.004895605429022724,-0.37354504357018414,-0.05655911987535351,-0.37392667532597623,0.29453359421326997,-0.3052061618961931,-0.16085196356499784,-0.3331227558443417,0.15313025023787713,-0.23709404156087366,0.005859202511201829,-0.24549382118920554,0.49915068095145504,0.029130700398354904,-0.49915068095145504,-0.029130700398354904,0.6828820689072801,0.4855882460698295,-0.6114328351135612,0.44199568579031245,0.6762342839738194,0.13511233391096675,-0.42788107838584494,0.1392219228184312,0.6226881144687699,0.03632478241177761,-0.39207146342061117,0.054862106026655845,0.6166574086794204,-0.004788785499314338,-0.39309346032595266,-0.0034955805544450856,0.6212818984736989,0.021147943557889747,-0.38850833496943876,0.024177341979654203,0.5903654210510645,0.13262926737985808,0.6023352216679831,0.09469808540128748,0.6197426195904097,0.05134961539683305,0.609892084861367,0.007032096427973921,0.5952085951465043,-0.030865230589147384,0.7758569821554797,0.0300131555146255,0.7022427191430075,-0.020892536736337862,0.6463949312909197,-0.04662597526987547,0.6057183456009272,-0.06375477277009546,0.7956408408438813,0.04525733526198127,0.7019477630741242,0.002754216976546835,0.622306297903411,-0.0161669561089271,0.5639205202681307,-0.026221520599904125,0.7854080466566193,0.0661812764210181,0.6827384718737448,0.03360992987299529,0.6137272529951185,0.018607643655110136,0.5701750304430803,0.009488400382565881,0.7546338939661896,0.09086149199256996,0.6615350854457641,0.063818162451566,0.605980590376457,0.051417810127044807,0.5748743681119813,0.041649146036169635,,,,,,,,,,,,,,,,,,,,,,,,,,,,,,,,,,,,,,,,,,
0.09764538526146227,-0.30959872210195905,0.16738837698564768,-0.36216793889011456,0.20684088011420182,-0.3582116649611322,0.24356990161139694,-0.35390921243159246,0.039874596463699966,-0.37136534015715916,-0.010742328644833378,-0.37310697886978433,-0.0626800497091462,-0.3731866453392731,0.2935998886377435,-0.3086618073665997,-0.16498328332595466,-0.3319641570566245,0.15055892794158243,-0.2347937599606314,0.0006481237834626994,-0.24364377836653328,0.4993722653887851,0.025046767465539146,-0.4993722653887851,-0.025046767465539146,0.6888378421897794,0.5052371533923152,-0.6123320935602969,0.46633212565292204,0.5458041070571301,0.16500445052162696,-0.40583892053124154,0.17832838963732867,0.46727260685232247,0.07553844947320183,-0.3577599282885022,0.09411176048020357,0.47298895394442797,0.021291327148012122,-0.3597112009783983,0.040034160991251524,0.47764629280491117,0.043937910631629086,-0.3649659457246174,0.07512149740440091,0.4399972162205508,0.1259113728600685,0.4190330774100203,0.061356798914481314,0.42807837130159926,-0.0024666035849726714,0.44186011471057224,-0.03596338967123654,0.4504705778954301,-0.047389599375372904,0.5760516128134093,-0.03534004586520202,0.5361161085547222,-0.08073714978448986,0.4545254159215473,-0.04878895017548547,0.4112077921267747,-0.020917080012274353,0.6198937384107926,-0.0007358032176151247,0.5522144787880839,-0.0305156853250814,0.4665998883622909,-0.009100411972213552,0.42768355910048184,0.012236862348899048,0.6408247137375127,0.04108436885705823,0.5535200825334028,0.01748215828129502,0.48165425730363154,0.03178942248260475,0.4548648321357412,0.046086867328372846,0.6435433783265305,0.08387656449492377,0.5537005363503378,0.062472963206190314,0.49450260612357144,0.06623599962894766,0.47794587578436065,0.07237383792590636,,,,,,,,,,,,,,,,,,,,,,,,,,,,,,,,,,,,,,,,,,
0.1152452533877966,-0.3272878007552295,0.18701663665547313,-0.3794404449505661,0.22733337401982895,-0.37534322303675793,0.2645634853152738,-0.3709033294082823,0.05976155994245762,-0.38875294971702873,0.009015915853660126,-0.3905463080344032,-0.04179922110034963,-0.3906274137656854,0.31587557920459464,-0.3241914051323232,-0.14365622239354445,-0.34954173876941186,0.1689341138661015,-0.25056942870735605,0.013079497322106965,-0.2613051547266142,0.49996310080793105,0.006074358445019862,-0.49996310080793105,-0.006074358445019862,0.7089504505773249,0.49796596434071,-0.5877896915660379,0.4700212468517957,0.4674153708443749,0.17718975565459452,-0.3451466653239068,0.21199881901124953,0.3288576574835592,0.09274412722441094,-0.27921588083063353,0.16446011896424587,0.3426251710375091,0.026041114837043515,-0.30787680295369657,0.10723726057652556,0.3673760595879392,0.05303006074284428,-0.2948263377967645,0.13045755494581485,0.4296420115244686,0.07513741286369385,0.402224611683006,0.041902815238941925,0.3793846847603096,-0.006822097988079721,0.36047359319340705,-0.04608446084576663,0.3426789957500873,-0.0810119988632299,0.4926873649622945,-0.06121308430721011,0.4403264252585273,-0.0645403464958477,0.38814742170052396,-0.06188735959248543,0.35579932243464657,-0.05754672831922682,0.5418434162977857,-0.03069517553203336,0.4489533100988439,-0.013203091396708624,0.3930779128376533,-0.007265414542020055,0.36620832138868264,0.0012608254590236502,0.5660821358512033,0.012939260251290505,0.44923441519021984,0.04515082327998377,0.4164234602624114,0.053571072836738204,0.41600484409027066,0.05849326906953185,0.5692206014546387,0.060267736883365466,0.45711309965945796,0.1009829027074214,0.44356088495582086,0.1055690631490162,0.46576671252485624,0.1045286056485105,,,,,,,,,,,,,,,,,,,,,,,,,,,,,,,,,,,,,,,,,,
0.12895999329604635,-0.3397495149484017,0.20078745614555146,-0.39054980940205536,0.2408103709326953,-0.38574324624682677,0.27797453225782875,-0.3806950041325308,0.07406599245767564,-0.4017566065142138,0.023747315906915128,-0.403815777182887,-0.026794815232751887,-0.40398748921329675,0.3289033131001037,-0.3340115857402308,-0.12830876969698318,-0.3631905423829407,0.18232937446387792,-0.26080969400945164,0.02688044229858286,-0.2742260357390474,0.49994681133808516,0.00729286177581165,-0.49994681133808516,-0.00729286177581165,0.6920280096431166,0.4848426090343741,-0.5511292162572105,0.4815086796891615,0.3984722361661612,0.17399612094328254,-0.19145861302878447,0.1234238564185982,0.3029488794391143,0.06127637674413791,-0.09310111814127535,0.03688465992950122,0.293323298282718,0.007994545816877889,-0.1400412345715692,-0.001594403439697627,0.29612985128748387,0.03659728267540753,-0.14561807500027835,0.023097694953469115,,,,,,,,,,,,,,,,,,,,,,,,,,,,,,,,,,,,,,,,,,,-0.17297099727627208,0.16935469050851915,-0.22162853449031356,0.1130607871864757,-0.20535499615444974,0.052772189621004,-0.14756744154923893,0.007867249965000824,-0.10500904981600269,-0.021454571087009905,-0.202944359496835,0.04870081095809552,-0.1344645773023591,-0.03388487365318098,-0.0934809909424164,-0.08268286846263309,-0.060300182403790016,-0.11776862737168742,-0.13447993257547738,0.0641661192842224,-0.07313709905797128,-0.023218946541875757,-0.03628559099780782,-0.0775965291725236,-0.008831264198658324,-0.1163455696434013,-0.0671653580241632,0.07399413283076305,-0.027016987705164662,-0.007642696419099699,-0.004370414597987938,-0.06276106764387243,0.011789381688932479,-0.10219045407417077,-0.011264083879663591,0.07773338739541341,0.0006510862294388443,0.014789396914626603,0.0009254591590961729,-0.029746018451934877,0.0017626812294991427,-0.0615266641996631
0.1381276440018095,-0.34335389471168104,0.2097975464288941,-0.3935916903482956,0.24948395540592275,-0.3887528679498166,0.28643360868599654,-0.3838533740789639,0.08392276966708014,-0.40547312647111683,0.03406971109180571,-0.4077971708350383,-0.016099602074494766,-0.4081586565536723,0.3371188110185888,-0.3376224387346254,-0.11742404900761172,-0.3676029561663305,0.19083553149871826,-0.26412821416068577,0.03723661662882359,-0.2785502227763791,0.4999054576285791,0.009722830511787177,-0.4999054576285791,-0.009722830511787177,0.6937857824189244,0.4728649976939188,-0.5380961513255914,0.4835995453003463,0.39735555579511084,0.18725244821240614,-0.16177071733718104,0.10979261319434876,0.34110096675923957,0.059374619651761856,-0.09042070252342034,0.01419962223828744,0.3361529720407109,0.010828904150361335,-0.1338867262479958,-0.027180229257316953,0.33791353464623897,0.040457200070291896,-0.14305284150541936,-0.005786904979876263,,,,,,,,,,,,,,,,,,,,,,,,,,,,,,,,,,,,,,,,,,,-0.17174165448786738,0.1959235745392575,-0.24132082677937244,0.09339860007539365,-0.25371778876625567,0.0296972779308106,-0.24167731709234697,-0.023725860830983325,-0.2358832823062112,-0.06333379652637888,-0.21930674048323345,0.08293435873572602,-0.1431073368398868,-0.04495061287380473,-0.09962732597946468,-0.09376753348973822,-0.07098766625233094,-0.12888142060271882,-0.13768306172968336,0.10031901618111541,-0.07476019660639698,-0.03241250797065084,-0.038053410866933084,-0.08733118036134623,-0.015364278361414097,-0.12639906729216943,-0.06406950887884807,0.11029454096785507,-0.014311246848388248,-0.01432441655421788,0.00853156250032892,-0.06887560873948782,0.01875143587523788,-0.10644142260127348,-0.00871258057824088,0.11225015042342625,0.007865811164251685,0.0077562755419721295,0.01460125285331248,-0.033350372676835494,0.016812128572656553,-0.06242853819531724
0.14125899058491678,-0.3491787356280106,0.21369069545952027,-0.3990440918178955,0.25375756932172405,-0.3940568699217439,0.2912608777170254,-0.38906168721050016,0.08677828321766572,-0.41158274160245334,0.03673678255591523,-0.41410915659892594,-0.013806340960259834,-0.4146205703408776,0.34211236843849246,-0.3422676500845995,-0.11582647395617386,-0.37316265842085505,0.19432285587301604,-0.26853137807472943,0.040014808301428964,-0.28356771071853093,0.49993744921560007,0.007908658027711919,-0.49993744921560007,-0.007908658027711919,0.6766119100583855,0.480938643735607,-0.5482863451865959,0.48111133342313417,0.44691036838344367,0.15502909611096427,-0.17509745134669708,0.1418475403139188,0.36017866050924785,0.05453817164170905,-0.09554176807975094,0.042807773348054565,0.3456433101945187,0.012199537362358395,-0.1456238963495577,0.001954974878653999,0.35523874598554017,0.037490863902743574,-0.1411515653329842,0.022674139951138202,,,,,,,,,,,,,,,,,,,,,,,,,,,,,,,,,,,,,,,,,,,,,,,,,,,,,,,,,,,,,,,,,,,,,,,,,,,,,,,,,,,,
0.13501112944570343,-0.3465779301579206,0.20866092073942294,-0.39726540287956846,0.2495210413344678,-0.39239426447847003,0.2875046389348586,-0.3875490265824183,0.08082413901904302,-0.40968206812991603,0.0303214723921235,-0.41222252976727364,-0.019733235321888472,-0.4125914045758037,0.34129454973254664,-0.3405468915592854,-0.12002533687447677,-0.3710665350754318,0.1891103715420988,-0.2651361424402369,0.03400081887060986,-0.2800760330487829,0.49993081103071646,0.008317702938319757,-0.49993081103071646,-0.008317702938319757,0.6801839472277662,0.4855869546424002,-0.5470163622711706,0.45391423170228806,0.4568515425370785,0.16956226491909407,-0.2275296690974925,0.1502858370812323,0.3787877890167506,0.12935205343822842,-0.16091956133737675,0.05770821478269966,0.3607956944077888,0.04617087628731874,-0.19465114399716296,0.012647235048832837,0.36735285429755077,0.06874726811693281,-0.18881827652255068,0.043428556621305264,,,,,,,,,,,,,,,,,,,,,,,,,,,,,,,,,,,,,,,,,,,,,,,,,,,,,,,,,,,,,,,,,,,,,,,,,,,,,,,,,,,,
0.11888808886288374,-0.34692654593032507,0.19355271269170266,-0.3990577987200472,0.23518402850479958,-0.3943564654646211,0.2738675098852802,-0.3898418032109017,0.06281144011650318,-0.4114950728807987,0.01078036837524374,-0.41396740141326593,-0.04050118671879889,-0.41409081011292737,0.3302661354226672,-0.34333523002242744,-0.14192670852622552,-0.3714049022826013,0.17406169185290482,-0.26356297788489774,0.015851927729654082,-0.278764531380988,0.4998978609695162,0.010105869487691047,-0.4998978609695162,-0.010105869487691047,0.6781374141337592,0.5037493548972433,-0.5768068802007468,0.47191198765421566,0.46797815831248346,0.14945940748356226,-0.27227688788490045,0.08654882495340607,0.39277816544993827,0.054860737858936054,-0.21012101517600953,0.013034819651040183,0.3786495217122663,0.0014149510855212273,-0.24013368990108988,-0.018242534586867334,0.3812625380507745,0.04235784086248089,-0.23441534432427655,0.017233170394533284,,,,,,,,,,,,,,,,,,,,,,,,,,,,,,,,,,,,,,,,,,,,,,,,,,,,,,,,,,,,,,,,,,,,,,,,,,,,,,,,,,,,
0.11147039845769381,-0.3363552530900972,0.18547253137211975,-0.38841204689113196,0.22661553959195088,-0.3839918293520999,0.2648735129681839,-0.3797694470397605,0.056045553240720906,-0.4002772146120199,0.004571066899385102,-0.4026715807660192,-0.046259708407174534,-0.4027395166363174,0.32014438265494793,-0.33497945839805526,-0.14664578171914555,-0.3612153023310904,0.16574723944883077,-0.2540306961086311,0.009467675397032985,-0.2687530897591765,0.4997821279579321,0.014758881185279743,-0.4997821279579321,-0.014758881185279743,0.6437049395975458,0.5105275999269799,-0.549933171287497,0.4910628669562173,0.4749410494298906,0.16241045903652931,-0.28798094740138774,0.1097014062526004,0.43324360892599356,0.05157499036923577,-0.2239260070124664,0.028881890090048493,0.4546693506138072,0.004561595071314679,-0.27020713201611546,-0.015339602230425015,0.4333582040478702,0.04322886340239376,-0.2591720323808079,0.012015410510970584,0.5692516575315901,0.16644853250692526,0.6473190547229742,0.10702717790763365,0.6792190518421226,0.034433874435367155,0.6419704113960345,-0.023086531088496686,0.5763019940875307,-0.04994340966004085,0.7247499358430556,0.04896040589463803,0.6632403111835762,-0.05090412365004095,0.6068093058655657,-0.08690733535299737,0.5633650633578859,-0.11124778716841308,0.6685384349951294,0.066243067243554,0.6223686731709253,-0.03965364490944732,0.5783255125099845,-0.08175783371179435,0.5471871810136026,-0.10804005694089844,0.5983314565833066,0.07844545530551604,0.5587737930025674,-0.020447857093232706,0.531133412278518,-0.06516160451785877,0.5141912513933798,-0.09371548006931082,0.5191519170115054,0.0838091311150736,0.4949206072174712,0.006033974414123954,0.490320005011837,-0.03377028655941857,0.486447660404839,-0.06280988491980219,,,,,,,,,,,,,,,,,,,,,,,,,,,,,,,,,,,,,,,,,,
0.10916095735421275,-0.3268685368786514,0.1828674315521976,-0.37883617514520657,0.22375251326081624,-0.37449602502780804,0.2619181155944598,-0.37034240020706716,0.05394296716766336,-0.3905034810768781,0.0027100044844077797,-0.39287963500541556,-0.04791006282666289,-0.39294335828903465,0.3165336142102315,-0.32703379011707473,-0.1477393676651206,-0.3523659318506004,0.16290123617660368,-0.24548572928166437,0.007629516292669795,-0.2597878908107935,0.49956824971361624,0.020774115578621844,-0.49956824971361624,-0.020774115578621844,0.6641796747316041,0.5034699858376582,-0.5714698854175829,0.5001355920255398,0.5468300586561358,0.1810335981086439,-0.3136722409104141,0.14386577078864374,0.536299242146074,0.05090575383989072,-0.296952545268872,0.05844804540469121,0.5660552288636758,0.004280839160269087,-0.3350386328346177,0.002574151274068218,0.5412492222298857,0.04033010392730328,-0.3223399571973734,0.028226953029537215,0.5726190482717191,0.20768106474879905,0.656337373871515,0.12188057993089745,0.7041918878299502,0.061658918613988506,0.6843633570408337,0.0028137173796858113,0.6333854732742226,-0.03305134436779054,0.7600312473063842,0.11195347359162533,0.706133311485401,-0.0235534168116883,0.6456077105416674,-0.06738630417973646,0.6020631570983331,-0.09202427084258342,0.6966879845199025,0.12376080264248412,0.656571830967513,-0.021073224869078862,0.6134425006696268,-0.07196360523456875,0.5781509484747225,-0.10409184445518022,0.6139678599647573,0.12780990101208586,0.580004311382548,-0.011112699714692168,0.5522261616253223,-0.06084249887677524,0.5310410494455741,-0.09254687608112727,0.5265617976789949,0.12454006472791448,0.5148233808734282,0.004594811024164963,0.5136481228787504,-0.03218086201969342,0.5141653404344227,-0.059374819749688,-0.4124417223172538,0.16810026083277924,-0.4941077402321798,0.08930154027966862,-0.5223289804600515,0.02187719720103709,-0.48395019308864423,-0.034278064023000286,-0.43213340994249355,-0.06950069103358199,-0.5485499289155299,0.04980391080083444,-0.510907743009877,-0.07829116009399459,-0.47005907460618357,-0.12839326672072104,-0.4327498351758702,-0.1608354778052284,-0.46669460475847324,0.05879937357337439,-0.43756549475222817,-0.07583948571417096,-0.4097330966019506,-0.1302877803787555,-0.38674803388767265,-0.16590770255557466,-0.3796405369268768,0.06436567826067989,-0.36216236490511367,-0.06718742436890773,-0.3569464376478304,-0.12073662623152534,-0.35624715356753217,-0.15667860179654777,-0.3008600474038956,0.06603819342032463,-0.31451806346975436,-0.034376528572032716,-0.3291827788997076,-0.07224506521906714,-0.3386697453078987,-0.10008331550763622
0.10697187710212705,-0.3229715115643378,0.1804752901291693,-0.3747766203359182,0.22124441590025656,-0.3705126546887754,0.2593510628611881,-0.3664488517507069,0.051737338603660685,-0.38625542398280444,0.0006412242937317768,-0.38852452103955754,-0.04984958761475065,-0.38847276759165167,0.312731550290311,-0.3241215676106468,-0.1489192039072932,-0.3486059479087409,0.15998166541601724,-0.24284921213714075,0.0057850911374709504,-0.2564252802838691,0.49942891952495794,0.023890465506830792,-0.49942891952495794,-0.023890465506830792,0.6144682387168339,0.5155650917976751,-0.5587597573125035,0.5033273706598782,0.6384697396108754,0.18744416085832588,-0.36505623034927553,0.14383662647771092,0.5935737184509443,0.07050171304850172,-0.3481023933413705,0.06839213511651035,0.6096141395070795,0.014109526763604214,-0.380029734171659,0.008357394888126984,0.5843138323102477,0.04688417985728186,-0.36491513508163953,0.033447818245240415,0.5773151947313331,0.17113598711646155,0.6686680639445599,0.12550951774746635,0.7120211588230763,0.06500362672052666,0.691129060335708,0.004545137778252111,0.6442417326837413,-0.03429568600180923,0.7623518069224583,0.09255027511544467,0.7163695594335288,-0.022177139376336964,0.6573032289817025,-0.06959607400124729,0.609626915850212,-0.09545585541220292,0.6977798320279669,0.10106940809950467,0.6668569710144442,-0.020043952984209638,0.6165648404998902,-0.07454153719764785,0.5725388582164009,-0.10613456371597195,0.616216283971573,0.0996027890206031,0.5919229778853599,-0.009388482811790107,0.5586320864633761,-0.061701034602998514,0.5327549921816541,-0.09213863530761014,0.5310499267856084,0.09033805062743888,0.524200026885958,0.006534266272451825,0.5172246990288486,-0.032118893395077855,0.5133929070754888,-0.05832345090621499,-0.41344397450617715,0.08002866600451398,-0.4854338243563656,0.09375363914530248,-0.504122559146575,0.02351365596662168,-0.4615764106937252,-0.03695751673658866,-0.41782354589024,-0.07807651062867106,-0.5458010777014628,-0.04715464298978568,-0.5142793816080445,-0.07536385226795188,-0.47201347946433797,-0.12153468630034155,-0.4367785470779043,-0.15089074178413672,-0.4663179192586365,-0.030209847016980203,-0.4545206289077603,-0.07207283292500018,-0.42781455363757825,-0.1272565437975268,-0.4048104700811067,-0.16202180670054994,-0.37867459183784563,-0.02061429295797264,-0.3707481837969553,-0.061249140901337415,-0.36485764153754374,-0.11787380108192659,-0.36090317817367346,-0.15520646087918535,-0.29414869298868856,-0.019123066138163333,-0.32333989612465525,-0.039922183836484555,-0.35116001296666444,-0.07399706129937518,-0.3669250945700768,-0.09831868209582607
0.10044630004177103,-0.3206750443653861,0.17332419236322455,-0.3719957131635685,0.2138372222878175,-0.3677709823629793,0.25161600849588717,-0.3637575248455992,0.045333551383832,-0.3833500905509236,-0.005977380471732978,-0.38560354976122224,-0.05615956184726576,-0.38554283165678693,0.3048726754318592,-0.3217296654803966,-0.1539425325093124,-0.3460263686232966,0.15287881745732892,-0.2413393544977718,-0.00037588272821384536,-0.2545932624170756,0.4994480206315492,0.023487756113081994,-0.4994480206315492,-0.023487756113081994,0.646787424282609,0.4991631135822904,-0.5612325039993856,0.4899371863560924,0.5943241781079914,0.18486404696322833,-0.37130269086566786,0.11764895155322846,0.5693644126701057,0.06170580703432824,-0.35375166808178843,0.038134322400530975,0.5819450936795661,0.014056424892676288,-0.3824311895558876,-0.009704378974466228,0.5595045641165823,0.04820369893622831,-0.36888397920472,0.015129693171378774,0.5672553283391614,0.17225418622859237,0.6353577354133161,0.13300649836765083,0.6776443586214752,0.07218496188150211,0.6661665241503666,0.01652473984620372,0.62221616976591,-0.01997914988462255,0.7200780084347013,0.07999341625399081,0.6798337009832174,-0.008320355253547847,0.6310253470962394,-0.05539406362742948,0.5901893446221841,-0.08508356325321764,0.6680726924997338,0.0903411055033627,0.6420053114825681,-0.004556016494456112,0.6008935514449503,-0.059538602438348465,0.5602506343801583,-0.09631062552295191,0.5938889180927467,0.09560210047227019,0.5798437512331781,0.00028342770232253666,0.552405781800755,-0.05364242439372718,0.5257050642687825,-0.08853824886548414,0.5071517829137445,0.09414901904170919,0.5028155330500046,0.015459003919337383,0.49945794129006515,-0.026382934956641128,0.4930762021258597,-0.05596192946951599,-0.38773788860595976,0.16602535644647567,-0.4301575486589871,0.1079784222330503,-0.4331959340453823,0.023412708168568132,-0.4100928330946648,-0.04533405660255272,-0.3901791319988625,-0.093366578250407,-0.4609163264178201,0.04340797855759881,-0.4409472752324784,-0.0544738306921298,-0.4175905544839607,-0.10237894536441404,-0.398757654018697,-0.1369493171220797,-0.4231860741958703,0.052178483496084,-0.4063917844625866,-0.05299078410195078,-0.39134508494832937,-0.10286156702962312,-0.38171488126785935,-0.13853689805847264,-0.37803532768508186,0.05605306245246979,-0.36727233148563104,-0.041932097453139285,-0.37105283724378574,-0.08979155872466052,-0.37968858676598516,-0.12314986484235019,-0.3341478302100465,0.05799795441281909,-0.33419584555615256,-0.018607343270950615,-0.344240787877357,-0.05345944335887821,-0.35451840638393917,-0.08136239773025995
0.09499080003898795,-0.3221856033347439,0.16798580931560478,-0.37329632827551407,0.20929407226993058,-0.3689556604792266,0.24677253954026634,-0.36483277006126663,0.039392814009728536,-0.3847325339263658,-0.012637150071615581,-0.3870023418442179,-0.062404654269804426,-0.38694273091273984,0.3042890974288692,-0.3217160639176162,-0.1565924978172958,-0.3472991652189818,0.15115862615898687,-0.2427564711767116,-0.006979898158522875,-0.2559805455197368,0.4995203171951309,0.021896408593096446,-0.4995203171951309,-0.021896408593096446,0.6813875743215642,0.4884310534130489,-0.5676838028428708,0.4835705360510103,0.5349411706169049,0.18886461704811483,-0.3860630852771428,0.1220569424645219,0.4896353735192146,0.059746502718224626,-0.3522972984197685,0.04323436654923349,0.5033561750077459,0.010472143498627073,-0.3733803714223591,-0.004035540655501382,0.49955503665907347,0.04859714597185056,-0.36696324087118004,0.02130314664176079,,,,,,,,,,,,,,,,,,,,,,,,,,,,,,,,,,,,,,,,,,,-0.34553356851060285,0.20247747080655984,-0.38951491045836667,0.09046128775099188,-0.3730137963414208,0.004909773083557239,-0.32897674885199185,-0.059212392446198484,-0.2947135978641233,-0.10388504493690358,-0.4475634283265909,0.05021810588738694,-0.35298911588647547,-0.07011090565810936,-0.289737876169162,-0.08340230636904433,-0.26065747775383813,-0.0918944300681757,-0.42763273405900465,0.07413674583384978,-0.29972468197606317,-0.03575480203132588,-0.26257283484800165,-0.028921864566739695,-0.2712065919159145,-0.02438169762843322,-0.3812996247593401,0.09746847336088339,-0.2469464124112802,-0.00037171870522610375,-0.2385676321473475,0.011505736429170525,-0.2675594867445745,0.019502969991470102,-0.3229674781415033,0.11901758934946396,-0.22113561388474642,0.027333862418320098,-0.21487609867781443,0.03485420852879514,-0.23931088585693228,0.04283536826519539
0.11435173769340791,-0.338909490158726,0.18825543432652922,-0.3899196270859394,0.23041723864959807,-0.38509255988287494,0.2686792496042583,-0.38055723081050463,0.05800270900764944,-0.4023746154804175,0.005287578687908105,-0.4048880229767076,-0.04519515316964947,-0.4049514645913133,0.32684774647831116,-0.3346171984481907,-0.14255041582773256,-0.3644778602922003,0.17089650241952334,-0.25741201885028764,0.010129293440227099,-0.27133773314571297,0.49989109447679264,0.010435212637715421,-0.49989109447679264,-0.010435212637715421,0.6910918057613911,0.4895281866204293,-0.5646833623981399,0.4953461558657394,0.5024457390225765,0.17864300345235437,-0.29492551204909284,0.14205230585658582,0.39569906488002576,0.08947441467667532,-0.19213666169301646,0.03274921453490193,0.39167779947894565,0.023303038009590805,-0.23621225695785963,-0.01004383385349355,0.43736621120215435,0.09099850617108496,-0.2583821157748023,0.01460295353134102,,,,,,,,,,,,,,,,,,,,,,,,,,,,,,,,,,,,,,,,,,,,,,,,,,,,,,,,,,,,,,,,,,,,,,,,,,,,,,,,,,,,
0.12601721277367312,-0.3503826637454274,0.19989458872481028,-0.4012840905550613,0.2420149195009102,-0.3963332538159401,0.2805402823439862,-0.3915944409445677,0.06966539893977693,-0.4143481808496202,0.017647879985413402,-0.4171566327426082,-0.03302199321281396,-0.41773663809611933,0.3381780690593098,-0.344395909598698,-0.13149768868529327,-0.377239799024853,0.18239668595743866,-0.26905436353572487,0.022095989351908596,-0.28349600158627875,0.49997536075777266,0.004963731976560327,-0.49997536075777266,-0.004963731976560327,0.7052531504509124,0.48219750051672305,-0.5532088632251441,0.5003345585310764,0.47096967334474293,0.1939104510030685,-0.21437136162519826,0.1531486054580536,0.3652967533937503,0.11149427866100312,-0.09259257044401054,0.03645324769661093,0.36964095331073615,0.04217368715709795,-0.13387938297404647,-0.019511522126612935,0.39211585706710544,0.09091179772069745,-0.16775143397659628,0.012971954757493999,,,,,,,,,,,,,,,,,,,,,,,,,,,,,,,,,,,,,,,,,,,-0.16817828502458063,0.18485360246458665,-0.10609014629277244,0.1434825971161983,-0.06063985405739725,0.07043285245490287,-0.04207949585754273,0.007986637274785602,-0.050907313765856124,-0.038873534253931884,-0.09728120402186992,0.06271038066011983,-0.06461270851363668,-0.020198894348367035,-0.044753108419917434,-0.06575225503950553,-0.03370749655957688,-0.09907952898212789,-0.13179353159639626,0.07169920214892293,-0.08516341857909238,-0.013622416698172395,-0.057154028423857965,-0.0576685297089284,-0.03991832881774817,-0.08788562189123762,-0.1586285207071764,0.08219779429934661,-0.09718271430983501,0.002356184145123657,-0.06887150084352586,-0.031030706909717185,-0.05696172118726608,-0.051267165645406836,-0.17730026385650494,0.09160776676741096,-0.1192064716433347,0.027634493832004742,-0.085725949951436,0.004271313792330055,-0.07002160651309486,-0.007831240319269416
0.1359203669327319,-0.3490023575914079,0.20929259169197492,-0.39940852239444313,0.2511114648362634,-0.394641282725638,0.2894216318037056,-0.390048700464179,0.07995665158374825,-0.41201052663180676,0.028611633760736624,-0.4146691902094851,-0.02159172100937804,-0.4155947077752421,0.34655219939688964,-0.3431102167948011,-0.11904147879109016,-0.37554509749805265,0.19188593442813495,-0.2698181899755166,0.03328756261106706,-0.2843840250613336,0.49992955567240777,0.008392816284713346,-0.49992955567240777,-0.008392816284713346,0.7014903158330804,0.4736877432552495,-0.5332428469197759,0.48863994575734876,0.4836119605031548,0.26174440591153897,-0.18497472269378679,0.1862838998519131,0.398137440610493,0.22828852949461206,-0.05668730265136932,0.09692597077431553,0.3803836911076639,0.2019078523996618,-0.0915376601074366,0.013346011454022809,0.4184916036861114,0.2221841327183459,-0.1252706176287006,0.031558908054212645,,,,,,,,,,,,,,,,,,,,,,,,,,,,,,,,,,,,,,,,,,,-0.14625919642038038,0.19003486918103143,-0.19784039995175345,0.1299077903152058,-0.17436333279844268,0.06199550798561069,-0.1113511816432422,0.01157545208443025,-0.0671360014615785,-0.022059804713212214,-0.18064205854792176,0.07315481335970707,-0.10009457656490574,-0.009048753939131678,-0.05579345678938348,-0.05673041135928006,-0.028663401253157892,-0.0926482534041487,-0.10279339619977065,0.09931030082465142,-0.03727551167392413,0.007250782802532507,-0.005370807883215925,-0.04721547216639405,0.011223683175732234,-0.08868623439116276,-0.028775038752621655,0.11734869341180551,0.02503032344425127,0.027609020600273534,0.04397148401653567,-0.028743830711418845,0.04780116716785795,-0.07150192730496761,0.03304824830824267,0.1256842891072863,0.06245960957464323,0.05488187662543221,0.06575680063039789,0.009618288963086604,0.06252758334823395,-0.02578160033560645
0.14529885251190938,-0.3487700095853887,0.21882122894457195,-0.39823227774228076,0.2605717162678628,-0.3935205556235079,0.2990516545685399,-0.38899409957808384,0.08986794283051969,-0.41066590452379953,0.03914534997991778,-0.41329128952546207,-0.010465830500212377,-0.41435650042110966,0.35489782531448477,-0.34237147346148117,-0.1069597274711546,-0.37514543758656144,0.20106973878294154,-0.27047222294515183,0.04366996532913373,-0.2850766747997343,0.4998903859773605,0.010469097735981816,-0.4998903859773605,-0.010469097735981816,0.6901662821958001,0.46876149807089545,-0.5258407051892646,0.4655800387447554,0.4815358837379452,0.33012136409191345,-0.18728384453211658,0.25244122306431616,0.41097187425099674,0.362849678951032,-0.083677313343321,0.2253267555355773,0.39647086952331145,0.29494345071900924,-0.11577058801063306,0.15215015388561282,0.43773559711727555,0.3035063694792519,-0.13220634852268875,0.1643390601062601,,,,,,,,,,,,,,,,,,,,,,,,,,,,,,,,,,,,,,,,,,,-0.1240894304536771,0.18573522079480764,-0.18275895307846943,0.12488999525200009,-0.16142381146922152,0.060765109240348496,-0.09559158768971458,0.011632233669902143,-0.042331963255440606,-0.01901931569238839,-0.16040645867498549,0.07956570420580528,-0.07716603457666525,-0.011761266474092388,-0.029767923147575464,-0.05968728957567521,0.0027724566286925116,-0.09335546391866732,-0.07653467577727505,0.10513380285009016,-0.0022854084120200653,0.003934073988241128,0.03516613291717215,-0.04916725057213327,0.05723019022484138,-0.08656550374609999,-9.810910789358044e-05,0.12175225246080325,0.06299561888796094,0.02641118352501579,0.08197945516093753,-0.02902405179246302,0.08773475999491236,-0.06824339775994782,0.05834583619659183,0.12883405501717035,0.07962980645125357,0.05614514582755117,0.07187200821244899,0.016588492279925683,0.06014014686028155,-0.012494323738982039
0.14594852390949975,-0.3499855630406938,0.21914567537036886,-0.3995933542100981,0.26068291950561334,-0.3950580531993847,0.2993025368066047,-0.39070345858752203,0.09098654016271292,-0.41156339360023886,0.04065948816753355,-0.41414172748935585,-0.008805255194990928,-0.41529927217071494,0.3544259406345096,-0.3442619140828586,-0.10531234385107442,-0.3766175913164511,0.20137977758633216,-0.2723949701194483,0.045201553100105867,-0.28724735426495684,0.4998502605999479,0.012235888940498665,-0.4998502605999479,-0.012235888940498665,0.6831636943056208,0.48237388609277515,-0.5209709722216285,0.4622817476153881,0.444997779263795,0.2866638288981062,-0.1729408681307654,0.22588505516140073,0.3622649604515278,0.2349488932609688,-0.06138670406485765,0.17942276186941347,0.3675252807620312,0.1446477943147366,-0.0954328133370679,0.10029310251222959,0.3897255691549952,0.15246039827476543,-0.11576918423616937,0.10490445194168047,,,,,,,,,,,,,,,,,,,,,,,,,,,,,,,,,,,,,,,,,,,-0.13677993642546882,0.18011706930779026,-0.18995167458404505,0.12144224088658728,-0.17206055284127003,0.05929660650829593,-0.10889959894935448,0.011345976194311672,-0.057315919958018706,-0.020134321584655456,-0.1746638401177852,0.07327242294263626,-0.09418404711496368,-0.015388333548473524,-0.049531559941968055,-0.06373474469555039,-0.01913614038655202,-0.09735326442106151,-0.09579184962168402,0.09740838124377627,-0.02681739629642981,-0.0014916732807517096,0.007573855799281069,-0.05452429401947412,0.02982843837581477,-0.09185392173676196,-0.0221254282307693,0.11435748976118118,0.04082822059660721,0.01878117159548616,0.054196106702795364,-0.03332360359202999,0.05650863674372911,-0.06878510921538092,0.03564687364402341,0.12278807852780106,0.05917471880831233,0.049593943410463595,0.05229983206922969,0.010144191807821676,0.04282723371894796,-0.017268429612187604
0.14349367299783616,-0.34951302213203245,0.21749468573705794,-0.39949195409217225,0.2590873568987292,-0.3950604638568199,0.2980627794474331,-0.39084314539825193,0.08950007187774249,-0.4112786262262305,0.039390826176390996,-0.4139354719268783,-0.01007791605587513,-0.4151712119865229,0.35338676955499876,-0.34402292707684395,-0.10670121137296673,-0.37614531000964435,0.1988440001983625,-0.2713433413976284,0.04361262559869184,-0.28690911202682556,0.49986599895017425,0.011575106632098098,-0.49986599895017425,-0.011575106632098098,0.6572860488577372,0.4862220136844074,-0.5255143037713386,0.4575614946926491,0.46459047057883834,0.23867840424728112,-0.1848340384668737,0.21416468954584225,0.3604085311726817,0.19303328761567354,-0.07587821647446591,0.15875610981678828,0.3716744055830904,0.08673431132391356,-0.11088021301920647,0.09438194469237032,0.3894554183646468,0.09129355474977309,-0.12454111682072685,0.09470987807902653,,,,,,,,,,,,,,,,,,,,,,,,,,,,,,,,,,,,,,,,,,,-0.1701118239973426,0.15271001695393174,-0.22012775489544956,0.11885248763769937,-0.2058903613924566,0.0545158162914546,-0.14568971101991154,0.003689067703403528,-0.09469789835965901,-0.028116721424432035,-0.20633654494186432,0.045440995302280136,-0.12844760271341515,-0.018316853740594892,-0.082485351774497,-0.0667979549868356,-0.0510278889907143,-0.10078377869484337,-0.12793161151503724,0.07159613088585713,-0.05760832140482694,-0.00542164604796255,-0.020874843894400707,-0.059663529138154266,0.0010217054552193433,-0.09857219447206203,-0.05407763596551123,0.09042914952144726,0.008710673427906063,0.015818487838908386,0.02760314811169882,-0.03833505625197772,0.031932673560067994,-0.07680559307069587,0.004142990942013703,0.09945933691283687,0.03851621521432183,0.04409592954416817,0.03952562088133558,0.0024151937279096414,0.032179400910095454,-0.027716909721570634
0.14143930201409574,-0.3500327649571322,0.21609555432302197,-0.40001352872283824,0.25777491726412544,-0.3955882801082598,0.2969177512294417,-0.39138314578047867,0.08778484360972165,-0.4118176376516017,0.03795393321133653,-0.414488924875291,-0.011505728734919025,-0.4157244375283245,0.35374584413464744,-0.3443149166924456,-0.10818329016538406,-0.3765862693271922,0.19721220032914316,-0.27172953179663056,0.04220563369538523,-0.28740192517620583,0.4998625747431874,0.011722046370468647,-0.4998625747431874,-0.011722046370468647,0.6749992607492425,0.47925046363357016,-0.5283173696777349,0.4472077975458193,0.46086739849145836,0.20369527966278925,-0.2167004800430774,0.21231834827740118,0.35758805519737236,0.13859862925341335,-0.09616062220455124,0.17591266662975225,0.3563125633492722,0.045125258504906424,-0.11830873032920775,0.08033128532580683,0.3762670304228782,0.06073022701774455,-0.13431266742256262,0.1298419962213695,,,,,,,,,,,,,,,,,,,,,,,,,,,,,,,,,,,,,,,,,,,-0.17252493003524255,0.16946096435833136,-0.23266148728661637,0.11614697200008116,-0.2200576114853747,0.055948459128166345,-0.1629539640365972,0.007775816212112563,-0.11144859320959515,-0.022080957714636015,-0.22136871311284897,0.06651072197324093,-0.14909572955444164,-0.01992400237805177,-0.10410211878798137,-0.06894425912086269,-0.07136565350399215,-0.1025855167142559,-0.13908171993195823,0.08578554659159994,-0.07342718938873531,-0.009995164708961068,-0.03998006417962474,-0.06323409564424386,-0.020012606154761355,-0.09964004723057832,-0.06192577861402753,0.09885548941941245,-0.003213842409828911,0.00976727414852372,0.010165739558393198,-0.04420226056662766,0.010834316120286468,-0.08074516605459789,-0.0019006921173529065,0.10550768736852352,0.019167553924026796,0.04079506339988011,0.013304792512920008,0.001614903321091958,0.0022467484257328828,-0.02652761395311747
0.13499222337924974,-0.3543351960958129,0.21088400007909858,-0.40486366046982414,0.253084457155624,-0.4003959375538444,0.2929569706058992,-0.3961389623969682,0.08096638282023866,-0.41671921688576075,0.03069031596009444,-0.4194079399432738,-0.019304753887911752,-0.4206410503493063,0.35251630502778375,-0.3484228745746124,-0.11626704896762531,-0.3809018161142744,0.19174695587036802,-0.2750686785999902,0.03500745187385133,-0.2909830498951391,0.4998616605598785,0.01176096519511807,-0.4998616605598785,-0.01176096519511807,0.6760073587359089,0.4842289341619417,-0.5581746492092168,0.44608146099896173,0.4435058401643844,0.2533804480794769,-0.24883303529938292,0.23023493891729258,0.34987774678600814,0.22803870107110577,-0.13280181649872982,0.19584075654358174,0.3628306354074482,0.15518513514874135,-0.15332681564620276,0.12669096447982314,0.3632967424407575,0.17412281586467043,-0.14796251234267987,0.15179780687132788,,,,,,,,,,,,,,,,,,,,,,,,,,,,,,,,,,,,,,,,,,,-0.1949757374146483,0.18016462184568025,-0.25579742962591046,0.12232144243007477,-0.24746979254846693,0.06054115797417707,-0.1913807156934806,0.010908533547624267,-0.13885695040126397,-0.020235394519350424,-0.2457972309521737,0.07872007271332503,-0.16896018992921366,-0.01655374130827459,-0.12377492631631176,-0.06591878919922428,-0.09183178573293001,-0.10013804260292825,-0.16287182877787929,0.100178304032533,-0.09405143999679498,-0.0057733038953008565,-0.05934830899774926,-0.060717660379363894,-0.038722609998759164,-0.09842540468705145,-0.0845164228062617,0.11461549735873504,-0.023176515090730505,0.013076542115582445,-0.004629786739515197,-0.042186944044979906,0.00014105383613252488,-0.08015476793241312,-0.022183955157210035,0.1209768032362865,0.004687170846078298,0.045517536100904386,0.0011641569231462586,0.00480721469480788,-0.009195710521726297,-0.02583312155957031
0.13121563462424465,-0.3554996473895508,0.2074624466741736,-0.4059604554911224,0.24991107540763152,-0.4014435028854925,0.2906132022375121,-0.3971455113797808,0.07706962970268827,-0.4178094557572945,0.02713390217448216,-0.42045032668828713,-0.022972437175233795,-0.42163284630023945,0.35137453697224735,-0.34933539226190546,-0.11898873195212244,-0.38173533667636106,0.18806734667389297,-0.2762139627815782,0.03202625636131691,-0.29209429253710656,0.4998599873674274,0.011831864985510131,-0.4998599873674274,-0.011831864985510131,0.6540503711762325,0.4855736634934442,-0.5723816820245862,0.44530370825294063,0.4723051358730478,0.33747327725106246,-0.3021245911630743,0.22442892166582304,0.3856193490635938,0.343583680594089,-0.20163395042436388,0.1821460883506619,0.3929389852235484,0.2759658253929654,-0.23054385497210356,0.11495040941579336,0.3722306743625911,0.28567754673332885,-0.20857262761479084,0.13924777427875107,,,,,,,,,,,,,,,,,,,,,,,,,,,,,,,,,,,,,,,,,,,-0.20693279671552392,0.15660693701712822,-0.2645394181971726,0.12685961472212906,-0.2543401286546225,0.06425257870225448,-0.19649975722234878,0.014211168172776529,-0.14411461079087032,-0.01976160976016904,-0.258438189391434,0.05801419593974958,-0.17735900036097477,-0.010244304387964738,-0.12871879267395112,-0.06035119947651297,-0.0945795709607378,-0.09458804597793007,-0.1735572936785817,0.08404109440251521,-0.10174952812853179,0.0009389207571363858,-0.0669778756241843,-0.05522682432720148,-0.04943097773378817,-0.09294296641124374,-0.09356879784238653,0.09999630415485718,-0.02728960167065916,0.019030442703166513,-0.010406255946004883,-0.03824140790368519,-0.009865522062196833,-0.07706448911848969,-0.030873144403511427,0.10505764503418034,-0.0017797072988060653,0.047703139392661534,-0.008390776447604198,0.006388588369608866,-0.02341295282295409,-0.023973739616293566
0.12711148879779052,-0.3550707215470779,0.20324958217468633,-0.40522669564343633,0.24572128738757495,-0.40068962596763846,0.2866395916462641,-0.3963950325298116,0.07284673035179505,-0.4171172755372597,0.02297723504364565,-0.4197227626768759,-0.026974903709698603,-0.4208339195127172,0.3478486181046055,-0.3486725103924121,-0.1224354782963463,-0.3808294077101254,0.1839418917381237,-0.2763147537580199,0.028137920694034646,-0.292030967137239,0.4998565372096774,0.011976736147650692,-0.4998565372096774,-0.011976736147650692,0.6580939602127254,0.4719418647484677,-0.602758051917531,0.4281266480954354,0.47575645137513767,0.4103695399236658,-0.4438983152228989,0.3083794049810905,0.434884183398,0.4358105942324745,-0.40528590495735944,0.2993671906390996,0.4383463336322702,0.37077704359672664,-0.42150472729801525,0.2412684788977895,0.4016027251062426,0.37191759709428157,-0.3874217939840662,0.24686660166525012,,,,,,,,,,,,,,,,,,,,,,,,,,,,,,,,,,,,,,,,,,,-0.22340922576379996,0.2043564093710234,-0.2786227152507014,0.13589207752274618,-0.2691663268544964,0.07489030677371897,-0.21249686601492856,0.028018716306362653,-0.16042114200093988,-0.002638119282964946,-0.2715231880160671,0.10996043240415032,-0.18646991220316128,0.0021161898740498127,-0.13643198696531947,-0.048330792684806785,-0.10032031422380196,-0.08224899376236072,-0.18495651410754999,0.1367281200680705,-0.10853215149846529,0.015057099548973768,-0.07188431322883801,-0.04166597784340502,-0.05215360667906325,-0.07945705043822773,-0.1038501821662711,0.15247111654164666,-0.03769821427189405,0.034229639295519775,-0.02030019753872653,-0.023551070822221756,-0.017024965700635282,-0.06249369755215886,-0.041777283958491715,0.15673672231461708,-0.011821756577327239,0.06015185594464078,-0.015989241808059093,0.018125537889413023,-0.026065456043225507,-0.011560468324706157
0.12379769335635336,-0.35348693433329287,0.19982064132356453,-0.40362598009922546,0.2422200054083418,-0.39902197579782017,0.28328960558759997,-0.3946320642202858,0.06933967145616034,-0.4153387816860361,0.019686147558439643,-0.4177886272670856,-0.030105020502525073,-0.4186435279979417,0.3438651662731473,-0.34706534712592624,-0.12488726911586448,-0.3786808698978562,0.18059842259037126,-0.27563969583400766,0.02572760532432391,-0.29112089690210263,0.49986359980844075,0.011678252718065807,-0.49986359980844075,-0.011678252718065807,0.6517780997792857,0.472008298727055,-0.5814213513581735,0.44214602924692614,0.502955356019946,0.35840592140612704,-0.4414384784953435,0.2887309529319317,0.4738479341024279,0.36365661437302726,-0.39381079350528236,0.2533549404112795,0.4641698403599936,0.2780662025515966,-0.40087879372227625,0.21541752597078115,0.4536215929286935,0.30730263141517256,-0.3644264293260703,0.20797536885610388,,,,,,,,,,,,,,,,,,,,,,,,,,,,,,,,,,,,,,,,,,,-0.22706363359231724,0.1990571417850631,-0.29016602497658067,0.14889735461418216,-0.2838654506951102,0.08839962076859996,-0.23245048580313854,0.041907318361031086,-0.18006842824217933,0.010840993962739002,-0.2760921290238668,0.10785355241310228,-0.1913530443812482,0.01692701609389253,-0.14050482795315447,-0.03243238299305105,-0.10430294285534851,-0.06532364112044164,-0.18869420785882957,0.13063942167489911,-0.11382630177074483,0.03174397840625249,-0.07662396964396628,-0.025277367407170556,-0.05746478421917449,-0.06344578146475531,-0.10853320478676554,0.14378307921579841,-0.04519405515625056,0.052989878749116245,-0.026807257472599804,-0.006390162438455077,-0.02437799419633443,-0.04673524711225325,-0.04735351056314215,0.14713384825851367,-0.026106172715889584,0.08471998247669728,-0.03563522851921725,0.043787750804815444,-0.05182964320219882,0.015404384966311264
0.12325203432743174,-0.35274863825372377,0.19868074748459155,-0.40297061226585446,0.24146113791902146,-0.3983846658186457,0.28303376128768737,-0.39395225218479685,0.06710294344006433,-0.4143235311865309,0.01742272615493277,-0.4166441824053924,-0.032235348733993106,-0.41740169024913937,0.34259662408593766,-0.34658143192541396,-0.12661045024780043,-0.3773935827181627,0.18070459867077443,-0.27537450514563416,0.026202460742997046,-0.2905703192755596,0.49988449505040067,0.010746702201417394,-0.49988449505040067,-0.010746702201417394,0.6585517823999741,0.4672634385841555,-0.5991440078726685,0.44179803599254186,0.5243286024914039,0.4100690801998723,-0.4094293296450373,0.2683791548997312,0.4770641023328102,0.4198413797219826,-0.3806022172228757,0.22442283853127107,0.4775338505233884,0.3538211720071242,-0.3601159258573791,0.18061941449363608,0.4556209300602106,0.361011960923669,-0.34055412528222184,0.19131684528862059,,,,,,,,,,,,,,,,,,,,,,,,,,,,,,,,,,,,,,,,,,,-0.2541224711609422,0.21809395611165786,-0.3012638156778299,0.1635262166028964,-0.2949114183994363,0.10409346325673069,-0.2476890985906394,0.056215380829726956,-0.19598129659510408,0.023225772413413746,-0.29363264926980615,0.11998127301683591,-0.19475166162564936,0.032053177201573704,-0.13462508269920423,-0.014087093113304618,-0.09482897488727114,-0.04056409212000051,-0.2148012353998663,0.14989995067343423,-0.12522517802237115,0.05101164322887887,-0.07581030350168774,0.0003185485635952496,-0.049371367457064406,-0.029553282370452235,-0.1389902456668912,0.17160654426287736,-0.0560995449884196,0.0799109471824714,-0.023241326989260708,0.028475350264257883,-0.012093270982239248,-0.003217647008953711,-0.07881270263017102,0.18412697134712563,-0.03898749861165361,0.11610150431307908,-0.04233703927403905,0.08292148958889808,-0.05718250945738797,0.06380985673825286
0.12257580152392583,-0.35183470057274946,0.1981347744322045,-0.4019144594737661,0.24116273000950686,-0.3973043670071241,0.28297179228809655,-0.392830802271455,0.06589142237524256,-0.41326077177902587,0.016219786477508588,-0.41557982670666793,-0.03336168271019783,-0.41631421083176084,0.34159147027569126,-0.3456721527374042,-0.1274553902402757,-0.37664879820077984,0.17970517346420262,-0.27466084918882533,0.02557631661806095,-0.2898276564150202,0.4998873432957787,0.01061338836980295,-0.4998873432957787,-0.01061338836980295,0.658972056061535,0.4658675930830621,-0.5989239752676712,0.44282085077170535,0.5498723999534979,0.39763739313882496,-0.36370960152626797,0.24609515933831216,0.5095985169941926,0.41507852535223333,-0.3039429445795373,0.1971256921318252,0.5152562042628652,0.3489149601335675,-0.30737685429432177,0.1308894824787647,0.4810881318261456,0.3540564703658881,-0.31406141992456343,0.13043490719268444,,,,,,,,,,,,,,,,,,,,,,,,,,,,,,,,,,,,,,,,,,,-0.28912229165150677,0.22731965652244382,-0.324727010073856,0.183502852922074,-0.2960101905960092,0.12194116660334722,-0.22839026873906418,0.07755632980672322,-0.16572002470100058,0.05066155320913981,-0.32111573901343166,0.1227147928741878,-0.19640079923936676,0.05681533990666864,-0.12254404239934123,0.01964347486484055,-0.0722863228864281,-0.0026166598278443815,-0.24795073134427356,0.16217578532318122,-0.1322524782421874,0.0803264008082076,-0.06882220549854734,0.03197961321965391,-0.03100438906646107,-0.0009556941168103503,-0.1733723797049261,0.1916008473053913,-0.07173564886992374,0.11585400105796427,-0.02689304262239057,0.06521270798002499,-0.005452895672213372,0.028358616707747464,-0.11004440748880318,0.20837856002039423,-0.051781609921860726,0.14570191993265483,-0.04243475353764735,0.10751102504855169,-0.04598702987480607,0.08061606592726377
0.12251105874652807,-0.3519502523325134,0.19882757253487846,-0.40202968211912155,0.2420959865096446,-0.39740844657157687,0.28439678704875004,-0.39291307201273706,0.06563778431344551,-0.41341370807790145,0.01581765739108513,-0.4157513613035292,-0.03395004267531252,-0.41648387591123154,0.3426448507430715,-0.345696751379202,-0.1274404619108294,-0.37687465554349525,0.17958216692528187,-0.2745346012886655,0.02537816038941892,-0.2898365757028071,0.4998859614853333,0.010678272794974878,-0.4998859614853333,-0.010678272794974878,0.6910925177530292,0.47147097927961246,-0.5761526747875816,0.44714485848236074,0.5297755092196406,0.345751616430086,-0.3483759390153899,0.2296288130239853,0.4470886467633886,0.39677740624431806,-0.26736244298818823,0.19665030530066288,0.4587443972805119,0.3366903838079169,-0.2775504242103269,0.12702716657418933,0.4288903168972708,0.3371061452161789,-0.28956247640882765,0.129075741404134,,,,,,,,,,,,,,,,,,,,,,,,,,,,,,,,,,,,,,,,,,,-0.32831273092716007,0.24123653621487354,-0.3480765104943747,0.20851594591360917,-0.31037465952223053,0.14740248966656472,-0.23352200349607305,0.10869539483252874,-0.16455593585286768,0.08649983687520318,-0.3305106928299639,0.11767462217587124,-0.20883224243311954,0.08599712360827129,-0.12432791417999632,0.05495942018248464,-0.06276197945831877,0.03266220527274353,-0.2779752390921023,0.15722519941657265,-0.16205424319638792,0.11780296267629943,-0.08343880264047289,0.0787661449328114,-0.027302609614392584,0.04963215746317691,-0.21552410801047633,0.194003935662852,-0.10512927259523061,0.1659466175756702,-0.04072534611662938,0.12552222353290357,-0.0019926772065140185,0.09364550773974112,-0.1503556898255025,0.22323495091668993,-0.07946239915407263,0.20333217202830398,-0.04595140856345154,0.16690281401308116,-0.026670929935231794,0.13831401104386756
0.12152493446988698,-0.35186121114100394,0.19787976685058242,-0.4016898601931519,0.24120341757024918,-0.39696977551104884,0.2835919873430017,-0.3923848271119716,0.06470556397466606,-0.41324387533680507,0.014958416994498526,-0.4156226028501885,-0.03488448578324241,-0.4163581316388009,0.34177825357457564,-0.3450928843651959,-0.12740487038710138,-0.3767851295208424,0.1785738264951693,-0.2744109434004732,0.02430264782105957,-0.2897695154669876,0.49988898389527814,0.010535833149131115,-0.49988898389527814,-0.010535833149131115,0.7049814556910371,0.4312756605422554,-0.626763953759453,0.42761501142586184,0.553591722467571,0.45675693614079405,-0.3967815532371927,0.3057769061580905,0.5363447145000576,0.5161973474844791,-0.3365847807367209,0.3062273604348432,0.46723771884332405,0.47417480607535156,-0.3347106899313507,0.24615594762356097,0.4527592229621406,0.45869526008136846,-0.3213952432365335,0.24899463189742568,-0.37554267977332045,0.29647854308952737,-0.3164361345406404,0.27126096141445905,-0.22390734389348296,0.22637552267196592,-0.11992001979013822,0.19617105581010527,-0.03889617857738123,0.17117477236187162,-0.3230971928943576,0.18943288114612855,-0.2132719630902906,0.13383823461147423,-0.1361360082730923,0.10288626948630449,-0.08133993585178864,0.07921256730703544,-0.32237482139090795,0.19859318409051857,-0.20246453250958799,0.1417827678588112,-0.12483993074065067,0.10980106242958404,-0.06970706836719476,0.0870152028886935,-0.2968718910938723,0.21444661627121003,-0.16077393844071255,0.17295146270902303,-0.10551242705677635,0.1588505991860179,-0.08034290602056642,0.15287618665173205,-0.2586538152375702,0.23227190519563376,-0.15747474918615134,0.193720420078506,-0.11556715128212626,0.1776217507215865,-0.09063245123805717,0.17109189973935343,,,,,,,,,,,,,,,,,,,,,,,,,,,,,,,,,,,,,,,,,,
0.1228276282884649,-0.3521037837888794,0.19914339168554518,-0.4014672161943274,0.24284664812215262,-0.3966279238668678,0.2854238287919397,-0.3919378914198642,0.0657734274437478,-0.413456175618558,0.016216222260243076,-0.41595584445549005,-0.03393710842254753,-0.4167658512286687,0.3426941045646409,-0.3448066848567284,-0.12656159316071686,-0.3773319026648219,0.17948386372013528,-0.2747020702143972,0.02521879584605485,-0.2901797622639334,0.499897572093895,0.010120148943028665,-0.499897572093895,-0.010120148943028665,0.7217256306229388,0.42743920788190903,-0.6066798762346421,0.4689496331490276,0.564007189261994,0.4735698093628567,-0.389324878368075,0.3185694572672065,0.523899438332852,0.5033727771856381,-0.3267172648071009,0.3046030379136288,0.4819635358757281,0.4417237850423774,-0.3230684868353909,0.2189574808621315,0.45946998962898455,0.4364189810363126,-0.3130943986939352,0.23020361416972668,,,,,,,,,,,,,,,,,,,,,,,,,,,,,,,,,,,,,,,,,,,,,,,,,,,,,,,,,,,,,,,,,,,,,,,,,,,,,,,,,,,,
0.11905472309743449,-0.3550759499100648,0.19537833887000242,-0.4043579089320845,0.23935867966261545,-0.399395472837188,0.2822211085217954,-0.3945732357043185,0.06161233814000357,-0.41654868704949355,0.012192939978044014,-0.41908643545269353,-0.038396990725143555,-0.41988006829088703,0.33979927672591387,-0.34675646622836437,-0.1312848746766202,-0.3797522551437901,0.175763363355963,-0.2772017740948689,0.020591814541784624,-0.2926791323417901,0.49990722731329995,0.009631411107859832,-0.49990722731329995,-0.009631411107859832,0.7234408571430486,0.4277512648715654,-0.6338683527962838,0.4640194206860302,0.6095360080572626,0.4608207410367179,-0.5567455294859373,0.4463183489088849,0.5888818675333433,0.5476405121711179,-0.5665765254546847,0.4334742159396096,0.533889284648602,0.47016549862379287,-0.5423940443864194,0.353999619296078,0.5018356069996581,0.45385954979224097,-0.5177182911171114,0.3581711823748681,,,,,,,,,,,,,,,,,,,,,,,,,,,,,,,,,,,,,,,,,,,,,,,,,,,,,,,,,,,,,,,,,,,,,,,,,,,,,,,,,,,,
0.11827353515461037,-0.3588061299562516,0.1937010319768983,-0.4071151121392229,0.23789862516917082,-0.4017061234035309,0.28101951611874565,-0.396460707745176,0.05952163047385587,-0.4202675137374572,0.009947726237413535,-0.4229292686387078,-0.040876976643452086,-0.42369848672756233,0.3383958192202237,-0.34794264372238043,-0.133974058212672,-0.3825059488172497,0.17442174783797718,-0.28055736678935045,0.01886172047338248,-0.2957383699381269,0.499891370779388,0.010421968158869229,-0.499891370779388,-0.010421968158869229,0.7571116653879575,0.4159179646779419,-0.6424633258399076,0.46083959717845546,0.6097891560136481,0.44746666096204984,-0.5961687213559962,0.46222792494650766,0.5744790324675827,0.5156960655179095,-0.609247819317617,0.44538604288377937,0.5333767736033398,0.44407099657466836,-0.5579867677140806,0.3799527503149542,0.503310897346474,0.4242570537089207,-0.5443945096183794,0.38286161871960855,,,,,,,,,,,,,,,,,,,,,,,,,,,,,,,,,,,,,,,,,,,,,,,,,,,,,,,,,,,,,,,,,,,,,,,,,,,,,,,,,,,,
0.11049741909689614,-0.36489752316785984,0.18500024283882113,-0.4120295341640681,0.22871637757243454,-0.4061326030866776,0.27152762266563624,-0.40048425201942034,0.05236692897392493,-0.4257708801647575,0.0033307804992141195,-0.42843134331285787,-0.046885666746078074,-0.4291811898412224,0.32858312287694447,-0.35143423270713964,-0.13868889264699186,-0.38739912439349905,0.16603953792492607,-0.2871127862525013,0.012098609931521209,-0.3023943427565054,0.49986241532163456,0.011728842603672454,-0.49986241532163456,-0.011728842603672454,0.7295227855206563,0.45981192318238356,-0.6334064591796035,0.4547348316097791,0.6200406296039135,0.4376235108681898,-0.5830250219716384,0.46230356363637726,0.5712857306120334,0.5071118443175953,-0.5999439760974564,0.44703560420341204,0.5503181345150066,0.4333211785782694,-0.5677240280439344,0.3904256133935247,0.524650697125071,0.43059373388558836,-0.5470120386313362,0.3757345712968526,,,,,,,,,,,,,,,,,,,,,,,,,,,,,,,,,,,,,,,,,,,,,,,,,,,,,,,,,,,,,,,,,,,,,,,,,,,,,,,,,,,,
0.11020059830380863,-0.3644064931194595,0.18389675397014593,-0.4116534049792856,0.22696793765613052,-0.4057816957299684,0.269460147553142,-0.4000745646367202,0.0513549660042416,-0.4249292249410205,0.0019241483094963522,-0.4273568662139128,-0.04852591016646396,-0.42803124631398815,0.32415020410614126,-0.3514384969454963,-0.14068441251654562,-0.38604602428330065,0.16466498398202156,-0.28819827384975877,0.01055973572639952,-0.30207394624133593,0.49985122915647856,0.012196258063747679,-0.49985122915647856,-0.012196258063747679,0.7224600243175665,0.41573862878379414,-0.6493705293335289,0.43309095798689207,0.7041874009356337,0.4788852611024179,-0.5765165998845155,0.5235365040187043,0.7297025525049964,0.5378211254412197,-0.5924727834503595,0.5249684156755343,0.7006912271337351,0.48704572327449747,-0.5576464842669255,0.45543963672669086,0.6399492695830474,0.4742200649652426,-0.5335911128011183,0.4468281959118364,,,,,,,,,,,,,,,,,,,,,,,,,,,,,,,,,,,,,,,,,,,,,,,,,,,,,,,,,,,,,,,,,,,,,,,,,,,,,,,,,,,,
0.11342634129223651,-0.36289037183136913,0.18639147665748554,-0.4102797381834403,0.22937824740156912,-0.4043369539972723,0.2717242297134101,-0.3985756900837191,0.05253667803834421,-0.42368116485645263,0.0024188578696905188,-0.42612904592234185,-0.04872046945559565,-0.4268232333906047,0.32484697584077143,-0.34990173975421274,-0.1417523429097252,-0.38465184587913015,0.16712699985379614,-0.2866029234042411,0.011495418248239516,-0.3003845220538342,0.49978203559373185,0.014762008595909688,-0.49978203559373185,-0.014762008595909688,0.7224913721563564,0.3842539957233891,-0.6664404270128285,0.384858334301693,0.7697690197061055,0.5464870103757863,-0.6417367207551343,0.5774573577718939,0.8207075083361892,0.6453625244133705,-0.6924372829636333,0.6345540492249235,0.7687835979048723,0.6402593626126808,-0.7057839437311026,0.6184884116028957,0.7407565762143159,0.6059795507282076,-0.6503377927890528,0.5906826405257474,,,,,,,,,,,,,,,,,,,,,,,,,,,,,,,,,,,,,,,,,,,,,,,,,,,,,,,,,,,,,,,,,,,,,,,,,,,,,,,,,,,,
0.11717397693220288,-0.3613251922240889,0.18899029567521447,-0.4086918844684665,0.23166861835360059,-0.4026788780664699,0.27379497100251976,-0.3969083735385763,0.05450193126578889,-0.4224083853180785,0.0039075372524058835,-0.42488741501075233,-0.04790629996987886,-0.425589922320983,0.3250090312043556,-0.34859046814920314,-0.14191455093893107,-0.38346101510002667,0.16960675046521553,-0.2851931977283705,0.012868611020049816,-0.2989846935142175,0.49973628446607016,0.016237179189963778,-0.49973628446607016,-0.016237179189963778,0.7215295203494974,0.3896703586100254,-0.6856657436667941,0.3663106148813562,0.7606230485819634,0.636877936874993,-0.7288649864655867,0.6528856459709156,0.7924758248444103,0.7622941036331563,-0.7570597855289284,0.7281526132948073,0.7500938325223396,0.7371795585271248,-0.8032722673860686,0.7436734631151248,0.7310644604783557,0.7069894437220343,-0.7043632524330745,0.7047414203292961,,,,,,,,,,,,,,,,,,,,,,,,,,,,,,,,,,,,,,,,,,,,,,,,,,,,,,,,,,,,,,,,,,,,,,,,,,,,,,,,,,,,
0.11786556496057769,-0.3596429234980031,0.18940383882650483,-0.4068793688865724,0.23171888667568358,-0.4008818165322235,0.2735946653798996,-0.39515193812660704,0.055360331535865816,-0.42061426327836404,0.0049590192857538904,-0.4231200444551283,-0.0467864856627174,-0.4238423637885705,0.3235838216178572,-0.3475113432885919,-0.14153214547394843,-0.38197713918974296,0.16975900935182225,-0.2838341492474209,0.012560340740818968,-0.2975669510148683,0.49971892087117364,0.01676305829345304,-0.49971892087117364,-0.01676305829345304,0.7171289426908988,0.39137575200553576,-0.6958270276865547,0.3736222910034059,0.7652785911465747,0.6973043294899431,-0.7525522507050547,0.7093931473757975,0.7774745877923226,0.8609426400939395,-0.8083857428018938,0.7928036979997805,0.8021950321222019,0.8138036382128795,-0.7765514675054975,0.7857550113389373,0.744044095039583,0.7770020186251858,-0.7231799024578602,0.7627093943538124,,,,,,,,,,,,,,,,,,,,,,,,,,,,,,,,,,,,,,,,,,,,,,,,,,,,,,,,,,,,,,,,,,,,,,,,,,,,,,,,,,,,
0.11740340215124107,-0.35650206143644597,0.18900091362761318,-0.40338084799514334,0.23127233283193194,-0.3974112670602429,0.27298963739213805,-0.39171648138565757,0.05543720667387684,-0.41722909949200704,0.00530973752500639,-0.41979400605906464,-0.0461042113772921,-0.42057215529802094,0.32174358265178093,-0.3446959992794944,-0.14077855287714106,-0.37915959569558283,0.16919647260135665,-0.2812551205118383,0.012206854256248874,-0.2950687172228275,0.4996755495614144,0.018009585517121958,-0.4996755495614144,-0.018009585517121958,0.7135741171904274,0.3936115462299252,-0.6955316412955891,0.37581382541547953,0.8104712510396022,0.7642490957631264,-0.7757870583625165,0.743605520313372,0.8130910804657349,0.9185260496682445,-0.8204017020832599,0.8411570233830272,0.790181462046164,0.9202025088658471,-0.78334098734092,0.8378598421891238,0.7454136315043097,0.8715949642420916,-0.7472354960306337,0.8065425926900387,,,,,,,,,,,,,,,,,,,,,,,,,,,,,,,,,,,,,,,,,,,,,,,,,,,,,,,,,,,,,,,,,,,,,,,,,,,,,,,,,,,,
0.1153298459247986,-0.3547226386811637,0.18694475228838442,-0.4013403651960978,0.22911639068055129,-0.39535084071277865,0.2707207655134006,-0.38963503396534255,0.054215714473207305,-0.4154301140826055,0.004652345297139317,-0.4181099702428771,-0.04596822145611257,-0.41901241860948774,0.318861199024628,-0.34300937621538785,-0.14071817986424134,-0.37788797362305826,0.16705519766535826,-0.2797250605812722,0.010343907701160043,-0.29376316631247507,0.4997072371566534,0.017107809131040444,-0.4997072371566534,-0.017107809131040444,0.7081835350365145,0.39381975184311113,-0.6909771861019082,0.3866683250178904,0.7999890224432283,0.7929449140851753,-0.7635738625137546,0.8295499122547899,0.7947356607740983,0.9354899367704507,-0.7837517114195391,0.9793541728181601,0.7507270401979449,0.9405392493931404,-0.7315139838711116,0.9836408250914781,0.7152648661225621,0.9071381148910775,-0.7023444336355756,0.9252793729580753,,,,,,,,,,,,,,,,,,,,,,,,,,,,,,,,,,,,,,,,,,,-0.6852577185812047,0.9047559356331125,-0.5519718227509464,0.9313094548932045,-0.4716798748917612,0.991923918538495,-0.42766539601701303,1.0558552607204883,-0.38886155829548813,1.1072541700378118,-0.5831038877074189,1.0363732378441202,-0.5633197076397484,1.1439314453694258,-0.5440908789705444,1.2110497019869877,-0.5255848742202677,1.26456967590631,-0.6810905740232491,1.045288232959266,-0.6745457252712218,1.1560521750343873,-0.6547393584882418,1.2317884395232472,-0.6344053843210474,1.2919041366389439,-0.7502683440127877,1.0453117484378551,-0.7485862376360651,1.1469554089763887,-0.7266208625017262,1.2176374939483416,-0.7038451494802209,1.2708894281750343,-0.7845966081027251,1.0419499779361057,-0.7850114258727616,1.1236862469578601,-0.7675883952134858,1.1793370192676156,-0.7449232688439161,1.2220112095515454
0.11492993222261597,-0.3525187660380241,0.18686129432931087,-0.3990548658362973,0.22908800374427093,-0.39303073004797745,0.27071279517155655,-0.3873110674453391,0.05426110443918924,-0.41322201488002747,0.0047102785760022355,-0.4159472256014686,-0.045700713321666864,-0.41687749525786844,0.3187613490750866,-0.3409586968052798,-0.14008559873324933,-0.3759842864865602,0.16703710738375574,-0.27753564369082645,0.009822977171907788,-0.2918706629757299,0.4997771907552331,0.01492513319228072,-0.4997771907552331,-0.01492513319228072,0.7078613203840936,0.4056387493101611,-0.6793696045235094,0.41558391222926744,0.8019695758222987,0.8237228738753571,-0.7513804414303732,0.8686901122838997,0.8070101884316564,0.9443915714870467,-0.7792214911548799,1.0039531585170987,0.8240244636215767,0.9578428165768736,-0.7109274978219059,1.0282704650041805,0.7496063151939477,0.9186348880635707,-0.6846093546707055,0.9756123726908489,,,,,,,,,,,,,,,,,,,,,,,,,,,,,,,,,,,,,,,,,,,-0.6812259087845994,0.9428701967409545,-0.5396611957148716,0.9745705499702663,-0.46319688655908214,1.033214482391564,-0.42684013902871265,1.0971877317983438,-0.3912569642414847,1.1498238378857784,-0.5645748335256705,1.092594232520549,-0.5471341697253198,1.1990446901455427,-0.5358487481013227,1.2639687537148885,-0.5261220057214563,1.3143509112179383,-0.662891649073505,1.0996456837246589,-0.6582942751739332,1.208967866838752,-0.6420727656210728,1.280876341644718,-0.6253484563120412,1.3348674840642856,-0.7349180745749598,1.1004344846324585,-0.7365463167961092,1.1990302729482332,-0.7184528242800845,1.2648397326473526,-0.699533947218087,1.3139585832361518,-0.7783781752197534,1.0969179499936885,-0.7774619623307304,1.177077747249853,-0.7625704392296776,1.2290998609468664,-0.7443343966752546,1.2686480353166751
0.1156663574469441,-0.35082784367941894,0.18774261246896426,-0.39723074050763035,0.2300415399432549,-0.3911328036321131,0.2716778266881639,-0.3854490172124594,0.05507605552525385,-0.41159084363433857,0.005482666296316088,-0.41437458434551533,-0.04494985130724711,-0.41536538742957574,0.3191847638165814,-0.3393416198925166,-0.1394284879814716,-0.3748353064774525,0.16796805606219983,-0.2758018268484467,0.010137212138620112,-0.2905089501610484,0.49977529566801243,0.014988456890244936,-0.49977529566801243,-0.014988456890244936,0.7055079182003711,0.4164628410231853,-0.6937606936835092,0.4080356354396953,0.8042865013069771,0.8362381638624189,-0.7873361200199172,0.8386720274428493,0.8336855894841227,0.9371901796881623,-0.791613948501841,0.9536369153731058,0.8198908603784256,0.9566379271731102,-0.7275302559048418,0.9653668473040795,0.7628483571331087,0.9212214764901829,-0.7100832431058018,0.9220593416608035,,,,,,,,,,,,,,,,,,,,,,,,,,,,,,,,,,,,,,,,,,,-0.7273699107552088,0.9647616185114454,-0.5212813438499448,1.0112585074257718,-0.4504728042756115,1.0772749923789915,-0.41497388441694133,1.1465483781720478,-0.39077324163502897,1.2016094557069588,-0.6247905516502862,1.1246859924669048,-0.5326884369288314,1.243977859401514,-0.5212031154305039,1.310048120753796,-0.5118176901324621,1.359605057524309,-0.722489887656665,1.1261115459993851,-0.6380526438856698,1.2563375887577444,-0.620315635538668,1.3279439318899742,-0.6025924322068615,1.380440705295116,-0.7933155415720163,1.1215091336407903,-0.7030140828082987,1.2450061074614316,-0.680429168177399,1.311832306181736,-0.6569759812509057,1.3617990624229535,-0.8341798382652051,1.1129742415593986,-0.7507636453344977,1.214151086439882,-0.7336881047417301,1.2663244796197917,-0.7126913984603096,1.3067020738027626
0.11566471837315243,-0.350814691704172,0.1877809949731328,-0.3970028212292402,0.23008763942167584,-0.3908367827661273,0.27172912875308125,-0.3851414597460567,0.05513127180673487,-0.4115890449665686,0.00555736559005121,-0.414469098051082,-0.044801697955624796,-0.41553567410095776,0.3188791707447534,-0.3391633792053477,-0.13932319955392505,-0.37515998253655225,0.1679773818369326,-0.27578245158334874,0.00935160093810754,-0.290937828668331,0.49975101581354364,0.015777268246793298,-0.49975101581354364,-0.015777268246793298,0.6986966644930825,0.44290883899855843,-0.6472218241890428,0.42490126025924385,0.8011713828245892,0.8672733465019515,-0.7439767203362453,0.8758302333383485,0.8236826405862888,0.9907927132040834,-0.7699569285211125,0.9940262765638199,0.7536708238278871,1.0124746767511044,-0.706833238723172,1.0046660516212131,0.7124878692638844,0.9711004404659499,-0.7067102590128277,0.9611247377989708,0.7553593376190973,1.001286484474566,0.6469773084039854,1.00912327663296,0.5807873365250893,1.0667784746594033,0.5455086712387931,1.1223162201235861,0.5338036735399285,1.1750648615480295,0.6914932997087593,1.138454630855965,0.6704863732969149,1.2161510925247325,0.6419493059544994,1.2692961923844313,0.6190187780408275,1.3094662560985986,0.7489863917442581,1.1512283681450748,0.7274392425887137,1.2309862531812392,0.6914708803795472,1.2863455291904982,0.6596930314992384,1.3288033944714235,0.7795153688773776,1.1549562419005528,0.7568601758464141,1.2284023258556036,0.72773392471196,1.2782211087662523,0.7002185904876218,1.3177900786944223,0.7920546304816715,1.1515964263634377,0.7747273322376322,1.211540842136064,0.7504516968244639,1.2516964694939179,0.7257095866479204,1.2807597420239552,-0.6582804261236209,0.9944768235696544,-0.5165846193199529,1.0231252790757326,-0.44068150600452677,1.090780180211526,-0.40122640283677824,1.158148880583407,-0.371353701853697,1.2132100458347952,-0.5388090690201165,1.160969227546393,-0.5106655327770253,1.2664520497362473,-0.4963405168617415,1.3282652792898435,-0.48825678891685403,1.3751049396207786,-0.6315479186114897,1.1725693999967914,-0.6119541666244355,1.2812760222166113,-0.5949145743588802,1.3476565539988437,-0.5809457755356283,1.399436696369115,-0.6969849144072777,1.173840669788324,-0.6761158304413059,1.271548444423768,-0.6550968565579754,1.328268707924468,-0.6349974785718054,1.371560994600305,-0.7311941153011595,1.1685981429867456,-0.713730568860783,1.2470923545566828,-0.6964592730763984,1.2926190282809185,-0.6762218474329821,1.3256281179003022
0.11745638204458317,-0.3513735378620111,0.18968149498722833,-0.3972415552513839,0.23206818193708237,-0.3910177609630456,0.2737807073450313,-0.38531594483369447,0.056785458080320456,-0.4121110646488454,0.007148190858331173,-0.4150180022250466,-0.04329427466638925,-0.41608662960212806,0.3203397854999467,-0.33948922661652686,-0.1381887472319421,-0.3756019638282092,0.1699894713106484,-0.27641680549213204,0.010797338721887132,-0.2918607077529111,0.49973887105024434,0.01615737483093198,-0.49973887105024434,-0.01615737483093198,0.6794808210630069,0.4570389610569261,-0.6188070956231679,0.4358782412169358,0.7997611808586614,0.8635511412113037,-0.6652026941226803,0.9049151992056352,0.8192402923914439,0.9769328222152759,-0.662519603482042,1.0212850605775208,0.7406120907235785,0.9822133325660263,-0.5576770007749348,1.0302844845706944,0.6944551598691293,0.9590425991851441,-0.5345000318516409,0.9965736963700437,0.7599722750996389,0.9999497455500022,0.645319627885834,1.0134727392672511,0.5714130873763408,1.0782806293260623,0.5337974037030736,1.1454094063445526,0.5100631218804594,1.2021349489956126,0.6687246007729651,1.1484203599977956,0.642979040226941,1.2370100665938377,0.6252475072326786,1.2968857329751562,0.6126130331240102,1.3420836554807183,0.7270182467853036,1.1570763773074253,0.7003303060034903,1.2432336801418162,0.6713702781591332,1.30179446040588,0.6432217745300988,1.348068330273094,0.7594967472131102,1.1594780552079171,0.7328272419479924,1.2390240564226442,0.7058155951818489,1.289503935201835,0.6777005285193701,1.3301439473149677,0.7731724665343565,1.1570541462431747,0.7529996735008146,1.226104012545555,0.7320813264832626,1.270854602660711,0.7083336698740264,1.305192740650089,-0.6239840417477758,1.0080185374307713,-0.4902682569391761,1.0434203324373374,-0.4154364161578912,1.1135980185846204,-0.3753576028618136,1.1812059382968345,-0.3479139866358435,1.2358077817207136,-0.5054148413081498,1.1827062640232031,-0.47063018425998454,1.2754745069965383,-0.44777023392770987,1.3303339054330756,-0.43269477089030167,1.3737067117857804,-0.5919793521730803,1.1943551609500997,-0.5631802736190894,1.2895834609601295,-0.5407643119805654,1.350946078281194,-0.5249015439360423,1.4015002413482462,-0.6563411750240035,1.1944903547392003,-0.6332796088204165,1.2802859961137114,-0.6129117969386936,1.3344287590237998,-0.5939134547628728,1.3773553174282571,-0.6957364282794685,1.1876970475772581,-0.6821735813128924,1.257986250526513,-0.6623957963356063,1.3018376573518626,-0.6401556950671288,1.3354067451104616
0.1204055170777731,-0.3511055125270511,0.19232242571289793,-0.39654162305238394,0.2348071090370458,-0.39027000930213407,0.2763176906510485,-0.38456605052847387,0.05952181600224535,-0.41167689517200284,0.01002475442853693,-0.41461317528994973,-0.04049329268438697,-0.41576561587298155,0.32171187621384734,-0.3389832477148768,-0.13552465034084663,-0.37528566704763766,0.17241392898787397,-0.276518119020324,0.013311310846364806,-0.2920143966237842,0.49973915195958224,0.01614868411721533,-0.49973915195958224,-0.01614868411721533,0.6466849735455826,0.46877265334227974,-0.6046136793681411,0.44737505407701533,0.7333573051236473,0.8816958469166648,-0.5875339004378317,0.9292733763347835,0.7329445471054091,1.0001058259390285,-0.5679985809599654,1.0499741713744897,0.7259235133797125,1.0099501677868545,-0.43759265298028793,1.0582538555883043,0.6275037171384068,0.9655423458587269,-0.4373069321065884,1.009499542060521,0.729706136773588,1.0054356156922237,0.6151177307877121,1.0196114823788869,0.5413707299170701,1.0813937300707888,0.5048271293482265,1.1465671211838293,0.4878312003429851,1.2015699671921662,0.6284587046720849,1.1513995817040406,0.5993598955147655,1.2404384647156381,0.5748428987145509,1.2986106575691272,0.5557492790032525,1.3433398140488058,0.6800610304934692,1.162087471830293,0.6466961535355917,1.2511247319401149,0.6088625263776369,1.3091068649634499,0.5750771375374828,1.3535942090785773,0.7081518373257771,1.1667727892561912,0.6749723318151468,1.2479532212259288,0.6407186456515482,1.2989704007960319,0.6073660306181969,1.3389238983176421,0.7209493194377734,1.1677973812437967,0.6960395804078852,1.23756412534879,0.6682316994517745,1.2818612293113436,0.6383663396891558,1.314181137848212,-0.5940496707440861,0.9985768721440782,-0.45946080359924063,1.0312875393640055,-0.3790841588144293,1.099360334660205,-0.3393510152894494,1.1694155946364,-0.31358835121532075,1.2252811030996302,-0.4687386625662038,1.177080920366974,-0.43948333354875746,1.2732883408434204,-0.4168317721782821,1.3277913331049,-0.3976321228843171,1.3689398273005444,-0.5538620245607535,1.1843123903562285,-0.5246294161681644,1.2794687114494026,-0.4948088665267917,1.335912513911973,-0.46982780997999074,1.3799431013385042,-0.6177109475025581,1.179012353802251,-0.595066869512492,1.2630795673857824,-0.5683466933908122,1.3144400808426158,-0.5448970249916248,1.3531271740120694,-0.6594946274208953,1.1664844537074088,-0.649167111650016,1.233596851797345,-0.6299622330058854,1.273328913387808,-0.6088629771836856,1.3022704813953223
0.12294729942863489,-0.3513807020207971,0.1956850690780751,-0.39685303704446256,0.23842185044136102,-0.39060062585834543,0.27969935781096217,-0.38487514472151463,0.06252406685518858,-0.41194138286640947,0.012941695449482595,-0.4148711823495359,-0.03815863775177606,-0.4160774327066399,0.32254055305487195,-0.3390875877927243,-0.13428349644557624,-0.37543333954216823,0.17435151302729546,-0.27670650494561416,0.014846528675139952,-0.2922073756079914,0.49976043239846124,0.015476117371712129,-0.49976043239846124,-0.015476117371712129,0.6329586995752946,0.47582539551074104,-0.5933267909691122,0.48653807963881895,0.7242380341124183,0.8864934691053356,-0.501870222870826,1.0036933694834052,0.7172369033926551,1.0051708258942331,-0.4570215807599561,1.1365962173876458,0.7296295708551848,1.011586338762842,-0.3184054033343021,1.1349560193421904,0.6239810861048941,0.9582756717231351,-0.32189525727022317,1.084374155065409,0.7238369407916769,1.0030960500766637,0.6061902210141099,1.0243757789717425,0.545169308986058,1.0918955549489704,0.5076868861292706,1.159614437395112,0.48056952118765645,1.2138653694322303,0.6307782497095766,1.1497079004350235,0.5770259839644035,1.240957350999417,0.5485433175216661,1.2946581299000064,0.532104432161029,1.3359251958815452,0.6804547736317762,1.1605896270353526,0.6258308320073258,1.2540339293800329,0.5873159718998868,1.3085421156161365,0.5585623694393237,1.3506430524512094,0.7035950498652132,1.1629214770279752,0.654247789714843,1.2467784248441982,0.612767755421618,1.2958599696707738,0.5788789702976131,1.3346963525209614,0.7056784668315238,1.1592894941976533,0.6640155282232748,1.2246837276084568,0.6299042335191819,1.2656476332883222,0.6016312949573528,1.2961127232714564,-0.5785286437257269,1.0049801805501284,-0.439595534167593,1.0318816967971425,-0.36232827237429566,1.099477802921585,-0.3248868049620634,1.1721788476888748,-0.3030509821406965,1.2276110967684997,-0.4491764978464605,1.1735250666531944,-0.4116212553091346,1.2747888885130105,-0.38649720535581,1.3264728593021704,-0.36466057242674854,1.3651607224083673,-0.5212312566974748,1.18399525854472,-0.475817159415847,1.2859260690730043,-0.43535822086555065,1.3385375231603953,-0.4024170817201736,1.3744434764436944,-0.5637458885285369,1.1829779433043657,-0.5210226089601593,1.2734793944308416,-0.4833172264634535,1.3213317358489691,-0.4536613440551543,1.3538786225830248,-0.5777750635459138,1.1786152433336086,-0.5425046847549297,1.251132843714078,-0.5112806138740191,1.2923883881639617,-0.4851935258958714,1.3222523782377804
0.12640349177215365,-0.35395459269523927,0.19907328484143386,-0.39967943372762793,0.24188394907560398,-0.3934297729636002,0.2833218857517086,-0.38769793503747346,0.06568320624388015,-0.4147795272368268,0.01587425220743247,-0.41771846554596764,-0.035707951344773094,-0.4189453351528339,0.3254482647278357,-0.34179524490473767,-0.133055030051041,-0.37808459471855715,0.17773880317895863,-0.2789588442678622,0.01815303417610797,-0.29452443610830503,0.49978159200591465,0.014777019050997124,-0.49978159200591465,-0.014777019050997124,0.6370807359919926,0.4898784787498727,-0.5784007487766382,0.5065602869441944,0.6989771029185983,0.9171152148720915,-0.47543406564822044,1.0450105310965732,0.7326245621838668,1.0538327344629286,-0.40832178844762157,1.1652524847160748,0.7223931781671487,1.0528820370362761,-0.2698634623425636,1.1666150907806248,0.6231712735280547,1.0042901925950902,-0.26907461844168445,1.1179516729210064,0.6989078748424249,1.0563576775087238,0.6297742828603534,1.019788548800036,0.5661502131388104,1.0895945014272426,0.5294184094655908,1.1584653003499816,0.49623491223344324,1.211174423760586,0.5884883713924991,1.1974470341504218,0.5883573121351028,1.2344151802821681,0.555549213867814,1.2899565144676095,0.533861745118979,1.3326607222789093,0.6384003807642106,1.212126835495582,0.6332548114430615,1.2459063287596785,0.5924697110987189,1.3022074979226193,0.5613824474700533,1.3481158813954577,0.6647064175533076,1.2160740262791685,0.6670043893482652,1.2402061205007884,0.6286092266603152,1.2905900115171185,0.597388576206389,1.3313978852218713,0.6758851246517992,1.212785997291871,0.7048114209665713,1.2179115428819676,0.6741966141959416,1.2568125995047466,0.6468638824387302,1.28544901577497,-0.645358020532106,0.9944674779494669,-0.45514210041212816,1.0265979643036725,-0.3734455617954526,1.0936454484659421,-0.32576203102682216,1.1680872258642907,-0.2918799700011363,1.2270116692573518,-0.5099675326279193,1.171383569384528,-0.409312339254992,1.2780955699948653,-0.38042875972793444,1.3344312606803326,-0.3554337314909363,1.3762727919103754,-0.5814738976755183,1.1806964902180357,-0.47595939183004715,1.2889947918426634,-0.4310249309966605,1.344106866258466,-0.39470521670229397,1.3843302237126878,-0.6243825639426741,1.1785335479020673,-0.5235062824362158,1.276601565255567,-0.4823762379780394,1.3273930271268592,-0.45110940820994794,1.3627737921566898,-0.6403454475502726,1.17207256084071,-0.548401089813313,1.250532393519216,-0.5185418706077252,1.2934372237912735,-0.49442189970744516,1.3241219773117348
0.1266104974042014,-0.35496268902124467,0.199535757510315,-0.40090529879602804,0.2423368971129612,-0.3947250800283541,0.2838425683037503,-0.38900670108921914,0.06627048575526423,-0.4157502409312293,0.01634345535507856,-0.41865404867151396,-0.03541337666246959,-0.4198838114757835,0.3255741364594686,-0.3428990127631414,-0.1336072395763587,-0.37883952759557477,0.17785562211417374,-0.27990462127269544,0.01826213149950851,-0.2952982866844853,0.4997816040432697,0.014776611923453867,-0.4997816040432697,-0.014776611923453867,0.6388340374671615,0.4944953345027942,-0.5380903263601983,0.5114928140634257,0.6848464255111597,0.9246447873800117,-0.4420978728112674,1.0443316242623684,0.7453216495261242,1.062778790355145,-0.4008893249120898,1.1752430786040071,0.7186296062278017,1.0576857912347843,-0.2639504218655977,1.1773509072551285,0.6231481359577129,1.0106074518875268,-0.26024221820211996,1.131309377054597,0.7579961345247349,0.995656620550015,0.6312263055473133,1.0153206979370373,0.5635151383672798,1.0845199251721045,0.5260828528325522,1.1551451269982869,0.49576831277210925,1.2080938913187662,0.6408538966271325,1.1433349513005868,0.5838670430513618,1.2323997169178416,0.5560918527673537,1.2863872814640647,0.539149399390487,1.3277642565474304,0.6968064751567454,1.157229243708378,0.631572210274861,1.2471096276941989,0.5932993273802529,1.3029038249383047,0.5647030885121754,1.344908532933829,0.7300951442482382,1.1582497622085948,0.6766681589491188,1.239343695496027,0.6408953472721396,1.2883284024992407,0.6119025216651521,1.3254079050334502,0.7481259938191104,1.1491302582926826,0.743334914680722,1.2052604048692468,0.7356234656447646,1.2412603805614393,0.7294780907599021,1.2674427076312036,-0.6050595450953244,1.0000905725154825,-0.4637467844682658,1.025472304812906,-0.3849804225526471,1.0897568250032976,-0.3300413937466885,1.159500159831776,-0.2889212678566197,1.2142238805930365,-0.46209554643736367,1.1677790663878078,-0.4091772818272934,1.2750395791200455,-0.38059823864164244,1.3312595052595946,-0.3586355510321564,1.3749298413571043,-0.5334132817473751,1.1831440421610229,-0.4747831544567736,1.2887682499549922,-0.4300365496465488,1.3445727646085537,-0.39639926071975684,1.3879699608662572,-0.577981503978323,1.1837621816924595,-0.5252256933153873,1.2761603755998863,-0.4823313350132711,1.3269582315595863,-0.4530529705744121,1.363545575562031,-0.5932320832116061,1.1771827515817157,-0.5533703192607898,1.2501784234821862,-0.5214090663490308,1.2932186735741524,-0.49835970211378205,1.324350280060629
0.1268302775273663,-0.3559227650182173,0.1998777020701394,-0.4020832689933861,0.24265654352797628,-0.395984556529421,0.2841963689096126,-0.3902836334372888,0.06640016669390242,-0.41653121084101147,0.016283777838601125,-0.4193556784094556,-0.035630090040697,-0.4205322002537425,0.32545669110329895,-0.344153652007272,-0.13407969900069747,-0.3793922473850028,0.17807627226734404,-0.2812895266977983,0.018344638350141176,-0.2961360730594119,0.49978244902799474,0.014748004732161427,-0.49978244902799474,-0.014748004732161427,0.6601918064026798,0.492269802794791,-0.5448962199042856,0.5210395902993626,0.6980621740366956,0.938439583355369,-0.44192365883804946,1.0582325809781385,0.7162333044019006,1.0631038704987799,-0.4022965192383725,1.1860715063514558,0.7186120703540447,1.0600478119868528,-0.26656973494134856,1.182313519872383,0.6244763748230964,1.014427747260711,-0.2615146761503411,1.1384219188010813,0.7984404468053018,0.9815984378877156,0.6325919301222102,1.010807972662653,0.5661712490173969,1.0750214299533576,0.5353248207156361,1.1441101619041296,0.5062657274466051,1.195724782041047,0.6937144751911254,1.1330712747710867,0.5805007235384383,1.2285645046268008,0.5491791579314328,1.280619663813034,0.5296981661309955,1.3211354895047929,0.7494878716595081,1.1456364561394445,0.6337485262693652,1.2452339805619297,0.5929631602382224,1.2998220581390274,0.5629307872356496,1.342903045622464,0.7791812155477376,1.1471454177755906,0.6728657491651672,1.2384081612953521,0.6292884306804455,1.2866761700276197,0.5957252241461034,1.324980424480441,0.7914426458009607,1.140780672097555,0.7142613849566491,1.211996287461642,0.6880723166454137,1.2476891887339796,0.6657184016039617,1.2742001476252456,-0.5751154909757515,1.0434336020527362,-0.4780301088972243,1.0219265116622425,-0.3930492749135185,1.0862207585976815,-0.3279458635318238,1.1572669185776092,-0.2846076534126847,1.2143031397614101,-0.4133075415636262,1.2032724872309397,-0.407985849197628,1.2702742418621615,-0.3798463268512332,1.3269286142318353,-0.36070126419016935,1.3720648468030747,-0.4813484613850348,1.2218554780392084,-0.47424929843780056,1.2841001396738698,-0.43504820647134346,1.3409553992991732,-0.4059302418244227,1.3865059052280546,-0.5250559874164414,1.225031163552759,-0.5251090969388221,1.272016653504994,-0.48688074127780323,1.324516880308073,-0.4597577917705368,1.3631999041491012,-0.5419618827321908,1.219947137880261,-0.5541378488054024,1.2455326848762067,-0.5245086994556983,1.2880858225283496,-0.501140928715636,1.319841587190129
0.1274587602268035,-0.3530837510677249,0.2006474469536912,-0.39911946397158987,0.24322250357681555,-0.393054245157092,0.2846707591510146,-0.3873171865645671,0.06735540580294064,-0.4131773339713305,0.01732286968273749,-0.4159097405617869,-0.03462669394867726,-0.41707589912285953,0.3256038384627613,-0.3410535619984054,-0.1333988492957848,-0.3763443121778991,0.17864288810473278,-0.27933365431124174,0.018926665683480223,-0.2933365142710156,0.49974336764596816,0.016017693150597454,-0.49974336764596816,-0.016017693150597454,0.6371812476969801,0.49327484742825967,-0.548469053408802,0.517183767002911,0.6871388688285442,0.9146971730477728,-0.4587281351824289,1.0308295198563782,0.7163396094847392,1.0369624154963615,-0.4089475776170079,1.1608681876236973,0.7033203254204903,1.0363868005715773,-0.2683539489080976,1.1619539120967262,0.6252992600182291,0.9957157427659882,-0.2728131097958673,1.1128603466916143,0.7567671031002121,0.9991412034783949,0.630450841688673,1.0144048609824736,0.5618489789521754,1.0771322305035689,0.5290005659747606,1.1451154112445188,0.498778520497603,1.1977696100589295,0.638641728067283,1.1387820184851827,0.5768515197204908,1.2309419308374645,0.5453076046974202,1.2843559558289166,0.5261109102897938,1.325331921257348,0.6943824606044363,1.1532055062012159,0.6287216445112955,1.2484673333729417,0.5885359055451505,1.3054264297229123,0.5598159598764285,1.349205554786626,0.7235509914345981,1.1566620910151826,0.6641057669954696,1.2420432826201078,0.6211937738775486,1.2929395125586054,0.5871700641580799,1.332530817375767,0.7338186877760338,1.152864226808527,0.6953357266917558,1.2175363098148961,0.6618156121736938,1.2565570664214811,0.6335100513455113,1.2854105562003855,-0.6195679014791876,0.9973293102869882,-0.47569366579798067,1.024593480391457,-0.38684376545580673,1.087038018687328,-0.323904498708392,1.1531722106507096,-0.281226750645527,1.206215641688701,-0.4620618521768646,1.1620997610842698,-0.40805511210017803,1.2692906239952444,-0.3822876131817798,1.32508709038868,-0.36256696623887735,1.3699950069961861,-0.5320072084716962,1.1766245830844524,-0.4763990247972919,1.2806836737529748,-0.4384677926993916,1.3364090251934269,-0.41031359995815725,1.3805849825520324,-0.5767125469879429,1.176203321988917,-0.5298351261863622,1.2646097038838586,-0.4946402816686528,1.3157315835586676,-0.4708304344521654,1.3534230515021073,-0.5950597524724637,1.1687834809402367,-0.5631344767282418,1.236959558729228,-0.5386688519300448,1.2775756064948502,-0.5219587379967731,1.3082681325769872
0.1281578784091636,-0.35233289193336387,0.20150372210849796,-0.39841341637108435,0.24400630126741527,-0.39237985533407505,0.2853914337444491,-0.38661476000337036,0.06845052662021064,-0.4122038188192198,0.01852766022964365,-0.4148686732585943,-0.03355703778986586,-0.41600709806235814,0.3255932916399059,-0.34015807613883037,-0.13302082407607543,-0.3755752042097309,0.17921971214112928,-0.2787748255958695,0.019640404918691942,-0.29252969182892324,0.4997088097124997,0.017061813963256373,-0.4997088097124997,-0.017061813963256373,0.6378405191546069,0.49416054858985103,-0.550754186469542,0.5120250469838471,0.6862972680099693,0.9307740398297263,-0.4652356067032744,1.0256548298685992,0.7000019495118006,1.0500274288842077,-0.415920020771967,1.1534294958616906,0.6503196081393442,1.0549222034256966,-0.2734476485594165,1.160934599810253,0.6068066430584842,1.0123680831914699,-0.278545965136908,1.1107042954266122,0.7482615763598393,1.0004588395691885,0.6229760730353748,1.0166600984206562,0.5537721424862555,1.0813177444357294,0.5169598788873746,1.1522116797173625,0.49121465965563166,1.2088770229877908,0.6266835943859647,1.1409755444540342,0.5713662762922249,1.2345287449004638,0.5423553421905268,1.288563865717208,0.5228686562683716,1.329967263627948,0.6851939273065915,1.1554734159779954,0.6244939124917672,1.252587471767731,0.5850982655216764,1.3086393858190384,0.5549181628169071,1.350412613550858,0.7166352491664758,1.1588272027906723,0.6608846243483806,1.2469496015123953,0.6177069475258492,1.2964686390567661,0.5833529219504096,1.3335780324336588,0.7252200030083614,1.1552316250387369,0.6825955337274844,1.221167128029727,0.6473577143448971,1.2605971357166907,0.617872964042109,1.2900639822775293,-0.6177384147086697,1.001408822967786,-0.47028057374667365,1.0265436873603386,-0.38281491683191937,1.0889092927141089,-0.3222556001103959,1.1565167158497847,-0.2764209356441952,1.2109323363944273,-0.4582689713572866,1.1624629283275854,-0.4068035800479422,1.2701966157815976,-0.381424302450896,1.3248384745199666,-0.3612578168722916,1.3682248474860315,-0.5317301043040236,1.1776897895868879,-0.4746923993702195,1.282411669784048,-0.4354991189379225,1.3360326535395344,-0.4068844181555328,1.3772251851562014,-0.5779776399103344,1.1775454745760217,-0.5257678869659952,1.2679416485253416,-0.48784830405441443,1.31758384211282,-0.4624490429878184,1.3528967125348932,-0.5944347052566271,1.1715453700264937,-0.5553851972975615,1.241474311701632,-0.5265317799558441,1.2821807295974863,-0.5060239477819888,1.3129171142238407
0.12897422217339308,-0.3521929063111617,0.20291809081528905,-0.3980633716554599,0.24544322063007004,-0.39194324676625225,0.2868728294632944,-0.38608488592801904,0.06998101408435456,-0.4117606390219244,0.020200273041113024,-0.4143772849186945,-0.03209828553699358,-0.41552895632362075,0.3265421541706568,-0.339236716029943,-0.13231422296059342,-0.37515318514639195,0.17987959923253102,-0.27850420110686497,0.020577321777749787,-0.2921795869878939,0.49964640461229226,0.018800807376533762,-0.49964640461229226,-0.018800807376533762,0.6278445010796135,0.4966101600157997,-0.5527155169874297,0.49634306887610063,0.6782452248361478,0.9212427791453047,-0.49347347481608317,1.0140129004061174,0.6934411366623492,1.0395561891357128,-0.446839870062381,1.1486151400948224,0.6629976610662568,1.0500084864637071,-0.2940556531059054,1.1414029301597877,0.608008041457027,1.0063082666294223,-0.2946593831813308,1.0946143466208107,0.7275460087001177,1.0095856851097609,0.62569985536717,1.021736703087409,0.5551729343889439,1.0851693209777404,0.5125228450168411,1.1520282901453174,0.4846413116039299,1.2068515381297482,0.6077979189113978,1.15331011028822,0.5698165307908137,1.241320483691085,0.537766303144353,1.2941315392090613,0.5189909036083457,1.3343144458886291,0.6606691365319032,1.167310413497452,0.6210752667139268,1.2568037142820216,0.5789083784086314,1.3106220414849221,0.5485207819778247,1.3509186957210102,0.6876868915867823,1.1710355961276857,0.6537143052411977,1.25200931806825,0.6105929501579795,1.2996731610246475,0.5776029036701275,1.3363096395151584,0.6935970959472707,1.1682050238599706,0.6711748264251255,1.2305439425334552,0.6351613373339976,1.2709129322585861,0.6056415859329846,1.3008229336229864,-0.6376723740931518,0.9771000372701474,-0.4711507428974059,1.025625820655807,-0.3828450245834626,1.089053736739351,-0.321509593359211,1.1575359142810533,-0.2769537351089084,1.2129054760464815,-0.48006693265037054,1.1397231052028869,-0.4059090144261083,1.2689593315382568,-0.3801778342637237,1.3253913207990042,-0.3597803113859265,1.3693642454269814,-0.5539207453807603,1.1533755130657573,-0.474088558365527,1.2813735481678206,-0.43518273474501373,1.336969700852676,-0.40631924706834355,1.3792658888446359,-0.6005282022061708,1.1528978205786913,-0.5251253147566394,1.2680719559264213,-0.48730235340710015,1.3194674059238258,-0.46136628297200116,1.356256331457495,-0.6182195523717634,1.1470440660718402,-0.5571927220817476,1.2417859625630767,-0.5289396555132393,1.284704959115697,-0.5080828022800189,1.3174640745547792
0.1295309475423325,-0.35288010112838564,0.20381290072931085,-0.3988170044714884,0.24650632358250074,-0.3927563418853024,0.2880375414082848,-0.3869397170659839,0.07038457431360128,-0.4123591135485946,0.02051181686074636,-0.4149376769253771,-0.03197563095140284,-0.4160707094144046,0.32710778918536243,-0.33993751932606336,-0.13229899694238953,-0.3757401718524015,0.1802871903525144,-0.2792000234700545,0.021088403501635294,-0.2927174758815964,0.4996215367108046,0.019450451273276693,-0.4996215367108046,-0.019450451273276693,0.6616295940033491,0.4890757676165071,-0.5216319707372311,0.4963675091954342,0.7084760309760144,0.9308882860629911,-0.46359036929882425,1.002709594091855,0.6712498118948816,1.0588399049635349,-0.4486871878768393,1.137442645258929,0.621701474744983,1.0615143854788862,-0.3063112013849665,1.1407072600336114,0.58794785434926,1.0247288080758572,-0.3088261812725281,1.0909016987682285,0.8528043713667245,0.9020586661663517,0.6193891672293128,1.0197302787755194,0.5488553884779377,1.0855099272632491,0.5077790093619776,1.1514759909807402,0.4807634324745376,1.2062007828198473,0.7617927632242206,1.0632234152485915,0.5695836059639299,1.2412842374418311,0.5375474623168197,1.293712437002661,0.5199232751682447,1.3340800047217387,0.8139601881877128,1.069155561990492,0.6227981092991298,1.2554572139510505,0.5828875479088269,1.3105743448202363,0.5558271735630722,1.3521599337547006,0.8378227154093929,1.0691357531094792,0.6527052898668174,1.249531485644546,0.610426785407776,1.2983251301297725,0.5775140205300161,1.336774174442559,0.8395551965909012,1.0661862678399616,0.6639853982514012,1.2282035602488572,0.6277693627276714,1.269759163787837,0.5975970101083469,1.301191264287349,-0.49053086492796544,1.0568763487198276,-0.4717075720857514,1.0251592610724858,-0.3862852316190538,1.0885433293498556,-0.3198981982378437,1.1552429514472495,-0.26637959602735034,1.2088131249252785,-0.31859428664842043,1.2026149717174803,-0.40581665249188514,1.2700317418708886,-0.37924525685442817,1.3251317124233815,-0.3583709057241755,1.3681817085939632,-0.38643384261897906,1.225058339429125,-0.4721424506377377,1.2829292552625275,-0.4338060321929318,1.3369716084019863,-0.4042743916084548,1.3776966526130185,-0.4301430177290965,1.2287692319023957,-0.5226365921897962,1.2676587410245985,-0.48724316805786094,1.3171023099252128,-0.4621345539423083,1.3523582708886905,-0.4449203446760871,1.2233043290695909,-0.5485739592841704,1.2396025264059052,-0.521723663341722,1.2798246830203726,-0.5027403791110516,1.3098243486632906
0.13008472489811912,-0.3531938670814514,0.20447120609533398,-0.3992552369347454,0.2470708095485638,-0.3932257507096474,0.2886100195791668,-0.3874085779691853,0.07088818531840327,-0.41273375666907286,0.020979073806289664,-0.4153140292692511,-0.03161867958782404,-0.41647592858585103,0.32733686613102314,-0.34021998696947436,-0.13218754050413728,-0.37630506135371855,0.18106470553010232,-0.2794235555591286,0.021979322277505337,-0.29296863209404167,0.4996246983725064,0.019369067509356377,-0.4996246983725064,-0.019369067509356377,0.6371901096409204,0.4966346092715719,-0.5545157263854402,0.4937471097574287,0.6855379810329206,0.9243641910820803,-0.49419729381566363,1.0046212168910544,0.6725631075358601,1.0491747184955322,-0.44366975493528665,1.1375428238179326,0.6236900063579635,1.051115431717492,-0.30306928131398203,1.1427960247542468,0.5938423969121804,1.0138642135531097,-0.3106844810553383,1.0926660205226861,0.7418464792520841,0.9989072658915278,0.6228266644127827,1.017539557746098,0.5534143332511907,1.0821868915859831,0.5088983996644112,1.1504734465249158,0.47978535333391065,1.2056059574208424,0.6357193578711282,1.146428021234506,0.5727922057646951,1.2385570824825336,0.5399017675008243,1.2926770630553048,0.5206725415188855,1.3338293947498039,0.6864132435991017,1.1590389545601147,0.6243078918798177,1.2541615366030012,0.5827899944746396,1.3100125358374068,0.5527763994121995,1.3530492287273181,0.7089325609771518,1.1622242889837984,0.6535468271927013,1.2488877455031409,0.6111457201406753,1.2986086556958238,0.5768347412075896,1.3371106359878997,0.7099660426947929,1.1593523224000495,0.6639705071802057,1.2274663895654156,0.6265905101859253,1.2707474551858353,0.594202182927829,1.3029744928294869,-0.6107423154890934,1.0001751864888435,-0.4657294962506773,1.0266106084809958,-0.37681096528435687,1.0894799636371237,-0.3115334640706776,1.158266281580725,-0.26321674884720125,1.2132046308467208,-0.4561744863647099,1.1603016373088089,-0.4022962595981362,1.268036416985592,-0.3758126132755731,1.3231873506594285,-0.35543927860080016,1.3675501223278999,-0.5270592851430562,1.1759026597353521,-0.4711610549633233,1.2814216488298178,-0.4327430608646592,1.3365982299003523,-0.40490190867180775,1.3788436464174942,-0.5695727350172377,1.1766030865268609,-0.5218932311708738,1.2681447862674138,-0.48648889649194055,1.3182821957332322,-0.4619448796985189,1.3545947553015674,-0.5833905409114024,1.1717716227123032,-0.5502464282203335,1.2418760723537974,-0.5250754951315725,1.2833573048186258,-0.5062254713282753,1.3152944546334038
0.12942302508393183,-0.3532742798366099,0.20385821072709642,-0.3992351253584098,0.24645755044164533,-0.3931885643557038,0.288071125082757,-0.3873688700403783,0.07033918202199864,-0.41281122483520816,0.02048371652896401,-0.4154172600632098,-0.032069252510562855,-0.41660156731514586,0.3272123489613533,-0.3401996324135486,-0.1325081414159804,-0.3764854030161881,0.1805060062357635,-0.2795425162324885,0.02142311600505986,-0.2931496463814375,0.49961299028211253,0.01966875546051885,-0.49961299028211253,-0.01966875546051885,0.6364676358325216,0.4983661255559425,-0.5557759811224225,0.4943180661273581,0.6821373883920245,0.9281467079908889,-0.4808469206826741,1.0127401089021644,0.6639810173770812,1.0522022837444585,-0.4228305688249005,1.1465948822634968,0.6123266749537313,1.0530027668394146,-0.2814349813091884,1.1505850297981257,0.5878662063983198,1.0122952156607485,-0.28985096866474735,1.1012942503738792,0.7460759079475746,0.9961695495628273,0.6242094378677034,1.0151646507802616,0.5528309538422634,1.0808230272986734,0.5078207834768467,1.1490268209878625,0.47733152439086196,1.203434955153699,0.6308269091147163,1.1447990723182198,0.5678131757536097,1.2344573284036673,0.5364375579916005,1.2868275412170975,0.5185687619267045,1.326723243415078,0.6831157566191933,1.1579694277155597,0.6192871072923627,1.249901582590466,0.5797982316391482,1.303883405836,0.5511192153692084,1.345879090730688,0.7083110387075677,1.161317132090139,0.651487383207864,1.2458827497251865,0.6112777660706851,1.2952684252747309,0.5785732417327356,1.3342041611557713,0.7119952093819202,1.1586335201817608,0.6662181123460822,1.2262973440933513,0.6306890751988843,1.2689735388447385,0.5991770668081199,1.3012921643005355,-0.6098682158293298,0.9998569676331026,-0.46156171876280816,1.0256916258964883,-0.3734444422481446,1.087436168684456,-0.31216544974787913,1.1562475862329673,-0.2670749965388168,1.2116241660273195,-0.45926247224406347,1.1583991664426694,-0.4060256557464722,1.2660369908761555,-0.37692745478617157,1.3220493386278271,-0.3533013865720206,1.3670293803755162,-0.5321401707205033,1.172802991057998,-0.4754099680590208,1.2781854990231387,-0.43392213980447314,1.3352218589557823,-0.4029287225014825,1.3792464446586463,-0.5755021974496856,1.1735605363624204,-0.5254279837590772,1.2655655772347039,-0.4869582491929504,1.3188598545990393,-0.45958504690572266,1.3577411063929314,-0.5893031790941338,1.1700331427467825,-0.5549068516858772,1.242128760038495,-0.5268756909025247,1.2862244276298902,-0.5052461397427649,1.320912750054867
0.12922389121364605,-0.3533297963867937,0.20363335793902554,-0.3991879632156492,0.24632354556256916,-0.39313797037244863,0.2880018550244617,-0.38732489982155194,0.07015883919119484,-0.41279711144891773,0.020336100548657116,-0.4154010028372792,-0.032255419464214626,-0.4165802952671222,0.327185268170822,-0.3402173916202659,-0.13267080404619852,-0.37653754296922426,0.1804513951372643,-0.27960558321689444,0.021287215534884777,-0.29325439880503884,0.49960772022197736,0.019802168936720307,-0.49960772022197736,-0.019802168936720307,0.6421465901712559,0.4978377898933409,-0.5576458385185404,0.4919161750350112,0.6816725850188167,0.9298942585887346,-0.4817920293102839,1.006558814438806,0.6649906592319383,1.0519038299404948,-0.4231978468208248,1.139370527747893,0.6136692157997277,1.0532682066420653,-0.2812974409788889,1.1466220808315146,0.5884501540189333,1.011495416753105,-0.2911162833006911,1.096087854087431,0.7463797773538814,0.9941910741069929,0.6216439768851995,1.0137133628091404,0.548843201706194,1.0799740730060698,0.5025838536746169,1.1481222280704557,0.473737753208902,1.2027618457380307,0.631106804696991,1.1373657035712361,0.5680584290203707,1.230833170640557,0.5326719029602629,1.2845034623998932,0.5098458645154331,1.3253446103677469,0.685495436191897,1.1508304265715248,0.6229149549966533,1.2473887018103083,0.5805936737734549,1.3041003978516708,0.5493475180315929,1.3469802675539844,0.7121280982555398,1.1547492006209412,0.6560606361185928,1.2425463996169186,0.6118392885968416,1.2924115102067102,0.5757818433208564,1.330278868701985,0.7168750184910688,1.152887719840313,0.6741451635126494,1.2205342631716778,0.6363948237142583,1.2631247414895563,0.602587058378209,1.2950796807405864,-0.6097829870119252,0.9995627551818165,-0.463803605098722,1.0244920649658587,-0.3773324677456283,1.0868897157163566,-0.31380159278879094,1.1550542786411682,-0.2687573279595244,1.2092092333546238,-0.45871437362123024,1.1580891919014875,-0.4061793795890566,1.2651436295465783,-0.37778575742816406,1.3213025069058983,-0.35551037399147445,1.3659567695142718,-0.5327268963386135,1.1731851447179662,-0.47695089910692473,1.2796826166393684,-0.43638949614402506,1.3365657838374896,-0.40642071938224444,1.3801537158243369,-0.5797430794706059,1.1734797649809985,-0.5304333118490763,1.2660698622829294,-0.4922707020192141,1.3189276944919448,-0.4657640739603814,1.3568267868711203,-0.5980420810402298,1.168200220353182,-0.5649953879993214,1.2396901697596994,-0.5361737190180867,1.283251777047402,-0.5145068688664243,1.316900692657789
0.12901208721324423,-0.35354132186783477,0.20339546365241157,-0.3993534096987114,0.24606770783063683,-0.39334082042131846,0.28773193630704086,-0.3875731611168873,0.06999459718671343,-0.41283771486210535,0.020204064405031686,-0.41540127920015385,-0.0323596379822148,-0.41654861121477826,0.3269104589798477,-0.34049271810961745,-0.1328387801131047,-0.3764884127305446,0.18035564543790714,-0.2797763080020536,0.021125750852218145,-0.2933308120061161,0.499608798657098,0.019774941325103847,-0.499608798657098,-0.019774941325103847,0.6437009755908345,0.4973701855635307,-0.5584342556547909,0.49132785865145145,0.6814227146201904,0.93260606158625,-0.4757651631656183,1.0092911309501373,0.6658419963254564,1.049922111792259,-0.4155396943725119,1.141265311863249,0.6503834726750698,1.0554729567056138,-0.2761654382387801,1.1479872788989771,0.5930107441888253,1.011673205602555,-0.2845834417061171,1.097961188004962,0.7465694014977022,0.9933220211235914,0.6231109977902146,1.0125309110781437,0.5490891588975971,1.0785003391819767,0.5015797730384886,1.1456996437651996,0.4720641793578408,1.2001588049645422,0.6296613876852072,1.1383921156682848,0.5663086912056801,1.2314489244095619,0.5328201495309419,1.2850911116814316,0.5122700021379928,1.3255616895243363,0.683326463924381,1.151222553324758,0.6196520603059748,1.2470896586579354,0.5790884847691421,1.3036263090392723,0.5496080355658509,1.3462354733863449,0.7099971572200388,1.1544188984833135,0.6522949717870877,1.241470687526936,0.6101933297386615,1.2918329038069507,0.57612769772292,1.3305307581663735,0.7155191656391522,1.1519142687303705,0.6721676417934561,1.2189942623186703,0.6361977197892571,1.2615291726930713,0.6040630515191464,1.293885521512662,-0.6151864588305812,0.9975622473736806,-0.46902760640019103,1.0233635203679643,-0.3805915755189433,1.0885905889731735,-0.3159685413540439,1.1566996849497084,-0.26622766141088383,1.209038462681873,-0.45915119723660197,1.1595977526209558,-0.40485613371230095,1.2641700548813044,-0.3789703337442726,1.318397262530094,-0.35824130997298315,1.362453478203811,-0.5303763467580391,1.1742119076743402,-0.4777125276673488,1.2772528118623887,-0.4404188303493866,1.3324168451178413,-0.41260594153964114,1.3752336322234509,-0.5734012973064528,1.1733359991617618,-0.5268053975164809,1.2614587035102693,-0.49148258446586474,1.3116965624088688,-0.46695588451704506,1.3478870835940133,-0.5873859156449328,1.1664911165693304,-0.5522801873275267,1.2344726110588475,-0.525612197453204,1.275144503677174,-0.5062904847149328,1.3060292901500148
0.1289648728002682,-0.353444109653599,0.20342165541604762,-0.39927515463081437,0.24619944818586498,-0.3932602991488988,0.28790791328846516,-0.3874945269024618,0.06999396621600172,-0.4127858474657939,0.020204173969851323,-0.41536120951481903,-0.03235040614333285,-0.4165187616710136,0.3271902500026598,-0.34042473440177035,-0.13293389340091252,-0.37642978818374795,0.18039028759487566,-0.2796722158184407,0.02105974424395884,-0.29323157180362225,0.49960541327345387,0.019860287708423657,-0.49960541327345387,-0.019860287708423657,0.6464852192943472,0.4971055692241867,-0.5588634914758808,0.4916649943084118,0.6827789176505787,0.9335105722837317,-0.4669707815429724,1.0131391270869106,0.6675460900001163,1.0516546078764375,-0.4046580199787173,1.1447684818118955,0.645003156019861,1.0564450444291031,-0.2569868970653721,1.1538081125466464,0.5939892151952951,1.012777076478368,-0.2709133894837445,1.1054785752743361,0.7497640568439864,0.986081407785119,0.6159409820175406,1.0151630127093845,0.5441565272834111,1.0796779137388894,0.4993976035987023,1.1448805872912498,0.47182740573479814,1.1990064464542904,0.6367631150574891,1.1329289702678855,0.5671030049425639,1.2341862993725645,0.5343894725700846,1.2875376935118346,0.5146361987336331,1.3275060004099881,0.6903486703506436,1.145017087085103,0.6197817662057081,1.2501514173166226,0.5778797299056376,1.3057155429189677,0.5473582020989253,1.3466055659287257,0.7164025021461223,1.1473831403283041,0.6523260589558181,1.2437015673420677,0.6108616305397866,1.2934648652064415,0.5775252098447213,1.331239184966042,0.7215072385484045,1.144115820637438,0.6718708021819596,1.2210157078873303,0.6365633436698225,1.263145199356123,0.6051979607918291,1.29409153844071,-0.6079739546850124,0.9979575524143824,-0.46932494829413124,1.0223136120468483,-0.38191268334039946,1.0851719833966984,-0.320370830437404,1.1537639552436854,-0.2742433007117355,1.2082180203197552,-0.44803472334155786,1.1591990546047983,-0.4059566051535529,1.2630498556285048,-0.37951160746265344,1.3175374442080472,-0.35815262990342456,1.3619148127483942,-0.5215998492144788,1.1739922507519094,-0.47828942149690346,1.274800924998957,-0.4397984016751607,1.3312754119778591,-0.4110118052900955,1.3751124393170742,-0.5686615227789942,1.1732919194845082,-0.531916663604263,1.2604420514793448,-0.4957153351164706,1.313260854474737,-0.4699577494806472,1.3515524454975965,-0.5884399446186396,1.1671764098635191,-0.5677432858354999,1.2351577600377086,-0.5417429251503353,1.2774918169712395,-0.522862704275286,1.3099640161654946
0.12824938102200825,-0.35299509968957044,0.20267582613201102,-0.39879310274728264,0.24555518917498215,-0.39279458083641766,0.28728696351529864,-0.3870582569402567,0.06933292924989048,-0.4122965704407269,0.01962202122806187,-0.4148690622871198,-0.032860051672577835,-0.41601053243623975,0.32640431592176444,-0.34005255938928514,-0.13332796041319778,-0.37595065284925755,0.1798437237877577,-0.27930836970615724,0.020722101162094744,-0.29287392272223217,0.49960113108144455,0.019967719502767767,-0.49960113108144455,-0.019967719502767767,0.6536472335926853,0.5024118866007737,-0.5660070522948482,0.499055859987036,0.6808181102228101,0.9454223360830829,-0.469726303682661,1.021226355525659,0.6645679518646933,1.0826762483760224,-0.4050364567782608,1.1549293472790376,0.6227982065009707,1.0842150645899788,-0.2615296527091274,1.1623671689301929,0.5828705056660819,1.0381877057534468,-0.27111301714017916,1.1145245792259055,0.7400820598442028,0.9946831705052033,0.6173906648785671,1.0094542585250548,0.5446443025861876,1.0720499405035038,0.49849691212590297,1.1397574940026687,0.4678789504088487,1.1944184917914598,0.6291552036659815,1.1334875962467976,0.5666039711793871,1.23141000675956,0.5308901541552808,1.2876091009324797,0.5070853817564802,1.3289609850812794,0.6836630576589504,1.147533815630254,0.6188420217684697,1.2494314863659484,0.5749557967541402,1.308141886849915,0.5416328945024143,1.3515850566053556,0.7076965559854717,1.1525416717408816,0.6494731203798778,1.2436714080854767,0.6056828126900762,1.2956717348739937,0.5691044800430198,1.3346901106791642,0.7102557309800539,1.1519193788549196,0.6662795272372741,1.2215803705487396,0.6284729849468718,1.2649688332372824,0.5945180721065111,1.2972098312581224,-0.622682943749826,0.9927209143951601,-0.4788278320228616,1.0158553452670063,-0.3907032952297767,1.0793175224004312,-0.32890752414725066,1.1492619470888696,-0.2789971332844478,1.205324633509459,-0.4621279599799504,1.156558322178901,-0.41009659053011804,1.2616891085852704,-0.3842514604849793,1.31596409762901,-0.36366144809624956,1.3593275462310435,-0.5350406929412345,1.171247169640949,-0.47875162003986427,1.2743268009535662,-0.4397911005570873,1.3295586237956458,-0.41028131685962643,1.3721289998851187,-0.5812759926192149,1.1693959472818134,-0.5319903240680423,1.2589353995797787,-0.4952463405819089,1.3092847966586902,-0.4691453110330577,1.345620546653845,-0.5990110699329464,1.161858609156992,-0.56288676994965,1.2309406777119634,-0.5347642782874352,1.2718167543447179,-0.5153451590920287,1.3025493489618176
