pose_0_x,pose_0_y,pose_1_x,pose_1_y,pose_2_x,pose_2_y,pose_3_x,pose_3_y,pose_4_x,pose_4_y,pose_5_x,pose_5_y,pose_6_x,pose_6_y,pose_7_x,pose_7_y,pose_8_x,pose_8_y,pose_9_x,pose_9_y,pose_10_x,pose_10_y,pose_11_x,pose_11_y,pose_12_x,pose_12_y,pose_13_x,pose_13_y,pose_15_x,pose_15_y,pose_17_x,pose_17_y,pose_19_x,pose_19_y,pose_21_x,pose_21_y,pose_14_x,pose_14_y,pose_16_x,pose_16_y,pose_18_x,pose_18_y,pose_20_x,pose_20_y,pose_22_x,pose_22_y,right_hand_0_x,right_hand_0_y,right_hand_1_x,right_hand_1_y,right_hand_2_x,right_hand_2_y,right_hand_3_x,right_hand_3_y,right_hand_4_x,right_hand_4_y,right_hand_5_x,right_hand_5_y,right_hand_6_x,right_hand_6_y,right_hand_7_x,right_hand_7_y,right_hand_8_x,right_hand_8_y,right_hand_9_x,right_hand_9_y,right_hand_10_x,right_hand_10_y,right_hand_11_x,right_hand_11_y,right_hand_12_x,right_hand_12_y,right_hand_13_x,right_hand_13_y,right_hand_14_x,right_hand_14_y,right_hand_15_x,right_hand_15_y,right_hand_16_x,right_hand_16_y,right_hand_17_x,right_hand_17_y,right_hand_18_x,right_hand_18_y,right_hand_19_x,right_hand_19_y,right_hand_20_x,right_hand_20_y,left_hand_0_x,left_hand_0_y,left_hand_1_x,left_hand_1_y,left_hand_2_x,left_hand_2_y,left_hand_3_x,left_hand_3_y,left_hand_4_x,left_hand_4_y,left_hand_5_x,left_hand_5_y,left_hand_6_x,left_hand_6_y,left_hand_7_x,left_hand_7_y,left_hand_8_x,left_hand_8_y,left_hand_9_x,left_hand_9_y,left_hand_10_x,left_hand_10_y,left_hand_11_x,left_hand_11_y,left_hand_12_x,left_hand_12_y,left_hand_13_x,left_hand_13_y,left_hand_14_x,left_hand_14_y,left_hand_15_x,left_hand_15_y,left_hand_16_x,left_hand_16_y,left_hand_17_x,left_hand_17_y,left_hand_18_x,left_hand_18_y,left_hand_19_x,left_hand_19_y,left_hand_20_x,left_hand_20_y
0.007363232533060908,-0.3305563411184211,0.0749919451662597,-0.376599968588417,0.10903066867136671,-0.37566898527853043,0.13862773772471218,-0.37393100876308316,-0.05295917790824164,-0.37203803464055457,-0.09479599835177104,-0.3687520374823961,-0.13287160883523075,-0.36637806795354655,0.19183113591814144,-0.34241301955300446,-0.18264295959847723,-0.3363990804728937,0.0867253972643975,-0.2745617395723794,-0.0788050995299718,-0.27522818139479377,0.4999782111085422,0.004667806412225603,-0.4999782111085422,-0.004667806412225603,0.6077498852288012,0.3918241336542948,-0.6970911772776717,0.380521759226498,0.5380394076998916,0.7335753405616154,-0.5897811103185759,0.7306805088371878,0.5810539065862088,0.8592898930329754,-0.6170505624296524,0.8528590087935481,0.47921024021983916,0.8536422974217128,-0.5294639577750243,0.8442225612821928,0.44440223188173267,0.8202949852691506,-0.49468586506205214,0.8133331823467651,0.5393219721374685,0.7666070705625817,0.44109410766233387,0.7846110562551507,0.38642303076913304,0.830317472144344,0.3727503209350153,0.8767645563104244,0.3716682818392477,0.915070834128885,0.4663011947073319,0.8698975716976232,0.46182563588041864,0.9329230147500489,0.4374027008275775,0.9484456020882629,0.42291755513753915,0.9459092921202767,0.536171584850596,0.873117084300324,0.522338962402124,0.9392879731277619,0.4869614693455513,0.9410815396706717,0.47571464474959846,0.9273020768116829,0.5933749740847125,0.8702318301829252,0.5802893357305031,0.934438830689126,0.546268198986839,0.9303343471969724,0.5373062029238723,0.9126686106593007,0.6369210645643255,0.864140152859098,0.6282618508890819,0.9164916721315941,0.6013443153136767,0.9154430837887342,0.5950995645470013,0.9009018819173954,-0.6292190602399709,0.75937741389696,-0.5223986123455735,0.7792038585803086,-0.4681095489199972,0.8232519118124809,-0.4569092295231166,0.8741077281206602,-0.46224246025729016,0.9122797598139352,-0.5736004739106976,0.8609496923310509,-0.5570760797740029,0.924214096678843,-0.5210166917711869,0.945870023931459,-0.49146939143965573,0.9524709106956459,-0.6382808657067949,0.8635338903341806,-0.6096254136179042,0.9254756271513079,-0.5633687861943026,0.9448041958959474,-0.5284872579410934,0.9486189567754826,-0.6808132697614019,0.861129432089623,-0.654842155781155,0.9196460570064998,-0.6121123086006615,0.9380590065191946,-0.5776689989289653,0.9434836035134722,-0.705719931407324,0.8576312111223867,-0.687889402946583,0.9059527926107693,-0.6555774455855929,0.9246782913661677,-0.6240701278873066,0.9322204972744931
0.010934155926657446,-0.29492777276502413,0.07692073741772475,-0.3360067817333011,0.11141736946966778,-0.33513145661305105,0.1444881650879436,-0.33366111536660376,-0.04920311382669992,-0.33320200771726227,-0.09295348402184406,-0.33034477654063366,-0.13138242572571482,-0.328359430670446,0.19666694149088074,-0.3057015562664686,-0.18362957282152595,-0.30156478601561965,0.08781663831384555,-0.24181708338296495,-0.0771297383055979,-0.2412063014434757,0.49997579469147946,0.004919829531947032,-0.49997579469147974,-0.004919829531947032,0.6070790277032486,0.35306159358748673,-0.694396180121931,0.34587209607518854,0.543560302650207,0.6601300458663709,-0.599681789008882,0.6597539595565692,0.5843890014115027,0.7723369156467933,-0.6181604157568891,0.7683451550468368,0.48877258742712326,0.7668908304334384,-0.5293677767585236,0.7599994501179341,0.4555478673124562,0.7371262648683397,-0.4947274396391508,0.7332374120315072,0.5466737014238614,0.6867296960758904,0.45094785815591354,0.7084879516745904,0.40000753184321114,0.750206873505553,0.3916474963282923,0.7936760872630773,0.3889591534494902,0.8274971965882051,0.4848926410439444,0.7833980669268782,0.4783335763992561,0.8435973884475607,0.4556496998523719,0.8612651321248662,0.4400143352912271,0.8624445582846825,0.5557252214860222,0.7853537444029618,0.5381264604403588,0.8493036095802334,0.4996069908746271,0.8575284910490892,0.4795150509120957,0.8501654262650037,0.6098375500234138,0.7823429040409179,0.5955270937302649,0.8426465665804783,0.5550758807785674,0.84718095780883,0.5355605698342437,0.8372902031773124,0.6491262803214031,0.7762700560864186,0.6436067034331888,0.8266514323678774,0.6097684558311441,0.8338172811602377,0.5905897529805736,0.8268568179173995,-0.6403079983768641,0.6812503593290469,-0.5363201537620869,0.701259326280213,-0.4832492121670829,0.742632976800081,-0.4674753879091255,0.7884032826703589,-0.4691776915492955,0.825183921801544,-0.5803916672514055,0.7788866077905875,-0.5672625950336718,0.8353623308628527,-0.5329529875754636,0.8545817172192409,-0.504620208623421,0.860445023182532,-0.6475608989418301,0.780677747506133,-0.6228504101507463,0.8368433140332722,-0.5770319169335861,0.8526869531126945,-0.5438775571351309,0.854581000591364,-0.6903529037502198,0.7777518992102903,-0.6680592646897796,0.8295863101749691,-0.6264996506641872,0.8450634657581404,-0.5942798712098598,0.8482996139246843,-0.7146965783477888,0.773392221858329,-0.7010690150465607,0.8159815599085848,-0.6692562944396223,0.8332137371623053,-0.638534610921087,0.8391055649150974
0.014315935296332967,-0.3103175622269559,0.07889540076089281,-0.35351999799186823,0.11342361421098421,-0.3525372621068008,0.14836782371520735,-0.35095349416378835,-0.04621662967283073,-0.3512060700097116,-0.09091781294863666,-0.3483729793817368,-0.12936715435500093,-0.3464597646831723,0.19907011521794477,-0.3215480613167362,-0.18464630404845,-0.3181217393241087,0.0893930350406445,-0.25303752579031663,-0.07508264455517603,-0.2516710412361959,0.4999694197302535,0.005529858460548802,-0.4999694197302534,-0.005529858460548802,0.6066883658511901,0.37267971247613846,-0.6905461920168157,0.3701854597296211,0.5474243454164072,0.6988368475053771,-0.6079158878011258,0.7011207087376592,0.5902548086819878,0.8175338628097532,-0.6240203626995042,0.8152377325258849,0.49897243568894667,0.8114841600894092,-0.5408848044986921,0.808012775839413,0.46479638534839973,0.7800181324549869,-0.5068911468797551,0.7811842982347548,0.5563997262549017,0.723871468592333,0.4603057196647861,0.7486928202393729,0.41322910335079044,0.7956429968545133,0.4085642494624556,0.8449429240530464,0.4154744361925972,0.8831240611191413,0.4955535864534299,0.8311870451784654,0.49754521038836036,0.8989349303995037,0.4719759687429855,0.9144237749431746,0.45311549744610263,0.9101982226950665,0.5673753863428473,0.8319863511688323,0.5558189185867796,0.9018457250208569,0.5186048528496086,0.9078342339530432,0.4997878384443798,0.8966071429331479,0.6235328701410539,0.8280657075731042,0.6111629831391306,0.89293748475073,0.5720710747891605,0.8970351965107066,0.5536175835937841,0.8847616008314508,0.6653917743517311,0.8210350866049647,0.6648922905762891,0.8754701420364748,0.630549805750279,0.8844368496388515,0.6086603350093975,0.8775667866297397,-0.6491095048675816,0.7200745758008742,-0.5421418086137126,0.7435233083680003,-0.4907176097842667,0.7887971690090284,-0.4813192004485926,0.838727058992086,-0.48210295721031077,0.8764930174112991,-0.5948720583404608,0.825078723656099,-0.5861557058208912,0.8860954436495617,-0.554929945657924,0.9073262043355161,-0.527116002287426,0.9147670054480393,-0.6615254633874202,0.8266226550489,-0.6362252577683843,0.8883096287864167,-0.5873745724563066,0.905624744379141,-0.5519502634747857,0.9078109076080524,-0.7032923147217931,0.8238715095679383,-0.6794509803970585,0.8815399902365836,-0.6349578853078448,0.897598209655712,-0.6012800565093726,0.8998184535834738,-0.7264377978229063,0.8196386867707421,-0.7113569941856053,0.8660681103074515,-0.6774681920957007,0.8846336088735467,-0.6463398042210868,0.891232238050038
0.016236590236160888,-0.33856153252678134,0.08007010618150183,-0.3860451796993517,0.11448087104842462,-0.38496218972891316,0.14988664815122643,-0.3832826185182526,-0.04467917060997134,-0.3838954064745816,-0.08966079363751105,-0.38086329983352535,-0.1281783451301372,-0.378859055458503,0.20003429339384873,-0.3511840359605573,-0.18629454343518279,-0.3476171491373747,0.0905408514675452,-0.27531380740920386,-0.07354630872680695,-0.2725118278469854,0.49995879341791766,0.0064191030603923125,-0.49995879341791766,-0.0064191030603923125,0.6056706131763646,0.4064321923268047,-0.6884665689603071,0.4097705271484182,0.5523828597114915,0.7654790140127258,-0.6139178272319858,0.7707462381968747,0.6018377202641172,0.8953925477185727,-0.6320629034665889,0.8946724887103648,0.5139404153619642,0.888784020891918,-0.5543065920102392,0.8883849460513109,0.47853751661674204,0.8542931446594741,-0.5209108079849056,0.8603200534799594,0.5713532150334375,0.7879522164825754,0.4786922283366582,0.8165062119952609,0.4282090745386364,0.866317118731143,0.4196758236985193,0.9175873760058801,0.4179094116312447,0.9582031474446834,0.5130195208337657,0.9119030050419358,0.5119622641152227,0.9797586601585047,0.4910855365886823,1.0019044123540715,0.47475355578335215,1.0054833195037784,0.581883326444565,0.9135322981282032,0.5704472519851846,0.9860667617208553,0.5356131886566777,0.9963876627710386,0.513442999192699,0.9872911770502626,0.6342206822160467,0.9083905827327288,0.6256847329156984,0.9753232425698379,0.5895751973846267,0.984757292218938,0.5662058121939498,0.9761633390456819,0.6729119245988809,0.8993589238763805,0.6783264750012473,0.95459108077353,0.6482551939806225,0.9707351253849107,0.622276937438523,0.9707402651107349,-0.6576914395627388,0.7835854391033027,-0.5535055091163016,0.8127562017148907,-0.5019664478298523,0.8646440550765664,-0.4904106516848858,0.9185082159164458,-0.4920140767542024,0.9597623081430917,-0.6060131377283651,0.9062451616951486,-0.5972729149885229,0.9687407459675187,-0.5674389185708859,0.9916017490406837,-0.540674330717445,1.0019699024089281,-0.6736437470135541,0.9065401156384141,-0.6519961593476642,0.9714778986653094,-0.6045218786559876,0.9920135902970476,-0.5684302429111159,0.9965226220233253,-0.7161228180227762,0.9012947767384196,-0.697236384814017,0.961844062899495,-0.6544437527259417,0.9813902744112735,-0.6206804384171329,0.9861685614516956,-0.7396723704082161,0.8946026879177201,-0.7284186219117835,0.9445715997732943,-0.6964543710390457,0.9660377475768177,-0.6660834709840953,0.9747147653512971
0.018082157367182033,-0.3039663579778957,0.08167900143520311,-0.3467279342011639,0.11579509636995333,-0.3457454261146102,0.15139909556324696,-0.34424766267856793,-0.04313081504952317,-0.34501469899205567,-0.08971108664545527,-0.34243022940153045,-0.12799035740295095,-0.34079393243700473,0.2014956942973403,-0.31542147945505905,-0.18888666867853932,-0.3122521525890411,0.09196766678855921,-0.2469359028012204,-0.07196193855468079,-0.24371492378358778,0.49996570540817986,0.005856058034289284,-0.49996570540818014,-0.005856058034289284,0.6051566845977779,0.3651512549208506,-0.6846394372275127,0.37212023620748635,0.5710665675218463,0.6886283845768325,-0.62061512301369,0.6933260118394724,0.6242382281094778,0.8053469042653162,-0.6404718816640674,0.8044936568984846,0.5383941249068237,0.7992328089141285,-0.5671220536072953,0.7993695549132122,0.5037414528192332,0.7679861991627207,-0.5359127019167033,0.7747511041762142,0.5797168361931578,0.7104293910581998,0.48402174976883006,0.7381220944412648,0.4368309089118364,0.7861464551390721,0.4377888648504797,0.8354556025929764,0.4412589693157083,0.8736802802388022,0.527865746621748,0.8217357186064789,0.5314841936187137,0.8872848685790135,0.5057867165176715,0.9055738266721495,0.48585936975436633,0.9058444884154339,0.5982055470508517,0.8215958444309455,0.5856645117590964,0.889894065659569,0.5472850022980903,0.8950771561150344,0.5267135837937298,0.88370668160299,0.649594409892937,0.8164587828575247,0.6378873534480833,0.8791878072803289,0.5979919911355981,0.8838094645434778,0.5769549419066194,0.8728533989306174,0.6867984660318117,0.8087272713210965,0.6868102904365154,0.8616633159271683,0.652245047280673,0.8715470128609398,0.6286858166968754,0.8666100056195118,-0.6591490663664319,0.7047909274881388,-0.5538771079203784,0.7305435656293017,-0.5041631003415071,0.7766560146732536,-0.4999424149140668,0.8263974463203396,-0.5014825436267178,0.8642309529491788,-0.6116402206859687,0.8118089720063291,-0.603708642915698,0.8737199038071641,-0.5685110628446807,0.8936772226734346,-0.5382017095939191,0.8995713029476652,-0.6809443107576205,0.8145988585170464,-0.6508655333985803,0.8762300419668149,-0.5989139363871894,0.8914085499435385,-0.5620314682247247,0.8916582082163753,-0.7228891469732492,0.8122957758462044,-0.69499698869615,0.8687237591347597,-0.6486016077919479,0.8837628398183001,-0.6122291118717401,0.8851533887305509,-0.744726493411489,0.8081026787566543,-0.7266213590760756,0.8529391297307252,-0.6909833199298472,0.8707511153956847,-0.657300696922074,0.8771315526274407
0.01966328083021338,-0.2921500532453913,0.08297753915905108,-0.33334009918448837,0.1161959258983267,-0.33239189284932424,0.15246242271203417,-0.33095632723141105,-0.041764264630448904,-0.33201395025771063,-0.08971699742875579,-0.3297139426215537,-0.12778812956956043,-0.32830546247138714,0.20257593599394302,-0.3032181212084223,-0.19070145695317503,-0.3003982588936878,0.09274940571272035,-0.23690895515729768,-0.07128220327315814,-0.23340482650857627,0.4999698101652135,0.005494444772705835,-0.49996981016521364,-0.005494444772705835,0.6055691686514724,0.3511547415660973,-0.680196567011878,0.3593785487970188,0.5906189229735181,0.6622872292846366,-0.624992997177062,0.66828916830421,0.6488723871771374,0.7750563561185051,-0.6455541349348959,0.7750145097873833,0.5569128885825758,0.7691590329267364,-0.574202611825414,0.7704435146590837,0.5211745429027627,0.7390826989796507,-0.5442674159439844,0.7472296923972801,0.5852094777281543,0.6853657675170598,0.4923382047098765,0.7153787587300499,0.4494744578878542,0.7612506495821136,0.45023956331425263,0.8062315861855995,0.4561009703238578,0.8417308893655038,0.5354026846486662,0.7916554485666353,0.5410519390575279,0.8557829446799724,0.5124707549597326,0.8706204785590952,0.49034943020366467,0.8676503922149138,0.6037852311390817,0.789770787263266,0.5959134596613725,0.8557689003633631,0.558114967700497,0.861757654922446,0.538157635157899,0.8515001446608718,0.6557718966519442,0.7839365201868863,0.6479647166304748,0.8440367368578019,0.609129014351583,0.8490905411968879,0.5876750156903683,0.839550294247865,0.6938094840585692,0.7759319762662952,0.6953725259277973,0.8254326032496504,0.662339348944259,0.8351856645881116,0.6406997836684326,0.8310027511881616,-0.6605695073574014,0.6792627954035105,-0.5578447363179689,0.7054047143690204,-0.5115123212382076,0.7494415289539071,-0.5026303715022067,0.796440834487258,-0.5051524715959896,0.8333574671698862,-0.6163324783725351,0.7835799665162314,-0.6098681582948794,0.8434696617473592,-0.5733289320865242,0.8617267001021641,-0.5442712521768825,0.8662273303380637,-0.6844652236509737,0.7845957432114091,-0.6588180440025677,0.8453703736982822,-0.6070909933207241,0.8595763432580414,-0.5718499304821827,0.8588976301614893,-0.7258035772150015,0.7809800482312549,-0.7012863911919177,0.8370277630135933,-0.6538229119102117,0.8510266505580406,-0.6188867849797194,0.8516450304169136,-0.7470695112494851,0.7758812447552775,-0.7314154506567854,0.8217293462547172,-0.6943736779387633,0.8382662424435772,-0.6609240466489718,0.8427880824637439
0.02063137855917414,-0.2934344617321222,0.08360973093184772,-0.33492500858950314,0.11625815996281365,-0.3339703467141428,0.15299657125646032,-0.33252789797754845,-0.04092337996988004,-0.33385691797103967,-0.08947653358868574,-0.33169344316814664,-0.12754101399755083,-0.3304048767823356,0.20312445978198757,-0.30460167652673,-0.1918784781103166,-0.3019163069188728,0.09309643775410574,-0.23770255039062305,-0.07064419681155569,-0.23401889246775043,0.49997192029917786,0.005298953892281993,-0.49997192029917786,-0.005298953892281993,0.6068419224004419,0.3526062998129666,-0.6780014861899821,0.36250495869615057,0.6044135121314148,0.6681500642837209,-0.6282753639199959,0.6765756638127345,0.6632024871757494,0.7818062417515655,-0.6493807839101425,0.7829611525904334,0.5682435052365404,0.77655751234725,-0.5809298247234649,0.7792757640319381,0.5319087305356918,0.7472777535649524,-0.5529086100663357,0.7562783567796012,0.5941531981941872,0.6900508254298202,0.4987220006294234,0.7183950314384244,0.45883020072046177,0.7648938935682038,0.45803664334141714,0.8091599473054565,0.45192242178458053,0.8431399682193155,0.5487291188063551,0.7980445073598939,0.5502626172297435,0.8632949506810372,0.5197846700536954,0.8787956770748336,0.49614360712512007,0.8771683027109743,0.6166460521743177,0.7967543185031865,0.6018005619196966,0.8637857300997019,0.559800446603693,0.8709471003063484,0.5372564700718707,0.861784538441344,0.6670860198307285,0.7908266030562399,0.6541659081866781,0.851577826417323,0.6119256771923464,0.8577915294009174,0.5883414368909126,0.8493093957748963,0.7035720246583582,0.7820698752447537,0.7040736312979516,0.8328444168999971,0.6690459551487143,0.8433877375526291,0.6452018270322354,0.839475779947198,-0.6672541720565012,0.6831926048964131,-0.5635225958724958,0.709375823890832,-0.516374688979455,0.7542762998034318,-0.5101864555054484,0.8014209774597408,-0.5125544806001777,0.8380730997750165,-0.6252727601130676,0.7880010519629457,-0.6156777518572613,0.8488523637508738,-0.5790903034993585,0.8675751010151932,-0.5501433609636895,0.8723608853904421,-0.6934812879657657,0.7888200752713785,-0.6676103377084428,0.8511605990126222,-0.6166203127711142,0.867003270161533,-0.581187040628143,0.8670482666877226,-0.7340683189522605,0.7852742913197794,-0.7105455325892713,0.8428515289488689,-0.6627857582221524,0.8582290917741848,-0.6268656640102858,0.8596825372579648,-0.753363074350266,0.7805581650283434,-0.7397082764189274,0.8274069039931744,-0.7025285545963057,0.8452083662276876,-0.668770392126182,0.8509181658058118
0.021400333665874793,-0.3184020889616604,0.0842943110638397,-0.3635115676041958,0.11610168591064361,-0.3624721705693434,0.15310845972097445,-0.36092124520676383,-0.04084951141842691,-0.3625943119664267,-0.09013632736464203,-0.3603877337786954,-0.1279219772709075,-0.359142886841723,0.20371580037995415,-0.33054071809181435,-0.19292435621964169,-0.32774102723605186,0.09348005848541634,-0.25769389605504195,-0.0701332029516406,-0.2536088012055278,0.499969789513296,0.0054963236831870954,-0.4999697895132962,-0.0054963236831870954,0.6091049456200996,0.3822726351013291,-0.6770228520693609,0.394386773255167,0.6163452851270017,0.7271027602705903,-0.6357768178604466,0.736918743578056,0.676393780403319,0.850434771472924,-0.6568384651873512,0.852982459978785,0.5806403216152312,0.8451484824026232,-0.5890281220616365,0.8493570117727701,0.5445840618139669,0.8138033243053189,-0.562569683259478,0.8242578755328582,0.599985144229529,0.7478278473260209,0.5053010805388345,0.7794648594898881,0.4664888113390713,0.8315045399041806,0.4672095836347145,0.8800382097057563,0.457566669809002,0.9164273333573,0.5556588956750891,0.8667762480667196,0.5583596529935562,0.9397838092792493,0.5262239738518524,0.9560602378399495,0.5002337518698361,0.9523446628410916,0.6237954043055088,0.8647385988372257,0.6084153640147971,0.939171730799159,0.5652930761075062,0.9482317462424825,0.5400868989643952,0.9394460297338987,0.6740175844969108,0.8576463255805996,0.6607362320848337,0.9255329607949144,0.616918124434172,0.9344037883443919,0.5906156390837166,0.9267669925167457,0.711103671776965,0.8474754778227052,0.7110453897441568,0.9035451581861913,0.6753992429627431,0.9172369070704027,0.6499422926692934,0.915293146447714,-0.6676081649806839,0.7419326146205982,-0.5687761850559748,0.7703984176143793,-0.5239713821954516,0.8186259698047856,-0.5138445670881687,0.8684348945395276,-0.5158036097903351,0.9070682537039862,-0.6273596981651213,0.8593098310631088,-0.6213595896224213,0.9229437355932214,-0.5854272905361967,0.9434112951344937,-0.5554178361968853,0.9488189027050736,-0.694260431644245,0.8589347468626335,-0.6761222431648394,0.9232542419873466,-0.6276428205171563,0.9408838263786792,-0.5923208786827688,0.9417028046266873,-0.7350668553518724,0.8533865414952185,-0.7192975552457096,0.9122529737973092,-0.6743622861833042,0.9301935348095122,-0.639226953793412,0.9334971911795155,-0.7552990085482323,0.8465776582237404,-0.7472835358282364,0.894868691024758,-0.7138185094642145,0.9148080291888461,-0.6822165475923682,0.9218180127650503
0.02265470544197124,-0.33972954463803806,0.08532213625082204,-0.38790958421470684,0.11647982254905007,-0.38679646043167837,0.153540719753786,-0.38515392105712004,-0.04006546283189415,-0.38728701791429365,-0.08987198977810551,-0.3850867872952171,-0.1275141571842264,-0.3838854066663225,0.20420574492693164,-0.3526705915711364,-0.19304152646744593,-0.3499263892551455,0.0942128532835582,-0.27488786739851057,-0.06912246980156211,-0.27052229061981364,0.49996493174708573,0.005921741562395651,-0.49996493174708584,-0.005921741562395651,0.6105122794415581,0.40822179272107945,-0.6767500009984698,0.42104906779599965,0.6199526420133818,0.7772628998473834,-0.6424964829701998,0.7871061733184688,0.6796799591476723,0.9089483044072618,-0.6618485492074141,0.9117957797812828,0.5877508964415551,0.9033674601405104,-0.5940493710850046,0.9077764542680267,0.5517787784554129,0.8701597971000887,-0.569514690823888,0.8807113003883332,0.604199818679853,0.7958538907199209,0.5093194177711492,0.831928102651764,0.4718726106028272,0.8880743473511344,0.47191447987403784,0.9402236862857722,0.45794047698208057,0.9790459905272866,0.5674083101477588,0.9256814677603723,0.5673370433031447,1.0000012609997,0.5370532666869985,1.0199165228391203,0.5119787400779291,1.0199653778135143,0.6357174025433833,0.9232946011004167,0.621173977562958,1.001980556708888,0.5777535834790715,1.0134823896360325,0.5511877981464492,1.006117000311445,0.6853629555043222,0.9149424082176899,0.6725598668693764,0.9866590009549675,0.6285889364108452,0.9979948608184168,0.6013103044649691,0.992337220547395,0.7212753875081002,0.9034404079789893,0.7216304745613904,0.9635976126138087,0.6865320880902188,0.979034947964581,0.6608984730851506,0.9779519402616585,-0.6717886705270948,0.7928404422822046,-0.5689441997327511,0.8217180822496101,-0.522291230660719,0.8719973799212223,-0.5164505564103601,0.9265048079281587,-0.5193895119986951,0.9682646011608996,-0.6273286713473982,0.9150058192974686,-0.6201980672095219,0.9842040384916613,-0.5844642477350585,1.0066979060343784,-0.5559762174360792,1.0129190516264943,-0.6951864664495029,0.9151065408542676,-0.675163690120913,0.9842858538426158,-0.6264455860590722,1.002891568132094,-0.5917984968814199,1.0040448466885972,-0.7368158356446781,0.9099130228399903,-0.7190436662690055,0.9729111776981411,-0.6742972634575155,0.9919390190437715,-0.6397675864063652,0.9953766022763136,-0.7583751251431509,0.9035858017212788,-0.7478433999296161,0.9554215987997019,-0.7144049073530655,0.9764710656782247,-0.6836319729321984,0.9840027626896195
0.02288722031671121,-0.3334812687862719,0.08545660855938551,-0.3808010611253453,0.11579534649999947,-0.37969554867681715,0.15239159258212306,-0.37809646649221623,-0.040592185955754666,-0.3804549751669927,-0.09059434084957477,-0.37837501046439137,-0.12789333790289592,-0.3772532386684308,0.20361288697724214,-0.34611174337833656,-0.19371210430707778,-0.3434766615613768,0.09423121055925104,-0.2697993173835671,-0.06902335531075283,-0.2655320598617274,0.4999659960291481,0.00583119323825338,-0.4999659960291481,-0.00583119323825338,0.6115829542704626,0.40057645138103415,-0.6750476828327706,0.41339259458191013,0.6242534653253373,0.7634732610920769,-0.6473861592249626,0.7733814446400444,0.6823311184364098,0.8929231232079795,-0.6656003079727573,0.8962980053331132,0.5919763800856858,0.8871285545604072,-0.5976267647615727,0.8921903029226933,0.5565634243097486,0.8544618832104048,-0.5741834371415143,0.8655016516453338,0.6036738923908188,0.778588213242561,0.5092931915775047,0.8146021750978117,0.4740134916186375,0.8714267877798633,0.47729649507977945,0.9236325961402868,0.462918210209075,0.962011882457369,0.5686637285639426,0.9077894223078308,0.5708950963312241,0.9819819742926649,0.5391819909849137,0.9999084796622916,0.5122981191480183,0.9983679475520306,0.6370787595055136,0.9047850562211566,0.6233276131597393,0.9824827293464161,0.5807441067146497,0.9938634513699274,0.5537734139982746,0.9877929665235023,0.6859996564177,0.8960181474742769,0.6748655902709929,0.9660292551598311,0.6329348416267451,0.9785067440737819,0.60507672565864,0.9755018852796097,0.7211759897147276,0.8839581460469234,0.7222477294237136,0.9416492669820385,0.6898937863563265,0.9577486487134292,0.6659072055487866,0.9589544681967487,-0.6701210427013984,0.7797923903675539,-0.5692939805425422,0.8080468660734026,-0.5251599741698609,0.8605502697625887,-0.5186461843134117,0.9153986326703577,-0.5192525961324819,0.9572498644896699,-0.6285443382173235,0.8991783733661364,-0.6218174102182173,0.9706613625839037,-0.5844506288307122,0.9913176317280131,-0.5559348624917129,0.9953931439152334,-0.6964182509110723,0.8984665752674293,-0.6739885748501023,0.9694550503930863,-0.6229757039392256,0.9843776823835367,-0.5891870814207653,0.9822999348646761,-0.7374516132518467,0.892618958445911,-0.7167015120120388,0.9569570320000542,-0.6698416324734829,0.9723708933659619,-0.6354593188180894,0.9724525185747892,-0.7584279291397246,0.8860728466281302,-0.7470028885086142,0.9382702789610887,-0.710589357679002,0.9569591670658787,-0.6779578724559012,0.9617977189315928
0.02301728082176703,-0.3108136156694706,0.08536722100607068,-0.3549522195715018,0.11514420519264777,-0.35390710471114695,0.15142923571758723,-0.3524272428877531,-0.04081663549587632,-0.35484762771851014,-0.09095169494984642,-0.3529512737121275,-0.12813157517695525,-0.3519142338173713,0.20282151320686165,-0.3225120594331748,-0.19427869086879365,-0.3201207215165856,0.09418304230922453,-0.251441416950587,-0.06915348344806713,-0.24747702981139627,0.4999703046582472,0.0054492623298520735,-0.4999703046582471,-0.0054492623298520735,0.6125058135512992,0.37340562081338236,-0.6746458913389893,0.3852636503901035,0.6268459956710632,0.7132252783129635,-0.6503527182856095,0.7211437962369354,0.6834880343664643,0.8333063695821589,-0.668629776686247,0.8360451223693878,0.5936514557104862,0.8277624273239126,-0.6008009162296843,0.8320405517520992,0.5585027055685652,0.7975465949132045,-0.577869536710938,0.8070701557623395,0.6075091321675289,0.7233773852995063,0.512624117926582,0.7549355754985556,0.474671748445499,0.8083274011170717,0.47511157023094325,0.8595262038509058,0.46169816179656187,0.8974044514851759,0.5702667378451576,0.8434027554790727,0.5719178924978332,0.9146796731492292,0.5396262943911593,0.9314786631928549,0.51248023769026,0.9290714815049014,0.6404427669282483,0.841286425632589,0.6259972979112003,0.9171076737058352,0.5803273277194099,0.9251391646082305,0.5542360963357249,0.9165564329262917,0.6904138491536783,0.8335477766105788,0.680091820531103,0.9025066051042213,0.6343868139900474,0.9095383310715436,0.6082459625990276,0.9015654697771919,0.726253722408514,0.8224880587987338,0.7260072230172377,0.8787274770251551,0.6903997990440746,0.890252098543602,0.6676946440748978,0.8871872855340938,-0.6732031762870178,0.7258090597741099,-0.5694533432087926,0.752600953691053,-0.5241678836114748,0.8014446219085651,-0.5133402288926524,0.8524865177279223,-0.5157942850618623,0.8921143157285911,-0.6322815206680903,0.8420156983550953,-0.6247120685814327,0.9076150349998459,-0.5850842679924726,0.9252222870029243,-0.5544295076546374,0.9262514432819775,-0.7009354249025248,0.8402927838941785,-0.6776048622064917,0.9058262961748069,-0.6250487376634571,0.920245505835544,-0.5888731734987848,0.9183009316554439,-0.7416140491952048,0.8337934698766624,-0.7192665495477136,0.8938027872082812,-0.6711136226448068,0.9089728538597598,-0.634603879290951,0.9093131505142794,-0.7618609685321884,0.8268341507098744,-0.7490333963134375,0.8759287169106333,-0.7124117856312173,0.893697774385519,-0.6791501074886731,0.8983980932235864
0.024263035324024688,-0.334394440882742,0.08651844715658634,-0.38195903228577704,0.11592611767915173,-0.38081220977288893,0.15205655253972805,-0.3792170210096309,-0.039708055131288715,-0.38203708244602425,-0.08988863178121216,-0.38002956642459484,-0.12701721176093314,-0.37890655024026765,0.20331316270398314,-0.3469205648854749,-0.1935940958209825,-0.34440417829420167,0.09523732390550002,-0.27048338636682695,-0.0682409927407822,-0.2662199941834455,0.49996676458410333,0.005764920754342842,-0.4999667645841032,-0.005764920754342842,0.6147141534333512,0.4016921721672512,-0.6733878549653161,0.4150881332856889,0.6318186584093052,0.768456753467913,-0.649064980725811,0.776381048259955,0.6867543393681407,0.8971185092368403,-0.6681532391093218,0.9002935650432445,0.5963888634506403,0.8910621463010151,-0.5990814368198769,0.8958883233865694,0.5614977076449931,0.858697895684106,-0.5756106225016937,0.8691655960147153,0.606537828039953,0.775513146952974,0.5131996117061446,0.8116575789458661,0.47535794390747305,0.8689566934222226,0.47254667075789963,0.9250239745515221,0.4557142416829416,0.9667568803929527,0.5698138053640011,0.9084351646613891,0.571062687097789,0.985037339983177,0.5386803200576662,1.0036206094827085,0.5113448720673279,1.0006630232520854,0.639997295558725,0.9062192814839225,0.6270788472556128,0.9876482928899792,0.5820458399561033,0.9955297527655795,0.5572348295412817,0.9859757541526082,0.6904572390324816,0.8974572345760873,0.6825151123068036,0.9717384164254477,0.6373933691415449,0.9780740300665373,0.6126636258422494,0.9684159096566768,0.7270839901281433,0.8851942569975334,0.7297921233936788,0.9459249425299087,0.6945047681714175,0.9556318288446414,0.6727621693067184,0.949199342392522,-0.6708188716295385,0.7789519669948521,-0.5675192985989337,0.8101321616715045,-0.5219679244684418,0.8635263792651612,-0.5138446805498458,0.9183530953144365,-0.5184269366393014,0.9601402038001339,-0.6315790360063037,0.9039081729922123,-0.6218861097490851,0.9737336997832393,-0.5824233674971585,0.994399240470875,-0.5506590395380242,0.998694264592552,-0.7021785533712109,0.9040961523755201,-0.6770002404900445,0.9742964846854123,-0.623762010846868,0.9922283339556723,-0.5843628418855336,0.9922309699505303,-0.7434198362269364,0.8990434444818604,-0.7206781141924684,0.963818734624407,-0.6710059460398964,0.9815138386064871,-0.6309609080116223,0.9832168560344032,-0.7616657262816771,0.8930318934586203,-0.7473234140966852,0.9441026463346702,-0.7095879981613111,0.9638633817873136,-0.6737297281154239,0.970516468059108
0.02496044209330316,-0.2870823075504782,0.08705807555466051,-0.32801507720081524,0.11607488513525176,-0.3270070775598117,0.1519208321225432,-0.3256378076226656,-0.0391278523786944,-0.32823915176934365,-0.08946557678407369,-0.3265297212910514,-0.12666509856880012,-0.3255682904060447,0.20301310134372966,-0.2978114024068571,-0.19336051165313375,-0.29571754101345665,0.09573507418715697,-0.23218941293900394,-0.06824282569681234,-0.22850995081939995,0.49997547931620623,0.004951775694606302,-0.4999754793162065,-0.004951775694606302,0.617357969455142,0.34487385086475913,-0.6736877720053777,0.35643860206925737,0.6339885426544489,0.6601104543480987,-0.6477582297532855,0.6665320630338032,0.6869916259331064,0.7703441098303151,-0.6672713846617198,0.7729658211777936,0.5968680675750316,0.7650036600537671,-0.5975462331783978,0.7691712985175566,0.5621929721237464,0.7372348204679987,-0.5736504764049715,0.7463355646923274,0.5997735008063911,0.6635489753110113,0.5059181199265832,0.6962985855647478,0.46901424526801255,0.7452094282147366,0.46649239751100996,0.7924737806944624,0.4545053958955725,0.8274042372616844,0.5674678503529414,0.779208509662022,0.5657926648321062,0.8440619201774476,0.5313494634274418,0.8605727895207743,0.5022391137636277,0.8593964422356546,0.6379568828771072,0.7771695265596672,0.6215457554243723,0.8478578572266291,0.5732275009526031,0.8575527862465316,0.5447244504983061,0.8509606022541235,0.6884955584118434,0.769726163300474,0.6784065668881124,0.8346361493736786,0.6297788832437047,0.8431793414760953,0.601232619404953,0.8363505302132765,0.7244458932866857,0.7589422962322203,0.7258367240678381,0.8134566650024295,0.6885892763279242,0.823298549033663,0.6632427591002541,0.8178663054146186,-0.6707319231588211,0.6709023834333359,-0.5665233800449635,0.6983907496914149,-0.5187302660023901,0.7434626578683102,-0.5083834168347938,0.7898420271854781,-0.5121989986325688,0.8236187666906921,-0.6297176198241798,0.7755370388399543,-0.6145731069013972,0.8405993546024788,-0.5715663642275374,0.8541008285886464,-0.5411523218829118,0.8536507700265146,-0.7008784159688292,0.7747687427653156,-0.6669983223085094,0.8401382638065801,-0.609002937211762,0.8508173246540481,-0.5725776107736339,0.8470095067377331,-0.7421840984410382,0.769339893679738,-0.7118266958616342,0.8292575110956298,-0.657736964905157,0.8406130741752402,-0.6194259877589421,0.8380633552250355,-0.7616596417000399,0.7629704759460846,-0.7463523227959064,0.8114362103952473,-0.705171123324184,0.8262287386099314,-0.670727566253804,0.8283798827555832
0.02620909741492112,-0.3081572555911299,0.08805809012679869,-0.3521916250651278,0.11670089166624249,-0.3510766022609742,0.1523735349491728,-0.34959831668442193,-0.03789306337397349,-0.35259173398314425,-0.08837090670923521,-0.3507248752540419,-0.1256523336830324,-0.34965762721542154,0.2033404207995338,-0.31959314561434526,-0.19270092452609985,-0.31736492144269063,0.0967447933370322,-0.249201828845595,-0.06727507182611858,-0.24523967287387932,0.4999717666189396,0.005313434288347495,-0.4999717666189396,-0.005313434288347495,0.6182352748696353,0.370105606329627,-0.6720607888470533,0.38311582476622125,0.6341866099968777,0.7084330627408766,-0.6456184564546875,0.7152094142340202,0.6869525466696388,0.8270976874333386,-0.6648373029748368,0.8294735997602397,0.596938686390006,0.8216468864641091,-0.5950924464751984,0.8253894834259952,0.5621177573474375,0.7918081112215648,-0.5715258049325683,0.8008594370937793,0.5989998988368916,0.7081874723655539,0.5022348879508524,0.7429149835836194,0.4635396544401274,0.797308546339577,0.45978265619038483,0.848751533504745,0.4483223718614442,0.8862395837561812,0.5574669212607208,0.8338162083127628,0.5554707604440469,0.9035723749421201,0.5233819998703515,0.9218734114952923,0.49654127067711534,0.9211814173537001,0.6287658185492998,0.832635310216341,0.6125382805987015,0.9084324232903632,0.5646330870489399,0.9176508659754518,0.5370735906628777,0.9087353889202421,0.6803055497662478,0.8254608230282212,0.6698517883386361,0.8955504643513881,0.6205008845152721,0.9039481980381021,0.591999561384703,0.8954209905626672,0.7172006660344054,0.8143043717447889,0.7179775531263546,0.8730252126281105,0.6800552965002986,0.8837275190394998,0.6540067397547445,0.8780337080635388,-0.6712535087803331,0.7164625626509944,-0.56706017048159,0.7453086549178832,-0.5157942426426212,0.7932232157142308,-0.5032986420678317,0.8446044258195987,-0.5044071858318417,0.8827135859695643,-0.6222880269791361,0.8299426196982788,-0.6082122583213049,0.8979351802887767,-0.5675198864420856,0.9148121569524078,-0.537726239805325,0.9165718165451866,-0.6934490005927314,0.8310127137316687,-0.662360453267708,0.8991679893297971,-0.6067106498572614,0.9120598143839737,-0.5691132959088726,0.9098689296636969,-0.7351068381968349,0.8266927213509152,-0.707150100298417,0.8883589770878443,-0.6552402324150347,0.9030291314604885,-0.6164479546690764,0.9034281778737909,-0.7547752696858895,0.8205751227804542,-0.7388233124802164,0.8707139613023758,-0.6993234649531898,0.8884561203759818,-0.6641396864486641,0.8932029360789896
0.02774020412752737,-0.3378946558730446,0.0895253700511881,-0.38621608369524874,0.11783903325424874,-0.3849790134010838,0.15341983323545377,-0.38335115355383304,-0.03644503706431709,-0.38673769121627566,-0.08712894285470209,-0.3846766424809097,-0.12452594867761299,-0.3834794749956683,0.2043595489315268,-0.35025803567145025,-0.19201830033019235,-0.34787335393524293,0.0981700542936318,-0.27320317350532525,-0.06598365156185011,-0.26887885742002804,0.4999663577559366,0.005800095883939737,-0.49996635775593634,-0.005800095883939737,0.6193577789839382,0.40582413259991484,-0.6711607530121794,0.4212896125197819,0.6296125975058015,0.7765059986898516,-0.6440120703639615,0.7843407633499733,0.678496402356369,0.9069428303120621,-0.662559044833891,0.9096172755116095,0.595746747132329,0.9009445102553262,-0.5921543752602422,0.905056122316414,0.5609535747285675,0.8682237076328468,-0.5680034287972539,0.8782497564735174,0.5920440433357023,0.7748200113931054,0.49483681303840094,0.8160235104176841,0.4548187121887917,0.8771549465586115,0.45005130532035187,0.9327828741169617,0.4423864397497118,0.9735178584090289,0.5508423656633233,0.9143362091566881,0.5495032564178958,0.9907916554048237,0.5153436028066556,1.0100803154030282,0.48737659539231143,1.0094786526115438,0.6216265236709759,0.9118257025047513,0.6062889625221478,0.994555085291697,0.5572759625470378,1.005765486116933,0.5282063477061594,0.996021211856064,0.6739215424917235,0.9031308013836636,0.6635175979170137,0.9797596729786118,0.6135733609078411,0.9901077736869235,0.5834659141574162,0.981230959030264,0.7111760065863169,0.891053773129587,0.71353283885827,0.9551131350873318,0.6757849063334344,0.9675318545477481,0.6484152929040605,0.9615386939782974,-0.6667693644607614,0.7832847328072433,-0.5624870105249593,0.8152106415176535,-0.5093905726362005,0.8686903915795473,-0.4978464721896695,0.9253217561973333,-0.5051528479829122,0.9673128259907374,-0.6179633258215228,0.9102550547140904,-0.6014460138763409,0.982550955599908,-0.562694327770265,1.0004943208972636,-0.5340461096992433,1.003493148055484,-0.6903037868067018,0.9115599056920263,-0.6583498819126814,0.9842609095472694,-0.6045269438917684,0.9990533260290277,-0.5665539876272858,0.9968112791509953,-0.7326126097508983,0.9060685468698303,-0.7066131586650687,0.9731087609978343,-0.6558721294105266,0.98996430665338,-0.6163006949005884,0.9904965660191247,-0.7525273441756927,0.8984726165404916,-0.7380753746760171,0.9525606867968185,-0.6991049822227475,0.9718133968191002,-0.6635692047849436,0.9766613176463089
0.02992477864041144,-0.3424210514637528,0.09185360206114684,-0.39159121301401045,0.12002303716944213,-0.39033356945624054,0.15578016402953554,-0.38868128995306844,-0.03448505532064198,-0.39214041118744075,-0.08545774905400887,-0.39004660370300104,-0.12308384908603064,-0.3888313360264272,0.20621797246429469,-0.35492164096723955,-0.19119850043505132,-0.352552305840919,0.10047052385497247,-0.2766571026186545,-0.06425816406461214,-0.27225828355664217,0.49996751304350967,0.005699640434985127,-0.4999675130435095,-0.005699640434985127,0.6226616280918488,0.4108650637592412,-0.671190101392247,0.42822313636951953,0.620725504044369,0.7865419386173506,-0.6432700710650886,0.7959934484062064,0.6671135431865669,0.9198100331020853,-0.6602720119615075,0.923388515882297,0.5880364221074063,0.9134924814114116,-0.5893568476350369,0.9186101709998508,0.5515606380047103,0.8803374906666342,-0.565162351455324,0.8914896070343291,0.5901986445816102,0.7842732251053444,0.49171081283475593,0.8258350166635129,0.44722567948777053,0.8871757085629209,0.4404789810151524,0.9423399891568345,0.44075972882463843,0.9831702480726809,0.5401205219536603,0.9245495474957861,0.5362663117268669,1.0026121673028947,0.5049209616719486,1.0221764869867627,0.4791818167617998,1.0207752128276875,0.6126202504911139,0.9233100107637463,0.5971064337184498,1.0075625481333044,0.5519624717014938,1.0176328133189085,0.5264038840657664,1.0064413599778324,0.6669265565729972,0.9160574884353668,0.6553049902837552,0.9928858051850058,0.6080622062203099,1.0019319584370014,0.5803481826350358,0.9919099781200114,0.705592066434032,0.9049344105201251,0.7056451084820075,0.9688863683735591,0.6683985180525036,0.9800163682454902,0.6423913054184116,0.9726932757245212,-0.663906553100726,0.7937453319360565,-0.5610628440807386,0.8257480701343655,-0.5091058363830063,0.8797015147922684,-0.495257218449813,0.9364912734107091,-0.5007074228238536,0.9799056169384598,-0.617451988157616,0.9217579730114117,-0.6014940112054405,0.9959044536144351,-0.5633869608865575,1.014380000159523,-0.5350450944741532,1.0181396356111427,-0.6875920599311798,0.922889122031388,-0.6570179626849546,0.9976362934124825,-0.6034142404978035,1.0111508229498085,-0.5666550296943093,1.0079734760011585,-0.7285797220777385,0.9172722074202518,-0.7033217060472052,0.9857830334806142,-0.653142232031289,1.0005008016844135,-0.6150369676399471,0.9996473750730732,-0.7475540413507252,0.9096398216150147,-0.7351896185006961,0.9653041713726849,-0.6970337230635595,0.983669304267166,-0.662429858913235,0.9873004614495019
0.030452447694100736,-0.3081592196110075,0.09240845236109416,-0.3524847827900129,0.1205208656768587,-0.35135063922612886,0.15641679728160104,-0.3498566352416764,-0.03402035541269784,-0.3530198429148618,-0.08505730209503652,-0.3511532878351002,-0.12278380321422579,-0.3500418658984466,0.20672594978518977,-0.3192824060411326,-0.19111672224035015,-0.3173033447101512,0.10099628065012041,-0.24884095408690646,-0.06384695553341124,-0.24493762170331537,0.4999740863376537,0.005090480412335563,-0.4999740863376537,-0.005090480412335563,0.6227864489034036,0.3698797462722658,-0.6714347790241403,0.38577166271441254,0.6044843292646029,0.708191857083217,-0.6431627193802932,0.7160263349459388,0.6431838148637353,0.8280959357642098,-0.6594608574797421,0.8311625195276174,0.5673244564061726,0.8223959230039957,-0.5883868664207788,0.8265212282074538,0.5312631576642787,0.7926772504595535,-0.5639057366615788,0.8020352172276825,0.5830457760537086,0.7040536332288251,0.4851241174214438,0.7391732137683336,0.43641017677169675,0.7939434302351867,0.42960581070993953,0.8446178264195362,0.4282807283093261,0.8828194931035728,0.5339862627811354,0.832846047720474,0.5276783556813998,0.9021874385516618,0.4932989748057996,0.9188435311925702,0.46539608612218836,0.9186052200788754,0.6046734735144477,0.8316526683424557,0.5863999579209922,0.9058593750994107,0.5395084525102969,0.9143850767791508,0.5127434685055715,0.9050534032652753,0.6567430262337457,0.8238063357177005,0.6458307617098608,0.892320628920873,0.5976688791352747,0.9002844452770608,0.5688295655171768,0.8914517356574839,0.6934969004235588,0.8128075482968606,0.6960070841778777,0.8707179088453793,0.6577307596745701,0.8812011661018994,0.6303475707398228,0.8752177029417866,-0.6556019929874002,0.7153255361288167,-0.5535511616342821,0.7451247602614337,-0.5023585016800957,0.7945547104005445,-0.4920304747823848,0.8458226046072019,-0.4984781841537449,0.8829109875490093,-0.6133598963722731,0.8309514135729477,-0.5966704191774461,0.8963368095199734,-0.5576896306698726,0.9128868172390967,-0.5272832623050702,0.9172568168896523,-0.682646670923016,0.8317772953279339,-0.649468838727195,0.8976621111216443,-0.5921909362887563,0.9095337433932177,-0.553040132486663,0.9056388461287657,-0.7227675988005179,0.8272085004371276,-0.6967730468796355,0.8879266157779936,-0.6438389368897806,0.9019883393431539,-0.6024902697534804,0.9007970877429364,-0.7413669323479828,0.8208543479872814,-0.7301877563259708,0.8688940993017954,-0.6909750068881767,0.8870238300539196,-0.6544064332796152,0.8920225880446258
0.03076727454011323,-0.34574590905560154,0.09267642016772819,-0.39563724634733355,0.1206822526812152,-0.39436164708668836,0.15678323465143765,-0.39268279799620587,-0.033678000625381524,-0.39627218665512476,-0.08483932014729055,-0.3941903864699948,-0.12268144261213002,-0.3929211460012478,0.20711655984689714,-0.35820696467676344,-0.1911237559612758,-0.3560972540896107,0.1012717472493428,-0.27911148860790147,-0.06360860465349208,-0.2747244343156363,0.49996698140517953,0.005746086023788916,-0.4999669814051797,-0.005746086023788916,0.6229684589854455,0.41491300644282153,-0.6716397132535976,0.4334840929019169,0.5919490383930192,0.7954763738456829,-0.6412548169943065,0.8038216694034162,0.6244230170211728,0.9302921509070204,-0.6572648838058227,0.9337668679294939,0.5465552355788772,0.9238179618726639,-0.5853225793154893,0.9284411876707306,0.5098102480830592,0.8905895613531096,-0.5597975097537233,0.9008795376438332,0.5734796754806353,0.7880726916063464,0.4795895732327949,0.8269806455552651,0.428449631116527,0.8859598487337776,0.4173092299758439,0.9416534769414454,0.4137852675178698,0.9844596690591287,0.5162263320222281,0.929310421720273,0.5157163154240413,1.0077091192970455,0.48583392236513867,1.028924951068309,0.45922504517092244,1.0311644407572222,0.586548157608782,0.9299478372624943,0.5747201016791017,1.0125626272500283,0.5305524138295241,1.0280931015939532,0.4991034773296103,1.0222061405899237,0.6406542818416884,0.9239091187820228,0.6319852519054777,0.9992291368451471,0.5855581780036027,1.0138103161086507,0.5519498551982823,1.0090809112888213,0.6798813739674059,0.9140730492740434,0.6844878023796515,0.9778866413533887,0.6481614184754704,0.9923513992457634,0.6167579201431959,0.988527076698258,-0.6535453941146611,0.8047946925932024,-0.5486192732884112,0.8363232045296178,-0.4994507036421606,0.890419709059454,-0.4901131601922971,0.946779772799214,-0.4940931143404774,0.9879091216198324,-0.6129224200122154,0.9317250555833477,-0.5967410656199332,1.0080040989587913,-0.5535628207042637,1.0258160566240306,-0.5213550310266897,1.0281979149691336,-0.6830115986026478,0.9328611028338788,-0.6463539096336327,1.009560253239158,-0.5859845633286743,1.0214359159175876,-0.5481367163702741,1.015704467918101,-0.7228222312907242,0.9278563495219222,-0.6942108546927537,0.9988073227570836,-0.6385826412891445,1.012998951333027,-0.5976670918986124,1.0101840123155579,-0.740500898530016,0.9206870463772482,-0.727174009184724,0.9762444513383459,-0.6862058660096015,0.9955261861376308,-0.6505225037336854,0.9998549443914201
0.03128910364412785,-0.34516844620079046,0.09344409295334596,-0.3952197040237288,0.12142001977681935,-0.3939422998701914,0.15777806356784613,-0.39225909489161187,-0.033093244978137266,-0.3958813441532328,-0.08453250556747928,-0.39381094484448104,-0.12250099948365019,-0.3925250056015538,0.20817827205708683,-0.3576399188172928,-0.19080160837924096,-0.3556538035162662,0.10174396730769893,-0.2784124394503069,-0.06334499871132575,-0.27403846219067174,0.49996574644457364,0.0058525534700922,-0.49996574644457364,-0.0058525534700922,0.6231983289123094,0.413643590656185,-0.6721753280842361,0.4332562018634176,0.5767081385172939,0.7958747663481721,-0.6412620498893173,0.8034107381740786,0.6061198171045391,0.9307663916981206,-0.6557330766674747,0.9340240646164525,0.5254276294645427,0.9241947142714835,-0.5827380092406448,0.9284366536982571,0.4882846077030824,0.8909896318072807,-0.5571384280763528,0.9008153974147061,0.5682616967171943,0.7888172716334627,0.47135409676351064,0.8233167857545356,0.41890499005653287,0.8823927483702114,0.4083515964293781,0.9396705383532259,0.3978394136977271,0.9825762620143981,0.5082559451973739,0.9278752155181903,0.5068644503518164,1.0090201880675083,0.47516932979807847,1.0289323809123259,0.44867448672343024,1.0284550987136434,0.5787946640744038,0.9296438567415627,0.558304248474578,1.0143174059464475,0.5106864921430326,1.0237712123582614,0.4826510782877892,1.012308245904068,0.6318483167006338,0.9243169367515466,0.615622332896361,1.00297102881332,0.5661771421159566,1.0106276868031994,0.5370876252248624,0.999050008747606,0.6701687158288411,0.915136253200209,0.667322655549826,0.9809366713426009,0.6284158074608268,0.9903703349434547,0.6025928811606878,0.9815595621662747,-0.6572324365525667,0.8027467082195454,-0.5507745699216193,0.8351795357957512,-0.4955590474706312,0.8895374716984854,-0.48425059856673475,0.9466426821740365,-0.48960559608176807,0.9888285563960656,-0.6091030379944579,0.9293357400145877,-0.5890164891705639,1.0047990742588457,-0.5502419638916916,1.0262329028400925,-0.5226772501342176,1.0320598083665682,-0.6796973915804172,0.931971204916397,-0.6423812840578433,1.0077605795753486,-0.5866425624117706,1.021534165429172,-0.551614465889756,1.0174354448023608,-0.7209178730963104,0.9285612660033494,-0.6909568353542263,0.9991087301626084,-0.6370709914055406,1.0143897835044737,-0.598304439539059,1.013087158161789,-0.7394315095455296,0.9227896678561203,-0.7244182011358914,0.9792281171485333,-0.683239468048921,0.9988176836144133,-0.6470586311085583,1.003107590243558
0.03062355011633425,-0.318484308843321,0.09325815933346333,-0.36484746826554354,0.12116910832565363,-0.36366372030689054,0.1577528174094346,-0.3621026334646086,-0.03342715526900754,-0.3654731331981898,-0.08499153440415225,-0.3635701544583167,-0.12288989548057234,-0.36237536628154293,0.2083523118816791,-0.32987225440558204,-0.19088410876885112,-0.3280450588772382,0.10144843228610563,-0.25671807367505245,-0.06390225814431882,-0.25264983215623626,0.49996739527793976,0.005709961382730472,-0.49996739527793976,-0.005709961382730472,0.6197709951006731,0.38193204809008924,-0.6728192193410748,0.39932323054358987,0.5635288027846307,0.7351807026272643,-0.6408750578348614,0.7408236735436118,0.5923649369964534,0.8600031435925168,-0.6547651133838109,0.8628254964964001,0.5114508401068945,0.853426327940551,-0.5801128643460354,0.8573597999395924,0.47329134093186837,0.8226345287320159,-0.5540676995724372,0.8315157533405975,0.560271476906754,0.7307575180958642,0.4611108706633264,0.7640904600810055,0.4081374749446596,0.8176117026392543,0.3957329671858926,0.8688924117885864,0.3924955358371481,0.9078270027308228,0.49943042222136896,0.8592344289765053,0.49520919744554925,0.9341186513159156,0.46126715921650696,0.9515322296404614,0.4337431677774329,0.950309604342283,0.5710190033878183,0.8600518782696501,0.5480720082590408,0.9379740532011028,0.49989552405107557,0.9470864915206144,0.4713038595485861,0.9374133678379676,0.6233231543156856,0.8543973939829766,0.605210529765975,0.9256022270575258,0.5549496007489579,0.934304757849952,0.5237940512083358,0.9255793580342756,0.6592919252962974,0.8449337190098217,0.6563615149241567,0.9040484092202761,0.6166387717573383,0.9161241998008138,0.5869783588114802,0.9111882759964032,-0.6547774802532713,0.7451195801318191,-0.5479892936176499,0.7724695124824921,-0.494403737860693,0.8218136096560331,-0.4834466019037745,0.8743415480182128,-0.4863486939371504,0.9140098403132777,-0.6069532725949356,0.861273084111213,-0.5916554550724095,0.9303875307432884,-0.550387122068028,0.9484923844395983,-0.5200661569859912,0.9521839179443924,-0.676265543245705,0.8636825328573781,-0.6443334797639637,0.9329412909120325,-0.5886037059955632,0.9458536145913239,-0.551823291995365,0.9423828854489459,-0.7167449058245108,0.8600350025076654,-0.688996159975243,0.9235484310522525,-0.6366275758651874,0.9371895668449187,-0.5976526698407392,0.9357366741402207,-0.7356430954299455,0.8540702880917974,-0.7209851289795015,0.9036897598487517,-0.6806288974053232,0.9208839532674967,-0.6445924671026635,0.9248025998307761
0.029783180144471844,-0.2891606949426269,0.09231084097084041,-0.33132278734336623,0.12017833558072827,-0.33024657089643455,0.156765329461108,-0.3288220583120482,-0.03419537385826133,-0.3319055603932583,-0.08570360303445655,-0.33017460592559944,-0.1235598152116043,-0.3290937708312858,0.20730996581532454,-0.2993863802462751,-0.1914230793121949,-0.29773558974364106,0.1005042885456332,-0.2330680101650819,-0.06465213822996664,-0.2292530790345233,0.4999726247129388,0.0052320682005210905,-0.4999726247129388,-0.0052320682005210905,0.6177104759935884,0.3448226639992036,-0.6748138439862863,0.3620399789420254,0.5350600401290226,0.6669725312142626,-0.6402868463515001,0.6709212241015575,0.5495149169038638,0.7802300714243916,-0.654043930497664,0.7816622101474784,0.47294960506062417,0.7739653237941206,-0.5788575578390672,0.7760689923644629,0.43998125259975673,0.7455498297477385,-0.5529637862807182,0.7518588304645528,0.5497452770713914,0.6552056498237645,0.44972027907633944,0.6823661607071058,0.39079515056685865,0.7275839358943592,0.3691135513647139,0.7740778898977553,0.3617806878501186,0.8110803445138937,0.47055650837076546,0.7746086405085313,0.454554620773901,0.8347089148783581,0.4258922314445172,0.8523202111839011,0.40195338898464517,0.8561390090890121,0.5364842637910426,0.7780464895133011,0.514414077235593,0.8380594034210197,0.4739854203593688,0.8502987473762641,0.444349862241446,0.8489548283985194,0.5865382884753336,0.7748536794440514,0.570312126371933,0.8294985077760237,0.5303613728735638,0.8379071670747555,0.502232194841045,0.8351926913390169,0.6216432449142748,0.7682042593527594,0.6114458249730154,0.814607988616601,0.581268822016886,0.8253418683461365,0.5578821637969701,0.8239264856461099,-0.6596120418197637,0.6696026539792116,-0.5502534297641746,0.6935894022383201,-0.4987599672653851,0.737381196898996,-0.4846560899377253,0.7849155996847147,-0.48059409021598565,0.8220995062770681,-0.6013912390750247,0.7767095880152995,-0.5837423747248518,0.837151570684455,-0.5456771916886606,0.8567326305897316,-0.5167870375471714,0.8633514029123496,-0.6704823747756475,0.7786209203551312,-0.6444944544619607,0.8398825160155092,-0.5932022662509607,0.8556350394723579,-0.5566602883629146,0.8560734171354948,-0.7109072728612595,0.7746504589592454,-0.6899961362396305,0.830389870917273,-0.6424665869266013,0.8468490116200926,-0.6054625462782806,0.8495912708470592,-0.7304084155281866,0.7685103073978831,-0.7208653831335332,0.8137982573825677,-0.6839383976927657,0.8325130165742491,-0.6486696653771434,0.8388088416148111
0.029065689493255463,-0.3007928019140734,0.09150049408699289,-0.34472198868156756,0.11935359342410506,-0.3436010141287708,0.15592850939448488,-0.3421128880010583,-0.03484864673452564,-0.3453504973434972,-0.08630622058047649,-0.34354360944360995,-0.12412841300754376,-0.34241682364429465,0.20643533889432955,-0.31134785091919753,-0.19187925075042989,-0.3096494768725702,0.09969969187236785,-0.24242095397528413,-0.06528739522278273,-0.2383533794249391,0.4999701239998833,0.005465812614921182,-0.4999701239998831,-0.005465812614921182,0.6161906862670883,0.35704943062327,-0.6759776209231371,0.3764084808524214,0.5233290230767751,0.6934839484925169,-0.6398467432383341,0.6971582953617732,0.5342922183885166,0.8112348525968176,-0.6534512824569915,0.8123006948108487,0.4585511052426578,0.804550280030951,-0.5778846735860362,0.8061811542141705,0.42745751873510346,0.7747177245058364,-0.5520828934558586,0.780766487100045,0.5517991452137769,0.685360719897506,0.4498884698747521,0.7105956853885194,0.39221587979131756,0.7579743312353178,0.3720590268816871,0.8061689356958495,0.3638846816518569,0.8427516265680656,0.4734410043304561,0.8066579744413338,0.45634941913491,0.8655256036616322,0.4292497634601374,0.883775152824703,0.40691786495193977,0.8895101081069097,0.538026359557943,0.8110421874237794,0.5170118252889764,0.8701431605427459,0.477996888991129,0.8841279997928039,0.4480565325789923,0.8843868237723609,0.5879889359708961,0.8086747749959136,0.5717847121650489,0.8620753622991427,0.5313551469501557,0.8734443955842469,0.5000169683851545,0.8739669607519537,0.6226898977350629,0.8023169732919748,0.6078657953410808,0.8469540518389052,0.5760640003981852,0.8598276019470307,0.5491603044419517,0.8613392710734593,-0.6583382067334266,0.6967656637059685,-0.5513205994230193,0.7216778815057205,-0.49667975292298805,0.7672487826662862,-0.4814392361271101,0.8167153050827759,-0.4810280961884414,0.8550169328739158,-0.5977815580369475,0.8088552216506307,-0.5851780940592584,0.8719145476866575,-0.5464286688764024,0.8912385814303767,-0.5166264318826704,0.8973974596957958,-0.6663320580436718,0.8106008307010114,-0.642427564914661,0.8749676872037127,-0.5909462112853472,0.8913194918626735,-0.5529831281117389,0.8909009331070167,-0.7075111334229047,0.8059646480297741,-0.6871834415433253,0.8640066332254751,-0.6414357870326016,0.880668818051055,-0.6041097517396095,0.8819411830259761,-0.7289596934370848,0.7988551094364482,-0.7204389321902199,0.8455346176251685,-0.6858685804391855,0.8645239831719472,-0.6515941350149597,0.8700278296503008
0.027269290333545214,-0.3091655826847477,0.08945897742648135,-0.3543650820003628,0.11721855194999259,-0.3532188587791785,0.15385786146735447,-0.35165996764124485,-0.036445467944391,-0.35511448265051604,-0.08774420791518599,-0.3532815512339768,-0.1254624545077504,-0.3520915045324848,0.20430086507096434,-0.31992407486827773,-0.19298276258186303,-0.31823459358640527,0.09767971344368645,-0.24918635628732122,-0.06678686431042191,-0.24495541933785556,0.4999677593662924,0.0056779920966052244,-0.4999677593662924,-0.0056779920966052244,0.6133932803622149,0.36637608369749164,-0.6817093591043127,0.38505246451740816,0.5192394698396101,0.7057982392099015,-0.6402806346339172,0.7075732241206014,0.5172095462747194,0.8242041543146208,-0.6518841310822119,0.8275710223632765,0.44705021282333773,0.812146841341359,-0.5706573392900937,0.8178438172338005,0.42574982621423574,0.7751746741890194,-0.5476486876214668,0.787232140257409,0.5380872326208137,0.6881996480890816,0.4418730256222832,0.7106003740808629,0.37723071470144864,0.7534555277058147,0.35673456345784127,0.7966719858321685,0.3519611868790363,0.8313807946164048,0.4333258195874431,0.8022781763138764,0.39823617342889894,0.8578500236271485,0.3721412039461783,0.8784477482998583,0.3546771964526033,0.8892472317038334,0.49169944283887523,0.8107930211269964,0.45563412891474603,0.8673808077077693,0.41971618982936354,0.8867419830339442,0.3937725156768679,0.8956225721071696,0.5390345659252611,0.8123221352625899,0.5116076985649181,0.8668071602642301,0.4733144762562515,0.8825909617411446,0.4448752310737553,0.889091380863822,0.5744562064303411,0.8100566335626986,0.5505877196988932,0.857169975069849,0.5182294086715125,0.8720202024579721,0.49272714621862457,0.8767447180991832,-0.6480377725338311,0.6957221302843684,-0.5454647065619005,0.7221670171698058,-0.48823257004516346,0.7682019565973486,-0.46628806450661714,0.8169157545696066,-0.4603193835373718,0.8564112356169054,-0.5834923155729225,0.8116512724129532,-0.556491534354591,0.8693542039039848,-0.523198898926304,0.8941816407651385,-0.4961756639840523,0.9054417874084009,-0.6471006859684743,0.8159734540585356,-0.6150699141836771,0.8728903951638906,-0.5714566740412408,0.892144250805539,-0.5376296043428187,0.8972821232915742,-0.6894466272405988,0.8135960398202865,-0.6647400463536173,0.8677927866964439,-0.6230710135760268,0.8862315638781504,-0.588879516374295,0.8917967248656314,-0.713435669085,0.8086360638726534,-0.6975867258762648,0.8562123650460067,-0.6624661612962905,0.8773289291065345,-0.6286424774768724,0.8856765940401922
0.02674865547171984,-0.2859359829029696,0.08836745669065711,-0.32770388447089266,0.11624532234874567,-0.3266569128529514,0.15316416275828348,-0.32515304038809656,-0.03682900878633111,-0.32843890041423657,-0.08810881276958264,-0.3267211993431371,-0.12612982493632616,-0.3255338441355165,0.20353053033526472,-0.2955195144121163,-0.1935416096034816,-0.293957366845047,0.09682034560780642,-0.23030886172865028,-0.06730389777710612,-0.2264043591580668,0.4999738196110443,0.005116610552202957,-0.4999738196110443,-0.005116610552202957,0.619687709921984,0.33753646424757383,-0.7010069418789608,0.3538674958654983,0.5156701613934964,0.6380771495875746,-0.6420464451693331,0.641451447739102,0.4972059383098628,0.7451692483494071,-0.6425160599916415,0.7498811864078341,0.42969720664340516,0.7280370755204559,-0.5604348601970289,0.7362186452714118,0.4178154179857946,0.6894156758610592,-0.5448487178018574,0.7029909457885826,0.5290419098055216,0.6122386481988913,0.42979450941151215,0.6246894349647513,0.36059071727468434,0.6649968521445289,0.3285254527843454,0.6997644570589342,0.31096221419881526,0.7266223484031027,0.4321765594439106,0.7195074110448644,0.3824616045484801,0.7599076157660322,0.33998209772024474,0.7812019321817895,0.3069484305432972,0.7939671498996466,0.4766067466287498,0.7285950737686021,0.42526450522025977,0.7695488919608077,0.3799941700029346,0.787963117038478,0.34104353394930315,0.8019837954535584,0.5047589100353234,0.7299861796673393,0.4596091804428183,0.7705718180268643,0.4155153726628978,0.7877700454012867,0.3777857351472682,0.8014796875305183,0.5212722748779506,0.72545175435959,0.48610648525396166,0.7619957597805778,0.45405989862587387,0.7799808424793189,0.42506331796115715,0.7918949891048831,-0.6381417935946812,0.6183863885936762,-0.5339275049171507,0.6307936104772981,-0.46374855048642327,0.6672680252422434,-0.43057986904806195,0.7039555967524247,-0.41035423461196713,0.7354554111657091,-0.5763499997944201,0.718166800805085,-0.5436054837135568,0.7678791405490546,-0.5086219366598161,0.7939547027904357,-0.4773495918931287,0.8103373616227008,-0.6235638110500523,0.7251555697381404,-0.5909571553810409,0.7710334926230491,-0.5522171344598387,0.7935565367401108,-0.5183344250302859,0.8070791893423338,-0.6519806664473815,0.7269752522381153,-0.6231958571637096,0.7704156633840371,-0.5828575448870372,0.7913046000839041,-0.5473986907101116,0.8054822818083488,-0.6629388792877852,0.7270380535618611,-0.63734220320594,0.7658786920766765,-0.6060854233244618,0.7873872967930526,-0.5744600669612324,0.8012969413361952
0.0245844842152808,-0.33672172053785415,0.08587705774137376,-0.38509772144359317,0.1138242659137601,-0.38393035213343035,0.15065317112339208,-0.38225495448449004,-0.03881540932441937,-0.3858190927371735,-0.08999605554200989,-0.3835211174211355,-0.1282037511449987,-0.3819790436113664,0.20096771892031487,-0.3473406086873294,-0.19531303847326825,-0.3442762694173455,0.09451481834901353,-0.2709701166072213,-0.06907504975536538,-0.26629923334593364,0.499964819937415,0.005931173994098659,-0.4999648199374148,-0.005931173994098659,0.6323902136452171,0.390328697160754,-0.7121054832673878,0.4033016360375316,0.5110678276308819,0.6917161679737351,-0.6386097062032545,0.7074389523869676,0.4739237196800878,0.8188191101926762,-0.6024696200323095,0.8291758582005551,0.41455267737528645,0.7795383673091093,-0.527924526306231,0.8072306881072921,0.4091727799703105,0.7316926429510417,-0.5239968129587521,0.766990377492916,,,,,,,,,,,,,,,,,,,,,,,,,,,,,,,,,,,,,,,,,,,,,,,,,,,,,,,,,,,,,,,,,,,,,,,,,,,,,,,,,,,,
0.026604742997915508,-0.3181845790271518,0.08418563465638136,-0.3634918626426394,0.11262712091574754,-0.36249679929462214,0.14954349107171017,-0.3609679483990361,-0.03841767393217284,-0.36403389281240095,-0.08952271015429303,-0.3617668995473347,-0.12907390621421194,-0.3600726907640795,0.19862175173179727,-0.32803217972991444,-0.1966927979585316,-0.3242214055366111,0.09420021760219577,-0.25566813884400763,-0.06846619456419026,-0.25125880253439414,0.49997507119817913,0.004992812872099105,-0.49997507119817897,-0.004992812872099105,0.6558832083826903,0.34878877426393273,-0.725038176147014,0.35431669661357496,0.5085222389459155,0.5956574084733409,-0.6295133879009792,0.5992463705930132,0.4565529777065002,0.7026690395845177,-0.5686784858092946,0.7037421356813127,0.3935161575186026,0.6656148758410114,-0.49652418005549886,0.6837172293880766,0.3928486364776364,0.634800843660955,-0.5010387395553552,0.6515125268750431,,,,,,,,,,,,,,,,,,,,,,,,,,,,,,,,,,,,,,,,,,,,,,,,,,,,,,,,,,,,,,,,,,,,,,,,,,,,,,,,,,,,
0.026981713873127457,-0.2779483369787923,0.08264056714051649,-0.31519178916286616,0.1113522738048961,-0.3143273058870368,0.1482986528019901,-0.31295705999974527,-0.038667740979501423,-0.3156270145521013,-0.08939082842140393,-0.31358475411179654,-0.12988033058824214,-0.31191777583195224,0.19681806576517363,-0.2850297846210639,-0.19785790209201537,-0.2804392329266263,0.09365136555900218,-0.22236239089086046,-0.06739714960896079,-0.2191957255568908,0.49998385724743266,0.00401777201680067,-0.49998385724743255,-0.00401777201680067,0.6669153254768593,0.2870990664497313,-0.7331935083329881,0.2899856614631286,0.49136573040747095,0.46167077949172663,-0.6123775966645135,0.4637903827892927,0.42572437794681894,0.536572592919894,-0.5362757919534482,0.5344405182123144,0.3659340093271135,0.5037962522913605,-0.46887225730733184,0.5151064801617904,0.3697421335561841,0.4783485413105546,-0.48215357493834476,0.4885481431838669,,,,,,,,,,,,,,,,,,,,,,,,,,,,,,,,,,,,,,,,,,,,,,,,,,,,,,,,,,,,,,,,,,,,,,,,,,,,,,,,,,,,
0.0267381830685607,-0.31520307798334035,0.08145163545888505,-0.35619365980962747,0.11020028062140892,-0.35522619008960293,0.14704486495534833,-0.3536809896362935,-0.03897250572829858,-0.3564144242077094,-0.08940123189538081,-0.353956663259026,-0.12982464881791678,-0.3519513302681414,0.19498769019109655,-0.3226293533049259,-0.1975466749643312,-0.31613954146767925,0.09288037287209144,-0.25227255895251177,-0.0668903582832519,-0.24895342598482276,0.49998923156258573,0.0032815120683904026,-0.49998923156258573,-0.0032815120683904026,0.667897564055506,0.3235737468689372,-0.7324885383739995,0.3289537233852171,0.45449677188115195,0.47759363343077976,-0.6077981388565562,0.4153162748484131,0.37336337935538183,0.5474037408689107,-0.5432838369278894,0.45055679724593944,0.3241983472114884,0.49892592358251425,-0.4795537640093187,0.4166189125803707,0.3406690819858111,0.47194471070532823,-0.49381780438603595,0.40005609556009447,,,,,,,,,,,,,,,,,,,,,,,,,,,,,,,,,,,,,,,,,,,,,,,,,,,,,,,,,,,,,,,,,,,,,,,,,,,,,,,,,,,,
0.026192248944905155,-0.28274712513648,0.07964774826049556,-0.3186081749477437,0.10833533630446862,-0.31780334614897265,0.14506590426393953,-0.316418432185689,-0.04022624123481727,-0.31858411920394564,-0.09049107061365082,-0.3163536692988343,-0.13097145221612025,-0.3144678732049359,0.19269074479102158,-0.2895990251641823,-0.1986743414664139,-0.2824157388385596,0.0918067028636315,-0.22692808341670245,-0.06625115711238395,-0.22372270581133974,0.49999382251261243,0.0024854474901353355,-0.49999382251261243,-0.0024854474901353355,0.6662794441750451,0.28998736795856056,-0.7294321477490963,0.29593161595947465,0.4561680882161441,0.355399826903486,-0.6050845723862601,0.31311492188731155,0.3707270213928032,0.3684775745513544,-0.5490234581649723,0.3226801288948021,0.3364291516865455,0.32473712951628847,-0.49737451037460406,0.2916404465086964,0.34586575955702953,0.3205148439224028,-0.5037685005582132,0.28685784300495115,,,,,,,,,,,,,,,,,,,,,,,,,,,,,,,,,,,,,,,,,,,,,,,,,,,,,,,,,,,,,,,,,,,,,,,,,,,,,,,,,,,,
0.029557480114152487,-0.3142647753380202,0.08027553696980008,-0.3541238158008602,0.1091287837409165,-0.3532219063861291,0.1457142073781112,-0.35165343942373556,-0.038853883511586626,-0.3540706682316375,-0.08918655248576352,-0.3515892085965504,-0.13026319701455902,-0.3493989262318934,0.19271914487609873,-0.32201509679361473,-0.19841493182763933,-0.31352517242579986,0.09374623445157883,-0.2519699478507504,-0.06270153561311737,-0.2486971138434303,0.4999918069177002,0.002862344349159778,-0.4999918069177003,-0.002862344349159778,0.6645961252970465,0.33593931362427615,-0.7199122372046934,0.3289218261112739,0.46229059858814586,0.32365028645662797,-0.6297715030463408,0.29754891641788583,0.37874959919564566,0.30787189263784254,-0.6097836601455645,0.3044321403025507,0.3910659644757615,0.2674516971544061,-0.5953131693455733,0.26565211822899654,0.3950105433123591,0.2666025261953487,-0.5807871247821748,0.26491132516827015,,,,,,,,,,,,,,,,,,,,,,,,,,,,,,,,,,,,,,,,,,,,,,,,,,,,,,,,,,,,,,,,,,,,,,,,,,,,,,,,,,,,
0.030266902062988026,-0.3169293335184169,0.0803783648679701,-0.3572944601769359,0.10925333031137775,-0.3564135192906355,0.14580863183871184,-0.3549136786427268,-0.03881722034040336,-0.35714282711193246,-0.08924077421098622,-0.35459358521509593,-0.13035619896627249,-0.35233029494603413,0.1918848914919815,-0.3252441172721979,-0.1987182727835699,-0.3158328233315975,0.09475636013670034,-0.25420721188666884,-0.0616325775059021,-0.25082196435932513,0.4999916933436874,0.0028821150761149717,-0.4999916933436874,-0.0028821150761149717,0.6639596988401537,0.344660195320822,-0.7154191368625187,0.3332398194848421,0.4944932035188278,0.301554430308973,-0.6436607830504474,0.29950824590881014,0.4265710926235234,0.2809508472436164,-0.6374955452922582,0.2964028786902766,0.4460721612983467,0.23578128351115185,-0.6454662534156995,0.24248784233032372,0.44394666239209696,0.24395687665607896,-0.6258933985622877,0.24659325322323997,,,,,,,,,,,,,,,,,,,,,,,,,,,,,,,,,,,,,,,,,,,,,,,,,,,,,,,,,,,,,,,,,,,,,,,,,,,,,,,,,,,,
0.03316783590727646,-0.28460915458384684,0.08329449222706803,-0.3207177293627633,0.11233432176896356,-0.3199466646486531,0.14907432410259105,-0.3186261182099673,-0.03660446371213097,-0.32055062358998043,-0.08733599951102781,-0.31827213320497966,-0.12868563088447987,-0.31622130481224114,0.1942324591491975,-0.2921631505008132,-0.19768672013393604,-0.2834043096036699,0.09806337697070636,-0.22858590047356747,-0.0592409048655045,-0.22557425563871963,0.499995482882795,0.002125346277823167,-0.499995482882795,-0.002125346277823167,0.6656710510734872,0.3159788461265264,-0.6551567631358898,0.312566855540614,0.5530443343365967,0.252600833743624,-0.7041103304934484,0.2350272384846885,0.5317881939409089,0.2143605664752456,-0.723866685599102,0.2040924628459479,0.5411000920103963,0.17764893458507677,-0.7415146036633029,0.15573045562933008,0.5239373057111633,0.1875721383123644,-0.723289791116927,0.16712103709195628,,,,,,,,,,,,,,,,,,,,,,,,,,,,,,,,,,,,,,,,,,,,,,,,,,,,,,,,,,,,,,,,,,,,,,,,,,,,,,,,,,,,
0.03490459420284487,-0.3336028387236867,0.08472298633954825,-0.3761596587899795,0.11421844787752387,-0.3752762049472602,0.1510565383570772,-0.3737574106131988,-0.03586848668889316,-0.37596500012475714,-0.08685804773594637,-0.37332977312396104,-0.12840770092168746,-0.3709282603845713,0.19528171808795694,-0.34309838053644354,-0.1981068808139286,-0.3324985988347498,0.09948117318928715,-0.2681903663712189,-0.05853665469373892,-0.2641640401917737,0.49999897397271303,0.001012929530762375,-0.49999897397271303,-0.001012929530762375,0.6579160192958942,0.37463563897971897,-0.6200003374354025,0.37296596385881386,0.5671354475524579,0.25988913617417814,-0.7481222095278177,0.2362442821530223,0.5679773817184847,0.19947388347893893,-0.7841590479034264,0.19180737445754267,0.578697236876448,0.14923104594677342,-0.8008181326604733,0.1327013551471675,0.5480101335977443,0.17501354551288256,-0.7759667525680394,0.15077314203395953,,,,,,,,,,,,,,,,,,,,,,,,,,,,,,,,,,,,,,,,,,,,,,,,,,,,,,,,,,,,,,,,,,,,,,,,,,,,,,,,,,,,
0.0349522691875721,-0.3109480632659178,0.08503582083099248,-0.35196458876162223,0.11486232421031566,-0.35119630263204626,0.151882129555259,-0.3497835977896438,-0.03625078891091276,-0.351779737155313,-0.0879072548304846,-0.3493736923087022,-0.1293709691386276,-0.3471029091046224,0.19536773545779398,-0.32124188631786077,-0.19875000196770645,-0.31108454315900397,0.09954754094641566,-0.24973795989005065,-0.05937452660010191,-0.24569343970843138,0.49999998809607993,0.0001091050864918825,-0.49999998809607993,-0.0001091050864918825,0.6574042311469815,0.3501935391014841,-0.6088735611322453,0.3597095091739025,0.5836802225171959,0.2342271221588615,-0.773472951261034,0.1955838562374722,0.5868590873653227,0.1544310658340736,-0.8134568416000069,0.14923071252271533,0.6005714345568033,0.11740062032423525,-0.8201568396217408,0.10473984393614537,0.5688112535219362,0.13828487460742495,-0.7991009016773898,0.11699264971182258,,,,,,,,,,,,,,,,,,,,,,,,,,,,,,,,,,,,,,,,,,,,,,,,,,,,,,,,,,,,,,,,,,,,,,,,,,,,,,,,,,,,
0.0341589159588791,-0.32546523060167754,0.08414217084817177,-0.3698554653771458,0.11451617460177928,-0.3691087354699608,0.1516293950923205,-0.36763850092610634,-0.037509933868434896,-0.3695791595782396,-0.08911020791961105,-0.3671000867113993,-0.13051238758627584,-0.36462771920491754,0.19383482288929163,-0.33776960431961756,-0.19987075905798785,-0.3266210998710715,0.09829722687372598,-0.26132512482261305,-0.060688816187568675,-0.2565969841872628,0.49999845996962405,-0.001240978647798914,-0.49999845996962394,0.001240978647798914,0.6544923641694328,0.36831637914424714,-0.6012015860291682,0.38516249197159425,0.597051529149814,0.23288870296533434,-0.7821980747597854,0.19556906465726662,0.5958228050448081,0.15726759676821572,-0.8257477593486271,0.1409186545703539,0.611526481373988,0.11578621474446447,-0.8288069421296177,0.09986926257818973,0.5797476703007836,0.13691401857167318,-0.8086464663490516,0.11239532524921098,,,,,,,,,,,,,,,,,,,,,,,,,,,,,,,,,,,,,,,,,,,-0.7924621565043465,0.20861020389213825,-0.8516340526283667,0.18061236504646389,-0.8896066433893232,0.13559924349981714,-0.8716556699575854,0.095525912231121,-0.8360142525913961,0.06960014211656079,-0.927460588438456,0.1524869370534096,-0.8885687345606869,0.0921408665136101,-0.8438574532078599,0.05635477034160829,-0.8056313920625529,0.031677321057138975,-0.8708818859508359,0.16802988744415837,-0.8335981944597143,0.10218849313972457,-0.7949820405952296,0.06249403346133989,-0.7616102376513757,0.0342207129392615,-0.8060201255736499,0.17538832742549537,-0.771004557760517,0.11082806901078394,-0.7443410166856934,0.0718366607469697,-0.7213220824658697,0.04483001651071215,-0.74034555876417,0.1762417437365964,-0.722762843031474,0.12256042679199708,-0.7089535520034963,0.09077095015433678,-0.6968080193572112,0.06740280676511826
0.033112561079311265,-0.303847877300354,0.08291750581994602,-0.3461223858379198,0.113644815374802,-0.34546830955731433,0.15082541319022452,-0.3441043408102438,-0.03904962479671891,-0.3457209144735452,-0.09064721769655333,-0.34336014828463346,-0.13205723260170957,-0.3408241094920649,0.19204704159090782,-0.3161676412119544,-0.2015169650485646,-0.3044397803576615,0.0968435754782034,-0.2439698239478435,-0.06220838397809715,-0.23882649165735362,0.49999454681905015,-0.002335198324049866,-0.49999454681905015,0.002335198324049866,0.6509318801514532,0.34184472835991125,-0.6006255051609946,0.36070137798330426,0.6063781216828055,0.21174879547511297,-0.7875496506389791,0.16705449111527954,0.6075875770479534,0.13842567779808604,-0.8320528108736188,0.11668342218057053,0.6235990292850006,0.09966283865598702,-0.8322070129310672,0.07986737336079476,0.5904529840802428,0.12164617269327924,-0.8115326883176237,0.09178828556630551,,,,,,,,,,,,,,,,,,,,,,,,,,,,,,,,,,,,,,,,,,,-0.778344273657399,0.20364923120313624,-0.8468502118851623,0.1788363867877982,-0.8865771351879721,0.13954395752679818,-0.8792862623201578,0.1018288419836013,-0.8509988293728383,0.07823005200387599,-0.9245006866574198,0.145298124271802,-0.8933077507934133,0.09118178228015615,-0.8606941250683044,0.05752720693630479,-0.8315595218621387,0.0314868255773804,-0.8681001570655957,0.15222869223066846,-0.8373976651566588,0.09124612108763641,-0.8089438620644734,0.055735430526900845,-0.7856359781570871,0.027950496465257265,-0.8035598773132646,0.1549534162773132,-0.7733619233311539,0.0941392716976198,-0.7555286720492246,0.06010781484849595,-0.7412709125836027,0.034671352046213036,-0.7375564069340687,0.15323240557038212,-0.7216082462596304,0.10256933205883549,-0.7161536165692441,0.0738529173685907,-0.7122667442713331,0.051081170973836874
0.03435568847987942,-0.28761880324670797,0.08317947885304484,-0.32966807389031655,0.11401042241216926,-0.32916411132266576,0.15131882585373965,-0.32789273834884913,-0.03909043614778555,-0.32907144691553675,-0.09085879714917715,-0.3267809318864464,-0.1323069740483225,-0.3239949751547286,0.19183241859441408,-0.30114474450167067,-0.20191773062834928,-0.28924016409443304,0.0968432183498207,-0.23044759338770765,-0.062333575695410814,-0.2250114812105817,0.4999929792728585,-0.002649656175973151,-0.4999929792728585,0.002649656175973151,0.6474938642011054,0.3243274220291554,-0.6000503194165515,0.3448689642456903,0.6006114026908508,0.1976533135446215,-0.778578750362297,0.1549671748097752,0.597674363381743,0.13267659190868086,-0.8188414888749036,0.10660207924463737,0.6048256136048258,0.09720509621681167,-0.821810886584176,0.07407900255862267,0.5758421201400701,0.13941020549338645,-0.8012344470187096,0.08651054521214833,,,,,,,,,,,,,,,,,,,,,,,,,,,,,,,,,,,,,,,,,,,-0.7388044529238913,0.19872241582802047,-0.8037644010147879,0.17562334928857742,-0.8420785858525388,0.13656157380526637,-0.8372755308717013,0.1000873453802192,-0.815950907295937,0.07233275778289903,-0.8679240588759066,0.13567567011986953,-0.8529831039875245,0.08644018150644767,-0.8298680844383853,0.05266034379874625,-0.808654941900265,0.027336133241563868,-0.8170765329969216,0.14043317528099492,-0.8003115101328282,0.08513043135539695,-0.7807504850461352,0.05002746307578782,-0.7605384387231161,0.02259999681225488,-0.7574275660599447,0.14256652029195918,-0.7417173219530389,0.08993859572185649,-0.730200008404925,0.05674583230041256,-0.7168662457736963,0.031240220515193932,-0.6946348426187635,0.14300800761098173,-0.6887854597213768,0.10114692825972488,-0.6867775750150966,0.07464650548302966,-0.6807535706023434,0.053523414228650826
0.03536086418179638,-0.29632100589425653,0.0834120069872344,-0.34089661591491716,0.11433515455027872,-0.34044794708282206,0.1517533335037661,-0.3391404717011273,-0.03908880545221621,-0.34017605996860695,-0.09103661667209842,-0.33779429303721653,-0.13252965251923382,-0.33470212804942134,0.19168577467610567,-0.3113392223015555,-0.20226661357961698,-0.29867997783202865,0.09684815420081687,-0.2371137302191059,-0.062446301465354404,-0.23123654728743637,0.4999909155085658,-0.003014035319335937,-0.4999909155085658,0.003014035319335937,0.6454880287302022,0.33449229014744225,-0.5998928908483018,0.3573991238553159,0.5965412128611564,0.20177157325545175,-0.7747483519203298,0.15849730944901755,0.5906063275552899,0.13550487399773728,-0.8141863069221358,0.10812388577205036,0.5952120704784237,0.09907186295881282,-0.8190554341435617,0.0751363621220053,0.5687289172629707,0.14600937176687928,-0.7983162312337667,0.08834175673319446,,,,,,,,,,,,,,,,,,,,,,,,,,,,,,,,,,,,,,,,,,,-0.7356538521460153,0.20671980854688635,-0.7926500303259916,0.1817692762570858,-0.8281928061975945,0.1389086968212418,-0.8203018336459562,0.09988194607039141,-0.8017804815885506,0.06972816380224178,-0.8704335065362557,0.1370200179693296,-0.856838137316305,0.0869828720985206,-0.8349262106715739,0.05325000036409101,-0.8155079590811851,0.028015184891038217,-0.826017575155988,0.1416368650151707,-0.8091800779455706,0.08548783730558855,-0.7926546295861479,0.04947532847522473,-0.7776748830591095,0.02089977239665654,-0.7690714632080005,0.14464229195323083,-0.7572230682053754,0.09051974606302397,-0.7460090206845171,0.0559724525928528,-0.7357704543416004,0.02856997784750146,-0.7068307705728778,0.14640659691247015,-0.6999941674614835,0.1052385629695503,-0.7000424377918871,0.08014754189732859,-0.6990321774466675,0.05913200398927499
0.03606321942534459,-0.3477944844956118,0.08374760471390154,-0.40207112007893575,0.1146022275824286,-0.40162877818900117,0.15203042859810087,-0.4000981173868277,-0.03875952588588651,-0.4011257322795869,-0.09087082164185689,-0.39830315811914513,-0.13240470427281875,-0.39438075081220664,0.19165771062326464,-0.36697923308621916,-0.20222679721595363,-0.35199852264895637,0.0971121273255908,-0.2778581648308723,-0.06211641316748842,-0.27120366978394955,0.49998709887738824,-0.003591790107011288,-0.49998709887738824,0.003591790107011288,0.6403350958639453,0.3943445399694876,-0.5950200910827458,0.4212758049762087,0.5965408664751605,0.2212633843320853,-0.7520667295172246,0.19463506981400042,0.588442568788712,0.15544558013372922,-0.7925991056055417,0.13663107723833937,0.5992132451112466,0.11010423445254816,-0.8082124054775152,0.09262521998570994,0.5756780823902943,0.13685477073639496,-0.78735146199453,0.10813216754626319,,,,,,,,,,,,,,,,,,,,,,,,,,,,,,,,,,,,,,,,,,,-0.6925463976554612,0.2532443123854918,-0.755812792584011,0.22162752707628275,-0.7932202649165927,0.16960646081729602,-0.7840461354305825,0.12337522350470864,-0.7575895869333301,0.0888746717794966,-0.8167192291338815,0.16374380332205718,-0.7926130415912137,0.09898945868211818,-0.7630957912847961,0.05837554023376287,-0.7370398804636852,0.027373769642016252,-0.7699456350095388,0.17264312649952185,-0.7439161937964336,0.10079975670003119,-0.7153230571059418,0.05832842545188793,-0.6881715499269732,0.025427741993416908,-0.7103787622144936,0.17884177179158553,-0.6884008363327455,0.10913638779344548,-0.6676269270244286,0.06887375520580533,-0.6487155315244695,0.03896538931881428,-0.6448055672425476,0.18204720441268632,-0.6310059614052258,0.12628454094231567,-0.6221381168370183,0.09264401707485176,-0.6120821199306413,0.06689615495726216
0.03538494112530353,-0.313636667759489,0.08336655887816366,-0.3641906738077309,0.11431405743114204,-0.3639729600261716,0.1520203653113634,-0.36269132418001104,-0.040068256427684655,-0.3628953452709063,-0.09264911459532502,-0.36019259317017155,-0.13440892600187132,-0.35620661391057745,0.19168165693684228,-0.3327050717710545,-0.20467083007534898,-0.31873142189742726,0.09671426333168506,-0.2510393481558105,-0.06347380527857142,-0.24513113717060797,0.49999000415221817,-0.0031616052670706074,-0.49999000415221834,0.0031616052670706074,0.6266179007611291,0.35847760216812796,-0.6021918962702877,0.38313732389420213,0.5976689672697515,0.21362803069424477,-0.674221578515583,0.1879127875543282,0.588595407784202,0.15389666526110835,-0.6769508805068756,0.136419240882896,0.5996304793903319,0.11452988354361963,-0.6802384468095396,0.09517633850079205,0.5767502883103391,0.1323684988971879,-0.6690112292378334,0.10675894852628943,,,,,,,,,,,,,,,,,,,,,,,,,,,,,,,,,,,,,,,,,,,-0.6156884300369069,0.2387059345946552,-0.6718688049820865,0.2077722220062865,-0.7081621607114028,0.15788212641889351,-0.6991552965196898,0.11458902116437976,-0.6697768135763418,0.08220092278385036,-0.7341631798594686,0.15898020619561087,-0.6882643784983862,0.09525775449933539,-0.6429885076528843,0.05593804603191357,-0.6043422901687833,0.02786632783597597,-0.6926160699786359,0.1701834916824404,-0.6465614698226924,0.10067310263517414,-0.5968847682394448,0.05898189415927284,-0.5528026196438114,0.028943239453072075,-0.6325602220666047,0.17706780647563355,-0.5963131825135637,0.1101145459135256,-0.5571783073144363,0.0709045270005049,-0.5230722219820594,0.04343084632114026,-0.5639350875520517,0.18021505292114287,-0.546045221857179,0.12833411412573262,-0.5271161093879769,0.0965544152979544,-0.5062167508906682,0.07352834258992463
0.039853215706549434,-0.3219429213883146,0.08718900291509775,-0.3766937995680279,0.11823346618701917,-0.37693739108427354,0.1563310599160576,-0.3758891717952574,-0.036924714608946765,-0.37423624044600723,-0.09066915893718801,-0.3712453012380162,-0.13300566803706285,-0.36657039991437435,0.19575625981247236,-0.34513624711920177,-0.20423640656061012,-0.32982524030405047,0.10057160088624471,-0.2585024976934088,-0.059622646890317044,-0.25233109887163435,0.4999970238297879,-0.0017251554580478066,-0.499997023829788,0.0017251554580478066,0.6193923235676048,0.37386084574947454,-0.6031199730685555,0.40369103179814686,0.5953421998194626,0.23533446203713818,-0.5796621234352067,0.206941543511231,0.5876286512111827,0.17910275689632466,-0.564843156070008,0.15965104340111982,0.5959350974744584,0.13894902275071414,-0.5598006755330482,0.11301986950010785,0.5753151574550688,0.15340315374016766,-0.5486274586521749,0.1212436432116256,,,,,,,,,,,,,,,,,,,,,,,,,,,,,,,,,,,,,,,,,,,-0.5973451000256798,0.26537162329770325,-0.6477634918389136,0.2274573795632324,-0.6576686951802938,0.1707270875832754,-0.6295707265946633,0.12691358484836443,-0.5932044367752551,0.09636526928826356,-0.6684817730558865,0.17306160971651727,-0.6197403480775312,0.1084106370358615,-0.573167863153487,0.06716966241248588,-0.5352591130285037,0.03902336090254843,-0.6155609362574065,0.1887735728220238,-0.5620757955760544,0.1154273915113074,-0.514646388260024,0.07084750642321475,-0.4774336871548931,0.03927160703375416,-0.5498369484898451,0.20105244708678713,-0.5039752103189878,0.13016374732117542,-0.46932338882375413,0.08804894631595567,-0.4432123756306021,0.05879414825326863,-0.4815666897685495,0.2095539461575913,-0.4474740056802282,0.15753187478669892,-0.42575850552580363,0.12275057480496038,-0.40725682065001406,0.09727951324334465
0.05219902224414262,-0.31270081876255373,0.09533913779061626,-0.36896553703409996,0.12911793829861348,-0.3693408560532428,0.16614878535853492,-0.3686102690929188,-0.0266250079514063,-0.3663083047004473,-0.08057131333064625,-0.36357930653949566,-0.1269859392784575,-0.3591241737848317,0.20190674085527754,-0.3394085836469332,-0.2013173793020599,-0.32505572785629794,0.1082075089995608,-0.25119293714726454,-0.047955241668302416,-0.24604546157325358,0.4999995066240688,-0.0007024070669725017,-0.49999950662406895,0.0007024070669725017,0.6288020075492153,0.3706777752243602,-0.6127212160187125,0.4046534365315155,0.5738926320179107,0.24224798869227318,-0.5101208186159099,0.20491512662910968,0.5284522182914734,0.18928403397274277,-0.4694651149591948,0.16061819229552718,0.5175369440059543,0.1464621312546157,-0.4635466993372613,0.11456945953678722,0.509657164764011,0.16586646518037232,-0.457390795899326,0.12304765915382233,,,,,,,,,,,,,,,,,,,,,,,,,,,,,,,,,,,,,,,,,,,-0.5467168554065794,0.27781976225554794,-0.5894124563008546,0.23712180287285467,-0.5773061487194205,0.17920763183277363,-0.5235826847263647,0.13347019399482024,-0.47229313388958555,0.10509760900995468,-0.5888941703671815,0.18972678345097663,-0.5256432487053856,0.11566971405412582,-0.4817995653952744,0.07967702268823565,-0.45277627195276177,0.054558983133597916,-0.5229187431930932,0.20642275092341392,-0.46617299289991687,0.12720767720119006,-0.42758423295545606,0.08529658889317338,-0.4000492144643004,0.056347787023101566,-0.4509070101153482,0.2165606223911882,-0.41047603480816786,0.14054907610545966,-0.38646882908433877,0.09700773451668614,-0.37027679657153934,0.06594118269433473,-0.38475492722947047,0.21835848410355482,-0.36653935116148395,0.158913386165052,-0.3572970945249002,0.12279047891834535,-0.34700865149342125,0.095074392547822
0.058329245489387574,-0.25627063841494924,0.0995875987004981,-0.30630024907266445,0.1348068861765202,-0.3066821978977973,0.17123045222931363,-0.30690485538685797,-0.021694326562682987,-0.3034933301298854,-0.0766484181372975,-0.30114808831740764,-0.12476338678816734,-0.29771514351576295,0.20543264908344436,-0.2844243821564299,-0.19998445168570086,-0.27143134585706846,0.11218996464546885,-0.20619908114891788,-0.041108674981292934,-0.2027975384575178,0.4999999463696359,-0.00023158229934065034,-0.49999994636963563,0.00023158229934065034,0.6392346031204996,0.31618850914986363,-0.6230255328425804,0.34705103197589576,0.563114927838412,0.2380944359083211,-0.4846828140732548,0.17914183298747263,0.5083464012017277,0.20680418328590475,-0.4320229471248286,0.14544776535325915,0.49481152185147337,0.17106970569255625,-0.4302935323971799,0.10645414537475659,0.48838022702017675,0.17951806332305575,-0.42601354653287865,0.11426771761037485,-0.4955160013753061,0.1404245515791225,-0.4388785707208964,0.1365850320869426,-0.40209622775458287,0.11727524645533752,-0.3759240875949363,0.09171174709594822,-0.36370051577253343,0.07194177180242187,-0.46612343491677016,0.17109899229221595,-0.42751808324536805,0.11208484123528809,-0.39740868430065857,0.08041135064847614,-0.3794366569447945,0.0576761567216851,-0.4910079816295543,0.17628384429698002,-0.4444402891375191,0.11124994176101659,-0.41269425793412606,0.07427736159785603,-0.3875348803511713,0.04788074772625124,-0.5046067898141103,0.16755121493163475,-0.45524886068249815,0.11150254694679466,-0.42069879719545455,0.07709832885311292,-0.3950860568778482,0.0527355139700653,-0.5110606265474877,0.14938208616352486,-0.47578913202624623,0.10609153363856376,-0.447141350012464,0.07902840171330426,-0.4260433018436255,0.05792915856569785,-0.512028124984801,0.236124366676134,-0.5572318520657236,0.1986429401075995,-0.5403771817122068,0.15335329618961474,-0.4901909729305332,0.12013488788847458,-0.4483620390939503,0.09999053333112691,-0.5638827050232883,0.16779932465741992,-0.4983902742258408,0.10229148164073334,-0.45885195831111336,0.07092751669637441,-0.4308643835254773,0.04749023769422006,-0.4946441707704242,0.18311449742708966,-0.437297121038507,0.11407811497420328,-0.402335262084249,0.07611283146907892,-0.37929022474887686,0.04777365000289073,-0.42560743162498876,0.19145668287010953,-0.37867690467705906,0.12784427122778658,-0.352889870372563,0.08670611850354856,-0.3386286007696527,0.054560802946598375,-0.3654773586621603,0.19102181322550124,-0.3466065405865257,0.13926968112888505,-0.3474215655981635,0.10794835694475298,-0.3499464389664439,0.08211017175785572
0.060733235100047744,-0.26978358585826534,0.10158685805434452,-0.32386883807007866,0.1371794648466188,-0.3241864206505651,0.1738327574578194,-0.32474719390757567,-0.02012538965266542,-0.32080389162683454,-0.07578012920238893,-0.3182906497132608,-0.12436024659142643,-0.3148149536859966,0.20773428450119022,-0.3021324447749336,-0.19996873029304238,-0.2874499626629202,0.1142695936674228,-0.21716272056359054,-0.03911369583215338,-0.21409189361746175,0.4999999905923824,-9.699287288028744e-05,-0.4999999905923826,9.699287288028744e-05,0.6465932233338214,0.3384387404340959,-0.6260865704172958,0.37145089173637796,0.5673276210798341,0.24085307035337797,-0.5125857564663758,0.18244401898441473,0.5174670500052522,0.18706453556422542,-0.47203935539572217,0.1459409036021981,0.5067537969807682,0.15098070712262643,-0.4648708447773801,0.10341544477179287,0.4975984035963511,0.16115603174658114,-0.45699363943039795,0.11049224032157191,-0.5441196812353574,0.24770314771965304,-0.421868662407917,0.23130646359205267,-0.3768726190762016,0.17786934198733126,-0.3872494686693925,0.13077366967408027,-0.41478026510672555,0.09594989838673688,-0.46107244040890255,0.19511919497922997,-0.4410223608993957,0.12224814493171095,-0.41613648206505033,0.08128775006180648,-0.40301810763348433,0.0500733322558461,-0.5332336951990079,0.19183539463947216,-0.4828812066068993,0.11573793229239476,-0.445359627014228,0.07641543459944171,-0.4217994242016917,0.0484401819908618,-0.5830078091417327,0.18133848444210357,-0.5268003420792245,0.11098266009226392,-0.4808965894889338,0.07733449343582088,-0.4523511452022588,0.05374708787123072,-0.614410507572214,0.16625959975611995,-0.5547636054276918,0.10964523535788759,-0.5120749887565783,0.08331021795752648,-0.48464741524711263,0.06360387344736237,,,,,,,,,,,,,,,,,,,,,,,,,,,,,,,,,,,,,,,,,,
0.0627009808011788,-0.338147896846235,0.10218918926006917,-0.4053922377773994,0.138311886177811,-0.40585230445906606,0.17485484051576974,-0.4066454660141974,-0.019543378165897934,-0.40081978196620593,-0.07560922471033872,-0.39730989612733597,-0.1247350096242936,-0.3928001908622809,0.2081687352462516,-0.3786434804714332,-0.20069313157249294,-0.3579222518323937,0.11622011825332818,-0.27184659679311624,-0.036987059050178794,-0.26775176712039234,0.49999999384745153,7.843818267298772e-05,-0.49999999384745136,-7.843818267298772e-05,0.6474033307817463,0.4255553074392819,-0.6273974059978119,0.46541687879930627,0.5741409975684184,0.304259838768251,-0.5353845602984265,0.23410214329087456,0.5283834496004125,0.24303741104320825,-0.5082772299198247,0.18994572489231007,0.5143305356750976,0.19537988653417526,-0.5017236306900312,0.1368150870529709,0.505120666080038,0.20433913141280333,-0.48796951197766325,0.1463832974588965,,,,,,,,,,,,,,,,,,,,,,,,,,,,,,,,,,,,,,,,,,,-0.5749625254220759,0.30363081802379277,-0.5034789730751221,0.2711656107526371,-0.47154013591325317,0.20293170083961415,-0.47008876701023,0.14629460883189693,-0.47433231313123103,0.10225388675277512,-0.5464307168011482,0.2219101756745375,-0.5088490198469421,0.13824587081236497,-0.4784210562595711,0.0861690677840971,-0.4668918671793975,0.046175310259408985,-0.5882451491039802,0.22988386261473917,-0.5367057456988188,0.13799905793984055,-0.5008132546398815,0.083871274703271,-0.4796885511853959,0.041782593761124684,-0.615475849473212,0.22781871005297727,-0.563176239822401,0.13904611854422644,-0.5251408538157604,0.08730472788118407,-0.5038683425742682,0.04852827747100163,-0.6328878248149816,0.21838134879723797,-0.5918909231054335,0.1430511008440704,-0.5562443544063163,0.10197516380139054,-0.5326139137783715,0.07143552478055824
0.061941878485065424,-0.29189856788612595,0.10109853217546558,-0.3498153233697429,0.1380607476320455,-0.35027474537380865,0.1743830250472147,-0.3509500306218405,-0.021163209040430717,-0.3455958980049941,-0.0777670699907336,-0.342497389913517,-0.12746418020353367,-0.33860283796054735,0.20729284699833347,-0.32679376262941257,-0.20373067121407276,-0.30821149652516555,0.115661456386734,-0.2345598359283755,-0.038109980007613356,-0.2306005712256087,0.4999999962110865,6.155415129513087e-05,-0.4999999962110865,-6.155415129513087e-05,0.650546743393055,0.3677858228714434,-0.6351690705775952,0.40318801119379544,0.5764243276567039,0.2609340563811124,-0.5441223282365062,0.21254494364232984,0.5365642348018788,0.20323085297182594,-0.523025357436461,0.16744878540036717,0.5311556908761824,0.16205359100299468,-0.5192920205792481,0.12174702367488632,0.5191831745451159,0.17383893832587058,-0.506412332314086,0.1292937629250378,,,,,,,,,,,,,,,,,,,,,,,,,,,,,,,,,,,,,,,,,,,-0.5965343851699029,0.26265526144774043,-0.667905450524619,0.23062345180500127,-0.6937570679103563,0.17754312693985366,-0.6738860519809181,0.13159068034789678,-0.643356518533131,0.1005269426265276,-0.7090360220259577,0.19288675103371766,-0.6635491457536973,0.11789730841284754,-0.6302138845258323,0.07725408070781838,-0.60252630004467,0.047547230679516966,-0.6312442267416367,0.2040407638511322,-0.5957622443594579,0.12494483502170683,-0.5709184335898349,0.07774235381283531,-0.552383130937593,0.04344852540873492,-0.5540483931462942,0.20804733049244117,-0.5314775758790475,0.13463009953569002,-0.5188461441594627,0.08858266387170947,-0.5133677125035522,0.054504390555623825,-0.4899876208668566,0.20441571260501631,-0.48761736846055315,0.14377439627696428,-0.48363258175416307,0.10733472390518609,-0.4790046637027624,0.07901033851391988
0.06066093031626543,-0.3163022248278943,0.09928765083514894,-0.37895566659630947,0.13685133834542815,-0.3799264096332129,0.1728614895540318,-0.38106366897970506,-0.023093196659586774,-0.3729988438714796,-0.07939762275590093,-0.3695840833249444,-0.1302059107156864,-0.36528007359634995,0.20516279584022795,-0.3554666172017348,-0.20763214059628776,-0.3328451413041165,0.11478457546110438,-0.2549170206737052,-0.03865964143731582,-0.25012703032310474,0.4999999665018058,0.00018302511626588425,-0.4999999665018056,-0.00018302511626588425,0.6567877716522037,0.4008950305274541,-0.6444370936833754,0.43937542061344576,0.5770972630717,0.28457994369413014,-0.5628957489987039,0.24177231393019927,0.5372241455460152,0.221307106621758,-0.5446690549211548,0.18345673964656636,0.5325339262059751,0.17673786536466066,-0.5402715374899718,0.13474635034913776,0.5212025092983386,0.1904754609057284,-0.5273015232483974,0.14213901918346594,,,,,,,,,,,,,,,,,,,,,,,,,,,,,,,,,,,,,,,,,,,-0.6072317660030733,0.2894539483280751,-0.6754058384360345,0.24975131844798837,-0.7048386108407072,0.1937354671423431,-0.6965075954040696,0.14438186449162937,-0.6810374305190747,0.11027399778229961,-0.7096380761335347,0.2089516300559898,-0.6691796467480083,0.13282922841750075,-0.6361304470830077,0.09085132371587963,-0.6121768925662838,0.058489945928714294,-0.6348966483047684,0.22119343529639296,-0.5936754283650574,0.14066818112495466,-0.566606800910057,0.0914861356408303,-0.5488496437305992,0.053299123432277454,-0.5610315790029919,0.22648003407584247,-0.5321487146771646,0.15067226592847838,-0.5161889660778265,0.10142519338904542,-0.5091752471678549,0.0642679442514455,-0.497214654495091,0.22456560060127248,-0.4888687418830734,0.16129587205738408,-0.4862608166128291,0.12221587203116308,-0.48398090507456515,0.0916222387798483
0.06369080673432599,-0.28004335231261895,0.10195605951033485,-0.3355245015308885,0.13953100490755097,-0.33656356080532096,0.1753578841554805,-0.33781146941513973,-0.020129941800184587,-0.33057707278247267,-0.07632614066064541,-0.3278948849716103,-0.12773496755269845,-0.32440883772280066,0.20712787153364995,-0.31593998965491316,-0.20626821218445962,-0.29626672808836063,0.11743361336639492,-0.22579860920297518,-0.036142087675966245,-0.22242604578129496,0.4999998987737672,0.00031816068659274864,-0.4999998987737673,-0.00031816068659274864,0.6598937735452493,0.357801012174626,-0.644444322165235,0.3925284916914129,0.5799384514863275,0.24169581764913686,-0.5585369878191732,0.20489134727968036,0.5411336311702478,0.1943864813208891,-0.5323472307909536,0.1590990630532178,0.5355182957600576,0.1431739629211568,-0.5220608953049632,0.11436237764538681,0.5240683334872582,0.16258567415012515,-0.5113685942141996,0.12086121563967404,,,,,,,,,,,,,,,,,,,,,,,,,,,,,,,,,,,,,,,,,,,,,,,,,,,,,,,,,,,,,,,,,,,,,,,,,,,,,,,,,,,,
0.06671682706928261,-0.282952486103767,0.10471680677870239,-0.34056263185331803,0.14224230429148169,-0.34154426806960214,0.1780524941358464,-0.34288488364305836,-0.016984457134525368,-0.33660657865267285,-0.0730618018897224,-0.33435252132334026,-0.1253656546135951,-0.3312346674955094,0.20965038371560885,-0.32076102845788046,-0.20505528149181648,-0.30292928071946845,0.1197708496393042,-0.2275691353893253,-0.0332654625277714,-0.22559478764972885,0.4999998473271258,0.00039073373396611086,-0.4999998473271258,-0.00039073373396611086,0.6621328353124527,0.369613897960372,-0.6447464915725342,0.40383102029907564,0.5731007889149932,0.25003489227293596,-0.49656377923423806,0.20964464163576477,0.5225054972291586,0.20098282214333624,-0.46083852299694633,0.16489265627197922,0.5169459041202593,0.15146249113057317,-0.4564976670768072,0.11596806834775276,0.5063176507868694,0.16582824864191192,-0.44730524455896126,0.12378607336415338,,,,,,,,,,,,,,,,,,,,,,,,,,,,,,,,,,,,,,,,,,,,,,,,,,,,,,,,,,,,,,,,,,,,,,,,,,,,,,,,,,,,
0.06769221989711115,-0.273974994351649,0.10574048637893828,-0.330451016636735,0.14324973066191907,-0.33122446998429655,0.17912987660285065,-0.3324172746281482,-0.01604872885224369,-0.327229846106415,-0.07217274937313362,-0.325216959884223,-0.12453833025237603,-0.3222718496747639,0.21048071822250003,-0.31065180692299965,-0.20462773679134508,-0.2949939940408474,0.12076147278490942,-0.21930339376348745,-0.032549434852163536,-0.21861608153057893,0.4999998700136737,0.00036053614155762966,-0.4999998700136738,-0.00036053614155762966,0.6648164582262605,0.36340423192160587,-0.6452208170736236,0.3919402549871622,0.5108599086147451,0.2457141989599755,-0.44577251534459705,0.2146361803651754,0.4245423152884871,0.19718329414080848,-0.3880616926947199,0.16963092993721765,0.4306886862063083,0.14895153667235234,-0.38084495918595446,0.1209616543293109,0.43112534601643154,0.16167899990511347,-0.3741966793765906,0.1309225344342556,,,,,,,,,,,,,,,,,,,,,,,,,,,,,,,,,,,,,,,,,,,,,,,,,,,,,,,,,,,,,,,,,,,,,,,,,,,,,,,,,,,,
0.06759064066993194,-0.287005514482856,0.1056986492363274,-0.3465113035103082,0.14309987064710683,-0.34727089284895635,0.1790451253268965,-0.3484303060284372,-0.016144199698192453,-0.3436632832526261,-0.07227120809858482,-0.3416594465988858,-0.12457586417075284,-0.3385520065928622,0.21033665493988846,-0.3252273303926816,-0.20483970947135463,-0.31010602551466665,0.12064206976089387,-0.22903109754050488,-0.03278609380913322,-0.2291032185492902,0.49999998651214783,0.000116137212040687,-0.49999998651214783,-0.000116137212040687,0.6631476767501855,0.3860765131331125,-0.6478347572306979,0.4123611826941502,0.49130121007359384,0.26003145762941565,-0.43811964180756713,0.2416124556052389,0.4130005595831829,0.21041092427674507,-0.37775792686492876,0.19577075927718443,0.42456128715474456,0.1589725737015306,-0.3672914420583871,0.1454506841220051,0.42303645588161487,0.17264710075973813,-0.362388360705939,0.15686715196834272,,,,,,,,,,,,,,,,,,,,,,,,,,,,,,,,,,,,,,,,,,,,,,,,,,,,,,,,,,,,,,,,,,,,,,,,,,,,,,,,,,,,
0.06751500693836937,-0.29036369081561,0.10567170062715735,-0.3508298947437849,0.14298952321168418,-0.35158359367080955,0.1789874799603508,-0.35269869074540616,-0.016210661068255378,-0.34824838646373857,-0.07233819179219197,-0.34625785035705087,-0.12459045645590931,-0.34309089984829816,0.2102249218769984,-0.32890085856366397,-0.20503728816668912,-0.3143590558732416,0.12054328754415539,-0.23126468438000497,-0.0330178907561771,-0.23175522299975168,0.49999999427393216,-7.567078674972063e-05,-0.4999999942739319,7.567078674972063e-05,0.6612706035282607,0.3945153189790729,-0.6505366266032269,0.4182859487124886,0.48298855473652896,0.2649770974029856,-0.43602315903182576,0.2524882866647359,0.4092489890520547,0.21544025982110693,-0.37501893788153684,0.2061072583795898,0.42281200369694455,0.16304549804928156,-0.3636783484707137,0.15562154735354594,0.41963147694785824,0.1767857840559799,-0.3593040364909324,0.1676004646657658,,,,,,,,,,,,,,,,,,,,,,,,,,,,,,,,,,,,,,,,,,,,,,,,,,,,,,,,,,,,,,,,,,,,,,,,,,,,,,,,,,,,
0.06715991457686249,-0.25530002895589327,0.10514372865713811,-0.3084935341102859,0.14239601028890528,-0.3092588200477255,0.17838892384353677,-0.31029641786336004,-0.01659111522980269,-0.30605880479331643,-0.07253900920866613,-0.30424933894095424,-0.1246668015191443,-0.3014383509318968,0.20956859810115572,-0.2894976315327832,-0.20539253577750288,-0.2761555004694097,0.12018269632073936,-0.20345632173637082,-0.032839868093402724,-0.20371018215590594,0.49999919086742955,-0.0008995176016086074,-0.49999919086742983,0.0008995176016086074,0.6603047028879251,0.3494380761994533,-0.6494482729237231,0.37114375352155154,0.4898670779330472,0.2391197901956854,-0.44709296588697245,0.22449213557682815,0.422485983021791,0.2061972805251343,-0.39610668981506175,0.1845605893584155,0.4324391905748614,0.16291094979965465,-0.38762450262063797,0.13860516342000564,0.4274773876571732,0.16639716048594824,-0.38034211004649093,0.14922011134503818,,,,,,,,,,,,,,,,,,,,,,,,,,,,,,,,,,,,,,,,,,,,,,,,,,,,,,,,,,,,,,,,,,,,,,,,,,,,,,,,,,,,
0.06742706654013061,-0.24843182312253217,0.10504757143035848,-0.30012070951278236,0.14218802622943055,-0.30089130670064657,0.17814444376591734,-0.30188221978454965,-0.01637126142920471,-0.2976835240857114,-0.07202452623439845,-0.2958639805801475,-0.12420695121449524,-0.2930923764517359,0.20921899596861518,-0.28170576506525996,-0.20542140402060968,-0.2685306079851091,0.1200504312129706,-0.19807664914766301,-0.03224767923593895,-0.19809446236987976,0.49999935305267024,-0.0008043301008021725,-0.4999993530526705,0.0008043301008021725,0.6599244534899177,0.3411788893026318,-0.6589074906716161,0.36222752566797833,0.5181722816768408,0.24768436909739053,-0.46736972333010535,0.21887807445665522,0.4602030895443605,0.21037422451045512,-0.40785090879242974,0.18083253834151233,0.46037450958846726,0.17109824357723097,-0.398345047867578,0.13541436202172824,0.45587006422233983,0.1756462257061891,-0.3942327235408559,0.14568880417779428,,,,,,,,,,,,,,,,,,,,,,,,,,,,,,,,,,,,,,,,,,,,,,,,,,,,,,,,,,,,,,,,,,,,,,,,,,,,,,,,,,,,
0.06761720222752825,-0.255906836061143,0.10508864833944692,-0.3093006266165682,0.1421643910692639,-0.3101668790379941,0.17813419831854377,-0.3111803007574557,-0.016120105209455483,-0.3066291192431777,-0.07150582004322757,-0.3045612744958768,-0.12354414313579172,-0.301595065682978,0.2091246147376301,-0.2904839288186602,-0.2052409894412378,-0.2766222209960358,0.12011113893387676,-0.20429823521561788,-0.03177794011271757,-0.20410621846877253,0.49999969913622455,-0.0005485104236699036,-0.4999996991362247,0.0005485104236699036,0.6603503587755064,0.35419988946905223,-0.6683240592870372,0.3753149101654255,0.540005865791063,0.25943984260693503,-0.47024816713773676,0.22676927440464123,0.48396021386816934,0.21982916798568625,-0.4110636998357893,0.18743116777324545,0.48334613399342186,0.17866523317944957,-0.40033671738057036,0.1404061503609198,0.4791599990086564,0.184275373264529,-0.39571059351836996,0.15109399407166663,,,,,,,,,,,,,,,,,,,,,,,,,,,,,,,,,,,,,,,,,,,-0.5394199844049937,0.21363811555801535,-0.5452362693975197,0.19589942561134982,-0.5426256440703228,0.1602957036332653,-0.510780582309146,0.1236422755920221,-0.4833441000040747,0.09731718598417424,-0.5676857796393759,0.20878123844808885,-0.5358914751578191,0.1413912702922976,-0.502366060833629,0.10649422219205888,-0.47724065269734134,0.08342260454616021,-0.5308361795433487,0.2249962762342234,-0.4899455973387009,0.15174703968952802,-0.46282540037712727,0.11343026476451978,-0.4455260436165723,0.0879285394838478,-0.49118401948899315,0.22723864867470764,-0.4531212372013919,0.159692730409706,-0.4377901349505474,0.12256898470546022,-0.4293222674816957,0.0975908425043382,-0.45450055934101186,0.2186269225416247,-0.43860132688385567,0.16462246648177636,-0.4295181776374605,0.13511952148424422,-0.4256336278004557,0.11466770602196759
0.06673028025607883,-0.2688305881335786,0.10439783211801316,-0.3256688716266289,0.14120889562033792,-0.32681423212608596,0.1773424605584116,-0.328060898744033,-0.016960392551134306,-0.32233714159810245,-0.07230337161157137,-0.319659121294596,-0.12420273863289058,-0.31641906019672755,0.20833598589794572,-0.3066284868831972,-0.20595420123470448,-0.29094203624905685,0.11941522387407393,-0.21506494851137933,-0.03252566319526134,-0.21481291677519698,0.49999856308754503,-0.0011987119712950248,-0.4999985630875453,0.0011987119712950248,0.6604457182931348,0.3767213730328619,-0.6715286628739413,0.39757886881639215,0.5264073239891418,0.2762694948723452,-0.4676177743805729,0.24218106536551592,0.4672297474326795,0.23815495667931852,-0.41191043644435615,0.20194989233457225,0.4687574475248852,0.1919747090509322,-0.40309426448886443,0.15133121857578438,0.46526012005647815,0.1966928449209696,-0.39727552443178715,0.16195502314926913,,,,,,,,,,,,,,,,,,,,,,,,,,,,,,,,,,,,,,,,,,,,,,,,,,,,,,,,,,,,,,,,,,,,,,,,,,,,,,,,,,,,
0.06667249778968273,-0.27002207960089186,0.10446357288801311,-0.32791887396099173,0.14115715678934296,-0.32914221141033867,0.17729173557365585,-0.33037909206077426,-0.016957181760223372,-0.3247683038702684,-0.07229841106061265,-0.3220709041191433,-0.12410472787748483,-0.3189403170801704,0.20797527504229593,-0.3085890962734452,-0.2060650636082038,-0.2938181474134564,0.11936316661707369,-0.21531847543407678,-0.03296258521481142,-0.2156762188956871,0.4999985129772657,-0.0012194345095519192,-0.4999985129772656,0.0012194345095519192,0.660267535271524,0.38320905094959834,-0.6695799431013527,0.4015339777575224,0.4957741793350467,0.27030246679576514,-0.4341700223347457,0.2516717056255044,0.4237590141707798,0.22632055048101732,-0.3735921868984917,0.21084820431046783,0.4354578229788261,0.17489416680127354,-0.36607602666193456,0.16269802635344865,0.43493190711972785,0.18360303054225988,-0.3608547635897975,0.17368417740602554,,,,,,,,,,,,,,,,,,,,,,,,,,,,,,,,,,,,,,,,,,,,,,,,,,,,,,,,,,,,,,,,,,,,,,,,,,,,,,,,,,,,
0.06482841960818685,-0.28544023212359876,0.10254108542283558,-0.34689677751383546,0.13903291711596022,-0.3482238993511757,0.17506253773153788,-0.34953085367409076,-0.018515109125583948,-0.3436379639354719,-0.07368236847368104,-0.34076316136586604,-0.12525169499992395,-0.33747212945850286,0.20547138425901812,-0.3262406874516879,-0.20724294776130206,-0.3108940372087818,0.11734105096606788,-0.227009186602749,-0.0347092609720747,-0.22736830915941308,0.4999980305744755,-0.0014033608395102955,-0.4999980305744755,0.0014033608395102955,0.6561332641680692,0.41000184120846384,-0.6702682831651053,0.4218012037344314,0.431010678429847,0.2857089114533539,-0.40204815281500994,0.28906516684166106,0.3559902650741441,0.23594501055074035,-0.32546213529727713,0.25658171992140744,0.367577964950104,0.18071948170668276,-0.3107803476760243,0.20576654074117912,0.36670438785575254,0.1911399991396282,-0.3115858550242005,0.21430025675268427,0.36671323047501214,0.2710831980864817,0.4267041386292033,0.23292659208785596,0.41109267854767095,0.1880986385761451,0.3718559504593891,0.15443272100517802,0.3361080041114757,0.13093239023306688,0.365209432537182,0.217661647195999,0.32903335604011774,0.15283555325086284,0.3148483209778945,0.11537648649859901,0.30227024774486316,0.08930821410532304,0.29876157011116056,0.2296905963748893,0.2720907566544279,0.15999315734378539,0.2639350983785881,0.11972902538185828,0.25810154876455726,0.08984408194241178,0.2523700577144809,0.2340144783382672,0.23605118809218334,0.16687760963968806,0.23589202094551126,0.12938574479414955,0.23545725883191568,0.09989147965262386,0.22344253413421283,0.2324151571737875,0.21705687348016278,0.17850030970869887,0.2238922181678088,0.1466244557487054,0.228142386270673,0.1222257388206589,,,,,,,,,,,,,,,,,,,,,,,,,,,,,,,,,,,,,,,,,,
0.06217985409365987,-0.27250271142335364,0.10016540924547349,-0.3312242203161293,0.13619674487030062,-0.33242984215996557,0.172266452524547,-0.3336624147809701,-0.02088292132170986,-0.32819338578066587,-0.07600626936407615,-0.3254455146178203,-0.12691824127810547,-0.3223119821869802,0.20250820166271513,-0.3113140467622081,-0.2089838029241378,-0.2968776908195123,0.11475853071137046,-0.21646424935715114,-0.037761473515897884,-0.21678180153923302,0.4999977330365185,-0.0015056421694049095,-0.4999977330365187,0.0015056421694049095,0.6518986440427236,0.39236472965476393,-0.6709330066170203,0.3990227192989223,0.4080519246096686,0.2729959779235367,-0.39616311322670555,0.27980506605114325,0.3348399284597011,0.22553372014076326,-0.31635121981571296,0.247906743569475,0.34648391160711,0.17298999423992992,-0.30401094039283444,0.1996183118892513,0.34481592171584036,0.18287653660271233,-0.30509077336427115,0.20888043521802477,0.377438205463827,0.27970042896621994,0.43070666061995255,0.24218439309390835,0.4155601740982177,0.19721411260442157,0.3694368111378589,0.16730247002560855,0.32473578364119443,0.14767209382055557,0.37793428787287614,0.22216499172062698,0.3468448657211701,0.1619090694176222,0.32791258376102245,0.12347243298952938,0.31232858266461566,0.0946850454441887,0.3136993270265551,0.23490111375920994,0.2863661409987329,0.16853619033022224,0.2694411384531425,0.1266506459305353,0.25769617628094577,0.09461048558488633,0.26542621242757475,0.24050180977219934,0.2455858536372435,0.1768715393569028,0.2367298095651156,0.13710620191170916,0.23006005317875985,0.10669931406786966,0.23481506365690966,0.24019066878821035,0.22558025644271373,0.18907664006208913,0.22625810109638086,0.1586378545289727,0.22324433620202877,0.1355261186088925,,,,,,,,,,,,,,,,,,,,,,,,,,,,,,,,,,,,,,,,,,
0.05985204329907967,-0.2378841497139838,0.09881321701496786,-0.2891330300630945,0.13398583954809068,-0.2901282928456892,0.17038312944143985,-0.291195154284125,-0.02295596079560573,-0.2865299075042991,-0.07807204019838336,-0.2841325965257111,-0.12796715480662516,-0.281393913384452,0.20099889705428284,-0.2716240487297133,-0.20991970620692899,-0.2592019583839638,0.11331495006054589,-0.18886063299236774,-0.040722618168491875,-0.18916617127178245,0.499998079055847,-0.0013859799648319997,-0.4999980790558472,0.0013859799648319997,0.6495313933122832,0.3423163181120056,-0.6727933834890231,0.34515068497817974,0.4157249461258356,0.2383292915501544,-0.3967283063143863,0.24251055629633608,0.3469799061960967,0.19801289012980508,-0.32290580870520535,0.21357060075950046,0.3579938481813472,0.1512430033003931,-0.30887528484597,0.17220959153699023,0.35559748096569926,0.15988169903671512,-0.30843120088700127,0.1801687220388665,0.41012523618016095,0.25993930013991845,0.4693887261927207,0.2277514194776873,0.4582318269280663,0.18450907955121254,0.4113522861617107,0.15520477255337842,0.3657545956673434,0.13676162227115116,0.410974182485544,0.19513263377764778,0.38352326910442636,0.14454479700297768,0.3670239829970242,0.1107217578492396,0.35392323128960396,0.08609686531892198,0.3456784451178315,0.20464412818638067,0.32526671151884706,0.15215706104378574,0.3135520955859543,0.1187880098921909,0.3047301652182295,0.0924041125467493,0.295780489691858,0.21070630897249693,0.28461699239892335,0.1610164271547224,0.281718808476855,0.13076544217647146,0.2792447311503516,0.10741377555017038,0.26214667397652325,0.2132038304249938,0.25834199428018395,0.17163528185548463,0.2620141635752297,0.14867657850824986,0.2615561504454475,0.13130561118617634,,,,,,,,,,,,,,,,,,,,,,,,,,,,,,,,,,,,,,,,,,
0.05587053769036236,-0.2385540844240324,0.0964364833633554,-0.2899581927501597,0.1301864914970474,-0.2908808787367696,0.1668800279735786,-0.291948882994056,-0.02651698846306976,-0.2873075139141485,-0.08082387957474019,-0.2848614676369882,-0.12937765203720494,-0.28206231219196004,0.19876496037755545,-0.272383324044967,-0.21079296175388268,-0.25987342353446746,0.11134392396063265,-0.18937042677931723,-0.04334033724622529,-0.1896603691803757,0.49999754704679267,-0.0015661887467277886,-0.49999754704679267,0.0015661887467277886,0.6544519650975472,0.3431029272790502,-0.6831836395643732,0.34085655045763436,0.41490620963695823,0.24497432683693612,-0.3984407908284028,0.2455043029518706,0.348300332616467,0.2114490859580258,-0.3307864486869127,0.2220252851428165,0.35803035955816687,0.16542494669228544,-0.3192875254109709,0.1780249813200401,0.3576432649189701,0.17045350722852626,-0.3174426546683275,0.18526201861761102,0.45687827612970705,0.2621800517334554,0.5019588021719815,0.22947070335682923,0.4817779513742149,0.18581323542556055,0.4337114756587788,0.1537740100893506,0.39368640194740334,0.13192788790933627,0.4317021308358531,0.19510471975308769,0.4061244457084254,0.140056201345186,0.39350775694858664,0.10573436506418163,0.3822260601399881,0.0799857167338423,0.36725206193823856,0.20601396745123213,0.34484866256256147,0.14650053042631267,0.3344998693199441,0.109002238743145,0.32806389524793256,0.07965364001690105,0.31972042411588264,0.212433029825635,0.3056273999205809,0.154433026885053,0.3021003954352399,0.11811283010989687,0.2979659613838093,0.08987895128276656,0.29346710616283733,0.21408480607068817,0.29498805713536397,0.16686841143492626,0.30012560936848265,0.1389155900130834,0.29836603841288944,0.11663368655611313,,,,,,,,,,,,,,,,,,,,,,,,,,,,,,,,,,,,,,,,,,
0.05386661466830226,-0.284160505133315,0.09428604272450633,-0.34542422005735923,0.1277963036795489,-0.3465181883802454,0.16434833745859415,-0.3477765910767818,-0.028134260884676944,-0.3422179979115829,-0.08215761263581163,-0.3392583859695481,-0.13036795622260033,-0.33588636467790567,0.19608400351410235,-0.32452306442457207,-0.21138865646070934,-0.30941863403029324,0.10924565576676966,-0.22566099158402755,-0.04478314126774178,-0.22588679935065992,0.4999960245483911,-0.0019938494939764975,-0.49999602454839126,0.0019938494939764975,0.6550110917233966,0.4074196183160663,-0.687461216890087,0.4058439267576978,0.42472620164028435,0.3056284548030428,-0.41096845182401304,0.30501141233451634,0.3530395903936838,0.27149285485217606,-0.3434255942612144,0.28880337749837226,0.3650876961387099,0.21219482548638,-0.32600721940125976,0.23049327778995962,0.3668209917720773,0.2170639191854078,-0.32527802354752433,0.23489156643123235,0.46553224176963903,0.32395296184892614,0.5152585595209113,0.2787894233992353,0.48775743276073524,0.22696455583389044,0.4305670458738973,0.1918680735295556,0.38450744799193215,0.16818638061215455,0.4456734805364112,0.2389522186976358,0.4224041640451685,0.16374582538892243,0.4082188667597657,0.12484717040453068,0.39466251909171923,0.09542780966450982,0.37586662267324256,0.25091415767294795,0.3588949894347565,0.1713169199350486,0.35270173692552353,0.1280609194758614,0.34966705957015787,0.09610465397013343,0.3239916514707189,0.2572089007000618,0.30692159134678626,0.1793274711346977,0.311001303877765,0.1361755242177902,0.3128499463602511,0.1039539139079023,0.29308087912799413,0.25682626819880133,0.30015251426742556,0.19678811872464402,0.31775691776022563,0.16719233015816648,0.325046511141367,0.14483471443060078,,,,,,,,,,,,,,,,,,,,,,,,,,,,,,,,,,,,,,,,,,
0.05290685708070337,-0.2736004652755212,0.0939176274793773,-0.33253860231564714,0.12653102111472977,-0.3335745484898574,0.16319239311184813,-0.33484356660581777,-0.029260755105872498,-0.32914701883758773,-0.08292898429070421,-0.32621547934445033,-0.1305606268609137,-0.3229402723627934,0.19554111193857418,-0.3125441314919854,-0.21147835546668292,-0.2977262419185407,0.10901937176623372,-0.21729999614409204,-0.04539700498493498,-0.21735660958187603,0.49999554381284633,-0.0021109635942151398,-0.49999554381284617,0.0021109635942151398,0.6565616984941522,0.3907840619839008,-0.6879665014569855,0.3916369314635308,0.4251922580540652,0.3003511917380452,-0.41516099185357236,0.2924341612815208,0.35416081570207003,0.2774965861163665,-0.3489349889651446,0.2722708468599611,0.36729814537837024,0.21834128471313546,-0.3365732201456001,0.2173344426301803,0.3675757355900296,0.2194285019302966,-0.3359463683308045,0.22277953902368955,0.4702728356647005,0.32274156716989527,0.5213336086936188,0.2805126470799983,0.49806132577839474,0.22641348383152973,0.44798066812327747,0.18572779821328192,0.40621516522907664,0.1597079432588253,0.424843542172184,0.23487256802052653,0.40830364047158013,0.1647594566538815,0.39981712923662527,0.12598539153906022,0.3902047950528111,0.09607156864913875,0.35667604496590555,0.24344495882232758,0.3461097900285259,0.1670823618222231,0.3435423534313048,0.12569012455298412,0.3407644503367771,0.09398053936400248,0.31056641897561316,0.24802857411468474,0.3033010500020404,0.17483449567404716,0.30849104104322744,0.1332642848933521,0.31012038280327464,0.10222536959901968,0.286884481305044,0.24872906573571593,0.2935051715694947,0.19096533858066206,0.30652098731303723,0.16146519247274513,0.31107193876473593,0.13848332622190704,-0.41419324616154923,0.24307154934466235,-0.47207680822631587,0.23739912209041777,-0.4956271361209116,0.22230422535801317,-0.4776635386198154,0.20016039746085043,-0.4450615141772731,0.18032998600090774,-0.4708098253795224,0.25490654864478257,-0.4366116572199391,0.1956526920174656,-0.4124847748195412,0.1553392198183383,-0.4043757207858925,0.1271405448815621,-0.41270306332150136,0.25797284406729304,-0.3922195069723605,0.19871085424187193,-0.37495234074605965,0.1557346367732266,-0.36789052580056447,0.12456495241133685,-0.361578622812845,0.2578174361937143,-0.34180468600215946,0.20009429529194492,-0.3385248103066661,0.1602291855726194,-0.3434432140699977,0.13314770905385892,-0.3207417555873994,0.2542356395384244,-0.3019893180123448,0.2066984521525355,-0.3066134870657426,0.174389322683698,-0.3190868558819142,0.1530368868569661
0.05127831921429222,-0.2823006506592685,0.09305079758630867,-0.3431213529177994,0.12519655600221793,-0.34409385668962494,0.16206046108442126,-0.3453513805223308,-0.030927836611722555,-0.3396113920408861,-0.08435177145307597,-0.33659163765688727,-0.13140622646541103,-0.3332007681220761,0.19466883990441225,-0.3220951194281879,-0.21204254372855713,-0.3071909471277338,0.10814864887269922,-0.2238708378838262,-0.04734123060257137,-0.2241291231536223,0.49999467250247626,-0.002308131092814222,-0.4999946725024761,0.002308131092814222,0.6536518774311764,0.402380314961257,-0.6866435625129151,0.4031817819802606,0.42615856628118276,0.30989556876628765,-0.41555945312301573,0.30050074073267086,0.3571398175433984,0.2835657953492171,-0.3494291746340471,0.2776469020947701,0.36767342612353215,0.22324353834818747,-0.3355871760274725,0.2212257825132349,0.36805664153288364,0.22539509172002958,-0.33431705952137225,0.22758816846538918,0.43906978208339403,0.33808203017063887,0.4977656998014273,0.2937045838250217,0.4714366752329119,0.23432805461091052,0.4189396165428629,0.1884131724057511,0.37581798007960265,0.16037772755627586,0.3725889041954955,0.2507567279105056,0.3620254960292384,0.17576576250091255,0.35663758549434804,0.13529728040114725,0.34579053614554117,0.10478073159635798,0.3135337561008444,0.2564206314009912,0.3109775330668216,0.1762523439374088,0.30851543311579754,0.13379214049878524,0.3009110875106052,0.10113870332311833,0.28347869303818113,0.2566008955701503,0.28766008374467317,0.17976749523601177,0.2912661970751544,0.1377647080072472,0.286668338982113,0.10539954520447234,0.27654392959679136,0.2515138703760323,0.29207423829155327,0.1889636866554409,0.30178508756702027,0.15612413578775824,0.3021510410209953,0.13086540176697134,-0.33772157138353914,0.1800580764629881,-0.40226129696318763,0.1937078144674564,-0.4460769548849672,0.22513845420315085,-0.46311277864572253,0.24591793669338777,-0.47593822978543343,0.2560184973015096,-0.4007105374036292,0.2587110903437667,-0.4057460314916554,0.2750160173992681,-0.40139311146016227,0.25510440637060444,-0.40229445808798914,0.2448370931672458,-0.35828483029921937,0.26099602931426913,-0.3620065987307212,0.27527520893316876,-0.3600697164851167,0.2522710952292048,-0.3641111036482681,0.24042556428159928,-0.31743432204908456,0.2589776967657955,-0.31941799327899817,0.2699423390037807,-0.3210914944265208,0.24888817610221994,-0.3249839745114534,0.2372042073281615,-0.2814644045505738,0.25319812102051126,-0.28185307110372804,0.26140137653193957,-0.28517799626637114,0.24546216823644612,-0.29106804799791514,0.23504441519173255
0.04732945424313795,-0.24698376865544755,0.0908338836775381,-0.3001969878406287,0.12232217916878955,-0.30102868887315004,0.1593645246849869,-0.30215306618041277,-0.0345835401660171,-0.2969350065661709,-0.08751040713050028,-0.29427276289091514,-0.13354890360653277,-0.2912312802733085,0.19264550744933367,-0.2817110092102909,-0.2131712420556213,-0.26841936748062273,0.10601853029971357,-0.1958761025372096,-0.050660271183923786,-0.19602975938408665,0.49999540593361436,-0.002143372408185333,-0.49999540593361447,0.002143372408185333,0.65034225689932,0.35271417251482723,-0.6845814782252744,0.3519325487606522,0.41189219404136335,0.27046081874706207,-0.4094213812569661,0.2673407411209637,0.33918314717061027,0.24760971660839895,-0.33840714974267005,0.24880695653591942,0.34940586886350333,0.1942755764789603,-0.3207557683326237,0.20045162993065324,0.3497359147157232,0.19633368411875893,-0.32167186759678923,0.20537348010004727,0.41115924213231486,0.29384881853089,0.4632124209965092,0.2558114302193205,0.44142305119984443,0.20515370249831985,0.3845509491512336,0.1663954032739974,0.3457159163619412,0.13996036874810974,0.35855526187059367,0.2149945907221252,0.3360128220486828,0.15169157508441064,0.3246667482459279,0.1171434446223137,0.31100763481328264,0.09112063731068973,0.2877712106046883,0.22205249459019824,0.2766854036024758,0.1560272795436858,0.2729062789101986,0.1189496156018644,0.26825681913699895,0.08987414931821526,0.24301402063731511,0.2250948424739534,0.2348944576864099,0.1613291257633107,0.23776971710410144,0.12469599230529821,0.23777152954700212,0.09608596710404756,0.21933155423085557,0.22398225441796443,0.22424218702604806,0.17109545688731745,0.23210184566499087,0.14276520107409252,0.23411238857475217,0.1205096183621574,,,,,,,,,,,,,,,,,,,,,,,,,,,,,,,,,,,,,,,,,,
0.04607135387144533,-0.26209194471542097,0.08947777176512206,-0.31852599581889346,0.12085809474953783,-0.3194064358935001,0.15784125247823677,-0.3205991272885612,-0.03567806287141198,-0.3150154829951316,-0.08849351442219891,-0.3121554873795305,-0.13438932763304476,-0.30890898415665774,0.191031863954294,-0.29882562311971733,-0.21385088402266603,-0.2846115313703593,0.10472517115846028,-0.20780451623410257,-0.05163612391415097,-0.20794269949426938,0.49999481889526964,-0.0022761981210978506,-0.49999481889526964,0.0022761981210978506,0.6478661484616814,0.37503740200322344,-0.6822032217334641,0.3734671933292791,0.4069437119677061,0.2864867225886143,-0.4062507716520563,0.2865673677470948,0.33149043194465394,0.2622197221486871,-0.3287103525049881,0.26371900287015376,0.3396547227356955,0.20574508066895852,-0.31264442640528545,0.2137006413882859,0.3404509169449351,0.2078896756851356,-0.3148920520977093,0.2193511584222392,0.41638050302002816,0.31037651180339065,0.45183926438627214,0.26545057837449226,0.4151255432625624,0.21437548986817037,0.3562115116973063,0.1781187579490622,0.3160037945456777,0.15652536640172038,0.3550639649219633,0.22668764895440724,0.32108403077424363,0.15780566567767354,0.3031252673170084,0.12229241478793469,0.2864711918497037,0.09592756903945053,0.2835457251413055,0.2379687895297095,0.2575711322706772,0.1631163865552587,0.24534901771053846,0.12278577340452143,0.23606575127407914,0.09313146214048251,0.23558076538509873,0.24373384717300373,0.21102225174512113,0.17201497533746318,0.2064989717201568,0.13172713319582516,0.20299466838587266,0.10216563272612864,0.2105607737478513,0.24509417949997267,0.20129468615533433,0.1906779789107579,0.20941955602027673,0.16305701213117815,0.2139242105618088,0.14206624038288054,-0.3161420390319289,0.21621525536690303,-0.3752233382882016,0.19449500454749222,-0.37889201603452277,0.16555716507094062,-0.3308336576162511,0.15011981481000067,-0.27830048159592585,0.14510795540207863,-0.40220235103964325,0.22740764035981686,-0.34653430724476053,0.16131617850143537,-0.30903153469429256,0.1271142913414856,-0.27440377730001336,0.10420670506733022,-0.341046751584827,0.24556909837918386,-0.29025370204088435,0.1714504592280995,-0.25533064936073446,0.1304809589110317,-0.22355014972743217,0.10291990214956413,-0.2757660596246343,0.24807269442343555,-0.242572283624693,0.17696026805859388,-0.21849432554025797,0.13690357299833128,-0.1961832567627681,0.10718399577586361,-0.21146401927934153,0.2384192241103308,-0.19925600945422903,0.18433960611329428,-0.19434503004597853,0.15262103893782644,-0.1859073243913507,0.1265887970829996
0.044144697300263,-0.27592847683004634,0.08861903516512543,-0.3353513479536223,0.11982253600807935,-0.33626001674855593,0.15703338334222544,-0.33750979884243876,-0.03710555051274305,-0.33162290588760207,-0.08992131440990317,-0.3286104835541853,-0.13540393266253242,-0.3251828769149984,0.1905345983292026,-0.31457271873075204,-0.21467697031625052,-0.29959833226913674,0.1040023218205467,-0.2188135680565808,-0.05322519122849269,-0.2189240905376667,0.49999435769370054,-0.002375347230160291,-0.49999435769370054,0.002375347230160291,0.647763610898548,0.3942398122699652,-0.6832883521724405,0.39141601121166697,0.4090823123662644,0.3059223609700467,-0.41262866227130895,0.300923715928981,0.33464306822773804,0.28618008139671736,-0.33893545154009597,0.27914547047593946,0.34339355974662156,0.22641867475800762,-0.319159007810252,0.2253217471888045,0.3434874584584915,0.22623879378113823,-0.321112336216232,0.2307125375927902,0.46200264939533375,0.3451350444799235,0.5063543218909323,0.29230409018470005,0.4763778365853616,0.23890127066117572,0.4146916296356574,0.20362953527060246,0.3651308401609476,0.18353240764393242,0.40818457554873333,0.2507587539891058,0.3787501336743036,0.180334102930701,0.3585222886224646,0.14212143842971667,0.3356745066793188,0.11281050588931264,0.3385569619346398,0.26152567365162704,0.3118470300834261,0.18439830133867902,0.2954587196429615,0.14206875497298913,0.279787223646483,0.10926573092014068,0.29158245778975744,0.2689450993625998,0.27230047490681236,0.19493523435141874,0.26526603210100436,0.15263291582727917,0.2576126538552986,0.12069820214150428,0.26601667902884285,0.2719706925601984,0.2620716666736915,0.21181657666835912,0.26736002765241546,0.17914864459858726,0.2693291867660807,0.15544431130096567,,,,,,,,,,,,,,,,,,,,,,,,,,,,,,,,,,,,,,,,,,
0.043201465539424604,-0.26274874545357313,0.08806531100620157,-0.31933761961419194,0.11919579546133517,-0.3201932656716722,0.15652554626974807,-0.32138134969078097,-0.037929409706218074,-0.3157741731415868,-0.09079371599355919,-0.312904411836317,-0.13611469444152985,-0.3096350037869617,0.19021615646233053,-0.2995206958060045,-0.21537096237874914,-0.28526345740963577,0.10351658681330855,-0.20836479503614422,-0.054060320052493414,-0.2084547136355046,0.49999481050615807,-0.002278040146936053,-0.4999948105061582,0.002278040146936053,0.6476931189090588,0.3744820420084641,-0.6842522611889765,0.3722058431980337,0.41079902321567197,0.2949468926482653,-0.41784629387941086,0.2859781261409004,0.3363994990091411,0.2814338610896064,-0.3447816884993475,0.26533613013346236,0.3460526992298303,0.22428107762412497,-0.3246299088675995,0.21369722883422101,0.34572881372355085,0.22202198789872649,-0.3264723810852655,0.21890636980877207,0.4598080238259767,0.32675506011552663,0.5042004339331386,0.27844966839274443,0.47443700339522965,0.226967587585903,0.41732398550287875,0.19272156730748397,0.3707947276424385,0.17258708967442224,0.40944319394986656,0.24264932993647356,0.37679611425375925,0.17396993339018324,0.35823325644753407,0.13721263700744282,0.3402725468771307,0.10905461227326207,0.3417304842622996,0.2535900143967062,0.3146026742947732,0.17621736131771246,0.2996568698870693,0.13435710769891485,0.28866540154876313,0.10273629622110578,0.2967323050640194,0.2591493929191073,0.27587165248658285,0.18388675803090687,0.2681460145830295,0.14218900235873497,0.2619166951307888,0.11141650995356069,0.27398156602176676,0.2594062593616488,0.27064911184955687,0.19985782037993144,0.2742719586165526,0.1686788529411297,0.27386153466868507,0.14561872176761553,,,,,,,,,,,,,,,,,,,,,,,,,,,,,,,,,,,,,,,,,,
0.04281016987966492,-0.25669251815685623,0.08758336101364332,-0.31199803956652405,0.1186485768628608,-0.31282527405947436,0.15592275020891483,-0.31400474839957937,-0.0381810662062337,-0.3084296690288396,-0.09096850380380951,-0.30558503016091637,-0.136116184833106,-0.3023673232852619,0.18958869578733556,-0.2927934997813582,-0.21519917660810486,-0.27850264206603137,0.10318195436513664,-0.2036985472890054,-0.05409530491482328,-0.2035912165876563,0.499996617809042,-0.001839070286577553,-0.4999966178090417,0.001839070286577553,0.6503620392093526,0.3658381591488216,-0.6981649557382787,0.36019676741819245,0.42643371375240535,0.2955913409623646,-0.44450196988928997,0.2877086890408368,0.3527968698612598,0.28028883509449676,-0.3848107392106852,0.2787747216411296,0.3597835514853749,0.2261656401694453,-0.3608564926047146,0.22614492459352056,0.3599166070310926,0.22587592233223727,-0.36061496786411845,0.2271785267531557,0.49029061346932284,0.3307033414775476,0.5306210871630697,0.2806616404047072,0.49039257451250856,0.2309693270345101,0.42086110886552264,0.2044858892870137,0.36257970654735105,0.19152244214421077,0.44751434021305736,0.24657153324537573,0.40165736104025124,0.17894471001835396,0.3760794209779455,0.14246908420099602,0.3538808386820789,0.11468822092656242,0.3753340568271387,0.26142587714278526,0.333737024501194,0.18523811699557022,0.3139361537581166,0.14285577495159077,0.30216001483414157,0.11122346579671881,0.3208257554528154,0.27048301215152315,0.2841123678442835,0.19584967076300705,0.2736646149935871,0.15307688514670736,0.26752869342130214,0.1214497548858166,0.28925453080948993,0.27244018373780193,0.2830206253978315,0.21556031608607276,0.2974694452836127,0.18814385180118448,0.3064221310649005,0.16879580411323583,,,,,,,,,,,,,,,,,,,,,,,,,,,,,,,,,,,,,,,,,,
0.042543765442490264,-0.23614707260751586,0.0872599759835969,-0.28707427795639046,0.11828871201093905,-0.28784350636030126,0.15554162225358792,-0.2889445811416944,-0.03841548293933902,-0.2837545701464129,-0.09116550845605556,-0.28112060215886164,-0.1362163860140795,-0.27813685295368296,0.18921987324455278,-0.26948210038332004,-0.21502879742125924,-0.25616283800088646,0.10297478289349987,-0.1875379885430594,-0.053787041626762816,-0.18725973934681994,0.49999789781916154,-0.0014498884161225148,-0.4999978978191617,0.0014498884161225148,0.6534654426884179,0.3368273905716049,-0.7075173725816072,0.33036614843101036,0.44448725330891437,0.2746774676410726,-0.47729266020150624,0.2699866948646276,0.3667225619366131,0.2589344792122105,-0.4256350673170702,0.26673174599575206,0.37071526139188543,0.21155187558403452,-0.40489817759837493,0.21565753715944544,0.3733374971546691,0.21209040457983624,-0.40093889968055463,0.21476812113699004,0.5140114581442812,0.321681677243066,0.5496908462723008,0.2760633228032667,0.5151994583079784,0.22711945505610184,0.4548809901425499,0.19470231788517994,0.40483865113031836,0.17435107767845953,0.47792450791630675,0.2467708563753109,0.41729368386842236,0.18193416307622212,0.38525019770125546,0.14848862351085337,0.3589178199852682,0.12373895878901259,0.404429282460772,0.2614156382149418,0.34845145905403446,0.19052388025322653,0.32443420027019143,0.15151059224050312,0.311079676532232,0.12384172991539313,0.3467493091844551,0.270895946336492,0.2944198530687554,0.20172185535792106,0.27710135433203664,0.16320362422365348,0.26448589821416313,0.13571017085533826,0.308237039279225,0.2743418546015945,0.278769902007205,0.2227489522188952,0.2739711111999835,0.19385782535441745,0.2677671705641072,0.17303640897233266,,,,,,,,,,,,,,,,,,,,,,,,,,,,,,,,,,,,,,,,,,
0.042417388397845174,-0.2362265396949529,0.08726646011421703,-0.2872179422386726,0.11811939299361066,-0.2879848413196003,0.15540234496792435,-0.28908777553261844,-0.03830895450168175,-0.283855238360475,-0.09102821358404395,-0.281178789283075,-0.1359947413511094,-0.27815921280527617,0.18922120111971,-0.26956172298693487,-0.21447903693094228,-0.25613726995439273,0.10296205529112921,-0.1875715033141423,-0.053635660037446006,-0.1872858751816869,0.4999994386167779,-0.0007492549012338341,-0.49999943861677776,0.0007492549012338341,0.6497274646222413,0.34016694922120727,-0.7085967802989851,0.33131524482955177,0.4462061924636626,0.27445891695560326,-0.4883008701365238,0.2698102637456024,0.3667622060161345,0.2590353437673195,-0.4389554255156645,0.26362040873756104,0.3711663113696544,0.20990142359175995,-0.42170410192557023,0.213823136598375,0.37405007860351375,0.21118142233747034,-0.4170323123366113,0.21366883651713095,0.49946298676956746,0.34902654159907887,0.5893655272036719,0.3271923189815655,0.6317347504954098,0.30520441901856193,0.6483365899742908,0.2882141810591893,0.6581196588176779,0.2785488378086328,0.4885239553796165,0.2795013467406534,0.41826736135543285,0.22117868374485541,0.37681052149821304,0.18244154455923842,0.34384211576728246,0.15090911208193497,0.4065501046334467,0.2873451187181913,0.3425754682721023,0.22404596673439495,0.31223244451977755,0.18153684789454505,0.29318163284173365,0.14814070569154242,0.3505817999305183,0.2929056646504861,0.30082142217438834,0.2327997632269651,0.27606898142217356,0.19334232635267065,0.26181247113999917,0.16174256922108446,0.3141411730545674,0.29604058562847946,0.27212711663710143,0.24783668670493855,0.2552074867674129,0.2151925325212008,0.24592620172860238,0.1898665613387094,,,,,,,,,,,,,,,,,,,,,,,,,,,,,,,,,,,,,,,,,,
0.04254167378801565,-0.2550423873219481,0.08714621287795847,-0.31015380695161515,0.11787676838149538,-0.3109916258588408,0.15515164216167715,-0.31218456811401496,-0.03756822982709394,-0.3064979956658331,-0.09007797085216805,-0.3035590863671603,-0.13494603469823094,-0.30026737185568037,0.18907766064503492,-0.2910305006599255,-0.21331004174167173,-0.2764205287099453,0.10307161592360059,-0.20265567382603533,-0.05242204964761008,-0.20219683262514843,0.4999997414716454,-0.0005084567707676726,-0.4999997414716455,0.0005084567707676726,0.6485105417541452,0.3652274634120436,-0.7098794551464754,0.35712625409990495,0.4452938406459092,0.30721560804919534,-0.48526804068141083,0.2999908033776034,0.3654613409977414,0.2950335087670436,-0.43433809632187387,0.2982836837923611,0.36244883125147825,0.24303437251105856,-0.41723133811097063,0.24615764833202383,0.3683660615482725,0.24164349142623193,-0.4129518546911314,0.242973727104618,,,,,,,,,,,,,,,,,,,,,,,,,,,,,,,,,,,,,,,,,,,,,,,,,,,,,,,,,,,,,,,,,,,,,,,,,,,,,,,,,,,,
0.04603952348362547,-0.25632903118787365,0.08852481674723388,-0.31132370091832834,0.11975622039448089,-0.3121773594530284,0.15688554064051202,-0.31325166257125414,-0.03334633712835614,-0.307758511502586,-0.08528319457211588,-0.3047792102509084,-0.13050097346746597,-0.3014469900482299,0.1902373904268641,-0.2917540997165627,-0.20921608253823504,-0.27742497594749227,0.10551975871045884,-0.20359167916779086,-0.04680708267745205,-0.20305449014779794,0.4999994696123749,-0.0007282769691549709,-0.4999994696123749,0.0007282769691549709,0.6576060928097872,0.3446637343240198,-0.7153993650531087,0.350608775988795,0.4442920437360206,0.35715334157797507,-0.4806441240229641,0.332620211229763,0.36450461063912226,0.36185063624986846,-0.42973665461866506,0.3428253041744262,0.35952959366192344,0.3099371988257218,-0.40829241501396407,0.295413390863004,0.36721325290457185,0.30428532600825936,-0.40531782061397237,0.2866043899962415,,,,,,,,,,,,,,,,,,,,,,,,,,,,,,,,,,,,,,,,,,,,,,,,,,,,,,,,,,,,,,,,,,,,,,,,,,,,,,,,,,,,
0.04171395327661265,-0.24216670607645988,0.08391004313713388,-0.2929732116137943,0.11503402694208816,-0.29373069042362365,0.15204674925900655,-0.2946373046793649,-0.03654975052913128,-0.28973733069976493,-0.0878683720693965,-0.28700284132845616,-0.1325003430073241,-0.2838683978067474,0.18603214359599077,-0.27399872920220236,-0.20957645053489068,-0.2610390486207151,0.10071952130566822,-0.1923078393358052,-0.05020555502478271,-0.19176932198848518,0.4999992386047134,-0.0008725793412125818,-0.4999992386047137,0.0008725793412125818,0.6567637218422969,0.2984291243211129,-0.7120864548833371,0.3211022079398202,0.43728155603801205,0.3890679301997175,-0.45657997337691897,0.3462860777609685,0.36902045619316565,0.4370660811178034,-0.3955984793773731,0.37071422495982753,0.3523522296701194,0.3953143380426208,-0.3610542892719941,0.3341411277031203,0.3597379517013521,0.3771137723562343,-0.36599871794543426,0.3190951665714038,,,,,,,,,,,,,,,,,,,,,,,,,,,,,,,,,,,,,,,,,,,,,,,,,,,,,,,,,,,,,,,,,,,,,,,,,,,,,,,,,,,,
0.04039186243743015,-0.26138133941859604,0.0824831679705822,-0.3149718612102709,0.11376307663148207,-0.31579393307633524,0.150797056072328,-0.31675770773659573,-0.036852318037078995,-0.31148915570628666,-0.08782694140907617,-0.3087146631583195,-0.13261693833902177,-0.30538494850967296,0.18529688768151667,-0.2942908538854631,-0.2085314121858115,-0.28055689565583364,0.0991769088321606,-0.20744118874649878,-0.05143105483668447,-0.2065249744505144,0.4999979563606351,-0.0014295576898289094,-0.4999979563606348,0.0014295576898289094,0.6640493062296484,0.3053519497442693,-0.712194399531284,0.33369273434472924,0.46525874040345866,0.45675472538681994,-0.46882172783862697,0.41554397075650035,0.40755720453871996,0.5404868537997273,-0.39921926900044574,0.4635621787925485,0.3599400660740359,0.5043036510943459,-0.36163256472359495,0.42410197668405136,0.3647309377479606,0.4741497781133397,-0.3689374143728057,0.40519026006256087,,,,,,,,,,,,,,,,,,,,,,,,,,,,,,,,,,,,,,,,,,,,,,,,,,,,,,,,,,,,,,,,,,,,,,,,,,,,,,,,,,,,
0.0389001459522575,-0.2564239956828565,0.08081409531983029,-0.3070792332061709,0.11299247345267548,-0.3079221006659587,0.1498879314908695,-0.3089232221302365,-0.03832334359543045,-0.3034268925711162,-0.08930538975371015,-0.30091395890506867,-0.1347733119492852,-0.29771156541425586,0.1843232542113066,-0.2864808876090872,-0.2094534538915569,-0.27292140173876617,0.09745761853734092,-0.20404122785816822,-0.05326443399071125,-0.20223947158231906,0.4999983477927623,-0.0012853810749217276,-0.4999983477927626,0.0012853810749217276,0.6754791197456976,0.2928931081198207,-0.717903354924253,0.3070359073919092,0.4793595690819571,0.4837102698892315,-0.4830278366956773,0.44524365157657464,0.4260742210104093,0.5745911392086811,-0.41606876488539724,0.5345505075462774,0.3590740314955547,0.5463878925065828,-0.3616780343757541,0.5085611407191031,0.3627593500796384,0.5189166297884116,-0.36721453773706103,0.4738217813544715,,,,,,,,,,,,,,,,,,,,,,,,,,,,,,,,,,,,,,,,,,,,,,,,,,,,,,,,,,,,,,,,,,,,,,,,,,,,,,,,,,,,
0.03797837906721921,-0.2942115402833745,0.0800080665819889,-0.3506263776065112,0.11347322945434622,-0.3515966695557362,0.1500818223433889,-0.3527332736387683,-0.03891982326923666,-0.3464348735181587,-0.08981906548468548,-0.3438061741998471,-0.13618114139270002,-0.3402891811822706,0.1842832953680711,-0.3266275201579088,-0.2097157329377789,-0.3115427780582188,0.09615720903047893,-0.23453550478595575,-0.05475841555916439,-0.2317598040664298,0.4999986651971599,-0.0011553359071530484,-0.4999986651971599,0.0011553359071530484,0.6746633638679971,0.33774636707080063,-0.7215174409733209,0.3468047133303841,0.5008179549216695,0.5941137508438572,-0.49340116597135164,0.5581810674059822,0.44769268774510457,0.7062795828754765,-0.43288359416029576,0.6637040074257073,0.3774431791130044,0.6740711003374523,-0.3637869851850829,0.6466912106609198,0.37454583872884967,0.6415286703124501,-0.36573335474251656,0.611045335020182,-0.45765459906717126,0.56953280092693,-0.3677347472351543,0.5802854468808474,-0.30510716160306456,0.6244818006490407,-0.27683053687301584,0.6692608671446356,-0.271265029300847,0.7051918965583056,-0.39998557707636767,0.6651196867427185,-0.37044689715778106,0.7115120884478153,-0.3342988765079136,0.7421861327309134,-0.3042096111017843,0.7656879972565354,-0.4316478929989755,0.6731852049732846,-0.3922346439904179,0.7168898173453482,-0.34819822195046635,0.7465368779995969,-0.31087459800539935,0.7712506460601809,-0.4508322002712574,0.6787617475802517,-0.4071627758670839,0.7198506860746176,-0.3611832785231007,0.7484811834525079,-0.3238880563843932,0.7718947230855859,-0.45675161749947113,0.6826174434043956,-0.41445874584802983,0.7213184671540844,-0.3785159482817305,0.7462864587349683,-0.3471372052533374,0.7651198399421373,,,,,,,,,,,,,,,,,,,,,,,,,,,,,,,,,,,,,,,,,,
0.03985906177978938,-0.24027214521059181,0.0830190814261507,-0.2849170871042835,0.11923811791059234,-0.28550056060082757,0.1543586187328404,-0.28624861636944104,-0.03655275303322615,-0.28206027095990943,-0.0874428322775428,-0.28022005710344516,-0.13521388357498845,-0.2777534569902761,0.18784406899244374,-0.2644742083897759,-0.2078359376342358,-0.25410785927676577,0.09763643702344738,-0.19142048577772713,-0.05430108687604085,-0.18888626555763816,0.49999960357780365,-0.0006296205517596473,-0.49999960357780365,0.0006296205517596473,0.6750370547619731,0.27547334566310455,-0.7212037338753904,0.2820118232205827,0.5263434126758173,0.5040653177602104,-0.4955149418758448,0.4904519364716213,0.4921994474519635,0.6031849244274831,-0.4442818712240923,0.5860737030519484,0.42101258858768936,0.5748334274091697,-0.36423029865972856,0.5716154038593403,0.4079673215318076,0.5447454140356348,-0.36070674418552273,0.5424387281398168,0.5430750793203041,0.5289329788557333,0.44841961753995496,0.5355501464784634,0.390126774190478,0.5701384313464586,0.36964806465081973,0.6073677682010966,0.3525999826361868,0.6352472582008903,0.4742609790067947,0.605607244707324,0.4617861157579751,0.6583277212042501,0.4403021542306365,0.69124684307796,0.421645776053315,0.7143347749688691,0.519844412201171,0.613136683595009,0.4916395670422176,0.6646893461743992,0.45518402166216476,0.6953451283746757,0.42065372290294634,0.717046114522271,0.5447843287521601,0.6168339163049236,0.5169242586273063,0.663935121904908,0.48325866207466583,0.6901227755017846,0.45135172141246666,0.708781123583968,0.555007363338016,0.6179582506270829,0.5317395967842774,0.657354098362997,0.5054387730888596,0.6822393646934576,0.47918057807070513,0.6993084402035354,-0.5061636389650009,0.48303373065922456,-0.40263873687390334,0.50013748314721,-0.3354892061443236,0.5383207036402922,-0.3068855420633593,0.5767814733296275,-0.2930655567660848,0.6066310157935512,-0.43797782114379197,0.5622911646189508,-0.42873863502565135,0.6046592294805258,-0.4212857510112402,0.630409953155766,-0.41390653077804124,0.6497559723844565,-0.4877220986193261,0.5669297439060659,-0.48153282491483695,0.6101236543338107,-0.4657611061407718,0.6379444602171452,-0.4554195495631108,0.6582623684381934,-0.5165664631185612,0.5687129408084705,-0.5075244569280964,0.6086006681387053,-0.49096339417399604,0.6326763604080144,-0.4809913158597274,0.65041950301942,-0.5315248481339637,0.5690841178450743,-0.5213258033267351,0.6044275605935043,-0.5047135504873854,0.6251477217582811,-0.4913867379626332,0.6401980636621663
0.03950684553626395,-0.2600112949235789,0.08341934382536556,-0.30707197006020304,0.12070953118094303,-0.30740461340365977,0.15598188138749947,-0.30798717586469054,-0.036677304570354126,-0.3046981661428233,-0.08756674340691116,-0.30300419069786333,-0.1354766331293403,-0.30077188405612093,0.19152836903089437,-0.28363795400005465,-0.20574532211922997,-0.274912490638329,0.09742658891351506,-0.20730167074222233,-0.055122327892220935,-0.20428218303505774,0.49999991355939694,-0.00029400781529782046,-0.4999999135593972,0.00029400781529782046,0.6697572011480322,0.3000523864482391,-0.7079480620550459,0.3090020000282225,0.526470952854329,0.5741042386193604,-0.4988624038239217,0.5689424750307204,0.5131820692136243,0.6859305691628467,-0.46473461311114483,0.677222320708963,0.44986506657372066,0.6649844102397353,-0.3716207807682574,0.6649363653209547,0.4288876629840793,0.6217867532945348,-0.36166741441731504,0.6284363411336042,0.5590153143095334,0.5883302392737394,0.4672253194912227,0.6065807503502506,0.40782655466925727,0.6469354882289684,0.377940219807045,0.6830872223967903,0.3627197023910127,0.7103418074656712,0.4900695704697514,0.683815167071253,0.48854182537903684,0.7342706006493454,0.48024702621594617,0.7670539155411136,0.4719222432707014,0.7919977823797377,0.5440792858741784,0.6870173537796561,0.5458961602928087,0.7373868197434318,0.5339843889324724,0.7722270844517194,0.5196617787070222,0.7991484915526764,0.5795265414766343,0.687083932346631,0.5773714571343004,0.7337610678905264,0.5656670736005305,0.7650870677681236,0.5530733496710797,0.7894150472205983,0.5987131279821366,0.6848822775076715,0.5919107358807933,0.7246486433394822,0.5829168505587857,0.7516664254110497,0.5709690272699068,0.77292908201871,-0.5286092605566484,0.5443913789672911,-0.42705722447352235,0.5721418104086321,-0.36352756899768585,0.6131215599310719,-0.33491554487702774,0.6525634443529575,-0.32010319954305877,0.6828237594593819,-0.4561461335103474,0.6370663205654981,-0.44843664276139217,0.6814162001622863,-0.4412606134699307,0.7108189776234124,-0.43446776977540424,0.7338776873076259,-0.5101015925470666,0.6417397938074803,-0.5101993967888553,0.68629054963739,-0.5034069992815633,0.7174255103720611,-0.49959870199819073,0.7405566438507571,-0.5473091460268261,0.643503769416005,-0.5483334134422013,0.6849177765722898,-0.5422470626146836,0.713521468663192,-0.5379746413700489,0.7354856951382692,-0.5698344623701789,0.642624133959398,-0.5725526350023733,0.6795641184415764,-0.570562818411675,0.7032514039326263,-0.5675472173690044,0.7220948491848308
0.039828810757226496,-0.2801424754739787,0.0857123417996599,-0.33008391051203195,0.12483361212015301,-0.33040916257610975,0.15909825563256105,-0.3309111745823378,-0.03480860677558643,-0.3279925890843798,-0.08463476712934978,-0.3262631263567366,-0.13382812566222937,-0.3240507008440709,0.19611488653072728,-0.3043804673769354,-0.20200589578217196,-0.29652668003170946,0.09788005618040213,-0.22351946872090822,-0.055114486331009835,-0.22049737480411044,0.499999689091778,0.0005575913604683347,-0.4999996890917781,-0.0005575913604683347,0.6632009831843135,0.33700631334494097,-0.7056801814298118,0.3436134094903052,0.5499347224143014,0.6561676758281404,-0.5241520863295522,0.6446348641946629,0.569474921582871,0.7808357247737605,-0.5099622796544364,0.7617444269751911,0.49487837603341245,0.7644550776007127,-0.41095864551241573,0.7503144352344856,0.4686408829636052,0.7175975125683065,-0.3856444309137498,0.7124689113989197,0.559850908105029,0.6591307860118077,0.4724505444688263,0.6902637927107595,0.4275561511196202,0.7385975576322508,0.4080314797351198,0.7798632199546244,0.3998319173452689,0.8128448426423744,0.49881707877865566,0.767131913946022,0.5047585087082553,0.8239986589270478,0.49888989873153144,0.8595507789341004,0.4911622381931589,0.8863866179418253,0.5592312245844797,0.7673259252913123,0.5653338222038998,0.8240275770218899,0.5540833179648923,0.861053142813757,0.5389828156781393,0.8882667531239437,0.6056800026630826,0.7646366954767848,0.6085310466023848,0.8177320006706983,0.5977933161982097,0.8524897146014522,0.584235061982041,0.8779113210661823,0.6366286611154999,0.7602659319992138,0.6369235105325356,0.8041487584076985,0.6295404954083859,0.8323608845218,0.6188448863495016,0.8543687787430209,-0.5553184907194898,0.6178449269247825,-0.4554383399388119,0.6497532139759311,-0.3914119318137482,0.6991860195072169,-0.3666216460672059,0.7496340184738345,-0.35066354605112127,0.7871690935557776,-0.48563586414692267,0.7151270810375054,-0.47200478997787826,0.7708035939562186,-0.4626863347336714,0.8050718423557552,-0.45295505460955937,0.8315465876924353,-0.5430909854460677,0.7203831360323077,-0.5355495690763858,0.7756018556189165,-0.5248250462126834,0.81224031675496,-0.5160854025056717,0.8385741437564569,-0.5794272495296214,0.7236254817878637,-0.5743435958096301,0.7744849133313624,-0.5652050486842926,0.8087095550799467,-0.5580409396194612,0.8338718167258543,-0.5992215153720106,0.725142993241009,-0.5943718492947152,0.7697253621342468,-0.5873634642712664,0.7979590620651353,-0.580917113639007,0.8196838955696473
0.040149384851653216,-0.25224537613144005,0.08836509192194024,-0.2961083787733848,0.1295396555505343,-0.2961837212360593,0.1625083270086203,-0.29629867114304326,-0.0327593165302742,-0.2947810538279362,-0.0812024048265052,-0.29309148721343403,-0.13193902722320197,-0.2912928812368106,0.2019837781796108,-0.27154276160961555,-0.1979085854543526,-0.2662856376721257,0.0986374046842689,-0.20136387321428703,-0.05511103382312897,-0.1988316463330736,0.49999668063851016,0.0018219084695876768,-0.49999668063851044,-0.0018219084695876768,0.6540383588274044,0.3120075746106713,-0.7049022361802221,0.3161559618566846,0.5716410424563975,0.6022545951246304,-0.5494777981420336,0.5964440539635641,0.6111193492785773,0.7116541607960755,-0.5484435169769273,0.6997590194167482,0.5331845233253713,0.7019999991045573,-0.4539175360923802,0.6925167676529751,0.501360254081377,0.6650118093540909,-0.421206587154124,0.6612694153965741,0.571429188833795,0.6064849147511536,0.4873188387056373,0.635210978031202,0.44368163288271417,0.6794418271692252,0.4202415555303567,0.7173507031723195,0.4065753013296049,0.7464217520479143,0.5089141653897394,0.7051666924049925,0.515834300612288,0.7571718782190219,0.503458979227276,0.7902091065093468,0.4867286113004592,0.8129604921181202,0.5680563078228926,0.706014278125756,0.5709248094424938,0.758943547057277,0.5531326747078742,0.7930431788023391,0.5291614462343164,0.8160573458769599,0.6163817789857664,0.7037690863255162,0.6177865808926779,0.7533456496366716,0.6020392708877603,0.7854236032895182,0.5780059320008362,0.8080270214648334,0.6562561289322553,0.6986358800182502,0.6649788939680175,0.7386773077827077,0.6581221185062305,0.7644350546703547,0.643108175422352,0.7836353577507287,-0.5810195363964914,0.5787597037345141,-0.47861668790189765,0.6091994174009474,-0.41565966319720593,0.6506126350719181,-0.3921867458561722,0.6934562045996502,-0.3819570893834829,0.7274575990128572,-0.4945438146926383,0.6743881074997672,-0.48742164214845046,0.717983607033704,-0.48155550993203416,0.7445936952529235,-0.47405050165028756,0.7659144572557464,-0.5566730575088463,0.6796135726567284,-0.5460562818218143,0.7243834363113063,-0.5349885809641798,0.7531634418053885,-0.5244938843654882,0.7759265126292926,-0.5979896005450058,0.6821700531530679,-0.589136814141033,0.7238459164152915,-0.5775062822818174,0.7508829226105672,-0.5637806840797889,0.7720286781356178,-0.6234273843824427,0.6828748346749659,-0.6129710605966066,0.7196241568882246,-0.6029717302401502,0.7422040687586837,-0.5916273881735571,0.7609222887776167
0.04056943695374289,-0.2779454147351346,0.09244158054092112,-0.3251979655616837,0.13505427614114174,-0.3249691661744521,0.16566922768209338,-0.32453575602415313,-0.028869833227810386,-0.3245881034417974,-0.07519619260375802,-0.3229526142486846,-0.1275615856850674,-0.3211849331216893,0.20877098741334277,-0.2965355855126645,-0.19325718214694676,-0.2935820001067342,0.09961333379229288,-0.22294287283934686,-0.055732027920652856,-0.22012831688112053,0.4999766193406169,0.004835298618271523,-0.4999766193406169,-0.004835298618271523,0.6436435712939784,0.35454178106075307,-0.7017442475797503,0.3521855590935299,0.5968772144906066,0.6755052669606102,-0.5741355542972111,0.6649519687462063,0.6358208605047662,0.7969662743126827,-0.5781251848868599,0.7766370958532155,0.5566409146297586,0.7899014315370211,-0.4861450628905474,0.7695434325891878,0.5253709092381428,0.7537348065472406,-0.4521890339402608,0.7396158551574002,0.5901473287225132,0.6804906232746849,0.5004224050361613,0.7137969618374543,0.4541025463305643,0.759226874100647,0.43942492318185944,0.800132410820312,0.4261788723147316,0.8309922428247526,0.5195080169841968,0.7849407784986885,0.5207169635688376,0.8422582599529813,0.5092722217407569,0.8734684961603609,0.49448506674915993,0.8936822456230565,0.5792586168350999,0.7863728332751979,0.575589923450154,0.8448144608190702,0.5563516793242994,0.8742960558977256,0.5335546298575065,0.891331170171613,0.6302797959583106,0.7844130400663143,0.6286104594324062,0.8372959894382609,0.6106215907177561,0.8647211838546838,0.5868857732121238,0.8815796991156758,0.6734148604938216,0.778388528694678,0.6774413578988829,0.8219973095884212,0.6679947262259416,0.8461644654297215,0.6517829448745123,0.862079991956577,-0.5929560635653353,0.6532143837292554,-0.4852916940690527,0.6793391271298195,-0.430047038324132,0.7242230675904473,-0.4133895603274369,0.7720444922147806,-0.4043343936799877,0.8088486969880033,-0.5256098311360945,0.760483653254033,-0.5057378161762027,0.8125844792707837,-0.4858508407694769,0.843045529823957,-0.46486017620762166,0.866923157391826,-0.5896389406809905,0.7656569309157183,-0.5686101625998198,0.8187926477340988,-0.5422824476801811,0.8522776439160754,-0.5159796668385992,0.8773079439752739,-0.6292529571937633,0.7665696287284088,-0.6116160151808292,0.8167191900481394,-0.5863730217069408,0.8489582882815213,-0.5591707439994591,0.8733199824192917,-0.6495837591899006,0.765522092202292,-0.6383035822769951,0.8086271027228632,-0.6185858023999405,0.8361575801478065,-0.5942118505966113,0.8581217331488087
0.04344212152231761,-0.26911961277441615,0.10197090748646505,-0.31321797322951295,0.14349459900305794,-0.3127777959525608,0.17128422725857312,-0.31191872676960003,-0.02065782003151783,-0.31332048553325287,-0.06477468620385375,-0.31229221687453185,-0.11563482006512524,-0.31091565803280075,0.21912023544043085,-0.2842262844152186,-0.1832265585144895,-0.2842755658159255,0.10262671411955701,-0.21693207738243775,-0.05344157228117269,-0.2148950429171903,0.4999448866598333,0.007423631367902457,-0.49994488665983317,-0.007423631367902457,0.6374048376683348,0.35110834515215855,-0.6919133404805679,0.33901993212089093,0.6320934796629598,0.6574269921854031,-0.6134228177455419,0.6469344577046862,0.6789690725451081,0.7693975501154721,-0.6274270811636107,0.756899507285421,0.5863081119618004,0.7638976059911913,-0.5426473585914928,0.7498815562139759,0.5538168764994116,0.7362369693635071,-0.5101152241254133,0.7243867847203375,0.6209314302687589,0.6664230497493355,0.5355053256165734,0.6936575595419712,0.48773084376200676,0.7369076158292971,0.4652877822193914,0.7756469909466739,0.444194387798568,0.8044944355476935,0.5709291974653377,0.7694674528115103,0.5704691725846952,0.822755396444521,0.5438085346527974,0.8458332123199447,0.5162276691378599,0.8566045187524617,0.6264134971591035,0.7688221111216862,0.6187524024808227,0.823044933411511,0.5842772096959266,0.8452883907070234,0.548953451495327,0.8537797508055605,0.6684971493827481,0.7649351018057893,0.6619643337410639,0.8153908678061188,0.6289101146017853,0.8367021027472666,0.5927593074178585,0.8456495080347565,0.7013625218180288,0.7586030359878705,0.7012241764925013,0.8000041659649876,0.6787855604937657,0.8207904316588889,0.6504245909388674,0.8319840901808684,-0.6432619306403469,0.6491446411480202,-0.5551445826344386,0.6733269196208463,-0.5027847000900061,0.713973939313104,-0.48058623237163656,0.7564459785935255,-0.4736888821318401,0.7909291183545321,-0.5907048437694233,0.7537456374455722,-0.5768559076545015,0.8032071074974552,-0.5596204451231155,0.8320723073832685,-0.5420780622422944,0.8534162567861622,-0.6456173576094184,0.7576776640977175,-0.6255731115441377,0.8062838047608779,-0.5997250301225202,0.8352636450681937,-0.5719214428592236,0.8552284142782549,-0.6845301812056284,0.7574390162934433,-0.667239949573648,0.8028866735388164,-0.6408931670396371,0.8294826921058396,-0.6104565730474382,0.8481419585646923,-0.7111613896370446,0.7541457604776944,-0.700123193095324,0.7930112400587241,-0.6796965413455358,0.8154252599325696,-0.6513459743633155,0.8309215692010886
0.04544850527729425,-0.30274887894031166,0.10709088785196169,-0.35156794803390606,0.14793845746723638,-0.3510081242254866,0.1744666149268201,-0.34985131878099596,-0.015907965278132617,-0.35193983823342584,-0.0591505145051713,-0.35102301854884754,-0.10919906696711021,-0.3496239659026777,0.22423254273580537,-0.318497481423854,-0.1777482949587285,-0.31992410026535417,0.10468364725242404,-0.2447695670374936,-0.05172924068815707,-0.24275204905846753,0.49990059553962773,0.009969683000252158,-0.49990059553962773,-0.009969683000252158,0.6332509208691365,0.396928882762245,-0.6865497901116501,0.38133631976061483,0.6427242220312059,0.7336730020337462,-0.6273811062441622,0.7268776034666355,0.6884488216527485,0.8588077767217244,-0.6404551396634642,0.8490459904025206,0.5949907750650282,0.8527007922207408,-0.5580537497676119,0.8411610447882951,0.5629659634779254,0.8221990895155704,-0.5275293987712302,0.8136941969342277,0.6208925559753115,0.7453212986710004,0.5329791412933546,0.7740168112312187,0.4844778721797934,0.8216482334934677,0.459170660328789,0.8645777284186978,0.43948058013733904,0.8968104478252605,0.57201723788692,0.8581452522647901,0.5674193674718437,0.9200719497620075,0.5428104988375061,0.9461008325753653,0.5173279015526976,0.9587014301387119,0.6309401689125125,0.8577431835147955,0.6177809305129581,0.9207068690332362,0.5811056506501853,0.9437440983313128,0.5453726898912254,0.9501173091147791,0.6736658020028377,0.8532028322929799,0.6609125977636099,0.9108912759961316,0.6264348778399,0.9325839611926944,0.5907134672868135,0.9406111436959791,0.7032577848420056,0.8466267155965024,0.6982391315421796,0.894023103876501,0.6744453520515696,0.9163806529525154,0.6459861778653917,0.9278198052167118,-0.6420352966747133,0.7313814596971793,-0.5512339751334009,0.7561361370460471,-0.49963982743009644,0.8027474151291983,-0.4832934429913225,0.8490015413746895,-0.4785899326163714,0.8859729950325453,-0.5912531284443244,0.8455011414426193,-0.5790252808768713,0.8991110359288949,-0.5633632905599781,0.9284940267862333,-0.5472766080578856,0.9496133975045261,-0.6467583535519119,0.8479202602871364,-0.6311851221247707,0.9018222706650876,-0.6075619302901403,0.9311127763522372,-0.5835931207566761,0.9510003631343559,-0.6863037707265419,0.8454596556833104,-0.6717371841651556,0.8974079363362105,-0.6477692631090662,0.924865270538707,-0.6231088627869847,0.9433541945784089,-0.7130163760891537,0.8404005765086313,-0.7007624072868788,0.8853073513455878,-0.6779936641436838,0.9104279143761806,-0.6509349079958134,0.9274922860642726
0.044233875051878646,-0.30973047867472614,0.1082002344861346,-0.35885172854157127,0.14874751703380473,-0.35819955040899465,0.17502738757416533,-0.3568416126383677,-0.014709370111318124,-0.359643329147123,-0.0572667146722818,-0.35911288408851455,-0.10588636509518044,-0.35795055632386846,0.22852233010364276,-0.32448663575286535,-0.1738520860191158,-0.32815568560666986,0.10384826478418255,-0.2513045259598037,-0.052513158465863775,-0.24951584342630953,0.49984308089123436,0.012525752877929829,-0.49984308089123425,-0.012525752877929829,0.6256835748867235,0.41073528862206293,-0.6870195693353657,0.38804737086741653,0.6431776980786111,0.7515784192694587,-0.6529041480608324,0.7321406127001758,0.6911835227308748,0.8734353190307734,-0.675682780539722,0.8547900607134177,0.5986489772568829,0.8675619647373476,-0.5978623965317195,0.848087831723676,0.5661674966539664,0.8386274779584456,-0.5678278785050634,0.8212951836941528,0.6351115412186971,0.7560825824915501,0.5449252919062585,0.7839601276797993,0.4924785913042579,0.8339299948757805,0.4713618490658992,0.8806751793974701,0.4589101830213355,0.917619331281987,0.5824909321878954,0.8747040595863195,0.5813871460377508,0.9348663373724974,0.5565663317235136,0.9593031365128728,0.5309939845562439,0.9701764310237666,0.6418354089403969,0.873257003571143,0.6356171178652825,0.9326234163430801,0.599941223357422,0.9548052909332836,0.5629908285070635,0.9617551715091197,0.6835012066173854,0.867691476408647,0.6763210954564537,0.9218523096996627,0.6413440289002441,0.9440904113081376,0.6024366318531346,0.9539700985944654,0.7123749746105855,0.8600780854289954,0.7105136220496749,0.9060007128968717,0.6864045900904584,0.9271859793823204,0.6551331927283512,0.9378215725940611,-0.6674780293095083,0.7452325053168527,-0.5751745336052091,0.7739998904515659,-0.5382929035672592,0.8228565890386228,-0.5286929808398693,0.8669156699093513,-0.5207076559078315,0.90148975820909,-0.6149748084681472,0.8621098392577697,-0.6077006447895987,0.9172421680245932,-0.5923566863707377,0.9438612388263629,-0.5756653812726206,0.96011605916187,-0.6729652838821276,0.8634169594915179,-0.6584750738826146,0.9190332196740258,-0.634613240332908,0.9464239905074645,-0.6093969618007291,0.9631535816770277,-0.7138815894682583,0.8605814435953748,-0.6992175597687347,0.9135793568427598,-0.674966561745191,0.9405506362140387,-0.6480707359432304,0.9574610699002333,-0.7394746104436456,0.8557227026878357,-0.7289383327932273,0.9018708699930478,-0.7067635884604699,0.9265809071716523,-0.6779575205341958,0.9423668004924183
0.04321646398560433,-0.26027428748209863,0.10951757444567956,-0.3011734333329321,0.14904493989517165,-0.300642423080189,0.17524433794835884,-0.29949569183124375,-0.011671227988893565,-0.3018488414001296,-0.05430205118041655,-0.3014873516725861,-0.1005069529320836,-0.30055437804791885,0.23178881361982406,-0.27243169871717404,-0.16887080515602093,-0.276210471335762,0.10273028862465612,-0.21160337659116413,-0.05298753716934958,-0.21036467179144844,0.4998531206461966,0.012118489190438541,-0.49985312064619675,-0.012118489190438541,0.6201093621974467,0.3496249084047815,-0.6900983753756325,0.32584040291940314,0.6454142883851518,0.6365411868833983,-0.6868144819839692,0.6228790540244479,0.7040371843231717,0.7352852586805311,-0.7111240446984695,0.7206784326669335,0.6052190364367753,0.7313517222406898,-0.6359791071912966,0.7160823961492527,0.5707102091147093,0.7079122661281227,-0.6092029705447095,0.6943230254443701,0.6404037223777387,0.6365483176396677,0.5484456723418196,0.6578123648859145,0.5029882897100578,0.6989809939007606,0.4911573092940108,0.7377488029205498,0.4678050210348744,0.764509342740046,0.5971407986482794,0.7329875705492956,0.5942648120639588,0.7843497477022211,0.5687660747808215,0.8063247577587306,0.5417721220996513,0.8174703939098104,0.6567088337034209,0.733163726639357,0.6456810886682604,0.7831442537395746,0.6085761847534487,0.8025243287692505,0.569074684404444,0.8096141492155738,0.6959391048137541,0.7303207997556004,0.6846172771292175,0.7748789149171447,0.6486318360224829,0.7933094109036186,0.6089863060385727,0.8014100820766434,0.7209906947432616,0.7257831297984947,0.7155290839013234,0.7621153893991744,0.6905775883675376,0.7787245053629973,0.659262746639208,0.7872303091329549,-0.6985274750238206,0.6168905392686133,-0.6020790841009062,0.6410643312258814,-0.5650577988671218,0.6841193093760548,-0.5561358450438948,0.7241674852993186,-0.5487746551610315,0.7550600342748197,-0.6445929828655689,0.7169160343775567,-0.6379145607722813,0.7622099379452644,-0.6196078272695047,0.786333814608647,-0.5966174732589681,0.8028139167044114,-0.7018899380871696,0.7183878752919676,-0.6870586060145959,0.7637657633224031,-0.6585823704856364,0.7874023716407135,-0.6281523454996619,0.8031655686293241,-0.7419439063530898,0.7158769247278618,-0.7258764527829125,0.7600106278403377,-0.6976874793117622,0.7825129177076531,-0.6665239307054613,0.7972107268892058,-0.7667358709075005,0.7116020363443859,-0.7577550119752869,0.7493053819144113,-0.7330439201494547,0.7701685221970702,-0.7022017365587975,0.7843213567281857
0.0438092244477416,-0.2936908243341057,0.11293662392242844,-0.33973443594444075,0.15144455624796982,-0.3391276114805428,0.17820397839224583,-0.3378301624518589,-0.0079211210968764,-0.34054655203326994,-0.05092094839479536,-0.3402692668105534,-0.09602679455356006,-0.33933781937805957,0.23804894354763306,-0.3073030147664593,-0.16410495088444665,-0.3125045056508302,0.10316164793140226,-0.23883527829273557,-0.05222293152559899,-0.2377669573621244,0.49977059365142723,0.015144428721481489,-0.49977059365142723,-0.015144428721481489,0.6177609982010699,0.3923913280499313,-0.6928693494509446,0.36717189253233956,0.645923783050179,0.712947198416136,-0.7048335570825488,0.7021611943196016,0.7076742233810723,0.8269290415960496,-0.7368214712440729,0.8119274082464816,0.61192103847333,0.8221799222785175,-0.6625006726816096,0.8078667160688677,0.5760390497995698,0.7954240770889981,-0.6355552402874317,0.7835940354688654,0.6433689114424287,0.7195049101332804,0.5532571808027884,0.7443800575919345,0.5135114251467906,0.7886247231253817,0.5033192332164896,0.8338389372038599,0.4835612049758529,0.8676098564389265,0.6014629910167284,0.8275651774730138,0.5995638963738535,0.8880840460658717,0.5755819555313503,0.9128270500765474,0.5505791294678519,0.9252127794767917,0.6640381151902071,0.8267204724560614,0.6547617069295035,0.8872043312289927,0.617340769232497,0.9079364016997375,0.5791981224000932,0.914659329971344,0.7054256173396206,0.8214019593863614,0.6987255263657889,0.8746779666372135,0.6619548712861143,0.8956689607974581,0.6221084450041575,0.9043251760187984,0.7308901458337945,0.8137774165181773,0.7290119651589884,0.8570428499393796,0.7039591582565456,0.8772204244536701,0.6730178286835587,0.8875377438970596,-0.7191853245773511,0.6968039469810465,-0.6231653979582201,0.7248486004777361,-0.5887520838302542,0.7715542328850874,-0.5844982181724246,0.8167754489275509,-0.5761823459282459,0.8521176386765146,-0.678507833920178,0.8047137465840741,-0.6773222068913853,0.8608593672452501,-0.6590501338057522,0.8886372012207119,-0.6362645428316023,0.9057435951486755,-0.7407992902470936,0.8047149384077312,-0.7311169205977288,0.8621183799609934,-0.6978253395537345,0.8889022330064541,-0.6629102674291303,0.9040009999840738,-0.7800967248672395,0.8013602527689776,-0.7670555364985909,0.8554176494049999,-0.7344948809149062,0.8816943814843748,-0.7011753850406504,0.8967486040528114,-0.7994217630740411,0.7977134213562833,-0.7882801124408116,0.8436878699500187,-0.7607742565971918,0.867956081211307,-0.7292544253989744,0.8829092967248063
0.04348534230046876,-0.3052849911048825,0.11374758677478632,-0.35309380163834564,0.15193231590696502,-0.3524793354717231,0.1789047080247352,-0.35116358396722125,-0.006459927372950446,-0.3539079441609648,-0.04930544820726615,-0.35364566824209226,-0.09359641788242283,-0.3527033088150412,0.24032774572942806,-0.3193791782248247,-0.16118913414312436,-0.32510800546472723,0.10259682975629043,-0.24845851622284573,-0.0519850627995235,-0.2475967469623401,0.49971029753605917,0.01701818252408931,-0.49971029753605917,-0.01701818252408931,0.6146553763434317,0.4093902307778608,-0.6946722991645415,0.38048950601160353,0.6429389976845147,0.7414297643549013,-0.7274732909816488,0.7300450008370606,0.7058157125915708,0.8596216080116514,-0.7677441309523747,0.8441948781571158,0.6130289920260945,0.8551040707065567,-0.6922295375163336,0.8410110442707223,0.5765640789291896,0.8274435755988596,-0.6647067299465913,0.8152050128513862,0.6429039607902882,0.7453926494143908,0.5482179928221376,0.7730237405246926,0.5119233094840485,0.8240927579588366,0.5021211189852376,0.8730128074570229,0.4775593713626349,0.9068633082900867,0.6045569648297997,0.8603132209819665,0.6031535425666289,0.9241293355606427,0.5797457120513437,0.9491645179745771,0.5555180536019684,0.9620942294187226,0.6671905449254076,0.8588584969003012,0.6569634878456018,0.9229219145728605,0.6169483464211224,0.9439654269614343,0.5781533029041654,0.9494523676332897,0.7079694198624131,0.8525067691892602,0.7013761134034882,0.9099747154881589,0.661446971628473,0.9316216288548617,0.621468459684321,0.9399935659448451,0.7321245271671786,0.8444968107830018,0.7311838396434094,0.89114594313498,0.7053890764704633,0.9125497318705874,0.6746833086234826,0.9237382623952843,-0.7357272223590865,0.7200584747743098,-0.6382849302348048,0.7500276479511859,-0.6049286567304161,0.7996632978912466,-0.6039017926031713,0.8466829206104064,-0.6000734810469283,0.8833456816575148,-0.7008622389548376,0.8363947714375316,-0.7009709771947467,0.8947191478500405,-0.6804383839311482,0.9217712897274157,-0.6543635910354096,0.938276836770599,-0.7590828514410549,0.8353128590912634,-0.7482924612664558,0.8935709991306922,-0.7113569389766492,0.920248162662336,-0.6740165459091179,0.9342554532320809,-0.7946929881866495,0.8308016668592909,-0.7802897279644961,0.8864645172338764,-0.7444789253701518,0.9120175195177314,-0.7085553145936397,0.925069334930008,-0.8120791621763309,0.8267654265641939,-0.8023310311279549,0.8740973506872687,-0.7723619228297798,0.8980000149278387,-0.738795427960034,0.9111734700346035
0.042851280316131814,-0.3258805694162778,0.1139775840067895,-0.376722667915714,0.1514798558846695,-0.3760607834441617,0.17890790169970913,-0.3746211568284039,-0.0053160190757824315,-0.37757383341380857,-0.04875726063146425,-0.3773645541299324,-0.09210174518301331,-0.37651508269909134,0.24088757298323482,-0.34066308290765135,-0.1597714181675274,-0.34692786756719485,0.10207434985851474,-0.2651559023406882,-0.05183632675749551,-0.26418474729859037,0.4996150944876052,0.019615232859729697,-0.49961509448760505,-0.019615232859729697,0.6120440799899497,0.4372766060671227,-0.6988038037578612,0.40621435418199914,0.6408235399029318,0.7945013449507328,-0.7382834031872917,0.7731997301182248,0.7042920662208,0.9204411142476362,-0.7845918006478877,0.8948294617725439,0.6114387738324683,0.9154486567328901,-0.7132781739821358,0.8922829068221281,0.5751757699088009,0.885722156217786,-0.6839963559489762,0.8656095286849466,0.6436438208424069,0.7945740658864923,0.546948903928014,0.8238701906817831,0.5093557123058485,0.8775630325004201,0.4992204603446065,0.9319587882731146,0.47655384969820613,0.9711127317351725,0.6048704414111482,0.9157894534818359,0.6011917295008208,0.9878226805738818,0.5748260649779589,1.0148246251208133,0.5490782655655829,1.028185444318088,0.6705665014640145,0.914848874287728,0.6547519494448374,0.9870315098477889,0.612957876486019,1.0099210854775187,0.5750814893179365,1.0152315318113587,0.7118958931616689,0.9080603749345754,0.7002772696526074,0.9713024672675633,0.6603436906050659,0.9955010197409647,0.6212803939347332,1.005459656068671,0.7351044845405422,0.8990603327600628,0.7303329668321669,0.9507948328336664,0.7040168305746748,0.97496413165791,0.6735387280461771,0.9878069794627519,-0.7495217203729795,0.7590219573176333,-0.651673325535461,0.7919407416377271,-0.6204015325544157,0.8499094092041708,-0.6167598783997842,0.9022856715358523,-0.614015658724984,0.9428527149996011,-0.7213053791485836,0.8826938250679633,-0.7196382223589103,0.9502978513476915,-0.6968761813583424,0.9817703154204405,-0.6703878459353598,1.0005901630453002,-0.7824220204080439,0.8800641368659862,-0.774988977539369,0.9479727647016344,-0.7348756816432007,0.9790735256277397,-0.6949764186080939,0.9954347445245112,-0.8177752962288687,0.8747844316549899,-0.8062151337616096,0.9379523155785324,-0.767976924926336,0.9672410030053933,-0.7307295467284475,0.982317540462031,-0.8321730745284823,0.871313659721012,-0.823534725944706,0.9248868425453538,-0.7923705684975084,0.9523907268238802,-0.7571534069631187,0.9669997017185549
0.04350685939659763,-0.3051286580578196,0.11484244342850201,-0.3528002468047244,0.15218635299077712,-0.3521419647121579,0.17982665724549995,-0.35072236001830037,-0.003923342847052888,-0.35364691374319296,-0.04756210536856298,-0.3533879378234821,-0.09044399730628894,-0.35252570444964815,0.24154970139121615,-0.31883052875725787,-0.1577981267047453,-0.3248392115307763,0.10299490297713634,-0.2482456505446804,-0.05074461152411439,-0.2474285288554253,0.4996193611810943,0.0195062536894049,-0.499619361181094,-0.0195062536894049,0.6111741480112834,0.4110088408399122,-0.7031420737647682,0.3806126264931806,0.6422976160481223,0.7446116457015974,-0.7502255541609313,0.7178706782025072,0.7051226580943856,0.8613207237963122,-0.802871820743812,0.8329255321210784,0.611405709306463,0.8564626019531718,-0.7289179286776248,0.8309702019712999,0.5755580010737894,0.8291443597813768,-0.6965332754229333,0.806413337010393,0.6421062723612103,0.7428331998223391,0.545029824507343,0.7709342555696237,0.5084695382110037,0.8221410127659905,0.49910007567522546,0.8738448116647209,0.4744459731268889,0.9104000681594083,0.6077317333476769,0.8604781227178271,0.6013342989118472,0.928148902274041,0.574071898438775,0.9524740519383645,0.5483271368750414,0.963040641198337,0.6738423945363275,0.8597115725822715,0.6539511552613692,0.9282303743636151,0.6107905747870579,0.9470580166605361,0.5736771634994792,0.9518583645694347,0.7141542572867001,0.8539371220662787,0.6972192779745282,0.9138881888004898,0.654629716669584,0.9332706467340162,0.6167348081570353,0.9405630183105153,0.7355184886107182,0.846237235152005,0.7274797505493787,0.8951833741975466,0.6984208454603019,0.9157781554107242,0.6687443254706931,0.9261427682357067,-0.7557317345069374,0.7071056749753399,-0.6614466898559754,0.7385745019081945,-0.6304243859350873,0.7914546896288173,-0.6294329421647559,0.8415134028557482,-0.6253256967741712,0.880487574983285,-0.7303466282065659,0.82746302987201,-0.730446906472114,0.88881182310112,-0.707998305670556,0.9173984586978624,-0.6808541662262,0.9360516949627293,-0.7883450257504806,0.8244843421256229,-0.7783082521065976,0.88730350521467,-0.7410860583896081,0.9167471466509819,-0.7036556898280618,0.933335545603848,-0.8218633903501242,0.8181699454038215,-0.8119153789165587,0.8772071617036462,-0.7782287027404647,0.9052425441315783,-0.7421119617405918,0.9209095030447556,-0.8362037138337569,0.8125801236535555,-0.8340143345643014,0.8619235553031989,-0.8081612334963584,0.887939018491329,-0.7755560034914767,0.9032264971393796
0.04326588737476883,-0.2842778538582565,0.11452652485539512,-0.3285767052173461,0.15198745422941495,-0.3279074094831591,0.17976474949757207,-0.3264952052221206,-0.0034362297686709887,-0.3294824202831921,-0.04707119186797758,-0.32927665792055066,-0.08985389060337853,-0.32841047231122616,0.2417955485336407,-0.2965957518754691,-0.1568165919584762,-0.30262633835144775,0.1028370749132583,-0.23131804808148118,-0.05067389317906781,-0.23059699617018808,0.4996493720820384,0.018721778174758064,-0.49964937208203813,-0.018721778174758064,0.6096924259503804,0.38476490623380516,-0.7065519089917364,0.3541233739018167,0.6412096784271853,0.6953355833353974,-0.756928902059065,0.6667252014354009,0.7041212914725172,0.8030193050872857,-0.8096774606896872,0.7745117863350988,0.6106360159127898,0.798292361135001,-0.7342619063101218,0.7726153822986946,0.57478349867165,0.7733081576644468,-0.7019697964116387,0.7495001719275406,0.6439954056813653,0.6893999613293285,0.5447538944178582,0.7176369774137134,0.507379503645916,0.7650991591041248,0.49648964910699384,0.8136384463507016,0.4705066111663426,0.8484265321109387,0.6073228997188983,0.8012598114678118,0.5966814889945478,0.8647413775475942,0.5684218474197276,0.8872806697054865,0.5422045523205833,0.8970347795042937,0.6731672492420216,0.7997702434437819,0.6521023702973234,0.8653210467311827,0.608375726933111,0.8825524273403963,0.571389518538112,0.8863123422887998,0.7136930283285623,0.7929079874988902,0.698927734015444,0.8502255551869341,0.6555268517414299,0.868495521772418,0.61749898812388,0.8747297787237404,0.7359761863639864,0.7840771934728473,0.7303093265935,0.8310184230920944,0.6993426937057348,0.8503111061640043,0.6681221196741678,0.8590833273457125,-0.7663875003328856,0.6556409398514551,-0.6680467530637514,0.6843909732620822,-0.6318044574468596,0.73194548652977,-0.6297950062799654,0.7797702139290809,-0.6266325346403057,0.817349021612498,-0.7395371257062461,0.7662080036399789,-0.7339203625650361,0.8245341495416781,-0.7125318505285513,0.8515357979757223,-0.6900366019847561,0.8695328093358828,-0.8020517783811862,0.7644496641652209,-0.7870829942199443,0.8250118211859941,-0.7496184295153044,0.8527990093673355,-0.715074099297787,0.8681147982842422,-0.8362766428371399,0.7591136203390908,-0.8214538039003039,0.8150994492930116,-0.7862755961558867,0.841928985896289,-0.7520640316900065,0.856382628710377,-0.8487577968550477,0.7546133215554018,-0.8411921418350781,0.8010679349087843,-0.8133329186280689,0.8254480878886253,-0.7817442008712691,0.8396201193920202
0.04491124956090426,-0.34092207381357337,0.115894949921488,-0.3940469450602461,0.1530420193606463,-0.39318084492829686,0.18084626413752863,-0.3913977687919971,-0.0014311673052141045,-0.3950818821995015,-0.04529518669034395,-0.39480066008748566,-0.08765022325787586,-0.39373883697318046,0.24276897734082653,-0.355407995110169,-0.15529654214427469,-0.36287935687126915,0.10442380895580577,-0.277456778757683,-0.048534368178513296,-0.27679284213909033,0.4994541689453436,0.023356650511492487,-0.49945416894534395,-0.023356650511492487,0.6077313524426463,0.4629736375045441,-0.7085591629935881,0.4235952800155578,0.6380248073343566,0.8335253093491424,-0.7573069477482071,0.7994254208781285,0.6994177014795314,0.9622342640678332,-0.8077838676356427,0.9280996226644399,0.6071458749086951,0.9563679345021485,-0.7341487676526426,0.9257160210436279,0.5716733456642802,0.9265872649553697,-0.7024926550127492,0.8976553622993906,0.6415743645905999,0.8234597535710204,0.542894368535234,0.8574718087601997,0.5046543367968499,0.9143262229317036,0.4930841095636901,0.973007500205304,0.4655767690766557,1.014767038712847,0.6060796783096288,0.956946977141645,0.5935492537402858,1.033081834076821,0.5644340214244684,1.0611891758645533,0.5378134941685444,1.0744015145745465,0.6724096919683195,0.9566144901318655,0.6500169045435394,1.037382206883497,0.6045770767185591,1.0573763815121562,0.5677513729376067,1.0613086498758677,0.712483617308356,0.9492231811453509,0.6985255705596477,1.0204314208903764,0.6533679347522425,1.0405035734916879,0.6156243978890015,1.0459909059042594,0.7334900832699108,0.9389176399436334,0.7272979892058735,0.9971517974006503,0.6949366624064811,1.0193639352957955,0.6643170559366693,1.028105248740115,-0.764014059969948,0.7803330934897243,-0.6670132127729287,0.8150936334762701,-0.6321859850611654,0.8718347980422589,-0.6290015757673623,0.9293967196729508,-0.6260971427874782,0.9752662679098076,-0.7449469551040513,0.9139833619122586,-0.7337727184282172,0.9852379389004567,-0.7096440601315076,1.0181256243420558,-0.6862523448706447,1.0398574455896878,-0.8068002724688563,0.9124443775783802,-0.7840241683116606,0.9849721913528585,-0.744259821086382,1.0171781314592725,-0.7102917546241074,1.0337087700609402,-0.83946851853862,0.9065419118790273,-0.8195748675810448,0.9734859149510451,-0.7825837836792395,1.0045918642325928,-0.7478711521605429,1.0211918357988583,-0.8507099353492914,0.9014723062556538,-0.841724902513319,0.9567306790401192,-0.812491972019317,0.9858731740923081,-0.7801294044258776,1.0028768675347228
0.0464383458759931,-0.3005192038721894,0.11771812623772676,-0.34727647909238574,0.1545950307753342,-0.34644696210453313,0.18238570907243964,-0.3447846509117682,0.0003554353402021532,-0.3482700093619233,-0.043743390053899524,-0.3479782608292607,-0.08608402605672548,-0.3470309545631348,0.24355714259478686,-0.31306751556504075,-0.15447782406429938,-0.3199590457554668,0.10567271890225975,-0.24459364717728538,-0.04729774345592361,-0.24414337279615406,0.4995525701302373,0.021147805471827312,-0.49955257013023757,-0.021147805471827312,0.607538546693445,0.4073298812098445,-0.7109236496754758,0.3733048991239435,0.6380408612529734,0.733269543241844,-0.7572358275400443,0.7022253043932561,0.6980577953627609,0.8471014675940087,-0.8064234293949473,0.8156446042533009,0.6061018994072347,0.841713417890478,-0.7341174470499932,0.8134164015101127,0.570987620548225,0.8153328875608792,-0.7031452409373663,0.7884191616371039,0.6406884375264734,0.7239550826434041,0.5429589797991917,0.7555652892567655,0.502556291549911,0.8063411185212934,0.49133887288013756,0.8584842332288639,0.46394817024794266,0.89612985423657,0.6050945072822577,0.842518393857558,0.5949150023942336,0.9092847559428648,0.5654623134149834,0.9344094262094506,0.5380939696708894,0.9480813660676741,0.671032642805862,0.841959285384305,0.6519812730807133,0.9118399182485197,0.6063709158704135,0.9312538472527204,0.5672474754331743,0.9360667834694508,0.7109061707034284,0.8351545633387856,0.6998674456869669,0.8966526846791159,0.6551326341424479,0.9158605300803073,0.6151945139014797,0.922760367634908,0.7319916668912534,0.8264315260980943,0.7267202928442971,0.876846709057356,0.6951504301037114,0.8969211116206095,0.663263816448367,0.906410255509766,-0.7623049068851379,0.6840108368329018,-0.6656028933015268,0.7147276588329217,-0.6288917284582525,0.7622774870811113,-0.628315987089662,0.8124644842757982,-0.6256103841779963,0.853609868245852,-0.744517612869391,0.7999820979958918,-0.7330982544007406,0.866163133871468,-0.7078213539515172,0.895474715682033,-0.6862207160799141,0.9134538333288915,-0.8085689953951407,0.7987559615294665,-0.783014117182349,0.865499916595807,-0.7384506350541884,0.8917950868531536,-0.7038573537782212,0.9035003916181623,-0.8417533118177842,0.7934157744378773,-0.8199562351435831,0.854544713465716,-0.77912402555583,0.8792759652564385,-0.7441208313313518,0.8907632969798028,-0.8529465970845286,0.7883519405802051,-0.8440558336634142,0.8372964914375186,-0.8118774897538048,0.8614876883425442,-0.7786712580717928,0.8746227743177805
0.046739837852666985,-0.2685625418929769,0.1185916024263799,-0.31002526156693133,0.15559273900233578,-0.3092173997126017,0.18345314916126654,-0.30761848160308947,0.0007277224472281883,-0.31111881860675983,-0.043372257854798646,-0.3109152424645573,-0.08585012707262613,-0.3101497525366774,0.24464111748388973,-0.2791005729459223,-0.15408324740417695,-0.2860464327475259,0.10593775152204073,-0.218425951399246,-0.047153397194628306,-0.21822571592381107,0.4996254783555292,0.019348937387064415,-0.49962547835552934,-0.019348937387064415,0.6072614855788089,0.3639216020653642,-0.7102691780377172,0.3332621896564482,0.6378879510103258,0.6535525020776046,-0.7551818113213621,0.626797715528106,0.6978480208232113,0.755684320971538,-0.8011547894586024,0.7280199185850449,0.6055302161275251,0.7504771077802651,-0.7293527230032368,0.725737629590949,0.5699967714823323,0.7268720927544619,-0.699322812485167,0.7028145196469641,0.6396868454012178,0.6469014390740196,0.5410406953071235,0.6744781660020825,0.49954915624521024,0.7202312562817978,0.4878583838771295,0.7672792980836143,0.46211653350603177,0.8010001247890676,0.6031521611646072,0.7522449340921573,0.5932737726766844,0.813379272292173,0.5648691681218508,0.8363477880334477,0.5381967204846998,0.848134478511858,0.6703974426473658,0.751404585957935,0.6523114099143882,0.8148019872739148,0.607632624026895,0.8331971983872786,0.5688643643571334,0.8378450885140407,0.7106085451887172,0.7456415948995374,0.6997850049857969,0.8011094804930504,0.6554092001269426,0.8194114256444137,0.6155259276734034,0.8261479824464991,0.7309668468898449,0.7384575251043451,0.7261800306266019,0.7838187347191643,0.6961719517819489,0.8026894113434858,0.6645573812617198,0.8119845098282821,-0.7550703455416403,0.6080737555340657,-0.6601255515581003,0.6352655558382589,-0.6228422006672436,0.6782809356135259,-0.6186719960580666,0.7234347511812654,-0.6162447754566409,0.7593972334646214,-0.7375306371239232,0.7093995874376716,-0.7175227959037839,0.7690232624900241,-0.6890021107439533,0.7956039253063729,-0.6672307850422443,0.8116687145534388,-0.8007382127308843,0.7099683189106298,-0.7713128443238534,0.771203967943637,-0.7236093954550883,0.794838435378493,-0.6871575118335098,0.8049339303500465,-0.8341308221816276,0.706476299485442,-0.8079694664436946,0.7629071152304847,-0.7642603263438132,0.7856209221749515,-0.7279663229946273,0.796442909903139,-0.844553582558733,0.7023592344903572,-0.8299008023371539,0.7480266946178266,-0.7955948124684995,0.7708958084785482,-0.7617102803927579,0.7840115389154633
0.047380117873000824,-0.3064762204148027,0.11935703047467126,-0.35371739867902524,0.15645998105739548,-0.35278564076796165,0.18434967241253455,-0.35093104893419225,0.001620356473859723,-0.3551096967403585,-0.042301971447639725,-0.3549461422463086,-0.08457323617274962,-0.35416320840309745,0.24491752888245563,-0.31843646916077356,-0.1526464901119607,-0.32669860154354446,0.10657486910885725,-0.24912237074971325,-0.046279468240576306,-0.24919843898235214,0.4994906357933348,0.022563349812698696,-0.49949063579333464,-0.022563349812698696,0.606879321796994,0.4157861538087563,-0.7097781702297785,0.38042237538548906,0.6375675847945191,0.7459422357848935,-0.7538830522791524,0.7155836847182555,0.696963793429634,0.8634010955084336,-0.7980505014943752,0.8311977339227763,0.6043187716280931,0.8575240451494491,-0.7259571518407986,0.8280862626282988,0.5687726341280968,0.8303781298915974,-0.6961833456899514,0.8016662690085604,0.6392745590752844,0.7395361371030065,0.5400126823072622,0.7695893240964077,0.4975174182536376,0.821478458427898,0.48599760492617267,0.8753045268962141,0.46038074352478237,0.9141710292039663,0.6032218494012938,0.8590214046632386,0.5920673218250834,0.9292457888561698,0.56130131579595,0.9556773174128246,0.532801572386845,0.9687256692283361,0.6695712669866737,0.8592787584584984,0.6501580510139021,0.9314354004624784,0.6037188368179667,0.9518188810142372,0.5634374742101137,0.9567179557757289,0.7084300031143007,0.8539784549453417,0.6960152574458125,0.917164657088864,0.649885595412262,0.9376048770600501,0.6083317675222203,0.9449691548936406,0.7272842857388211,0.8469560165260486,0.7208956899929977,0.8987563006677763,0.6888992851165872,0.9197123193721635,0.6557365572705489,0.9295098453850433,-0.7478498025362499,0.6905904380930742,-0.6547006934977978,0.7201766160188808,-0.6195712266980298,0.7703517210755815,-0.6151579784379748,0.8221423408107035,-0.606987771551132,0.8620304644232003,-0.7245165095667181,0.8042226604333104,-0.7021376099327041,0.8729682345380341,-0.6727248296409687,0.9038997913898783,-0.6501175820385443,0.9222934953235314,-0.7859332382938671,0.8073476930725412,-0.753497088301454,0.878698915900199,-0.7044463827264086,0.9051502409026431,-0.6680496867618778,0.9161991516934432,-0.8200335861501102,0.8059772178648338,-0.7921125668381703,0.8721413042631379,-0.7458762300055408,0.8955059424977223,-0.7092668944248763,0.9052716694953187,-0.8320403583981615,0.8028680847332447,-0.8184962088252846,0.8563694603151124,-0.7822993728004587,0.8814573245985146,-0.7472535951317484,0.8943959386357928
0.048149213777913896,-0.3212791072811265,0.12024057135031026,-0.37081252587642943,0.15737587951964663,-0.36981047670021855,0.18530328217892725,-0.3678231521265191,0.002003129691102501,-0.37235125414844467,-0.04192498008782606,-0.372148168690938,-0.08431761017534982,-0.371303097536575,0.24527791838821228,-0.333627185855066,-0.15236807749116843,-0.3425150793485177,0.1070634348544929,-0.26107048770202257,-0.045688912146538606,-0.2612223517669429,0.4994106405635528,0.024269571316810967,-0.49941064056355305,-0.024269571316810967,0.6068357904610099,0.4365815712786809,-0.7096439344277143,0.39461259503563634,0.6374384725641163,0.7824485425557888,-0.7526005149848263,0.7394395920319586,0.6962498665829434,0.9058891530495613,-0.7908707390653263,0.8686042340589047,0.6034083994635063,0.899673363418235,-0.7189636355040138,0.8660135443910658,0.5680971616053446,0.8709145970638034,-0.6907216246706271,0.8334139918257706,0.6343771032695947,0.7760880893108961,0.5365219735121698,0.8070822685174963,0.4946003233161107,0.8613938002609987,0.4824990526507962,0.9174831889024482,0.456947150379236,0.958472903761351,0.6040743778168218,0.9018811199913394,0.5888659185462778,0.9749828841295484,0.5558674903135107,1.0028949428634002,0.526324690560428,1.0180998414236881,0.6697236823790391,0.9023733690293572,0.647993607884373,0.9780759689259493,0.5983821276353624,0.9991248519931032,0.5573701150728184,1.004032450530708,0.7074917587811393,0.8962016003392632,0.6940903207759251,0.9634047219989645,0.6454810047529836,0.9838335480165675,0.6035391088149837,0.9907723284224824,0.7251467561304239,0.8880937284680561,0.7169491841809044,0.9435756608498241,0.6826248374452425,0.9646526911359072,0.6489510183650995,0.9737093861196233,-0.7265086374643976,0.722326082923,-0.6400263756479873,0.756136620488738,-0.6037507123371108,0.8056600157284629,-0.5976762793779616,0.8576466199177369,-0.5939571898617058,0.8993151409633744,-0.7126505159030364,0.8393175437029287,-0.6904768110279483,0.9097983435482876,-0.6617381579372157,0.9445781600542447,-0.6388624230806192,0.967248126555775,-0.776542969569207,0.8431206911908053,-0.7423363678064113,0.9163098426249923,-0.6953230023093557,0.9468546482084552,-0.6587384138396544,0.9615186946840859,-0.8115700566632872,0.8416694729497344,-0.7813333962631633,0.9097415581705641,-0.7367840618762618,0.9365974416080841,-0.6995320742994245,0.948945561093679,-0.8223267614318144,0.8385806429654972,-0.8056356567525621,0.8945852626569156,-0.769439644452742,0.9222511968717587,-0.7332293358176042,0.9370957455711041
0.048554683832823665,-0.2887050984892046,0.12016550673299511,-0.3329923678902084,0.15736302185316595,-0.3320392615656133,0.18544215123241375,-0.3302004135301058,0.002248741812497001,-0.33446056346615116,-0.04170122302064424,-0.33429851332832355,-0.08403874483172856,-0.3336019220392367,0.24566077164080513,-0.2994316630015619,-0.15233905344083323,-0.3077599443077947,0.10740094041622178,-0.23452843169359272,-0.0452595523940135,-0.23474942586839276,0.4995132233218674,0.022057645536147516,-0.4995132233218672,-0.022057645536147516,0.6059339292682999,0.3924902876006019,-0.707918771916985,0.3539530218761381,0.6361650574354503,0.7029927659405573,-0.7422563213725788,0.6635173964910521,0.6957530698195542,0.8143291164097308,-0.7754079685128991,0.7788725315446259,0.6018735676184042,0.8089283276546676,-0.7057268488477931,0.7766150815647052,0.5665387113945635,0.7828154206254009,-0.6790961083726087,0.7462243744822709,0.6295726605205224,0.697897765464635,0.5333734597664098,0.7268230715730043,0.4915646456981925,0.7728467815591299,0.4788009685636308,0.8232852270904288,0.45513022675180004,0.8621451957896089,0.5972530211753597,0.8081256885785386,0.5841221117875115,0.873979746404308,0.5505457023048309,0.9003148978250043,0.5196809428938748,0.9148705081626988,0.6639592928341824,0.808636953637843,0.6447245032383203,0.8767959696754536,0.596242021001058,0.896841943112606,0.5545640945543512,0.9009014700506965,0.7027733412145826,0.8034366407964255,0.6932039622560642,0.8623878849000383,0.6469266519029429,0.8820312885824968,0.6050899175132891,0.8889997019066239,0.7215896816617844,0.7967388626015043,0.7173408133830831,0.8452199101439588,0.6861378090589305,0.8655722601974896,0.6532096134083218,0.8753173311135469,-0.7162359155672632,0.6500060847497504,-0.6272425585356871,0.6800002525341742,-0.5896474011306019,0.7243929446139054,-0.5850288998066434,0.7709048274227672,-0.5806622148849386,0.8090695285916447,-0.6996407522840064,0.7512864280728984,-0.6762882487856167,0.8182730350806713,-0.6439630965107438,0.8504806746365197,-0.6178817817239508,0.8693521798635037,-0.7630999972616525,0.7535003410972512,-0.7312233484941831,0.8217146608351777,-0.6821907292227603,0.8500522180433799,-0.6414730306460873,0.8621832906257308,-0.7979788808475144,0.7518085773710949,-0.770406318574071,0.8159527801006576,-0.7235644664349655,0.8406710337086573,-0.6827073440875531,0.8511755009138943,-0.8095499868002175,0.7496698244288205,-0.7919876600256783,0.8024189644600253,-0.7541169450532965,0.82746698108959,-0.715394304604223,0.8405941086148666
0.04908687341414533,-0.31190776496147044,0.12024889834801118,-0.35973564606222913,0.15755944256042304,-0.3586510270694682,0.18569111663193114,-0.35661717285408745,0.0023717943966497846,-0.3612968683478802,-0.04165953153492074,-0.3611168464558153,-0.08420845257306499,-0.36036133432816403,0.24572806954210213,-0.3232796045170017,-0.15263427119006587,-0.33250829794297554,0.10802506917094022,-0.2534117698572189,-0.04492499006142377,-0.2537136728846793,0.4994168296902534,0.024141876938975574,-0.4994168296902531,-0.024141876938975574,0.605398716386732,0.4240747474981384,-0.7056680989204238,0.38127139535439764,0.6351951794212171,0.758607924375752,-0.7320249123932299,0.7139767920510282,0.6946662786312299,0.8791829578549105,-0.7561844787234483,0.8386941161611022,0.6006627862994782,0.8732429105485053,-0.6855672015207543,0.8361734125358773,0.5653858957063318,0.8447750674324417,-0.6606981362246626,0.8024308048700532,0.6296342463943557,0.7523978243744336,0.5310187881476229,0.7820802691995009,0.4884000482078539,0.831790775006489,0.47411353357232155,0.885217364750009,0.4507851149574913,0.9257104955160307,0.5941917140192936,0.8719279127788044,0.5813450361203297,0.942424056804208,0.548448043903486,0.9707312979940615,0.5173492446223666,0.9862486846983,0.6611872247549222,0.8729976391597135,0.6403840418218175,0.9461763595727636,0.5907321162000074,0.9677375255891593,0.54781219319226,0.9722013377815478,0.6999427708777471,0.8677740257674603,0.6890358829216298,0.9310796196544842,0.6425012287698124,0.9524476185667536,0.600163723640415,0.9597252209856113,0.7176582485083836,0.8602857822465704,0.7134498785910598,0.9121800612282477,0.6818128325734352,0.934053535243584,0.6477383588294445,0.9439039455723324,-0.7105829399430913,0.6972219285859818,-0.6177470440644042,0.7291918785914903,-0.5771616015250148,0.7789791111347389,-0.5684703950388272,0.8301185134068707,-0.5602623104165614,0.8700038667548112,-0.685301818450803,0.8051870897579585,-0.6654705787477151,0.8775834516283924,-0.6342062267394013,0.9108561676050674,-0.607868916250595,0.9292772561977283,-0.7507146486766408,0.8083621151775054,-0.7218722288731588,0.8828893516653309,-0.6740453907129541,0.9118432896322383,-0.6351726485766874,0.9225450013680688,-0.7867416471886465,0.8076601370252576,-0.7601535586042082,0.8762371595169869,-0.7144146083886381,0.9031185224776987,-0.6754043657624369,0.9140929874353916,-0.7995429071796656,0.8062744489913001,-0.7809867529784449,0.8620012522773748,-0.7448970599425312,0.8893742699973551,-0.7083701972789694,0.9039221675268552
0.05006802937462959,-0.29960142113539956,0.12106819024461332,-0.34548706216208735,0.15829283593770507,-0.3444252962618288,0.18636467830099596,-0.34247736905584863,0.003562544176023676,-0.34708110560945094,-0.04056892207096499,-0.3469657552458941,-0.08293124221872812,-0.3463525146579223,0.24624637739427158,-0.31049708253786584,-0.15146599341278785,-0.319717775660238,0.10880685402481077,-0.2432525201850043,-0.04348664896094909,-0.24396869349222824,0.49945021917795845,0.023440959090645006,-0.49945021917795845,-0.023440959090645006,0.6052646288230589,0.4078275720098538,-0.7050172923386382,0.3658099316637474,0.6347928381042385,0.7293342144045625,-0.7203747679746089,0.6828263538778672,0.6944637589806725,0.8453105800668914,-0.7390440651361133,0.8034417986198964,0.6002667598861575,0.8394797127990279,-0.6639509372423944,0.7996185396669484,0.5649968949147379,0.812090898022888,-0.6387675767373091,0.7660956378530918,0.624534786561253,0.7247007901290378,0.5296717497003226,0.7535991319549965,0.4837442105260682,0.8011823222703448,0.4692286886555943,0.8528273431418372,0.44658839765167396,0.8914193948178373,0.5916107654498591,0.8386553340497394,0.5778707718916051,0.9073494366783939,0.5441564216287378,0.9337801442281173,0.5130290084147028,0.9482773809765901,0.6585159085774158,0.8393728828498709,0.6394012488130674,0.9102161167303784,0.588534509088833,0.9311882570925623,0.5443062132549195,0.9357625351730602,0.6970264440519329,0.834610315073577,0.6876580477744486,0.8959822104574385,0.6395464040317721,0.9168550096651845,0.5952193170539245,0.9241616279903581,0.7142148548329293,0.8280941466726379,0.7095042648362408,0.8785152845214564,0.6765094493491394,0.8991615858970843,0.6412827386319295,0.9085103526924085,-0.7014290695981262,0.6710784217865972,-0.6067316951428179,0.6983304514347034,-0.5620937905406431,0.7430226613233661,-0.5512586845901288,0.7922882322972551,-0.5445068270399844,0.8308989295437804,-0.6698893727653622,0.7735338449997591,-0.6464956655464205,0.8409866416955768,-0.6184113405476145,0.870627902524185,-0.5967926640989268,0.8872608212605253,-0.7345721609628111,0.7775849772777329,-0.7032008013861372,0.8492964528480269,-0.6569228568006361,0.8745615065748317,-0.6218971165152198,0.8836932511558456,-0.7705126109464409,0.7771866956647099,-0.7433560132514573,0.8433683840813596,-0.6992852661100815,0.8675367114631709,-0.6638713158601441,0.8768886877419463,-0.782452786786775,0.7753039515392955,-0.7662840290040017,0.8284714902269563,-0.7320181245747291,0.8539366017555443,-0.6988252809913482,0.8671038896949127
0.05038216982444255,-0.2860731878375553,0.12157291866120391,-0.3297810647322391,0.15895221096608503,-0.32873803215925645,0.18708346428317524,-0.3268570831220497,0.003778063139976943,-0.3314348087952904,-0.040356374437985884,-0.3313011802872704,-0.08284115022996466,-0.33070237122715107,0.24714426626409727,-0.29627988662431576,-0.15090550950047868,-0.3053070399988895,0.10894141155940418,-0.23222798214661325,-0.04337003532901552,-0.23295614798375852,0.49948678045999345,0.022648535178023385,-0.49948678045999373,-0.022648535178023385,0.6054193993635498,0.3891944535187082,-0.7067316611152744,0.3473716513501399,0.6360481913169904,0.6958896965591108,-0.7161485251396426,0.6434554764749836,0.6949238236760563,0.8077545749062899,-0.7293702945915497,0.7595192108156975,0.6008655896467707,0.802289387991398,-0.644997615438497,0.7537045451907597,0.5659116610419678,0.7758829343857847,-0.6194345571619544,0.7197567703860874,0.6252803696983389,0.6921543781442161,0.5298511691815458,0.7191203189784903,0.4820225896921054,0.7645196918152671,0.46604781091357744,0.8142033552654604,0.4440085509798601,0.851860599035935,0.5856975980271668,0.8024560220106886,0.5724992318342985,0.867837018995892,0.537623552294068,0.8926056106152269,0.505229868767773,0.9061459025508316,0.6521780390180041,0.8025855613403211,0.6344415843816043,0.8701653679613167,0.5831602202552008,0.8903114354977549,0.5385980925845751,0.8945555645377227,0.6918692517444167,0.7968621720186757,0.6853615378741494,0.8556138806273177,0.6369196500772278,0.8757481187548491,0.5917783364081011,0.8824632798775482,0.7115144118737187,0.7890550542244293,0.7079556872931678,0.8378567695216903,0.6742408808615928,0.8576635812940514,0.6382161191676422,0.8659602321581155,-0.6986108195542399,0.6389188251382245,-0.5976110181083079,0.6641810390057644,-0.5520251318428607,0.7088110621373506,-0.5388278375549868,0.7563328645993245,-0.5286764506333829,0.7922386256411822,-0.6606922697118891,0.7429245947088018,-0.6395087472651614,0.8049867853062944,-0.6074626289332167,0.8311522694712158,-0.5793738051888112,0.8454100661717413,-0.7240691884430213,0.7456640521442554,-0.6915711728306295,0.8104598584937908,-0.6424990048971524,0.8345641046672423,-0.602658797376554,0.8427582339874484,-0.759077069599196,0.7436691172594971,-0.7305704708833237,0.8037902625016953,-0.6858660478247259,0.8275976051157974,-0.6473100718125256,0.837226743965845,-0.771276420337524,0.7407501741012494,-0.7546253588331088,0.789146476569807,-0.7218733017371055,0.8135571190381504,-0.6881498307401611,0.8269633443394793
0.05153178230748579,-0.2957483891469135,0.12258680820217834,-0.3407896364783328,0.1596013894533258,-0.33965546261980106,0.18770501983915794,-0.33771081907333633,0.004760614937414022,-0.34260734536345716,-0.03984498851302961,-0.34251574380969446,-0.08244115633966222,-0.34199164234552965,0.24752650742203486,-0.30606297351076883,-0.15100806656596985,-0.31584132600668147,0.11055185905082134,-0.23993757283641462,-0.04208306614803193,-0.24089402305330196,0.4994407660474921,0.023641514543157455,-0.49944076604749194,-0.023641514543157455,0.6048771405710933,0.4028522966225584,-0.7084019282250861,0.35871349842703343,0.6353629807916222,0.7200798141288788,-0.6995691310307852,0.6634041491552554,0.6937492339487248,0.835805831220701,-0.7097624108578515,0.7823262442219279,0.6001476349128061,0.8300834549487605,-0.6195102292873721,0.7749819460492049,0.565047773839956,0.8027585300721205,-0.5918269994044988,0.7402392603676163,0.619592948636762,0.717438787153066,0.5221506293329681,0.7446772498370454,0.4742795810899505,0.7924724011414266,0.4591786446248508,0.8429493919950791,0.43677530845226475,0.8812730031034651,0.5830478265503327,0.8311163153726231,0.5684974571834435,0.9000739952767477,0.531655297433297,0.9255513198371469,0.4977330232888798,0.9392598097888674,0.6497321553931815,0.8319271251653348,0.6237478950045914,0.903077498367945,0.5695951895018596,0.9222609194703032,0.5250873452825129,0.9255479943681983,0.6892431779615162,0.826877854040103,0.6741366910638813,0.8903633236318207,0.6226349437582573,0.909359006896269,0.5775102853427042,0.9141934829589647,0.7091697679001029,0.8198621726625619,0.7014917292423579,0.8724283138042587,0.6650620919618948,0.89247121747212,0.6288152608626587,0.8998490726496867,-0.6895252652666317,0.6632572238908042,-0.5879697173621247,0.687301120176728,-0.534522991068578,0.7328523357292811,-0.520216572163904,0.7831639600815864,-0.5121606564782651,0.8211562335565599,-0.6465761078354063,0.7656845394999665,-0.6198014479492385,0.8327793521622232,-0.5853720254127299,0.8596811866940085,-0.5563933066716119,0.8743130989096508,-0.7098996497784298,0.7707183925418917,-0.6695293844444651,0.8405533916176977,-0.6165775418775702,0.8640900027312985,-0.5741225519881532,0.8711529964625158,-0.7451963721600546,0.7709950110953336,-0.7101865713312372,0.8363017795670632,-0.6613660410323461,0.8587683454676501,-0.6193591142854566,0.8663756580026621,-0.7582597627462482,0.7696763114995809,-0.7348449050057464,0.8218296410186275,-0.6995922279919784,0.8458194228552988,-0.664041618083439,0.8582013530119339
0.052609110102411864,-0.2613247938792373,0.12341167381747212,-0.3011004768167094,0.16049944827644827,-0.3000562855059677,0.18854866244027435,-0.2983134585088083,0.005666337196836098,-0.3028239409273417,-0.039021144114015034,-0.3027892950716561,-0.08165650194470145,-0.30241982845619764,0.24836777497711357,-0.2702687419154894,-0.1504254120081935,-0.2793839461553768,0.11175075649908495,-0.21190833308416007,-0.040985760056752064,-0.21299051444515169,0.49955547138189205,0.021079160619331978,-0.49955547138189216,-0.021079160619331978,0.604906656420737,0.35649465195343943,-0.7097312720258612,0.3165259086637731,0.6353612519514742,0.6370495678354887,-0.6922907329066014,0.5856420739226935,0.6935514331973472,0.7395263907067422,-0.7020137527721629,0.6902209237292525,0.599941858902796,0.7344400045422992,-0.6099105454205618,0.682993584204776,0.5648025617013759,0.7102927795038865,-0.5812252877418682,0.6524597501553395,0.6228030237370066,0.6334853252689101,0.5246052212454113,0.6573218077484126,0.4747531813578195,0.7005730786545651,0.459379649172836,0.7457934113201484,0.43647688239460275,0.7800918720744534,0.5832607345806785,0.7345743073959995,0.5679049549493946,0.7968240813894439,0.5301619498720577,0.8196170413971176,0.4957366998305476,0.83165453661503,0.650157736481864,0.735599236146051,0.6219274104065589,0.7998730504575627,0.5668281460103533,0.8171458153819187,0.5222070126274698,0.8199285865627232,0.6895675091009811,0.7313652182921443,0.6719725765601534,0.788991442648838,0.619030337097791,0.8061863547237381,0.5730994597530827,0.8105819640589895,0.7100593356318521,0.7252048106014464,0.700513841303285,0.7730453865920116,0.6624948647093477,0.7908802437387269,0.6250409214154804,0.7971011144671465,-0.6929620125507815,0.5880243443624833,-0.5883674628688531,0.6099886129571355,-0.5323227404991097,0.6494353943592135,-0.5172737752049946,0.6930212184895737,-0.5118745780775902,0.7274929085223069,-0.6467394733011024,0.6782956596809163,-0.6200681442143108,0.7386460649296488,-0.5850900545459792,0.7628381021752224,-0.5567879113216173,0.7757227487601509,-0.7134159131714766,0.6826502023069188,-0.6719433476081029,0.7450615677817077,-0.6189655133789795,0.765219837543882,-0.579629530414886,0.771061610376498,-0.7500076920392141,0.6834663195483786,-0.7148480421625929,0.7421402131781607,-0.6653185070005407,0.7612183080960819,-0.6248822243445309,0.7673003278661937,-0.7616127515750015,0.683041205535371,-0.7379589083203029,0.7290658838775479,-0.7003127353540536,0.7499418177932103,-0.6629044286755044,0.7599986134546083
0.053224347171045044,-0.2955879508560798,0.12368370519093456,-0.3406006512418671,0.16070434418106536,-0.339418128722963,0.18883146474232376,-0.337440598743663,0.0057220678606571115,-0.3425281621909632,-0.03904476422036371,-0.3424787863706788,-0.08188481364336157,-0.34206947784666575,0.24833039854330113,-0.3057230473921662,-0.15064325244244892,-0.31603234030878097,0.11275983483254837,-0.23967197211103763,-0.04045549237684252,-0.24096051075901226,0.49942316695098893,0.024010420917688395,-0.49942316695098904,-0.024010420917688395,0.6034778522070084,0.40371759205001634,-0.7087611234664443,0.3578633839102473,0.6343456163797674,0.7205726356816057,-0.6860697769881198,0.662728691956936,0.6914762542269559,0.8366467517696143,-0.6953446023542444,0.7808996723822348,0.5979886808180118,0.8307484411368314,-0.6010903833950025,0.7726891355967909,0.5630804607579873,0.8034036956686553,-0.572282626367037,0.7385732814710644,0.6157257248959193,0.7192047930341551,0.5190549194661639,0.7503621842175974,0.4722104304596545,0.7973971744259003,0.45975398574303616,0.8473040590885098,0.43495237056169506,0.8844240818966765,0.581059047012312,0.8341020619849016,0.5669743428319669,0.901975086116587,0.5314805442611622,0.9268144911127675,0.4994891072484085,0.9404791453278226,0.6494986250525459,0.833788024200717,0.6276869006395275,0.9045391478706376,0.5755415642999668,0.924790423004004,0.5320383490053663,0.9285871776506729,0.690576205004297,0.8275796107150212,0.6784860156353025,0.8908840282967408,0.6284656412172052,0.9105580792812495,0.5840122047345182,0.9158151474602542,0.7106200843783441,0.8196545077902866,0.7030984108327442,0.8714292740588748,0.6674655642434679,0.8918453622751217,0.6318130072392022,0.8997495797954141,-0.6885219317984097,0.6680637020438226,-0.5826592639310769,0.6908054859851606,-0.5294030665212646,0.7357368013982032,-0.514139948302931,0.7861652157978247,-0.5047150550044996,0.8262865317617331,-0.6381335101767804,0.7716767988553882,-0.6143619433642339,0.8400863357316204,-0.5769406453930427,0.8673311944828992,-0.5454549597103616,0.8806928589900326,-0.7027041129401579,0.7762166501383685,-0.664349974783189,0.8472522996079358,-0.6093513766883013,0.8704328283860695,-0.5677665223289556,0.8770136982509837,-0.7389218212978511,0.7762629612525663,-0.7047994196463416,0.8429574734683747,-0.653238497111221,0.8652686851224813,-0.6110934190021953,0.8721896238553776,-0.7514262877528076,0.7750267874592075,-0.7282486315810138,0.8281012917955437,-0.6905134004547168,0.8522369494681298,-0.6533898193426634,0.8633101487537429
0.053664724436186036,-0.31160720859965824,0.12400009746666947,-0.3590579363698135,0.16096015066312835,-0.3578183525494204,0.18913448241024008,-0.35573726215314055,0.00577194179719415,-0.3610615652421624,-0.03904304489627001,-0.36100452611794953,-0.08206288937691612,-0.3605818382862829,0.24839244022183557,-0.3222990129396058,-0.15073724104419745,-0.3331639290271643,0.11337769036376864,-0.25264881757581475,-0.04014895993929895,-0.2540579631563678,0.4993513518416972,0.025460310561134455,-0.4993513518416974,-0.025460310561134455,0.6023355716929979,0.4261914299558363,-0.707748381695056,0.37712773148294093,0.633450713471143,0.7594251621070373,-0.6826288358411683,0.6988502503930026,0.6898094046924406,0.8820382185649133,-0.69195032442276,0.8232505859262133,0.5963966503333648,0.8756581332529618,-0.5976099157760528,0.8145578233961779,0.561706623853304,0.8467872420513951,-0.5687879002998875,0.7789156302880587,0.6158592151183006,0.7569475101912302,0.5182455593813979,0.7887801280019235,0.47225840301959404,0.840023598544737,0.45790084664814745,0.89276269076691,0.43342101606162037,0.9316282724805447,0.5790184202474014,0.8789518834075063,0.5658788745823476,0.9508004384159588,0.5304478706981335,0.9774301307984552,0.49841214776127546,0.9918671718992165,0.6464772681400583,0.8784512155144157,0.6242490204147759,0.953778279574863,0.5724778352633225,0.9750754919309504,0.5297367974086472,0.9793528678219204,0.6867344738117909,0.8721081458019534,0.6736826707586355,0.9390160755785891,0.6237888193686969,0.9600332776885409,0.5799458059352003,0.9661209078545284,0.706927451074142,0.8637402270674351,0.6993327012813986,0.9187197203586894,0.6639403757730415,0.9405590836072949,0.6287520070707094,0.9492398798874954,-0.6909739640321975,0.7043256872174387,-0.5834425280859042,0.7280423157401369,-0.5303481306270573,0.7761874848757085,-0.5157612795320681,0.8295563209391907,-0.5070949954748357,0.8718827016550647,-0.6378808200392347,0.8135435640601751,-0.612685797632459,0.8856429316651664,-0.5761603389647293,0.9147392670136217,-0.5467397935288287,0.9303502769981817,-0.7043141537720106,0.8187978645876631,-0.6647558448640316,0.8940173919495944,-0.6091828976856115,0.918024561018283,-0.5688591687887354,0.9253282812674879,-0.7417612679977826,0.8194807385782391,-0.7068423944605672,0.8896506680598575,-0.6552963855018935,0.9126395890425985,-0.6144466486000147,0.9206167698325092,-0.7546548657496888,0.8186751706393564,-0.7296120499145735,0.8734938375328302,-0.6903704202089254,0.8985415916871581,-0.6524828022581126,0.9110531834144916
0.05356272616284135,-0.2889996605869349,0.12358068882967993,-0.3329625646485276,0.16066785503659006,-0.33183063611076113,0.18889811460921863,-0.32993061981558375,0.005095501240626352,-0.33479357219201544,-0.03966336518339879,-0.3347424354119431,-0.08286565215668681,-0.3343590205674353,0.2482664094016081,-0.29895704992455413,-0.1513765458085563,-0.3089549194628963,0.11365478652981709,-0.23431734776021934,-0.04014324933478226,-0.23564853213061215,0.49943813235815354,0.023697087302022544,-0.49943813235815326,-0.023697087302022544,0.6015551519762731,0.3954138198370309,-0.7073004001829768,0.34990238158873205,0.6326695511109659,0.7044199870860345,-0.6826686450313465,0.6488583584549489,0.6884859869381161,0.8182096093062472,-0.6916476714384802,0.7641847482221695,0.5951372386352723,0.8122553936028302,-0.5970249023382138,0.7558631438146795,0.5605920259406899,0.7854712654725471,-0.568564907181173,0.7228330761212901,0.6210937784488466,0.7033895550661685,0.5215430646731247,0.7314953950518672,0.47318273931746785,0.778052954172963,0.45830991184959446,0.8277062495950525,0.43204735635888813,0.8654530377149126,0.5813108451154154,0.8168781289197614,0.5686504984589199,0.8831445875233876,0.5319576251256466,0.9078782121771951,0.4982296479784197,0.9210683932668846,0.6489089740427787,0.8174458877862086,0.6248349051558811,0.8864241498181579,0.5703155890274699,0.9052108111628278,0.5247679577949209,0.9084644720494572,0.6892500412940687,0.8119259276912787,0.6731878890002668,0.8739171738712006,0.6212758837406217,0.8924736827035332,0.5757291478143253,0.8970878335537663,0.7103710320374537,0.8043058814242892,0.7019820124507709,0.856163312675141,0.6645023439827292,0.8752416978795,0.6280084076987794,0.8814691364367914,-0.6905015003739261,0.6558702396587914,-0.5845388718090957,0.6803667554220754,-0.5322532552502485,0.7258608767289314,-0.5170177392194545,0.7744702713989217,-0.5066864422484227,0.8126825448250843,-0.6319499039451411,0.7624369212008254,-0.6144551721165845,0.8264020026891261,-0.5809596164725279,0.850564908315556,-0.5512208553949258,0.8629929959737186,-0.6990295610216347,0.7650387546505848,-0.6696797209801537,0.8308246311271635,-0.6209185670152164,0.8530850413236367,-0.5815693200305354,0.8600208463915685,-0.7373793776365596,0.7626562691257668,-0.7105930679880935,0.8237261652161073,-0.6666266371282277,0.8458936263593665,-0.6286706657338131,0.8541464070252253,-0.7522450426544124,0.7594723200290477,-0.7336848068546594,0.8080464887839665,-0.7001315934879365,0.8316089257656682,-0.6658211300927808,0.8440056357179688
0.05448473882361373,-0.30351900893705114,0.12399809021038909,-0.3497628650043123,0.16116538993830196,-0.3486138264548406,0.18928029839813262,-0.3466607912717508,0.005162388464030865,-0.3516090607836309,-0.03961882123371408,-0.35152752238089824,-0.0830927437095584,-0.3510623104263176,0.24796772222413538,-0.31426478325066437,-0.1517984371570093,-0.324355646399145,0.11470478867386832,-0.2461054410456867,-0.039440196829626385,-0.2474304983873301,0.49937638048893884,0.02496458711387925,-0.499376380488939,-0.02496458711387925,0.6012160954740066,0.41507493126906186,-0.7066645424705165,0.3677363308127759,0.6322305183088087,0.7399082263667696,-0.6819286421517405,0.6847189312717797,0.6877771595266634,0.8596650542750552,-0.6915203967882778,0.8054865555472109,0.5943637554835263,0.8534120148601526,-0.5978789692072572,0.7965196631361132,0.5599465198526158,0.8251645937128969,-0.5696436951043915,0.7627820413579571,0.6160186533053421,0.7428482726441392,0.5188500201818794,0.773998585296118,0.47366771099559674,0.8209179120209072,0.4591846366926148,0.8723721419794714,0.43107760345701235,0.910980614538219,0.579443069288766,0.8589476096065876,0.5690005219620172,0.9298347184150904,0.5347076790774404,0.955774812635066,0.5027935118745532,0.9687531768175919,0.6489614321818689,0.8594744611735295,0.6270292906707426,0.9326224145786792,0.575093797726309,0.9522475965824412,0.5315178553002344,0.9548804552834529,0.6912673157187585,0.8536997700240385,0.6774659852586324,0.9182638827327393,0.6273022387832015,0.9376384643452618,0.5825204921383499,0.9421774095208308,0.7132245147615205,0.8457136703352295,0.7055950333256001,0.8981235086095186,0.6700145912796934,0.9180742223870122,0.6345782300406914,0.925047193819179,-0.6902867608111487,0.6894890444261161,-0.5853365112382645,0.7171255105252509,-0.5355311769564063,0.7665862858827833,-0.5224686857147913,0.8164265373910699,-0.5113164732956498,0.8556290199342625,-0.6337327173303602,0.8029071748453224,-0.6160371779805155,0.8696505160182875,-0.5825070684606881,0.8960436186378113,-0.5522262943557015,0.9103012573981965,-0.7010934477672729,0.8047453256058775,-0.6741918607857096,0.8727256564271628,-0.6241186793889042,0.895982678592299,-0.584176079049985,0.9030072625119916,-0.7405489475894337,0.8020673837079307,-0.7153267521745591,0.8648261475683291,-0.6699676084078771,0.8877464448901499,-0.6320426763127265,0.8960857481080506,-0.7569713853498233,0.7989527566369122,-0.7399434502356975,0.8487916090115007,-0.7054778893652042,0.8729156276914894,-0.6706767365531633,0.8856455679129728
0.0551004748211714,-0.34018667858499824,0.12366869118028793,-0.39197466295941996,0.16087969865119084,-0.3907082284785135,0.18887216227869327,-0.38855968690059334,0.004834363010076557,-0.3939084461566488,-0.03987974033523022,-0.3937587291343099,-0.08350521807519835,-0.393120548898641,0.2471201578392282,-0.35230988277537395,-0.1524971563401538,-0.36315367904120927,0.11590278045289562,-0.2759471487051442,-0.038817396215190605,-0.27717701374761955,0.4992273616031258,0.027785633460152347,-0.49922736160312564,-0.027785633460152347,0.5999478464771503,0.46518798474990625,-0.7066487995415798,0.413007749613265,0.6303975395872887,0.8303327826435988,-0.6821148542294779,0.7695104926449505,0.6859136909616562,0.9647306930834761,-0.6931106164716089,0.9041645632940286,0.5929889740126086,0.9587573365260262,-0.6003211508397625,0.8939984335503587,0.5587795982198185,0.9267225084603601,-0.5718052923264616,0.8565257299899841,0.6214711314376183,0.8335677848232894,0.5232209273960724,0.8674122776707472,0.4788790556996927,0.922008533706405,0.46526667659979637,0.9805088385048598,0.4404751906103271,1.024628124570183,0.5817830492808941,0.9638270796738613,0.5720431665862584,1.0441342630293455,0.5372618556133931,1.0732327393291752,0.505584084118779,1.0874343936738113,0.6508261202315327,0.9646758389258294,0.6254914835458869,1.0481264267247434,0.5743430647283303,1.0685943414146444,0.5335840567420809,1.0714488472944683,0.6931359146360295,0.9587643021333464,0.674045544314656,1.0329248594492904,0.624967284124824,1.0536268185451507,0.5834278769322514,1.0587090997861621,0.7169970002887962,0.9498991736969096,0.7080963372675816,1.01049908668186,0.6728995285271343,1.0330491955399561,0.6395365238323361,1.0415242499664612,-0.6978460216441825,0.7814624299653404,-0.5971256261629652,0.8133732702207067,-0.551095303125344,0.868051894562926,-0.5386103461090846,0.9228656516871574,-0.5291431114762232,0.9656158476336923,-0.6424417006715457,0.9103615158464574,-0.6315334539876039,0.9780837623163272,-0.6050704118974426,1.0075818903361542,-0.5799190304664317,1.0246512852145226,-0.7066191211296097,0.9111966921641511,-0.6852424403728496,0.981329212906998,-0.6442911484584444,1.0091857214216335,-0.6097661266636464,1.0219233792477438,-0.7459013599419231,0.9073690909416933,-0.7255760279899245,0.9726150640092268,-0.6877720780292688,0.9996259477951883,-0.6532322170284858,1.0122098398397048,-0.7648536183762666,0.903006531077043,-0.7506185289818401,0.9573274714833692,-0.7212848156760246,0.9845532442551593,-0.6893544201084358,0.9997870274644682
