pose_0_x,pose_0_y,pose_1_x,pose_1_y,pose_2_x,pose_2_y,pose_3_x,pose_3_y,pose_4_x,pose_4_y,pose_5_x,pose_5_y,pose_6_x,pose_6_y,pose_7_x,pose_7_y,pose_8_x,pose_8_y,pose_9_x,pose_9_y,pose_10_x,pose_10_y,pose_11_x,pose_11_y,pose_12_x,pose_12_y,pose_13_x,pose_13_y,pose_15_x,pose_15_y,pose_17_x,pose_17_y,pose_19_x,pose_19_y,pose_21_x,pose_21_y,pose_14_x,pose_14_y,pose_16_x,pose_16_y,pose_18_x,pose_18_y,pose_20_x,pose_20_y,pose_22_x,pose_22_y,right_hand_0_x,right_hand_0_y,right_hand_1_x,right_hand_1_y,right_hand_2_x,right_hand_2_y,right_hand_3_x,right_hand_3_y,right_hand_4_x,right_hand_4_y,right_hand_5_x,right_hand_5_y,right_hand_6_x,right_hand_6_y,right_hand_7_x,right_hand_7_y,right_hand_8_x,right_hand_8_y,right_hand_9_x,right_hand_9_y,right_hand_10_x,right_hand_10_y,right_hand_11_x,right_hand_11_y,right_hand_12_x,right_hand_12_y,right_hand_13_x,right_hand_13_y,right_hand_14_x,right_hand_14_y,right_hand_15_x,right_hand_15_y,right_hand_16_x,right_hand_16_y,right_hand_17_x,right_hand_17_y,right_hand_18_x,right_hand_18_y,right_hand_19_x,right_hand_19_y,right_hand_20_x,right_hand_20_y,left_hand_0_x,left_hand_0_y,left_hand_1_x,left_hand_1_y,left_hand_2_x,left_hand_2_y,left_hand_3_x,left_hand_3_y,left_hand_4_x,left_hand_4_y,left_hand_5_x,left_hand_5_y,left_hand_6_x,left_hand_6_y,left_hand_7_x,left_hand_7_y,left_hand_8_x,left_hand_8_y,left_hand_9_x,left_hand_9_y,left_hand_10_x,left_hand_10_y,left_hand_11_x,left_hand_11_y,left_hand_12_x,left_hand_12_y,left_hand_13_x,left_hand_13_y,left_hand_14_x,left_hand_14_y,left_hand_15_x,left_hand_15_y,left_hand_16_x,left_hand_16_y,left_hand_17_x,left_hand_17_y,left_hand_18_x,left_hand_18_y,left_hand_19_x,left_hand_19_y,left_hand_20_x,left_hand_20_y
-0.051444733054303304,-0.3583691023368507,0.028986789047831498,-0.41227745396392795,0.06710281183049459,-0.4111612998131061,0.10314154772135037,-0.4097659543941258,-0.10832758661957574,-0.41451190049191416,-0.15299391307225074,-0.4155987303957522,-0.19430895155907899,-0.4163553570601161,0.1621034445786401,-0.37513493508894663,-0.23057502672928593,-0.3900934320249847,0.031756861274631676,-0.29160626849482485,-0.13520692451112437,-0.29819276928220745,0.4999984951287919,-0.0012267309988233477,-0.4999984951287919,0.0012267309988233477,0.6021708917603722,0.47102048808201025,-0.6599952522034144,0.5005393136630092,0.6541201698662956,0.9305453367897755,-0.711161213998305,0.9381951469912277,0.6210367682417784,1.0812441693441828,-0.694066361667746,1.0847442931365177,0.558778031825151,1.0816409630611827,-0.6147152547904216,1.0811461163933307,0.5265152509248218,1.0317915759541165,-0.5956040168362053,1.0278960330188591,0.6655538770418327,0.9465375897972199,0.5492661319402258,0.9615910087098228,0.4777702577236934,1.0096351218619473,0.42521311241466775,1.0596580107636675,0.3934434981472072,1.1045251777620912,0.5748968983781663,1.0942838372334434,0.5568979199482192,1.1856589544873073,0.5444728394019946,1.2417264565290218,0.5369957673429314,1.28452397315829,0.6426058210115531,1.1018904247166852,0.6322546672871688,1.1942185799975236,0.6107586196739477,1.2537522996709978,0.5914600578190771,1.2987596732253128,0.6799775882965485,1.100656668117022,0.6717043323857839,1.1818133544101943,0.6495284815260783,1.2340291471566738,0.6275223141997011,1.274049413227849,0.6900984244977473,1.0957469949735739,0.6804434161783228,1.162820558922311,0.666585723982576,1.2083655436713296,0.649451963569105,1.2435535709387484,-0.7575192211314726,0.9406087463406309,-0.6463975072387429,0.9498860522496855,-0.5817642704686907,1.0014414385172168,-0.5347733101555089,1.0576256266250543,-0.5032293551324161,1.1082035379931248,-0.6862683265616177,1.0769715349203677,-0.6130423981382662,1.16629426034627,-0.574004188880143,1.2144662088875895,-0.5470650570162289,1.252962530498324,-0.7408990932315777,1.0884725962256956,-0.6668891230275414,1.1777220110341384,-0.61439070257771,1.2273884270584616,-0.5742878856966662,1.2636086067275298,-0.7630807096658855,1.0885540015571664,-0.6981889384214487,1.164251643267303,-0.6456888379366338,1.2076799366676296,-0.6049547860931725,1.2358457231651405,-0.7578123490534712,1.0863812581322085,-0.7081577314566453,1.1463449140309927,-0.6630356573320967,1.18117524657739,-0.6257517100575996,1.2033657595605873
-0.04022369585875443,-0.3578805085782401,0.039322626958716723,-0.411496664300198,0.07716904683177168,-0.4103643955723074,0.11378163792054265,-0.408949345800845,-0.09923336967700885,-0.41420490703616536,-0.14321062907756235,-0.41525469160104966,-0.18351867853687498,-0.41600796047912336,0.17018447645207604,-0.37537356063574256,-0.22192760835413167,-0.38987204079753573,0.043355118213623416,-0.29076316040077177,-0.12265322550634034,-0.2960666784320675,0.4999973640807673,-0.0016235492861844747,-0.4999973640807673,0.0016235492861844747,0.6077915750402964,0.47150049737821964,-0.653450107380424,0.49959547315888575,0.6598461781295781,0.9313284174410257,-0.7062314257041845,0.9379428690176764,0.6431927705954067,1.0780397400176465,-0.6896371534395134,1.0834682814542018,0.5703767281792333,1.078423852206891,-0.6096484225026063,1.0778563062268351,0.53779342359528,1.0296594592090333,-0.5904692140768226,1.0271504451036018,0.6861403895744927,0.9322863325033572,0.5664187092121102,0.9494903466242568,0.48922680946006075,1.0013808970304088,0.43193930729680263,1.054454305433714,0.3939160157402615,1.1024204104451043,0.5828361860968689,1.0906577567611164,0.5616282182575699,1.1803838919328793,0.5487948728295452,1.2359249579047527,0.5412528750128353,1.2797732642660087,0.6467340194438062,1.0994157283258998,0.6349161219725689,1.1909366761546776,0.6123079835586495,1.251510268016388,0.5919604148146866,1.2983631038897014,0.6801273627645535,1.099508208257041,0.6674241912330031,1.182236390091497,0.6411145664662317,1.2347060846208842,0.6157431704398162,1.276083223449189,0.6884856562110885,1.0949644830593575,0.6721162505776656,1.1614853280506081,0.6551090996765219,1.2068116346315043,0.635998411859785,1.242405878227693,-0.755224996485196,0.9232364234661761,-0.6382749289766133,0.9442843064081697,-0.5748029458736519,0.9983096781950698,-0.5263940512249579,1.058335715612994,-0.49425910643917725,1.1110181445054355,-0.6811920265262799,1.0742401272692106,-0.6049734551584187,1.1655660431639976,-0.5634304323612188,1.2140479603325778,-0.5366607733495218,1.2550103129350714,-0.73311973677275,1.082594452929921,-0.6584893479847335,1.1748198353497012,-0.6049971855697924,1.2245635084104842,-0.5670598881406408,1.2634591024198352,-0.753762371435626,1.0803782919397698,-0.6960188028132668,1.1588287428339332,-0.6417924474136392,1.203150589172633,-0.6001635067926233,1.231798765861528,-0.7510579820301229,1.0770120834890913,-0.7082370269831278,1.1385817421999076,-0.6601259833337816,1.1738342983937449,-0.6225046590026956,1.196287082731919
-0.03425700402499606,-0.3586387688682279,0.045080498006229514,-0.41214481488555615,0.08290290626018162,-0.41094614749783426,0.11945555754393468,-0.40948726397049157,-0.09427349588904416,-0.4153416687159418,-0.13804985722371543,-0.4163940695742145,-0.17841002223332952,-0.4172086010987498,0.17589587287260086,-0.37620492447902826,-0.21716778756226038,-0.390651542387833,0.049906338486349455,-0.2910323849341181,-0.11638269983645115,-0.2954772983231783,0.4999966791563918,-0.0018223151703774328,-0.4999966791563918,0.0018223151703774328,0.6107637985728345,0.4728781617226114,-0.6498017202681745,0.5000049684843861,0.6646169267752178,0.9328620636517895,-0.7043105839744819,0.9380743319751866,0.6533416071187884,1.0758599238944544,-0.6892568587393422,1.0818170857473006,0.5783856070274495,1.0770019411742702,-0.6082611091125588,1.073110617376429,0.5472391255827592,1.0294075994046574,-0.5896027103895773,1.0250036360598827,0.6827284590485794,0.930245997576365,0.5647798020148856,0.9497186604262046,0.4916349245911483,1.0039204751997064,0.4322666810960617,1.0589666554385897,0.3953433402323203,1.1092693536819422,0.5862773528754447,1.0964683392785288,0.5635803324341321,1.1865824260984665,0.552645906616513,1.2419060887269866,0.5483055075195846,1.2859072169092105,0.6491330732764066,1.1043764345845037,0.6373177631106289,1.1967520945591847,0.6176628114442493,1.259516135756522,0.6025384932223188,1.3062625976912812,0.6820559920899938,1.1032631434551572,0.6694633950761533,1.1861118061865277,0.6453268583392636,1.2386404754938827,0.623103055387326,1.2800252320033365,0.688069995049087,1.0991501087832176,0.6695708125430666,1.166010682395842,0.6552089596979463,1.2106526482114013,0.638772406474804,1.246048460744086,-0.7527347753355689,0.9192933887166936,-0.6367381213457132,0.9448087806760955,-0.5741662244793054,1.0027399526543685,-0.5243707414300052,1.063283523539921,-0.4913883839327348,1.1138522442724572,-0.6763576711887141,1.0780296650469006,-0.5986814727265005,1.1704499422340122,-0.5579136408581029,1.2201449601560073,-0.5319811085222097,1.2617725137563933,-0.729415023903637,1.087027062090607,-0.6535478089276071,1.180378494389198,-0.6029165171385971,1.2301809297781063,-0.5684468937605286,1.2686420364839757,-0.7517019327074028,1.084400758504111,-0.6894689432970602,1.1621639758104316,-0.6372136308151788,1.2057357397223476,-0.5995192678489556,1.234261571131432,-0.7490848734406057,1.0797371902144064,-0.7033628502070138,1.1381904752573209,-0.6574165185218874,1.1717279503325375,-0.6230079382135656,1.1939760482734356
-0.03022496863039579,-0.35994332124558337,0.04876994149667964,-0.4131099582853906,0.08651040899893532,-0.41185441776139614,0.12274680193418824,-0.41037277104046843,-0.09033228151260786,-0.41656586470631723,-0.1338867778119905,-0.41762949293112955,-0.1741294161483445,-0.4184704038865141,0.17913855562402073,-0.3772037382759726,-0.2127574780343175,-0.3915669649897803,0.053772912362739296,-0.29205670623581026,-0.11204860512287627,-0.29570966546393285,0.4999988609854906,-0.0010672456193405796,-0.4999988609854906,0.0010672456193405796,0.6120605648843428,0.4735378865563156,-0.6451432751920438,0.4974448281372086,0.6641077896679286,0.9345590549552202,-0.7011788487932752,0.9328626111549896,0.6562070953955674,1.0735070627240935,-0.6863775365631798,1.0749387894005316,0.5792971753188921,1.074053555842717,-0.6050291114781978,1.0638167101061846,0.5487677363027303,1.0283042530106243,-0.5869647570722863,1.0173810923374933,0.6844014491269982,0.9216639192523185,0.5633352506127904,0.9452412590749336,0.48808537192404045,0.9993664675868859,0.4312232807898632,1.052629593866004,0.39985186463887706,1.102806739912004,0.5868972069892012,1.0914283206180353,0.5677009507964866,1.1825607698002887,0.5575708753152931,1.237503281008599,0.5528093179366967,1.2816453944907156,0.6493946657086478,1.0976878601096922,0.6382343562658132,1.1896566509068733,0.6173683107588656,1.2509797891289436,0.6010831813711255,1.2967600111647932,0.6822259861355551,1.0951866031436852,0.6686931228162443,1.1775919166763058,0.6434869654321581,1.2294152437775125,0.6199769472256054,1.2705388509539215,0.6889043818357443,1.0912453946884182,0.6696391286021334,1.1581335326527242,0.6540604192490017,1.201614767193451,0.6353345005006319,1.2363545488177803,-0.7504707612814605,0.909736112924104,-0.6346443016246447,0.9373789472624089,-0.571205711082463,0.9951789716810016,-0.5223144535966575,1.056036951044578,-0.4874209136659595,1.1076604456564776,-0.6692793691968412,1.0700669586055795,-0.5934277845256157,1.1626789602277179,-0.5546720095738775,1.2117565706484832,-0.5304422440897175,1.2529479563750003,-0.7215777553941978,1.0783670132338579,-0.6452448668615315,1.1731389420898863,-0.5959585137375686,1.2226084496104894,-0.5630583485811134,1.2611636305161777,-0.7451972854603632,1.075323527866987,-0.683981831361723,1.1547068319328835,-0.6329748930887831,1.1986160613630559,-0.5962607756087804,1.227364828403235,-0.7462917186554212,1.0705473485989292,-0.7010745916751878,1.1305804096987195,-0.6560646842846665,1.1653993932242988,-0.6220662019937651,1.1883714477477474
-0.027812750218870298,-0.3632211715528728,0.050484917784194,-0.416198404467323,0.08809647422887869,-0.4149091398081612,0.12409535841063847,-0.4133553483051185,-0.0882957804760622,-0.4196796582145564,-0.1315420472149298,-0.42072918593067743,-0.17156866389215283,-0.42155617398565753,0.18043623540493642,-0.380223588887604,-0.21014463479463752,-0.3937172671945378,0.056229189569685784,-0.2949686522971417,-0.10900882457621401,-0.2974805184211692,0.49999999990332306,-9.83244152772002e-06,-0.49999999990332306,9.83244152772002e-06,0.6098899479075617,0.47259873166792365,-0.6436630558469655,0.49257931581890235,0.6591633114874482,0.9272897021186718,-0.6985266369740445,0.9253247323369159,0.6544288580210196,1.0636214011397265,-0.683904619566389,1.0659022238693998,0.578018563234141,1.0637123607146315,-0.6034578607722659,1.0537470483554559,0.5484242049809237,1.0184592888636468,-0.5849746170025086,1.007685818144463,0.6823273289077261,0.9125978326167654,0.5627710658781817,0.9346565165717109,0.48942682247178504,0.988767896940372,0.43162512559336863,1.0431342374530492,0.39535260342499956,1.0948302538844144,0.5838586538706597,1.0823318919943676,0.5658899618864881,1.1739284876285465,0.5553075214598429,1.2289521970890769,0.5498698396271614,1.2725213779114766,0.6456290126691836,1.089703110166392,0.6350950131513776,1.1819906341241404,0.6125510089937666,1.2431965576306407,0.594524309400891,1.2869815206833242,0.677871068999271,1.0875752027821768,0.6644843706932063,1.1694004015449158,0.6383812504811288,1.2211829738322006,0.6140097029445817,1.2615239249335533,0.6843831064120083,1.0840185163657714,0.6649725760910691,1.1496765997664988,0.648862557223489,1.192914134993585,0.6298447171541434,1.2269624753695756,-0.7462538396329232,0.9054448263130859,-0.632582008134509,0.9313066530952399,-0.5694277426817322,0.9865339965957498,-0.5190589919673252,1.046416071063815,-0.48336244587176913,1.0981746506752486,-0.661284537366996,1.0625751382497497,-0.5895210012977854,1.1548137657415223,-0.551738535000754,1.203386178740838,-0.5280169915716881,1.2430708238609889,-0.7146738596744323,1.0721630974475913,-0.6405985229902718,1.1674137168729906,-0.5902563464421559,1.2145571989877373,-0.5551713098760535,1.2505717239645142,-0.7399610011289931,1.070668414482999,-0.678637240176539,1.149532947416148,-0.6259063497836077,1.190560878679221,-0.5883253156670631,1.2161718453315866,-0.7424226041156357,1.066464836932878,-0.6954747837909812,1.1259262803116492,-0.6493966979659408,1.159038906329434,-0.6153621761564216,1.1797054076754816
-0.0284947348017462,-0.3671087760503409,0.04927426224572738,-0.42031056302151826,0.08670904404849346,-0.4189695445214123,0.12297226665615324,-0.41734651367791814,-0.09102056203241242,-0.4238673764340263,-0.13447443148254076,-0.4249100854909165,-0.17457949500039727,-0.4257168110156416,0.1788373508710663,-0.3840746676351152,-0.21376092897298496,-0.39638981729388995,0.05619217120677067,-0.29802319438973895,-0.11029464965062567,-0.2990335382460347,0.49999983169341794,0.0004102518174419292,-0.49999983169341794,-0.0004102518174419292,0.6102454755450302,0.47311805177649013,-0.6504220631028798,0.49262235978383817,0.6598561374110881,0.9194595105379848,-0.705336381383818,0.921488900214887,0.655173869947717,1.0526009384875479,-0.6921997357608959,1.0625704889329513,0.579045269505849,1.0532416778596956,-0.6112391024698868,1.0518748587987383,0.550779762763974,1.0076012490439288,-0.5915886167287213,1.0054820917351888,0.6807530650402448,0.9163979457609895,0.5620486538804159,0.9387462694375629,0.48672765679300617,0.9913563610021162,0.4254508667730204,1.0445050583576956,0.3955593140333507,1.098431589189828,0.5811970973472645,1.0905251676162862,0.5618379747444704,1.181172308513537,0.5505412984086501,1.2352234148347503,0.544932806077321,1.2776715967428194,0.6414056830815897,1.0966774563840198,0.6306605891502416,1.1876661112139593,0.6088899537710728,1.2479566786120548,0.5906753684742093,1.2907828616365016,0.6737630977080664,1.0934913161179438,0.6617298077266393,1.1744075235911557,0.6367852453646375,1.2256133929148192,0.6125331761625266,1.266107907502094,0.6808086354790014,1.089321395886626,0.6632158589652586,1.1547502442111863,0.6489661634072672,1.1975524586672683,0.6306642531352146,1.231869952588242,-0.7545038919006976,0.9076254497394627,-0.6375726204687241,0.9346694754909747,-0.5753483850011453,0.9909991224672519,-0.5252470544807908,1.0504697205616054,-0.48769586482211275,1.102024889786025,-0.6696250083462013,1.0669040671597283,-0.5969461260894022,1.1576766995423033,-0.5585909207282187,1.2067079937845109,-0.5348961589071001,1.2473107485945287,-0.7223884911149874,1.0752774941512828,-0.6478120844738028,1.1703711861453105,-0.5973971015731583,1.218574267117587,-0.5617226355508421,1.2568847413288922,-0.747103863583628,1.0733316127985562,-0.6847794028604345,1.1521824014092983,-0.631430102327585,1.195130869932218,-0.5938647147271368,1.2230047882801072,-0.7488932622448009,1.068745982938847,-0.7016203372910265,1.1282803954381464,-0.6563923739502895,1.16243682668635,-0.6238384017966171,1.1850570485811256
-0.029023499909322008,-0.3691949613407549,0.04873449686200871,-0.4223929852096776,0.08619569057937,-0.42101816514171037,0.12230794660800776,-0.4193733742979153,-0.0916942073592258,-0.4259722739416339,-0.135044367671936,-0.42701329530147913,-0.17512296470856492,-0.4278150382644227,0.17819739434686693,-0.38598602126398796,-0.21414046054540442,-0.39791420968286145,0.05578015385718565,-0.29943492515252557,-0.11074852483145568,-0.29967615045406065,0.4999999632608196,-0.00019167466988569492,-0.4999999632608196,0.00019167466988569492,0.6103917464491599,0.47200316923609736,-0.6516752102316428,0.49068261212990116,0.6593274616312179,0.9138043886406717,-0.7061428831437299,0.9170151779525112,0.6544740956024214,1.0481073673932988,-0.6930392987707077,1.0587441854212356,0.5784464771295529,1.0478210578883909,-0.6120593657041463,1.0493448352481116,0.5505084719898384,1.00133645746515,-0.5922456790756994,1.0029604049769878,0.6802065250147277,0.9153971856783755,0.5602196323011076,0.9376505346854433,0.48560997119494576,0.9912855432080568,0.4264744608132424,1.0448864999868865,0.39391122105824206,1.0965353603866534,0.580319017640852,1.0873181794078521,0.5624310105678151,1.181490796365363,0.5514423754202474,1.2371392860248915,0.5442121060563059,1.2808977618662012,0.6412982085357598,1.0931387371188284,0.6341830737673918,1.1867199531630013,0.6126498504270684,1.2468680066524618,0.5937937354814362,1.2899431571420577,0.673792428612777,1.0907354169600305,0.6641342546472162,1.1743614606455515,0.6397342714961507,1.2261045359597336,0.6156970997497045,1.26725461768753,0.6801483469233304,1.0875136333632025,0.6640747022701954,1.1551216146141414,0.6500165238332095,1.198802214270116,0.6315427656877316,1.2343615493828755,-0.7547507166807672,0.9056008196584459,-0.6394554442129711,0.9324635226469273,-0.5763426748874894,0.9886469148108253,-0.5266685865795742,1.0489797333674529,-0.49004349296574534,1.1002992233127737,-0.6734564157778171,1.0651764529330978,-0.5997364519145064,1.1545082251308265,-0.5607017011581712,1.202773747023796,-0.5362640778508605,1.2436660738479741,-0.7262327630079114,1.0742745291578573,-0.6485485577396456,1.1671544014388078,-0.5968435043277155,1.2155920144315273,-0.5613793003197867,1.2544791058325315,-0.7499284247769034,1.0724612356267738,-0.6847936613785606,1.1512737675665814,-0.6312059893607586,1.1953355024354895,-0.5933709136045882,1.2246931446243394,-0.7499662176315511,1.0675406823008255,-0.7009030756325089,1.128737163022658,-0.6547792633600525,1.1641097479890163,-0.620807838936113,1.1880969873578064
-0.029069459527072104,-0.369429253407685,0.04863019522034415,-0.4226146392918415,0.08615218879100478,-0.4212093510618626,0.1218125276092787,-0.41956070552696106,-0.09171539404207776,-0.4262055624227371,-0.1349362621754498,-0.42724587195587443,-0.1749388587874407,-0.4280450000846979,0.17795229026204307,-0.3861563175555908,-0.21361797339760155,-0.39783972043987414,0.055723478509990876,-0.29928745581672456,-0.11072955877191737,-0.29912246910741075,0.49999978096706055,-0.0004680094993491888,-0.49999978096706055,0.0004680094993491888,0.6102203698650119,0.47169982678157746,-0.6527001338857931,0.4902210927629997,0.6593042594491216,0.9108938361957961,-0.7053962856962417,0.9162476205567035,0.6542645682497676,1.0458627368803768,-0.6905027804612837,1.058624355776823,0.5783728196923332,1.0452918110996046,-0.6096643318252468,1.049624525469599,0.5504554804507308,0.9980998098342343,-0.5897536960446147,1.0034667259461838,0.6814506521920607,0.912121044139114,0.5624740865498415,0.936362561952386,0.4850282105260528,0.9907454184715413,0.4231463606879618,1.0446764511379807,0.39232446134958276,1.0982071180924156,0.5779669569682646,1.0878359359699699,0.5609825639431065,1.1804712778851973,0.5503369893017928,1.234610433536176,0.54355413449899,1.2766454740114908,0.6398672828746823,1.0928116480566885,0.6284944229983277,1.1837904043084775,0.605081579753724,1.240804955353337,0.5839072419774592,1.281115460988309,0.6739333354995779,1.0894329706693804,0.6612723424628612,1.1713369234771818,0.6356032811554895,1.2214496704859619,0.6097603004941998,1.2605210579848105,0.6822257308931036,1.0849228249655378,0.6646928582197685,1.1518316923362795,0.6499549107914865,1.1944437663835488,0.6312488841267976,1.2285331813097167,-0.754146995271353,0.906660373432515,-0.6401957293455144,0.9329774713843363,-0.5773309068640105,0.9888955212171806,-0.5263035944730601,1.0491858333679254,-0.48951476488645335,1.1002984257932595,-0.6722100222174718,1.0663966727511698,-0.5990716659250503,1.1564549848717753,-0.5603775108791029,1.2044712325572065,-0.5367494443427103,1.2445267379103147,-0.7249619457961545,1.075434524058504,-0.6473489453361381,1.1687890583854557,-0.5965554850000828,1.2165996262028205,-0.5624341568649869,1.2540777963717475,-0.7493361171991686,1.07327740490767,-0.6847252680870992,1.151410560134255,-0.6309418912724937,1.1938655112533578,-0.5934956343124944,1.2215874011771244,-0.7504702958480399,1.0686817501272743,-0.701916600712255,1.1287900501007844,-0.6553019002347036,1.162205775659537,-0.6214109121745728,1.1839860063210927
-0.028830525017028354,-0.3693606116977486,0.048868182684308044,-0.4225482999666837,0.08643047555026816,-0.4211330827790121,0.12179654685936465,-0.4194754151346615,-0.09134287541594724,-0.42615301776612896,-0.13426657310421466,-0.42718640126088286,-0.17415072337559315,-0.42798264231809113,0.1780412340901095,-0.3860256151071232,-0.21279661588854104,-0.39761050052107627,0.055943657627657566,-0.2990097681518411,-0.11034665315502888,-0.2986728807792119,0.49999909644345547,-0.000950555483958984,-0.49999909644345547,0.000950555483958984,0.6102616995976731,0.47191986616334697,-0.6530093543492118,0.4905147354932115,0.6597694031195941,0.9111236991167786,-0.7040482495487924,0.9167494356544951,0.6546129107481514,1.0468556291865228,-0.6870274179215354,1.060382753169881,0.5785719852527297,1.0463741651200855,-0.6060275041910617,1.052643279401404,0.5505745137421518,0.9990605446724995,-0.5854350630563645,1.0067997129434727,0.6773872914313963,0.9143567792025051,0.5589142901061551,0.9372755074564298,0.4834344107769846,0.9910390967077523,0.42286922509472447,1.0444738178959276,0.3870526977158553,1.0958178669149008,0.5786654674889796,1.0902796554121046,0.560630880581606,1.1842761967100939,0.5512029221080537,1.2389794962839804,0.5455460248249207,1.280856024902622,0.6384772963261673,1.095475404212822,0.6270950703189863,1.1887954212880163,0.6043113719618669,1.2467808332970347,0.5837031213313333,1.2871184182388506,0.6706959795994331,1.0923759792851324,0.6566360679689512,1.1756005258403497,0.6316775328802541,1.225882818283877,0.6064761272758098,1.2651357343374408,0.6771650419971749,1.0883142372195769,0.6590342233760147,1.1559665067503417,0.6445637231000433,1.1991563691390428,0.6259531206487183,1.2338790627045373,-0.7531005708536874,0.9061526437303153,-0.6375782171716466,0.9338632530845579,-0.5758471766394239,0.9901073293202945,-0.5248115273508241,1.0505675766099016,-0.4891803605825583,1.1011723216689902,-0.6701434873632962,1.0657764643532455,-0.5969459035127651,1.1566555563708043,-0.5579829045905775,1.2051070022723531,-0.5338922879109845,1.2457177019828205,-0.7227994954135603,1.0749963790265162,-0.6461252735921712,1.1695166957952585,-0.5955626871886465,1.2183924777299806,-0.560109930962766,1.2567651027255249,-0.748096483549595,1.0725326944048266,-0.6857699138203475,1.1511659189711576,-0.6335643618398561,1.1945867374729464,-0.5956942802385309,1.2225232622314595,-0.7502516156921593,1.0672732493745074,-0.7037145698999561,1.1268376252333867,-0.6583610596257644,1.1610863394212942,-0.6241966627489844,1.1833047146471052
-0.02893433928090335,-0.36940131127200737,0.04874337145808731,-0.4225764815678461,0.0864463322948415,-0.421122396030304,0.12139341991142583,-0.4194249317993394,-0.0912866391952856,-0.42620069697082485,-0.13408898131757385,-0.4272338248216266,-0.17389027664182113,-0.42802158814940305,0.1777248372265622,-0.3858935879333528,-0.212264447884286,-0.3972860632298252,0.05575319719947494,-0.2987795586236362,-0.11028866077315924,-0.29829406147480825,0.4999988604467672,-0.0010674979785406551,-0.4999988604467672,0.0010674979785406551,0.6098204311839543,0.4717085027925992,-0.6531322913554569,0.49048299412484103,0.6597382299068811,0.9106515427323278,-0.7026785871865567,0.9167234458767506,0.6546325092422308,1.0470733009976052,-0.68386712887248,1.0610764548190657,0.5776571711581008,1.046613657822643,-0.6025987326995715,1.0540490621235004,0.5494583907998416,0.9992701052893012,-0.5816205815328321,1.008455942006872,0.6754478223815493,0.9140398263028942,0.5556251554968239,0.9384855414681844,0.47904163686891776,0.9921797770709427,0.42004691654432175,1.0461897595805294,0.3907282810462662,1.0979846255463723,0.5768984314937483,1.087603013895733,0.5619078620913788,1.18361726416151,0.5536709464116494,1.2388216467990556,0.5487809173930763,1.2812129985716478,0.6386662864804453,1.0914040445114133,0.6293724511837127,1.1868234624331215,0.6074427821250361,1.244299481380026,0.5872763769974287,1.2843444990989734,0.6721832712708431,1.0878359669837414,0.6588852397144623,1.172111978467992,0.6336010461884652,1.2219972401366594,0.6087926879864983,1.2606668417215559,0.6788364114643622,1.0840995522082104,0.6596833904586221,1.15129788737766,0.6440231382117748,1.1932584668825907,0.6251259837125358,1.2269372204075466,-0.7510680227069946,0.9050278260536209,-0.6370641038813792,0.9325882385726755,-0.574794597785817,0.9888874243457989,-0.5241300507542154,1.0493554774794707,-0.4898712058510879,1.1003268351846887,-0.6712131171318654,1.0641829033421728,-0.5969078797046811,1.1557181913171342,-0.5573768863405851,1.2045922074496602,-0.5326572030681848,1.2456302927260778,-0.7242055911042562,1.0734692535888646,-0.6468406485276899,1.1684997544206912,-0.594401304477711,1.2175260684081317,-0.5580752109581788,1.2559390397059107,-0.7492870008765935,1.0714547058349928,-0.68539507199563,1.1508946112121896,-0.6311918529900888,1.1939927655672178,-0.5932104177405876,1.221775438245651,-0.7506025366103168,1.0663081992854255,-0.7022182947980706,1.1269565046445729,-0.6555013860714712,1.16122138341457,-0.6213707799338408,1.1835094183384711
-0.029062338500705814,-0.3693811164853564,0.048621693717071396,-0.42255547077022426,0.08647961919102355,-0.42107857089091777,0.12100529551919653,-0.41935969716545685,-0.09121084767212265,-0.4261871792615205,-0.13391604212356178,-0.4272199320401035,-0.17364474818740358,-0.42800517250249376,0.17748806443050655,-0.38581849343567126,-0.21168242566135617,-0.3971471474263481,0.055604291170551476,-0.29863094318472255,-0.11022399515368032,-0.29813286284472984,0.49999875142489,-0.0011173958793056445,-0.49999875142489,0.0011173958793056445,0.6096373875900436,0.4715529019339604,-0.6531805334600993,0.490649546625888,0.6598590116139611,0.9110178946761751,-0.7024035140416005,0.9169719409490322,0.6547384095909996,1.0474961858248173,-0.6832749754015215,1.0615145500441447,0.5773506282257518,1.0470887072153816,-0.6018404440592136,1.054850662894108,0.5489359087560718,0.9997348647809311,-0.5808306208343448,1.0094297083066657,0.6759453259565403,0.9131394724679353,0.5560725138729606,0.9377898657361615,0.47908044664286037,0.991637239621541,0.41981255303286125,1.0454231937840135,0.38919909915433626,1.0967959028636072,0.5778774322172533,1.0860830503484948,0.5618901228011511,1.182265878064828,0.5537460508861298,1.2379005353297274,0.5488894620004405,1.2804346101551567,0.6395446674405177,1.0905165765159512,0.6287526720983759,1.1863875692709578,0.6056353273367405,1.2439519058898776,0.5846737842920674,1.2835084992227372,0.6733215426195176,1.0873623223382982,0.6600637440236513,1.1713719748739824,0.6346711193776078,1.221062058559607,0.6102222500260841,1.258927012161056,0.6804787737627559,1.0835854677356545,0.6620904420942043,1.1498692660120533,0.6468441417728765,1.1913167312123207,0.6284000434404915,1.2240454986820108,-0.7519443264106077,0.9051147259349798,-0.6361252542352398,0.9320388712338106,-0.5741966032261694,0.9892954980966736,-0.5237797194861443,1.049822190455507,-0.4893162268077803,1.0997134924870735,-0.6696991540364237,1.065480400162301,-0.5951660147179314,1.1573305400622196,-0.5565446206982911,1.2060970361235328,-0.533124608098151,1.247161926731364,-0.7221333777424543,1.0746990116574353,-0.6445946826177501,1.1696957664659886,-0.5954304098186545,1.218731317582126,-0.5622644469830475,1.256981290342097,-0.7473770748389863,1.0721858449357975,-0.6847531739565611,1.1512762665798424,-0.6329788685046757,1.19403096349452,-0.5968578072347225,1.2214599116900797,-0.7494698525865475,1.0665526479617087,-0.7029959775503142,1.126440391859852,-0.658350103197468,1.1600175765467138,-0.6256146131710417,1.1816148595590892
-0.028953267488540824,-0.36869228944634075,0.04868806797623551,-0.4218626282154342,0.08665498076131871,-0.4203666273009215,0.12082718934412937,-0.4186218597268906,-0.09098848832752465,-0.4255071935228915,-0.13353798104236825,-0.4265386007282764,-0.1731720507892732,-0.4273191395588936,0.17734422305033537,-0.38509178247227405,-0.21105932767290694,-0.3963944631664291,0.05571452239798151,-0.29786391234697734,-0.11001741819546204,-0.2973835748799814,0.4999993952839975,-0.0007776346422726791,-0.4999993952839975,0.0007776346422726791,0.6096208885394798,0.4723132710258135,-0.6534648849959268,0.49168665291662295,0.6601725665338478,0.9123459536192725,-0.7022932711248122,0.9184352723178197,0.6551260043030321,1.0489826654123304,-0.6827093737920235,1.0636026552431113,0.5773084304613437,1.048548718532839,-0.6011596886494895,1.0579367366348038,0.5487202118051189,1.0011265327578107,-0.5801843411825939,1.0124877175619078,0.6765494374610969,0.9145999094787227,0.5558084184421923,0.938908577331144,0.4789177392384874,0.9921611504859952,0.41957814016536105,1.045931586278295,0.3899198045301582,1.0978636708484595,0.5771610811158595,1.0887295399486205,0.5621666038406428,1.1839633784408905,0.553741553452942,1.2388617092750243,0.5489326761103295,1.28093101737489,0.6395806483544492,1.092955439694058,0.6278932773436474,1.1877612925355439,0.6046163606136519,1.2448906514264073,0.5830243316795819,1.2846746690031048,0.6740610066058242,1.0896174573219792,0.6594400996629347,1.1733823503373655,0.6329176760318332,1.2228744581420068,0.6071217580429377,1.2610489439677202,0.6817039132167173,1.0856744866621135,0.6612720311003083,1.1522727223725362,0.6447586633208627,1.1940285309832028,0.6248648203082964,1.2274786666323336,-0.7517125449428113,0.9068246330201228,-0.6337953523199766,0.9350909453261509,-0.5723228561857647,0.9923048313830442,-0.5223355842683681,1.052313769443593,-0.4870931822805703,1.1020400465400204,-0.6676523036153795,1.0668020008347396,-0.5939346794561835,1.158246790649408,-0.5550968158717549,1.2074357929020836,-0.531309144123154,1.2489426055752046,-0.7217595870426491,1.0752807022808064,-0.6448122379532198,1.1707884515895783,-0.5961064009298759,1.2201452853581682,-0.5621770742038851,1.2593094880013196,-0.7476694179980613,1.0724761734520263,-0.6843983121664297,1.1510523518597293,-0.6319255900081142,1.1947929439259066,-0.5951425161035031,1.2228348694693092,-0.7496293630006248,1.0662612103945703,-0.701034687607471,1.125283488678044,-0.6555891459179877,1.1593305114580004,-0.6224642029374436,1.181310937370157
-0.02697327050762409,-0.36780924683504945,0.05022476315630858,-0.4209031348943882,0.0883174099411313,-0.41933573905194443,0.12189692775760827,-0.4174997372980164,-0.08883996428648003,-0.4245748330381271,-0.13113793300963442,-0.4256051697396609,-0.17057418190959778,-0.4263835047035766,0.17837173098019896,-0.3841361500828278,-0.20840078020741679,-0.3954937485418615,0.05738417756324723,-0.2969812231648956,-0.107798037449056,-0.2965869980897487,0.49999984629727895,-0.0003920493558127721,-0.49999984629727895,0.0003920493558127721,0.6092621810287505,0.4719431057317496,-0.6507743715376354,0.49192979792270086,0.6596527569006321,0.9118665317275683,-0.6988252093739552,0.9191161812311033,0.654280180624772,1.0485398764284943,-0.6785776217154759,1.065100383225837,0.5771569611695233,1.04813389483484,-0.5969115766314957,1.060035613979991,0.5482368417334721,1.0007380248591364,-0.5759266491418183,1.0148521070325134,0.6775704545163254,0.9168002997671881,0.5562251670362174,0.9403150162847933,0.48002246771189855,0.9935595251948806,0.42231735246160296,1.0474689644699038,0.3934518932025087,1.098478971453277,0.5768630482068363,1.0899067899586796,0.5619458584055458,1.1834042440998538,0.5547372803757576,1.236959919045243,0.5499630650873107,1.2780550585112294,0.6396625530223344,1.09451763544449,0.6285622620024531,1.1867647762082907,0.6072886127400792,1.2417729155765587,0.5866197371115769,1.2810497644074075,0.6758543081783502,1.090754633429745,0.6626430350171127,1.172966745896089,0.6383681145300433,1.2214330697842073,0.6139431075794303,1.2595440384160546,0.6864651005185564,1.085382057153885,0.6681269165136475,1.1515620954274888,0.6531585782227466,1.1927089941113198,0.6341450814729211,1.2257457272096917,-0.7501386337781594,0.9048439204450803,-0.6346261062983473,0.9315672504228765,-0.5700695363531857,0.9881280136444245,-0.5204080173108263,1.0495750607853869,-0.4822023094616557,1.100524147627403,-0.6659246305012853,1.0620613995326824,-0.5916977896965159,1.1560846906834639,-0.5535776601411562,1.2062080729529028,-0.5299678227010813,1.247988449497611,-0.7214294446059795,1.0713858455297,-0.6445526539932123,1.167636462550444,-0.5927053386008128,1.217408370721127,-0.5575128875179328,1.2564702432135533,-0.7467006918660433,1.0696651187299688,-0.6829177619114972,1.1501795593874207,-0.6293710188665327,1.1937415828732172,-0.591918033565958,1.2218792067592574,-0.7474535670966976,1.065010606175416,-0.6977423500442841,1.1265535376491407,-0.6500398181540057,1.1613074858598975,-0.6145658213551803,1.1839033617492167
-0.024659880719289165,-0.36551158058539035,0.051659824451639906,-0.4183021087113559,0.08987659789956168,-0.4165422357175597,0.1225734916095413,-0.41449388262511505,-0.08604139330040717,-0.4221378072832821,-0.12806646883038084,-0.42319076724292987,-0.16721692681254768,-0.4239781218430476,0.17907546515640826,-0.3816970924215439,-0.20464030399337532,-0.39325126754225204,0.058773336346762545,-0.2948485476122472,-0.10491191313586186,-0.29469252821221426,0.4999999994305723,-2.3862684661643802e-05,-0.4999999994305723,2.3862684661643802e-05,0.6087050154862812,0.470067073367548,-0.6454981594062839,0.4906633060797435,0.6581741846893333,0.9082643914323054,-0.692895644802907,0.9173741612914155,0.652366736802475,1.044384592331802,-0.6729385748593317,1.0635195775896213,0.5756062559276048,1.0439213218677976,-0.5915017677488895,1.0589616528276253,0.5467998917672054,0.996767137060169,-0.5706192588165654,1.0141581704466018,0.6769285829255428,0.9118795121627333,0.5568056522382925,0.9355879253279977,0.4808182007531619,0.9883223305475219,0.42250099126416746,1.0413420240416313,0.39225177063565986,1.092938923961743,0.5756529173555738,1.0845707212266087,0.5612129533028383,1.178220663135151,0.5532151541506364,1.2315092298086647,0.5487663593732713,1.2719233461365442,0.6384075222502796,1.0886562560272772,0.6295380511456284,1.180868205199617,0.6082399211228122,1.2348123117390266,0.5872570217241249,1.2716965746364477,0.6739507630663649,1.0847020419880586,0.6608759877628708,1.1661168103133037,0.6353996080499361,1.213553243563077,0.6104573268968805,1.2498423072685552,0.6834242488770376,1.0796439127979005,0.6637902751240323,1.1438924433457227,0.6472330677761586,1.183349620421184,0.6277146076559104,1.213990675451333,-0.7446728827825795,0.9005687516247363,-0.6308127288839398,0.9271932760506267,-0.5671897198566588,0.9840037925902526,-0.5171768006257275,1.0447417726436163,-0.4800336959959576,1.0954177553257352,-0.6635354611696677,1.0600117629443597,-0.5888355307149115,1.1525862121352857,-0.548827763988579,1.201606094103562,-0.5238326657468615,1.242245917990184,-0.7163306250401058,1.0685994415817326,-0.6385642256126118,1.164038020898544,-0.5868857061914599,1.2127829500225342,-0.5518365141428437,1.2508354205270213,-0.739609167900311,1.06601892782259,-0.6763917485164669,1.1454296866111233,-0.623330333322105,1.1888500452315038,-0.5861097129650903,1.2170368915404328,-0.7401059905148826,1.0607107724141618,-0.6921078342279231,1.1210502304345138,-0.6459013171837681,1.1545935654876827,-0.6120942766663449,1.1763052647140935
-0.024550927092168322,-0.363978151229022,0.0514957696040839,-0.41676907769013366,0.09025240920318672,-0.4148874246687595,0.12233979300214579,-0.4126680897339664,-0.08524396762241765,-0.4207128177764435,-0.12710170093923692,-0.42180100952557326,-0.16626162792030444,-0.4225907077958559,0.17932791103523557,-0.38023067073232,-0.20350135961748012,-0.39192938771004965,0.05842911972372725,-0.2931163771045343,-0.10429555242334808,-0.29319836493515616,0.4999993831415481,0.0007854031266292628,-0.4999993831415481,-0.0007854031266292628,0.6094324975261115,0.47150760473225284,-0.6447629048339516,0.49218419821873977,0.65818382237619,0.9107793201234791,-0.6921038641507785,0.9206029598307375,0.6525873642262415,1.047218473314488,-0.6723067868500862,1.0661560277529403,0.5748850987072887,1.0464001914333443,-0.5906926717361966,1.0615627327118335,0.5459048142251365,0.9993410771624427,-0.5697948593465019,1.0169890242215076,0.6791150836722117,0.9152211828432146,0.5582003281099565,0.9397222026467383,0.48066728364892125,0.9923859852536868,0.4225844741360404,1.0445303975696678,0.394375947147141,1.0940706604876123,0.5760208411175719,1.087706397896977,0.5638735667039736,1.179527294736052,0.5568342443674672,1.232311797486744,0.5518708827899979,1.2731737416581617,0.6387177752177721,1.0926623094907646,0.6299970371764032,1.1836035000934406,0.6085646504474105,1.2386433713734688,0.587806867342839,1.2776393226932927,0.6746099721114216,1.0893764105655916,0.6628993579658734,1.1711703895712302,0.6378824648024981,1.2194695460239617,0.6127209811395005,1.2572870315576938,0.6849449239640324,1.084576340467191,0.6674271235586758,1.1503878238678802,0.6525984631815227,1.191029613419473,0.633318361534186,1.2238309793280293,-0.7468004280195056,0.9004246030080387,-0.6288492075476972,0.9286112361673423,-0.5644028956465976,0.9844757750288132,-0.5156352264445638,1.0452112348539044,-0.47904607597544735,1.0955792061629577,-0.6623363520561975,1.0601104420153107,-0.5891682378303459,1.1537760460383168,-0.552387060230816,1.2030616411467268,-0.5292976602945312,1.245352765861205,-0.7178458763891528,1.0678509750608167,-0.6413715658336072,1.1633048792484482,-0.5938595229629421,1.2137797350172643,-0.5616212389843035,1.2541601669780573,-0.7433188149821993,1.0641931851134816,-0.6801623385212119,1.1445617845881422,-0.6299334082341403,1.1898912863209739,-0.5933643271088199,1.219832314617126,-0.744933294864287,1.0581486636592352,-0.6965659102446727,1.1193811438242482,-0.6514640891355893,1.1546385717001022,-0.6168336762128822,1.1779874287211458
-0.024000098245074514,-0.3631559715044927,0.05198581789790999,-0.41607730347491345,0.09114688272823672,-0.4141127429720009,0.12273163607579032,-0.4117798059442621,-0.08444379391058056,-0.420082393328655,-0.12627588381097798,-0.421211448899368,-0.16549447770868372,-0.42199925423397916,0.17998197321840048,-0.3795333159269696,-0.20259371600363524,-0.391308754045048,0.05867610554560632,-0.29198478111648885,-0.10364829195817392,-0.29217378886699696,0.4999999449929925,0.00023453572104974039,-0.4999999449929925,-0.00023453572104974039,0.6119199643722633,0.47293930036335535,-0.6456413701415049,0.49475020805169834,0.659967936657441,0.9144591196270313,-0.6943879205587762,0.9241881611913825,0.655039029038265,1.051299816625601,-0.6819966928274218,1.0681737397661029,0.5764468556494113,1.050541347305481,-0.5979978538691056,1.0638106743381275,0.5471919152345468,1.0033614162594842,-0.5757898813196872,1.0194854041931727,0.6848909001999469,0.9158187867506218,0.56400838550511,0.9406259301839673,0.4870283975567925,0.9947645162621755,0.4295351429747065,1.0466708221311982,0.3977565433391898,1.0957584322909706,0.5801695577896343,1.091089662732764,0.5677100571518274,1.1836939358016954,0.5602113146632157,1.2365888272603538,0.5547311947613647,1.2776565044402928,0.6426580117639025,1.0963908710449384,0.6353473245577957,1.186734213667155,0.613234370216353,1.2414639394867224,0.5917418154333205,1.2793258379610069,0.6776294365402334,1.0931306873669546,0.6662133836490333,1.174851222862182,0.6398918922884158,1.22296685847429,0.6134061192466473,1.260906630732497,0.686807113427029,1.0883869395275547,0.6686437772028352,1.1541326816770776,0.6531293687910433,1.1943920564109818,0.6334250155354947,1.2271720428060942,-0.7471333126396895,0.8987414164446869,-0.6313085554354695,0.9281041000400466,-0.5669312431151643,0.9829805821295107,-0.5205185440949146,1.042752292569566,-0.4838771000209075,1.0933347441119095,-0.6772541641470657,1.057236968773994,-0.6092610546951903,1.1467878580177449,-0.5736353986969838,1.1967268983747263,-0.5513385799322489,1.240374925670854,-0.7331968389190472,1.0669556474864728,-0.6591516334801811,1.1605079691068338,-0.6134286736889575,1.214700198182969,-0.5819891526624958,1.2596658316156761,-0.7577905152235687,1.065402743654441,-0.6933329669986937,1.145494635062041,-0.64568800297493,1.1943469475263613,-0.6100657758615341,1.2284251859082334,-0.7572287876941408,1.0596350546131355,-0.7045599359419457,1.1230854250729565,-0.6589068111046994,1.161408927640197,-0.621492648789248,1.1873637569183937
-0.02420629483490315,-0.36223529023849416,0.05160450422578781,-0.4153250636429083,0.09156917634506867,-0.4133148286339054,0.12266763997478944,-0.41091328673219085,-0.08433148945002505,-0.4193913988954573,-0.12590694860646565,-0.4205485023209265,-0.16519648447326954,-0.4213395247326828,0.18060139368343375,-0.37871898798614495,-0.20225009015608886,-0.39054702043839445,0.05852740272774942,-0.2908155905119474,-0.10347044028847227,-0.29104357894865623,0.4999983255323383,-0.0012940111505808734,-0.4999983255323383,0.0012940111505808734,0.614480549982305,0.47509717239410454,-0.6467455194105763,0.4978137644110422,0.6617743336974857,0.9194491963485867,-0.6964482981280848,0.9284543764988129,0.6569829455288652,1.0568446217875664,-0.69081639131543,1.072915494203299,0.5783711565946165,1.0560919732887113,-0.6075108689411092,1.0691819112273615,0.548975210471142,1.0087491137725693,-0.5822765813159761,1.0246169560833904,0.687480574586069,0.9177671653137698,0.5687420563704866,0.9427657056333504,0.49078736336312795,0.9970699904484703,0.4317675209004989,1.0503102018221864,0.4013651386470299,1.100083154348546,0.5887506120558743,1.092306398063504,0.5751589084513208,1.185712782820261,0.5674301577784339,1.2397143570873954,0.5617430215791832,1.2820128052243531,0.6508058157405772,1.0977509071720208,0.6444672403266968,1.1901120232335365,0.6209848517770017,1.2462934192143975,0.5989207691634996,1.2850972422473883,0.6841762902054564,1.0949629124482503,0.6732933873530287,1.1784582786725515,0.6459295768880515,1.2277363453181893,0.6184445293197649,1.2658826137719446,0.6912652208564647,1.0913566819402278,0.6733953610578299,1.1586042888275747,0.6568204297144667,1.200284320718774,0.6359367653539935,1.2338686800607401,-0.749908968395839,0.8927696951829951,-0.6375060443538916,0.9201556738446682,-0.5737249318933254,0.9733963438707297,-0.5269918506704362,1.0337419973798896,-0.48951918962800645,1.0903737899639656,-0.690067297372252,1.0402562366420707,-0.6326356915397989,1.1377187898577197,-0.5991297617489018,1.194237448196589,-0.5791414632087707,1.2428689679192817,-0.7495610805918282,1.0529514277954184,-0.6847648940487618,1.1573324458736898,-0.640447305403094,1.218011386753864,-0.60683863748682,1.268327230773101,-0.7756547298281871,1.0556655794915741,-0.7147361813185529,1.1414788217855771,-0.6678774675740439,1.1969275970866669,-0.6318112639488837,1.23567561741763,-0.7721352228344802,1.0545594629185056,-0.7190749942853177,1.1214629276626626,-0.6761918408499908,1.1628356624824219,-0.6405673958755399,1.191356652814926
-0.0244455478727825,-0.3620824279174093,0.051379835668526504,-0.41526806923082965,0.09163505556665309,-0.41322267379379835,0.12243455688662365,-0.4107820585702163,-0.0844282191217908,-0.4193712645620115,-0.1259569632841646,-0.4205594124701599,-0.16530658124185998,-0.42136371134411693,0.180814066909048,-0.3786096059022368,-0.20223135754490276,-0.390470640600691,0.05828222691890545,-0.2905387260624986,-0.10366646012369009,-0.2907493338359962,0.4999962158744492,-0.0019452792167629256,-0.4999962158744492,0.0019452792167629256,0.6156561397619503,0.47651208999913475,-0.6470379614300209,0.4988658405767731,0.6622380922152532,0.9219680901856647,-0.6975545387679123,0.9301896418511743,0.6569499649462872,1.0594858926489243,-0.6944743282954572,1.0749049391310952,0.5788812123637375,1.0586607665383225,-0.6119599943940164,1.071682230543214,0.5495569225922871,1.0112639484512944,-0.585704965481638,1.0269744231050457,0.6886516225241558,0.9207901261836698,0.5673288342495294,0.9443204624902898,0.4896677441960112,0.9995885977560148,0.4326727859861241,1.053846918327362,0.4044275308426061,1.103372555654085,0.5887063081094457,1.0939480779308959,0.5749137769243612,1.188091169242696,0.5668655813756299,1.2428083015860112,0.5616425392211788,1.2852618669402789,0.6518540301919472,1.0995607119237605,0.6429493145362012,1.1925517201379257,0.6190425565555169,1.2495939990546012,0.5972307735549794,1.2893270066221503,0.68618114471862,1.097152409545267,0.6742961433838798,1.1805203155808888,0.6463243988627698,1.2306834807469647,0.6188261676924359,1.2697193884526987,0.6941392930971519,1.0934038132321064,0.6755414896220783,1.1608598636125957,0.6582319119900599,1.2029729955325896,0.6370129395266678,1.2366463492266417,-0.7493509191693336,0.8927699889656501,-0.6381319440719846,0.9220256713693296,-0.573435119693308,0.9743153586534115,-0.527552257940617,1.0347270556631567,-0.49041338989618194,1.0915780609138819,-0.6861727219390945,1.0441536773665885,-0.6327616564172841,1.1396056686166427,-0.6013064034258961,1.1947283195087466,-0.5807624784561071,1.2423550029060964,-0.7495034480494671,1.0555086561570093,-0.6856418571168227,1.158596126759048,-0.6419241856972316,1.2175519080424588,-0.6099749749720379,1.2668322127728222,-0.7773870979538131,1.05552626742329,-0.7183006487316737,1.145925050382415,-0.6709701408907276,1.1998986810058023,-0.6334618191080174,1.237975616977203,-0.7741265251434291,1.051805695994732,-0.7229278558054226,1.1230538348590227,-0.6798936163735985,1.164535258314608,-0.64348967412812,1.1931702584379853
-0.024400336652614613,-0.3635653729869826,0.05101794386097302,-0.4169013532427764,0.09214038302011739,-0.4148205732009689,0.1226023643159712,-0.4123321251186612,-0.08397965471540589,-0.42102845493968494,-0.1251886619373673,-0.422222679784983,-0.164587337569088,-0.4229974946450903,0.18181062157759184,-0.3800845240377325,-0.20138275499263725,-0.3919768116672257,0.05867553367292863,-0.2918204409155111,-0.10309262437173279,-0.29203912504228174,0.4999933783353613,-0.002573251016184323,-0.4999933783353613,0.002573251016184323,0.6177251763191932,0.47715042262135177,-0.6477741941877255,0.4992410880554285,0.6607465872392819,0.9243280348975553,-0.685334603145105,0.9202470567873072,0.6577312865406275,1.062809153810219,-0.6774484675077335,1.0637148951908633,0.5808063533592878,1.0625215145376672,-0.6005554601367942,1.0595482699546366,0.5497600376394188,1.0144493790164115,-0.5758235478499588,1.0162825037934047,0.7016691831044762,0.9194668697956422,0.579500464922324,0.9441442933195342,0.5020641048166821,0.9996514589167795,0.44502879802545336,1.0527100069499813,0.41301473117781573,1.1008530546078,0.5950217809085816,1.0950213755676026,0.5832302591181653,1.1872206601730144,0.575477045364481,1.2417654467740489,0.5690301805161795,1.2846289170263383,0.6583808539907017,1.1017187352359703,0.6517372156379118,1.1925871126203065,0.6272138955449919,1.2488087717147387,0.6032276351183785,1.2886788902630242,0.6924123864725014,1.0995783245338713,0.6828700994205977,1.1828440613376143,0.6543474576171083,1.2335459320011477,0.625139178337371,1.2728576558463687,0.7008876147075535,1.094537883727401,0.6835919604124925,1.1619532231146033,0.6653247177528357,1.2049003451297213,0.6431649820558731,1.2390772321425276,,,,,,,,,,,,,,,,,,,,,,,,,,,,,,,,,,,,,,,,,,
-0.022622334736443213,-0.3654359690698821,0.052916284753210883,-0.4188988253434794,0.09437001986113883,-0.41679211273835787,0.12478519900954324,-0.41427304382756414,-0.08234375090030793,-0.4230448154042106,-0.12364018870520307,-0.42425552681136086,-0.16317545161107544,-0.4250323797337374,0.18443147314966618,-0.38193419033699894,-0.20000537045601677,-0.39390223386302275,0.0608898168314927,-0.29342937150543213,-0.1016062352818436,-0.29372007480138496,0.49998990090645506,-0.003177891054338988,-0.49998990090645506,0.003177891054338988,0.6224376434964328,0.4787154599384548,-0.6501146472996867,0.49949920422423566,0.6650054843430389,0.9280649160517963,-0.6790055608628962,0.8969191252263948,0.6625081488175736,1.0675624223631555,-0.6677003470550172,1.0122500318774894,0.5853176379054771,1.0679644129229884,-0.597083799861048,1.0108581703915647,0.5540713494401174,1.0191234847281916,-0.573040510188462,0.9718034310939282,0.7070202798949055,0.922345644685768,0.5861880522810049,0.945191748515477,0.5104905170447298,0.9996893682575554,0.4539316167211153,1.054223364445999,0.4243595696134649,1.1044128414935483,0.6023792702131726,1.0956345576081776,0.5880062580493292,1.1886700936620336,0.5796375174605367,1.2444264001033436,0.5730342676203358,1.2882758941343864,0.6648732343812533,1.1039747827623194,0.6574376421242204,1.196106302469005,0.6330219562888445,1.2530582533783456,0.6095751786816549,1.2929373199436152,0.69888305380798,1.1028316991765368,0.687753710870028,1.1873448195694556,0.6600356294271286,1.2376814979147965,0.6319089295125585,1.2760748332660208,0.7072721405447395,1.0992828377311403,0.6899920954213677,1.1676304811518192,0.6732871372530331,1.2111532037155133,0.65252543462755,1.2455793484881406,,,,,,,,,,,,,,,,,,,,,,,,,,,,,,,,,,,,,,,,,,
-0.024910437266987114,-0.3674719703521144,0.05109831695490485,-0.4211356753920865,0.09281595873407052,-0.4189636357029544,0.12332156279884975,-0.4163114699000332,-0.0847865199831895,-0.4253965039718022,-0.1262522389548294,-0.42664511092060986,-0.16603402836625714,-0.4274107624687131,0.18348724047164175,-0.3838174584941307,-0.20274119680522049,-0.3960905950738156,0.0589911747867519,-0.2951054385667198,-0.10460749642047622,-0.2954151873479115,0.49999003337572445,-0.003156980351847804,-0.49999003337572445,0.003156980351847804,0.6238836547344326,0.47984376645788945,-0.6554257079867278,0.4722547662892735,0.6637948937115736,0.9334717866896134,-0.5795659370374712,0.8172487109744494,0.6600672113072925,1.073645047444186,-0.5543833456236462,0.9459871567380731,0.5812700979369954,1.0742271829163457,-0.49418991768467135,0.9245672068627429,0.5458291322860115,1.025065028388019,-0.4637767111542216,0.8849382764594508,0.7097600315403336,0.9281012575214242,0.588434472524188,0.9499729631266806,0.5144648202637645,1.004275428134473,0.458421374869194,1.058211558622768,0.42367215049032086,1.1096873722154115,0.6086614710124962,1.1025501277767218,0.5894080572818875,1.1958145866228982,0.5806932334651164,1.2513377532838954,0.5756977204639456,1.2958329021520651,0.6706395976346935,1.1107364563006588,0.6620757724730179,1.2034446695878183,0.6396879739285287,1.2620847027382343,0.6200854339440444,1.3032188137804603,0.7039875110860434,1.1087709933136978,0.692737026075493,1.1927360124002233,0.6670633789737679,1.2439034724764553,0.641578247646782,1.2840844626444239,0.7113107908287521,1.1050481168214372,0.6941667073868791,1.1720915196838124,0.6792814025946371,1.2153560450158962,0.6601872040783847,1.2505264843289525,-0.651602294915587,0.49167514670523926,-0.6055935163050925,0.5206377429526007,-0.5932461206332199,0.5826231559575388,-0.5982833365483751,0.6305652289503408,-0.6042210408496922,0.665598467226683,-0.6873332430967105,0.6148412149958131,-0.6931732788634176,0.681558746017315,-0.6915256261874891,0.7301708561634257,-0.6833667378708949,0.7680163281188553,-0.7153301610867931,0.6204943627966911,-0.7264629400101965,0.6877078329328238,-0.7178700468322678,0.7363590104927784,-0.7035374219223823,0.778770718985355,-0.7344111821023442,0.6236102991095898,-0.7446335895140594,0.6866992115262006,-0.7364802434992308,0.7324299448718966,-0.7238361602748029,0.7722359188728468,-0.741636018163343,0.6237825367952273,-0.7510237471776928,0.6779091984407218,-0.7491208385617083,0.7151002912142647,-0.7414743999929765,0.7461235385124768
-0.024815774308916228,-0.3685949871410366,0.05115349102961759,-0.42303823251576583,0.09284592596984415,-0.4208392771793961,0.12314219622898322,-0.4181196410204618,-0.0846247558603408,-0.42741444653989785,-0.12602746305362653,-0.42870485471582875,-0.16578897375581667,-0.4294571472622783,0.18260651101967157,-0.3859113536027871,-0.2024280267712651,-0.39817019253011476,0.05882372124055201,-0.296679585618752,-0.10475436402216076,-0.2969747375278447,0.4999987247435393,-0.001129271816004817,-0.4999987247435393,0.001129271816004817,0.6245284991390027,0.4775395551695355,-0.6517052562565682,0.4722124080321492,0.666487027976794,0.9306395016753872,-0.5683807495520623,0.5182210812607142,0.660195619784866,1.070456269751508,-0.5267242690580997,0.5294015192642186,0.5822226689474299,1.071804096558218,-0.4982220016866776,0.45401744353384127,0.5499549482101768,1.022529457809979,-0.480612536748649,0.44840173096997527,0.7148026748565818,0.9264080352926796,0.5927263264904419,0.9467726646517372,0.5198728548680059,1.0025913225721201,0.46875772041360525,1.0578472624132615,0.4325092845611225,1.106676809912924,0.6128758490761622,1.1006279392572156,0.596499528659347,1.193173909060061,0.5896105327743438,1.2483491063731704,0.5847517232947566,1.291870878743132,0.6758100778834352,1.1089321765356734,0.668483894528991,1.2010198821247162,0.6457465816686423,1.2589217282635419,0.6239560175678877,1.2997729531420434,0.7086488854072499,1.1077605575108684,0.699279652634287,1.1907545777642639,0.6733662603699238,1.2414067987230175,0.6465058093938432,1.28087997646282,0.716256350313284,1.1040445415086504,0.700082273656703,1.169955240552749,0.6841868439586666,1.2124665690018468,0.6640535938594018,1.2466552180211707,,,,,,,,,,,,,,,,,,,,,,,,,,,,,,,,,,,,,,,,,,
-0.026152291907620723,-0.3680449596218121,0.050110105332882106,-0.42260289146448243,0.09216371977317596,-0.42041209232869,0.12230523668850028,-0.4177028926266106,-0.08618784126919408,-0.42699603126529817,-0.1273467935442861,-0.4282988685196369,-0.16725918320253025,-0.4289999195954948,0.1815617715569624,-0.38607817301524433,-0.20288277158260168,-0.39773732514623406,0.05807267606310609,-0.29616536128177395,-0.10636956067788196,-0.2962997155264097,0.4999996893464901,0.0005573629099315803,-0.4999996893464901,-0.0005573629099315803,0.6243248873001895,0.4773900659632493,-0.6519370277356438,0.47399391289215764,0.6664339630487331,0.9307642622854088,-0.5784751941819697,0.3801536891733067,0.6588700011065722,1.070355572634488,-0.5295827201829308,0.31570857850624034,0.5816086806381523,1.0720496212537922,-0.5067796793601655,0.2521249771553103,0.5500831097342715,1.0233672960386664,-0.5040506886465529,0.2624146764941194,0.7164165306106192,0.929392601885288,0.5949159863812703,0.9504115081928073,0.5244240439164277,1.007563611744888,0.4735214073330467,1.0613979516727332,0.4349341246583617,1.1088342564905054,0.6167186322374919,1.1042291088675116,0.5985919247112979,1.1968515076026998,0.5917647616016392,1.250965787709336,0.5884228304799536,1.2926297787131826,0.6812491037449091,1.11153698828862,0.6710989097359292,1.2043400235752584,0.6488922328967041,1.2618908908352577,0.6286293354837623,1.3023956165608006,0.7162244299898659,1.1093753915455788,0.7048220187893144,1.1917385326935532,0.6804559140850246,1.2415280701155533,0.6557474365001986,1.280302650895473,0.7254085437802832,1.10381717697188,0.7098045511801752,1.1693941321028363,0.6963731546328448,1.211116837731897,0.6784010571223861,1.243997957370932,,,,,,,,,,,,,,,,,,,,,,,,,,,,,,,,,,,,,,,,,,
-0.027853519477519274,-0.3667218122624752,0.047893367329423335,-0.42149889719029154,0.09149669218487569,-0.41935337310818693,0.121396481854064,-0.41667498792139,-0.09001438213449686,-0.42597901511929,-0.13200821580482675,-0.42730385728659664,-0.1712769383726753,-0.4277910755266303,0.17999836147948384,-0.3854743379290377,-0.20556370358264348,-0.39654006366157846,0.05782943216166363,-0.2944478446109332,-0.1088767214389965,-0.2942559124970044,0.499993677851651,0.002514380317176178,-0.499993677851651,-0.002514380317176178,0.6252619897621531,0.47755340212264213,-0.6598944803317133,0.4750190627222763,0.6712483363175099,0.9302452132265303,-0.5860903549826885,0.2429721312921099,0.6614122216227932,1.0697752957663074,-0.5445020465607322,0.1537491500143207,0.5838861914236158,1.0714961091247244,-0.5312222937687051,0.10282749465598033,0.5539000671155139,1.022893111291041,-0.5363070636132488,0.12451125924346972,0.7139490155037477,0.9265549489384884,0.5894731875009791,0.951618451612766,0.5208366853999714,1.0115212302417436,0.4720421422562971,1.0659397479192336,0.43174784772780594,1.1113423299716856,0.6168114067725815,1.102958586702563,0.6003135999397602,1.1950680536856775,0.5957805672320728,1.2495325236709762,0.595941168227041,1.291742735464103,0.6830455469767954,1.109414189702616,0.6732066472937267,1.2021767364542861,0.6526501841025173,1.2591846744128825,0.6351842843742083,1.3004611415001968,0.7190011390959422,1.1065269303894154,0.7067471903469205,1.1894578493720471,0.6826729774239212,1.2392531316635582,0.6595831031617966,1.2784286344824005,0.7274900930361421,1.1007652536537484,0.7111338564445501,1.1672885684818501,0.6979101128627143,1.2091393620559874,0.6810137432523995,1.2422177517643158,,,,,,,,,,,,,,,,,,,,,,,,,,,,,,,,,,,,,,,,,,
-0.0400488585303076,-0.3703549209972601,0.0348487446322905,-0.4261307690937722,0.08043243208881125,-0.4239687173745304,0.11110320544279495,-0.421220298135993,-0.10431492644547523,-0.4306645046913527,-0.1477087833785439,-0.4319504677009082,-0.18689591210218662,-0.4322066195757883,0.17071824078147713,-0.38971432177711146,-0.22083214257870665,-0.39972959794691293,0.048648002561528625,-0.2966158113454609,-0.1200360863753032,-0.2952350874009795,0.49995982729610583,0.006338066743730948,-0.49995982729610583,-0.006338066743730948,0.6233271400472941,0.4833211843258106,-0.6862386195689837,0.459881977084221,0.6725904626846192,0.9405526331125283,-0.5901432847890334,0.08490012455750866,0.6612614055759755,1.0822487921324417,-0.5213135114677993,-0.009230974889238318,0.58241216970177,1.0837760786129398,-0.5324782432557622,-0.05667294697219966,0.5524819557929874,1.0345241804979095,-0.5339095167988911,-0.02553572445794089,0.7115509007158752,0.9371708180129195,0.5834815362886379,0.9630539340237947,0.5157303630722907,1.0250266464634814,0.46869763928797703,1.0802875303050412,0.42855014644018463,1.1261845313729932,0.6155620643937566,1.1159059043142627,0.6000416161056172,1.2099860629115986,0.5953043518608507,1.265719108174581,0.595439098623809,1.3085629447842857,0.6810338106618044,1.1219316355734712,0.6696009938506737,1.2165991398170117,0.6486050693771479,1.274495019300763,0.6326894578178478,1.3166083124848127,0.7162939554719419,1.1186426251549706,0.7026131682738993,1.202415517137686,0.6780341693080072,1.2530857775206488,0.6558497815151965,1.292422442286111,0.7241964383936295,1.1117769567566256,0.7062530523771294,1.1793503456260268,0.6925289145944882,1.2221558396609058,0.6753508150714441,1.2552678612789832,,,,,,,,,,,,,,,,,,,,,,,,,,,,,,,,,,,,,,,,,,
-0.060802448159937614,-0.37268095360228537,0.015282553135860863,-0.4303126227310777,0.06281592124263677,-0.4281184502475665,0.0986214712608674,-0.4252739049317971,-0.12555945799502405,-0.43484883829559906,-0.17215597664480367,-0.43610753086728277,-0.20869109143064618,-0.4362732055519773,0.15905643822740156,-0.39288714246250034,-0.2427142186923162,-0.40306382980506517,0.03296740934016279,-0.2966907328883216,-0.14008050373624586,-0.2948033788033805,0.4998091047460438,0.013815166048883562,-0.4998091047460438,-0.013815166048883562,0.6308139951747663,0.5063298718217567,-0.723796041956837,0.4459284184311199,0.6820367568435511,0.978067771767874,-0.5955366062228412,0.011871378646836383,0.672109165598762,1.1234485361499167,-0.5247331350286182,-0.08885592943414923,0.5890456066141814,1.1243422852148335,-0.5388616852367343,-0.13869641722012885,0.5581657466380582,1.0739212714002087,-0.5346082807495872,-0.10077838405963689,0.7207544432597096,0.974392718149398,0.586671943152066,1.0021809507489892,0.5178440811446965,1.0654652161586435,0.46862133879136353,1.1220586894879423,0.42941706103284916,1.1689198526012383,0.6219686668593165,1.157217008571655,0.6072724804594387,1.25437802103287,0.602739285950437,1.311559270924061,0.603809464657698,1.3553507193835272,0.6893414274054884,1.1640188143721708,0.6789417458848372,1.262668925239364,0.6565802957362035,1.321843588404604,0.6395829512066807,1.364971854756409,0.7273986708043233,1.1604331839970747,0.7140700960977957,1.246741276048219,0.6887863588046883,1.2994173668256301,0.6657006609461571,1.3397138971370688,0.736723501051843,1.152715071917096,0.7195671281597688,1.2219036882342453,0.7065355030704472,1.2654990500501198,0.6896963812886706,1.2986968249438366,-0.6280670098119097,0.012405017893817505,-0.6128512824241422,-0.042137118456936455,-0.5553521369308094,-0.08862350956284179,-0.47609099926541093,-0.11097738693230644,-0.4067185416497092,-0.12349776886623218,-0.6122851769005105,-0.13696813177847939,-0.600116204144624,-0.22194301188845658,-0.5947359862294085,-0.2750490995681565,-0.5870136043909621,-0.3197444881198256,-0.5938101736952438,-0.12724718073123042,-0.5739112463217416,-0.2143379275656509,-0.5488898172092156,-0.2710245299664336,-0.5211731232043283,-0.3167541668050507,-0.5674169436923804,-0.09934712879667393,-0.47515817788244075,-0.14346146767007442,-0.42389706894892715,-0.1285872403982419,-0.39443074071005196,-0.11519075236363384,-0.5279332787194139,-0.06349074448423359,-0.4580129224746786,-0.09740358307906832,-0.4023356748633624,-0.10946113930739224,-0.35988468887831027,-0.11954767835325235
-0.06082588754528148,-0.37307295482162367,0.0163344103761138,-0.4319960115151588,0.06477166327172935,-0.4298413463121538,0.10200638793200223,-0.4269032376707949,-0.12622105821916185,-0.43629450368939326,-0.17405804615643425,-0.43726710105873673,-0.21106974226016773,-0.4370518199834666,0.1596966060635579,-0.39385919980709444,-0.2464785339412927,-0.4040033726490437,0.035921691425154834,-0.29539740818581367,-0.14076052554120494,-0.2933532682209163,0.499822902267435,0.013306628760063563,-0.499822902267435,-0.013306628760063563,0.6478934236462577,0.5204668903095994,-0.7621199797203255,0.435484768266732,0.7010572994762496,1.008185342133927,-0.5804431923556908,-0.037786773910716706,0.6907290827441479,1.1574587011898143,-0.5172680871655302,-0.14736352250299306,0.6053755761204355,1.1578803619788962,-0.5192797948551141,-0.18364448276700795,0.5740767408326566,1.1065053301219758,-0.5082398813064131,-0.14900104333127284,0.7391168836316616,1.0055625724642312,0.6032085891254118,1.0348253037384292,0.5326783219302336,1.0988717533113448,0.4799235790472712,1.1562937767189614,0.4391665526899294,1.205877656842432,0.6408651394147935,1.1941417062796973,0.6256789222467916,1.292063440762499,0.6196136334530977,1.3501306480358177,0.6189935052715003,1.3946951493369493,0.7077282105291643,1.2001618289059914,0.6972335053697863,1.3001279094037241,0.6724151909037299,1.360263529335917,0.6536555716302871,1.4034095822046602,0.7448587562923692,1.1957078513762833,0.7324840506249853,1.28366550074664,0.7061206905857996,1.3366048644598494,0.6818140395635706,1.376771269000428,0.7539580906231396,1.1881565297391286,0.7391622146390883,1.2592887927129333,0.726167051110053,1.303943131828783,0.708939619887633,1.3376646209934724,-0.6300742167268853,-0.011007440063380815,-0.5687773812244471,-0.06490081543288873,-0.49762822214787417,-0.11257881516411364,-0.418642980287493,-0.13986247707407506,-0.3566705479343698,-0.16034558124988138,-0.5820242554747209,-0.17115142196023359,-0.5677323778732412,-0.2559136474070747,-0.5633318085122831,-0.3120706884474455,-0.5614097737973907,-0.3572831758947384,-0.5661968930216783,-0.16670057639103866,-0.5288499123030141,-0.25390119793736926,-0.49893474420192546,-0.31725189896629824,-0.4762069309583619,-0.3666782332339579,-0.5419462876086313,-0.1435376678961922,-0.433141155182771,-0.2048988734291764,-0.36896143244802104,-0.18766023308491997,-0.3426995314454577,-0.16661205729653633,-0.504223306788366,-0.11080884537413435,-0.4086821095555747,-0.15224196310224214,-0.35428374676333324,-0.15156133863073346,-0.3335454702257213,-0.14610876021742172
-0.06390672752816882,-0.37583089316740315,0.013863683910311718,-0.4351944903847399,0.06278225478248577,-0.43303185017982243,0.10153199291961175,-0.43003774951943274,-0.12884402698262543,-0.43920655939476966,-0.17692475214360837,-0.4398009307146931,-0.21387075987439447,-0.4392871888983571,0.1562335187882158,-0.396576755932835,-0.24939072716129732,-0.4064688942533982,0.03612276881372316,-0.29704906556979144,-0.14352468975537372,-0.2948703161576355,0.49981436333594287,0.013623589948542321,-0.49981436333594287,-0.013623589948542321,0.6559105782593541,0.5263976018393566,-0.7802410223889839,0.4120575371542262,0.7104261387718579,1.0227743605114814,-0.5474729938803196,-0.08324958685074241,0.6993436719309424,1.174468838891221,-0.49079980120659933,-0.19060568419252807,0.6117932188834078,1.1748082173193644,-0.48982698871766406,-0.21976009406577499,0.5810187903402557,1.1228657896604768,-0.48071944391027044,-0.187232850227244,0.7472684799980316,1.0217350245087167,0.6083964297757536,1.0507070581238491,0.5357876420451887,1.115455220461195,0.4820346396535697,1.1742645107082168,0.4415350910472855,1.2236211184694457,0.6441338296266784,1.2111250478265045,0.6263557752922055,1.3107109984312706,0.6218355150476085,1.3696578429452824,0.6224823873589983,1.414369824043337,0.714312881488268,1.2175425219598617,0.7028983813499707,1.3177466320921314,0.6782678208193067,1.3772256647167782,0.6576178203570531,1.4194097522893165,0.753039248754789,1.2136045302629104,0.7397512394679167,1.3028036312968414,0.7136060795872553,1.3556212980598883,0.6887075887185833,1.395910508830727,0.762301124775571,1.2062563946751022,0.7470382769225719,1.2784415019085553,0.7338344027698778,1.3233604821462548,0.7167780075327309,1.3575968043651752,-0.6026771604017223,-0.038375679006352637,-0.5335513001304704,-0.0891721827990376,-0.46610096434681053,-0.13757100220243432,-0.3930984609139456,-0.1658746289182623,-0.3356072877690485,-0.18655434377314234,-0.5297090455356048,-0.20936690097291843,-0.5130571332947154,-0.2887599603042472,-0.5074781726117095,-0.34083593579516375,-0.510006316539411,-0.3839254359351603,-0.5127244322581734,-0.20510355337018688,-0.4604331943555054,-0.29027844088811294,-0.4275467068488168,-0.3505176528128865,-0.4092100052394882,-0.39749781863685907,-0.4970795541381767,-0.18068683630555904,-0.3783082054515386,-0.24392857909761914,-0.32890293619901434,-0.21489469614277829,-0.3179495099507967,-0.18880629409072913,-0.46928466119498374,-0.1437046037253351,-0.3680220175590952,-0.17493351223436043,-0.32250056966415547,-0.16712305074554715,-0.30998914102053104,-0.15970254892625818
-0.07863276956107354,-0.3788718989967865,0.0003673034056125134,-0.43821756250241045,0.049703293964131236,-0.4363038229977019,0.09237642610525822,-0.43334219096917903,-0.1411525431412518,-0.44094482198960744,-0.18840086398630526,-0.44134534754445026,-0.22407671831473486,-0.44080525514894775,0.14679109422474093,-0.3999080286338525,-0.258356735167106,-0.40830351089507255,0.025730596846244236,-0.2992996104368689,-0.15917619310917908,-0.2970035626118191,0.4997756689842578,0.014976003850748366,-0.4997756689842578,-0.014976003850748366,0.6586864230385178,0.53165819633454,-0.8003587279724989,0.39751899260485013,0.7188699102617541,1.0357257781395925,-0.5416878194781296,-0.090117827165982,0.703940400512982,1.1901242373296903,-0.4669037471439206,-0.1933567971180519,0.6149577902477987,1.1896618323518535,-0.46636644439453667,-0.2296245636320048,0.5862061757245983,1.1370191812607828,-0.4663022825338094,-0.19772098713373698,0.7461357423552547,1.0360640861325179,0.6081894324862862,1.0616454791787837,0.5355328457237805,1.1264777003217998,0.4804298958255872,1.1878945492683703,0.4336167597750316,1.2370673877963176,0.6427967678165704,1.225516224031872,0.621528167669623,1.3267930583458125,0.6159409291677695,1.3872460422910495,0.6159096513173492,1.4335991403362327,0.7137736494767699,1.234531007731416,0.6986458212493863,1.3396293190888822,0.6730196247957616,1.4022592414233788,0.6511261439182532,1.447187252975624,0.7520519900296384,1.2326239042030804,0.7361479639034437,1.325879745113537,0.7072448631425315,1.379656683223367,0.6802302682691646,1.420279171863148,0.7617352743808702,1.2259683157725432,0.7430838695015325,1.3008393743448132,0.7280683033967388,1.3473659376577332,0.7093668539567285,1.3828620711483417,-0.5806377039329971,-0.060388483945586165,-0.4617150053633691,-0.10992997843484,-0.39356783928417605,-0.15530086744209176,-0.3438422281510962,-0.18685311759888074,-0.3119922466721974,-0.20607056703609683,-0.4958757437104885,-0.23108481657298308,-0.47709128116476773,-0.30330943086076395,-0.4699179175076766,-0.3477558480512658,-0.473750299531484,-0.387477111925285,-0.49009762578633964,-0.2247430210634202,-0.43393477943254927,-0.30612511367644674,-0.39544062171178007,-0.357206830962078,-0.3711735746610179,-0.39635892249317684,-0.4769945734326571,-0.2001232951154853,-0.3493230374267895,-0.25139690624018224,-0.30018942301396384,-0.22618755054445738,-0.29091790733678,-0.20042525317413842,-0.445137829175289,-0.1668164420848428,-0.33736585334999475,-0.19180761364020268,-0.29453185161602985,-0.17823666155117712,-0.28316877762776094,-0.16197987199307887
-0.08523679873884657,-0.3798514810987024,-0.006130229747849081,-0.4385145807965496,0.043670037876535193,-0.4368342317605724,0.08819877854439166,-0.4340142031200569,-0.1472239215511359,-0.44007879953353746,-0.19366255833008003,-0.4402633614873528,-0.22821172506792836,-0.43958069849208964,0.14178186664187545,-0.4011251187942657,-0.26115321430410676,-0.40683097900484455,0.020940043977984907,-0.30030689015850526,-0.1658192697772392,-0.297727050690598,0.4997828744416014,0.014733581197064397,-0.4997828744416014,-0.014733581197064397,0.6592011557673241,0.5317718747523351,-0.807899410610447,0.3927173953843116,0.7213657599346951,1.0379756650790146,-0.5344800129733426,-0.09589479578463668,0.7055659338457062,1.193492409306165,-0.45428523651470804,-0.20042410613267528,0.6154269440519365,1.1929491959470375,-0.4542781983147693,-0.23459736515572308,0.5875756845256711,1.1400258330968236,-0.45582940062175004,-0.20274730569558735,0.7488873264325048,1.037615105727936,0.6107656205503387,1.0648665071052055,0.5353910782762562,1.1300383729909804,0.4807046039425929,1.191134018743559,0.4342494316336722,1.2413494553667395,0.6419753734112281,1.229854633307751,0.6237603423745858,1.3317379196691812,0.6192521633198478,1.391660645162089,0.6186556970744368,1.437513924179863,0.7132107757406135,1.2376339641798009,0.7022484825444598,1.3406068995678917,0.6785913118009674,1.4016947439422252,0.6576829397227069,1.4458496968350216,0.7520889442263256,1.2349650448439944,0.7382408194601087,1.3266286952991926,0.7099218164294806,1.3801361439467323,0.683341842366849,1.4211586738788409,0.7622553272462741,1.2282351689411235,0.7436074893121939,1.3018357456402845,0.7282855824383224,1.3476450995066334,0.709717284643309,1.382717721765227,-0.5765094294846391,-0.060203151121792406,-0.4607984545760912,-0.11291570716420246,-0.3960833933056173,-0.1580337910799415,-0.34832301649721337,-0.19193824174388316,-0.3157486160265146,-0.21431301853950105,-0.49413764450760334,-0.22925596498534562,-0.4819841995700099,-0.3030439443575743,-0.4771580295541841,-0.3501588843125598,-0.4815859052915488,-0.3903728692276092,-0.4912572399832759,-0.22470436956472042,-0.4341192673336003,-0.30718062517217226,-0.39754123346642267,-0.36034392280222544,-0.376111864997516,-0.3983884885831448,-0.4807260577327676,-0.20080281216793333,-0.3523491212549424,-0.2521269772754396,-0.30389883125736256,-0.2275017572488065,-0.29486636160585805,-0.20052620243058183,-0.4515627251022594,-0.166545688328748,-0.3352004199078142,-0.18934903214232252,-0.28496454706553453,-0.17796546452091985,-0.2693393192135802,-0.1642220647778878
-0.08719644348165874,-0.3767724344232206,-0.008457038025694039,-0.4350272660509085,0.04147115547966851,-0.43360966007701857,0.08648511730959166,-0.4310053513727647,-0.14921311089078804,-0.4356170128659161,-0.19518308423991232,-0.43571484459829707,-0.22945243328403736,-0.43478550675038663,0.1386835837342211,-0.39853144997375395,-0.26213306623716914,-0.40137124182057904,0.01833995128744288,-0.2974183895528086,-0.16832002564240195,-0.2940072128936292,0.4997095619237295,0.017039768836293694,-0.4997095619237295,-0.017039768836293694,0.6588700439146795,0.5343532753083224,-0.8124350766536976,0.3787914913985668,0.7206644165942288,1.0405640887395788,-0.4942995985831259,-0.09549572942913115,0.7047677566344248,1.1960898271475904,-0.4031225443276749,-0.19826561073613,0.6135661914377878,1.1957660113225095,-0.4009684651434422,-0.22883007589156945,0.5857453402492254,1.1427993092395299,-0.41006380539531684,-0.19674957933924211,0.7419144696601342,1.0372321273712914,0.6085064207482471,1.0622706050769837,0.5264054542060921,1.12566692466699,0.469070376563498,1.1885918539071274,0.4292608763077639,1.2409048178078854,0.635189082211146,1.2266815172584646,0.6115666414398561,1.3293555599372968,0.6029350583727748,1.3923422330015984,0.5973691240258006,1.441493539928192,0.7035135427996176,1.2371036712263066,0.690089858698301,1.343448078925095,0.6649740315865129,1.4099683985415612,0.6413144427451901,1.4585490839723079,0.7378860243852037,1.2366577247600221,0.7233126159976653,1.332077207351346,0.6944212558137731,1.3883872357372808,0.6660552270129481,1.4313957106631026,0.7435114974197649,1.2317570631558274,0.7215943057262835,1.307410719223654,0.7038592403645808,1.3563016504082366,0.6838247264304347,1.3951334270307778,-0.5278075818174683,-0.06291068066533044,-0.4180290131513296,-0.10897496600960659,-0.35305695385095803,-0.15026877762069368,-0.30599747340676114,-0.17525959045113831,-0.27683089521543397,-0.1915161965507124,-0.4330294547183551,-0.2240224540883476,-0.4200355178107743,-0.28702248519153095,-0.4124696942140872,-0.3283032780155175,-0.4099922232695002,-0.36504861377768716,-0.42135936307365673,-0.22497405533439416,-0.3701079179960287,-0.301320717978107,-0.3283797792921605,-0.3426857724632297,-0.29544352012195346,-0.376145921196434,-0.40540290998743017,-0.20702144476804704,-0.2749949493889482,-0.23847093300748792,-0.264911707950447,-0.20568462312453673,-0.2842398996762976,-0.18213512148618793,-0.3730779825268046,-0.17635494963943524,-0.2617183309347478,-0.18072688734275147,-0.2536309077245859,-0.15778286532075977,-0.2698357779275389,-0.1408700614635509
-0.09211545519720526,-0.3744804225797862,-0.011286693868326508,-0.43180714414487115,0.0393116513729889,-0.43066207059063555,0.08510121275537327,-0.42848591423758187,-0.15199549346397107,-0.43191825549041934,-0.1972290746759866,-0.43167553817613497,-0.2305136130611906,-0.43074239765713895,0.13662334043360919,-0.3965550372450931,-0.26208998388564225,-0.39663743918047295,0.01435902419896474,-0.29518896971132175,-0.17247233206160648,-0.2916292992602894,0.49972336129152534,0.01663015873344544,-0.49972336129152534,-0.01663015873344544,0.6581181738131627,0.5355524087717508,-0.8233209698726056,0.3790368346325178,0.7165542727189553,1.0412328456404145,-0.46757949265722737,-0.09179622180006813,0.7004163660403872,1.1964203343216546,-0.3692965955853672,-0.1943930676759522,0.6051292408720497,1.195930495889756,-0.3666968272274111,-0.2268820420519491,0.5760217946335481,1.1442930224396937,-0.37780101732313365,-0.19481430840213873,0.7387204780246666,1.0392089592563363,0.6049527499847612,1.0631046736312435,0.5245237184965742,1.1231801730150255,0.46981018842074823,1.183020068920671,0.4300377467801315,1.234043550560349,0.6217693505072497,1.2323050645074425,0.6055332051390199,1.3329907444267823,0.6002813309143052,1.3920696292416535,0.5975997534406482,1.438458446630973,0.6924227854888606,1.241298647168903,0.6785352223117455,1.3412795491784468,0.6564984210731057,1.4024673476570688,0.6363049502820284,1.4481876338255366,0.7313430911851893,1.239774423085689,0.7155102325757251,1.330512419414494,0.688422099540921,1.3843707647591115,0.6618253293314756,1.426787182168032,0.7431503654201962,1.2340877579706968,0.7219404629452245,1.306895160911662,0.7052505564569892,1.3526826897694326,0.6855723306554815,1.389261018979641,-0.5142263559839596,-0.062424039230633895,-0.4194933478384284,-0.11237341630050433,-0.3473554076920963,-0.15502374341704997,-0.29604754198355315,-0.17781113905781906,-0.26353908924667513,-0.19023232041468488,-0.4184496464493004,-0.21940311367031304,-0.39776464345581325,-0.28222353754487856,-0.3875504450753086,-0.3218975287745199,-0.38228908573573006,-0.35756799699061503,-0.4021167867848694,-0.2186440504156267,-0.35239928689801037,-0.29174134217961883,-0.3152466847959099,-0.33223206954985984,-0.28815838238405467,-0.3660232146950252,-0.380781291226477,-0.20058117355084623,-0.24636298593314093,-0.23447521525457943,-0.23918783529272541,-0.20018423843149838,-0.25867737505926264,-0.17730122944536045,-0.3417533464141485,-0.16982839863756546,-0.22390714586997945,-0.17597475306935334,-0.22529663050901086,-0.1520241605298766,-0.24902127406226612,-0.13663718700753993
-0.09435217204559303,-0.37288376667399414,-0.012426974605231227,-0.42983133647944644,0.03854207152544519,-0.4288283738253806,0.08456601096701279,-0.4269092010646295,-0.15322986971163632,-0.42974538758803865,-0.198090538281404,-0.4293696149742262,-0.23091032549435112,-0.4284087808122086,0.1353794016250609,-0.39531524299631304,-0.2620912466903264,-0.3939271176428577,0.012369111375188965,-0.29372606432020776,-0.17438175653451185,-0.2902215321112008,0.49973773195339855,0.01619256811235284,-0.49973773195339855,-0.01619256811235284,0.6573395747524824,0.5351797217125737,-0.8304915261601823,0.38055419765994725,0.7134691073729805,1.0410762500647541,-0.4602041181482379,-0.08988079940361383,0.6972376253924706,1.1961848982500871,-0.3614639844911067,-0.19116877628064682,0.5997495877409761,1.1959326348699906,-0.3581887057227643,-0.2245895289705241,0.5701554218167884,1.1451427617235679,-0.36907079976215956,-0.19219119586879121,0.7378396786646396,1.0369823419438984,0.6064520785542047,1.0613789686081496,0.5264727437124278,1.1209359670596306,0.4706892061370655,1.1802662499314138,0.43169497238270815,1.231980750423395,0.622419622994171,1.2279174658248717,0.6039299523254328,1.328564294426334,0.5978923810854968,1.3879003297829753,0.5946740349981755,1.4343702559917693,0.6919260515797607,1.2365417941528665,0.6788863527417867,1.3364810671167946,0.6564305129541869,1.3982507419498331,0.6360753452841447,1.443839522830966,0.7303365773117619,1.2344032233115385,0.7169757544661264,1.3248025077106627,0.6910242649829033,1.3791996964352464,0.6653768112434987,1.421581974580236,0.7414847237758398,1.2284270683069982,0.7225274099262923,1.3010198742096375,0.7069799660716913,1.3473662911847155,0.6880994648140712,1.3842728805078113,-0.5067427357938656,-0.06963712842537823,-0.416010653226633,-0.12320452120919508,-0.3424426319498311,-0.16478060552040885,-0.2947037752576543,-0.18970375373989845,-0.26816713963086053,-0.20337757943810175,-0.41020267380882375,-0.2257591444947409,-0.3944903535867486,-0.28559167005184705,-0.38723968480469856,-0.3248237859741559,-0.3809359765447144,-0.3604967210813067,-0.39441184908751,-0.22311503174883313,-0.35017117995192315,-0.2934440656691173,-0.31550992082149076,-0.3312782431755659,-0.2887772777326971,-0.36375685727921414,-0.37379375902131085,-0.2022392641991417,-0.2452567689441129,-0.2328318246276551,-0.2412840859821032,-0.20002997163220645,-0.26284228434575796,-0.1794320998583759,-0.336766959683756,-0.16897949648992294,-0.2255296372679797,-0.17359874183089904,-0.22986413460848468,-0.15085544699113018,-0.25590994792430594,-0.1362730670668247
-0.10574622607336023,-0.3704798520415531,-0.020216617947124534,-0.4288052276443953,0.03169186124427523,-0.4280812905658697,0.0793078333904268,-0.4266653423226731,-0.16132516644591258,-0.42760032157908706,-0.20535847367401214,-0.42652405317199676,-0.23606424023596767,-0.42565356256338255,0.13237753278894793,-0.39496893842842123,-0.26522796817686944,-0.3920879218857383,0.0016835400450935301,-0.29181440030343525,-0.18408757884024513,-0.28689352164786225,0.4997451176857345,0.015962999382050494,-0.4997451176857345,-0.015962999382050494,0.6563157428836313,0.5365716593171951,-0.8337640901916129,0.37991536058983183,0.7115295730711425,1.0447264108405883,-0.4547868080493006,-0.07908027634486631,0.6939066384420081,1.2003367113424814,-0.3525437292920643,-0.18008486739070514,0.5973373719603102,1.2001390423864873,-0.3478254867891891,-0.2118960687198816,0.5683851531986962,1.1492056621171833,-0.3605036407820322,-0.17739502423909662,0.7355696163850828,1.0391689243681907,0.6022619441724063,1.0620810319383902,0.5228051373355482,1.1222308121902755,0.46377531134894007,1.1827811947335618,0.4189769709191614,1.2373405436870504,0.6189646313165464,1.230131740266123,0.6018086980868832,1.3315725955284132,0.5927434367390397,1.390779542409439,0.5865841128267419,1.4370187944299495,0.6881044432362877,1.2408889052295777,0.6754726497460103,1.3429047665786351,0.6483072632481184,1.4056208468846325,0.6231773235771577,1.4503738457239896,0.7246650487980858,1.240696840290377,0.711243258758594,1.3315722558910317,0.6805267936191233,1.3854341594817468,0.6498147437656112,1.4272582953623116,0.7330128261776508,1.2353996858708483,0.7136468725069993,1.3077414292040546,0.6961098661353676,1.353828523677683,0.675903309945668,1.390167855485477,-0.4904038160561309,-0.06638081010633831,-0.39759280701868627,-0.10795836924798244,-0.3231328302468242,-0.14589747803167408,-0.2700196572634796,-0.16773217091862083,-0.2409358290165601,-0.178994546486958,-0.3994074046383405,-0.21586023132662885,-0.379807610630572,-0.28255495128275715,-0.36538219212894396,-0.3231198391169844,-0.355603437552054,-0.3578454688162423,-0.3806808183382377,-0.214195923248259,-0.33171402341677947,-0.2902247699943081,-0.29632032698824173,-0.3349111999069044,-0.27288679112819647,-0.3704376096422373,-0.3583924548190411,-0.19551688618155694,-0.2224504701666205,-0.23394379915433253,-0.21997553256811408,-0.19618461327345532,-0.24128845752783348,-0.17133402534872383,-0.31547621493847655,-0.16528856486855165,-0.20221614862098874,-0.16823143786932818,-0.21271493444651793,-0.1399938161582504,-0.24269311282809738,-0.12317429375489711
-0.11169688810850505,-0.3692596892026757,-0.025120221979332457,-0.4280606326775016,0.02716772622522144,-0.4275435655204766,0.07556235276521087,-0.4264119066899765,-0.16531179947624045,-0.4262078796147679,-0.2089869542594339,-0.42465680579358356,-0.2387419735681035,-0.42360352399593737,0.13022595053452937,-0.3945280276051158,-0.2670609316070567,-0.3910622905242367,-0.004227849477972173,-0.29072300888559177,-0.18872040662192513,-0.284994379643348,0.4997313657766899,0.016387863160404526,-0.4997313657766899,-0.016387863160404526,0.6551970185881921,0.5370415566127918,-0.836359232635273,0.37612593427031615,0.7099378870913123,1.0471880471667725,-0.45551642215593724,-0.08165644364436116,0.68998042238901,1.202397549197721,-0.34812405855971634,-0.18169540764029024,0.5952039527846656,1.2024807769264192,-0.34356942536170204,-0.2132353128198358,0.5674193371879376,1.151571447540793,-0.35820193232593234,-0.1799117131683936,0.7342701688456785,1.0396116006575666,0.6003169266043458,1.065176639955821,0.517808122090208,1.1248514320320147,0.45926260604655567,1.1843834264305442,0.419589360434899,1.241120909423151,0.6197608983465609,1.2346640375547977,0.6012203474303789,1.3373536089799332,0.5922205195405935,1.3959343563934024,0.5864761042618738,1.4417604969338316,0.68869354129149,1.2422188686825217,0.6742216178896866,1.3437646970875097,0.6474665412109455,1.4046921600905315,0.6230260123493152,1.44774540460652,0.725437987812269,1.2396822100556946,0.7094020979503265,1.3310390241896815,0.6793085511316758,1.3845758989242714,0.6496105487741594,1.426460891641109,0.7335146516929353,1.2345590242447633,0.7127257607029217,1.3075337435268175,0.695097821404899,1.3527696309729207,0.6741773659275976,1.3887716657297289,-0.4876274329462127,-0.06679850697325805,-0.41461118489973636,-0.11211021845440208,-0.34237989858077783,-0.15081689909412163,-0.2841066172039002,-0.17111374230567597,-0.24133947864280297,-0.18272605285732937,-0.39931923860045226,-0.21562976946848827,-0.3775791006253785,-0.2834501989162583,-0.3633278413345307,-0.3241154969280168,-0.35492175563608236,-0.36006655682849564,-0.37883985604528064,-0.2134878043035246,-0.32689903044334445,-0.2906362495099191,-0.2925211277951309,-0.3347104378512578,-0.2699018224732459,-0.3708265490603361,-0.3569477296004165,-0.19446507720042622,-0.2194143334262262,-0.23200895243632916,-0.21591213102658716,-0.19392375656417932,-0.23485256650018538,-0.1704244328962121,-0.3167083141738014,-0.1640590434494852,-0.20502512715355853,-0.1648790663469659,-0.2148433610422098,-0.13728669148554387,-0.24318265796373853,-0.1220278490578995
-0.11646931727354885,-0.36744203375008516,-0.028537856507294082,-0.4269185936673221,0.024094541392460086,-0.42647585039592506,0.07296041938839137,-0.4255649605506739,-0.16911580439987592,-0.4247286582170071,-0.21278480713245276,-0.4229050853522136,-0.2418272287295607,-0.4218375062296213,0.12853925881617348,-0.39377432857395617,-0.2694647409642203,-0.3903333124985933,-0.008634817325646823,-0.28900871834138836,-0.19351510003257053,-0.2830678465257327,0.49968893658085717,0.01763424675715,-0.49968893658085717,-0.01763424675715,0.6537302932187498,0.537999422196125,-0.8365181123064674,0.3764844566699487,0.7087901367731373,1.0520951479779137,-0.46232618627306,-0.07821945802717051,0.6857811489408064,1.207149733479528,-0.3531094905037302,-0.17667488792936858,0.5926165224791156,1.2071294108375623,-0.3479245697356497,-0.21002237944239213,0.5661180174763103,1.1562855762092992,-0.3628430967235596,-0.1769700785733839,0.7324909483248238,1.0434971334198604,0.602482908985738,1.070326777941755,0.5208801580175276,1.1307290854340835,0.45956794265634526,1.1896968534935346,0.4213168025711876,1.2457506279407016,0.6187813262852728,1.240818203190658,0.6015851263906622,1.3421819056252593,0.591656576508615,1.4005399944257375,0.5844010517698295,1.4467196973336056,0.686733068321623,1.2479352265627692,0.6732111679387217,1.3482151686115325,0.6462085247923623,1.4110811268013241,0.6222442020091367,1.4562122496951606,0.7234149247343151,1.2449877603637178,0.7092761723952765,1.3365610727259383,0.6801710750872322,1.391896211228635,0.6513417850630089,1.4360750731846472,0.7321422186198313,1.2396051634773568,0.7131309847856229,1.3140464886624383,0.6965830600918698,1.3618890618629171,0.6761765658806841,1.4011184212184942,-0.4919589891581986,-0.06674331334265479,-0.41862490640324346,-0.11445515559838734,-0.3456881398376441,-0.15453200327963748,-0.28786988188803797,-0.17585113781573947,-0.2463523467477695,-0.18845245667329247,-0.4018059562237788,-0.21656251302828203,-0.3802391074677496,-0.28431277912463965,-0.3654601919067894,-0.32470492661874095,-0.3567100990910006,-0.36044946521270116,-0.38060064556053547,-0.21404156614275577,-0.3289179469210469,-0.29109247225689483,-0.29544723871744943,-0.3349901474062125,-0.2739186443462969,-0.3708845868319832,-0.35844708725430974,-0.19462780737482208,-0.22203451246144187,-0.23181798600441417,-0.2178125262876804,-0.19273899712153342,-0.23609231578962525,-0.16884358346463704,-0.3179171642021758,-0.16373730619760896,-0.20814338895307855,-0.1640578574494555,-0.21817064881038803,-0.13575089347945313,-0.24661995666340272,-0.11984296122911763
-0.12763785028528005,-0.36874742668080435,-0.03606727160109865,-0.4295844229403258,0.01739440859132149,-0.42909906254369556,0.06730614770905666,-0.4283484726884525,-0.17900251412885643,-0.42728867907407336,-0.222958654173963,-0.4253580040567072,-0.2513499673170677,-0.4244071300716476,0.1243784768600699,-0.3960464735451318,-0.27841755456418704,-0.3931532931888803,-0.020071176583641194,-0.2893274185388285,-0.2063552208820229,-0.2829515773553002,0.49961909600426485,0.01951304455694164,-0.49961909600426485,-0.01951304455694164,0.6536251389339476,0.5456535730493203,-0.8267663155193206,0.3800707442066777,0.7097880605248783,1.0674829769995506,-0.46752832051684956,-0.07562191710593137,0.6846620878212141,1.2240389240103091,-0.3546400213849332,-0.1754174627965266,0.5910340999261232,1.223544959006202,-0.34809368790350625,-0.21003712809751102,0.5645723808195459,1.1723545492738432,-0.3642898940938461,-0.1758883380499166,0.7343702566273826,1.0614853493919085,0.6014595980065063,1.0864765886438223,0.5206966657488474,1.1479018979150633,0.4586193088356304,1.2087585247866175,0.4175664238881931,1.2665698989175154,0.6204779424923703,1.2600857434539372,0.6024094774891942,1.36335884774225,0.5931874137570528,1.4231106257180632,0.587567524093728,1.4694184611976395,0.6880707230806484,1.266680245441542,0.6739498271439088,1.3678296115346755,0.6484815726674406,1.4301378659550645,0.6250197915847565,1.4749975330244904,0.7258798007269546,1.263569960893622,0.7107675156433164,1.3551676073380075,0.6830048144776023,1.410010348650104,0.6554154161599678,1.454173172231593,0.7359284256476913,1.25820604749293,0.7162381434724168,1.3335552547528438,0.7004873013876708,1.3815367944847818,0.6809504320130416,1.4204827180596582,-0.504294381371395,-0.06308383655262563,-0.43454897877992416,-0.10825897707005275,-0.36232250896719365,-0.14630024940053743,-0.30260151732567,-0.16742546878049525,-0.25227883253224903,-0.17951048864463476,-0.4103128695027765,-0.2151727383450443,-0.3880342868070313,-0.28294582653723765,-0.37550398931576506,-0.32445739327420303,-0.3689369874806998,-0.36118618190942603,-0.38773117977982613,-0.21268189905700166,-0.3337566822774698,-0.2890992451033703,-0.29896587609008335,-0.33457965460968025,-0.2786823516304644,-0.3724542396948189,-0.3653185554600672,-0.1938163620225132,-0.2278536813260085,-0.23262590905476405,-0.22368723525932768,-0.19414091570956052,-0.2440281814211048,-0.171336370976879,-0.3249874197990933,-0.16354362334905898,-0.21121444594868669,-0.16550789525089563,-0.2211957041435482,-0.1372525262580809,-0.2518895929518067,-0.1215134452448613
-0.13242764805087529,-0.3692138336692513,-0.038326201406080146,-0.4308994866712417,0.015206578483074183,-0.430293080717951,0.06557485222828685,-0.42968142430882145,-0.18275166175513222,-0.42852471851298096,-0.22632367603499937,-0.42654894160627715,-0.25413503686810224,-0.42552800999489804,0.12375337429870173,-0.39670270369413546,-0.28028161267051094,-0.394247269441623,-0.026167013527202958,-0.28950119616257747,-0.2115717176000559,-0.2827368733542353,0.4995928059224369,0.020174941649144497,-0.4995928059224369,-0.020174941649144497,0.6538218653431862,0.5462779933771764,-0.8242875472197622,0.3828380722959606,0.7113154849759095,1.0695387694163032,-0.4703820467355862,-0.07377072700836523,0.6847167624805999,1.2271579744054746,-0.3567344113764002,-0.174030567822379,0.5904683898567105,1.2268460712933276,-0.3485450020336771,-0.2104649128307832,0.5644471307192824,1.1750121827017215,-0.3638545502002689,-0.17568094664366407,0.7413940881030688,1.0683895704705464,0.6018149286698826,1.0936769807720494,0.5226128871454894,1.1570759312809975,0.46459613118554804,1.218359946107413,0.4258758852383708,1.2708353449396952,0.6232551867839972,1.2601223322029484,0.6111793119233897,1.366749630791401,0.6042940116697685,1.430238663501353,0.5994819905895448,1.4795299429166426,0.6951220377561133,1.2682219196978495,0.6871135738749445,1.3728517886732878,0.6620866903243221,1.4359492501973723,0.6373460217052135,1.4821615928812348,0.7340644517520095,1.2670838291545288,0.7232056412332909,1.3619737120190942,0.6945614105706738,1.4191854559400052,0.6647778743832194,1.4636966509320746,0.7439222910699761,1.2622355321976,0.7258435396742533,1.3396197878046228,0.7092661582952645,1.3886314479023447,0.6881286041475295,1.4275077321899896,-0.5048834429357408,-0.06500298646382044,-0.445889841836588,-0.11329286075638778,-0.3715807912320493,-0.15066048513819996,-0.3082166412651078,-0.1686489807641307,-0.2543355956027076,-0.1782350113599926,-0.40933894538700033,-0.217318276427401,-0.38578991328232964,-0.28521873345473014,-0.372797334867574,-0.3271440138578615,-0.365817005702489,-0.36379141455361147,-0.38520489968216753,-0.21464028359639642,-0.3310634140532807,-0.2919774152774603,-0.2970116477986,-0.33895146458773157,-0.2773766786491156,-0.3783429878227377,-0.36185824878437683,-0.19512490334188654,-0.2221405814583174,-0.2324902713294539,-0.21749084719493142,-0.19399427625645235,-0.2377242815256527,-0.17134823577167285,-0.32194480420366905,-0.16408498948204722,-0.207180861184064,-0.16647772200987235,-0.21669407967333398,-0.13823478238525397,-0.24779109766444563,-0.12267989473673688
-0.13803935402114742,-0.3701257768825126,-0.0411430227206134,-0.4322251482773961,0.012315707787979085,-0.4315239607241686,0.06304835684545085,-0.43095691907392586,-0.1869823757708781,-0.4298217914978415,-0.229817603588145,-0.42786917017369397,-0.25715647770037553,-0.42681318998571516,0.12284096695368486,-0.397255143202699,-0.2821168400900104,-0.39551977471462124,-0.03205521432054517,-0.29032293179267854,-0.2169962488528462,-0.2836467038425068,0.4995626930996981,0.020907311232601665,-0.4995626930996981,-0.020907311232601665,0.653504232430533,0.5474230621221928,-0.8250041781710277,0.3848190826519382,0.7121382187617058,1.0711918460486838,-0.47078802706184536,-0.07317861336219451,0.6853287053551883,1.229656839182406,-0.3577116026078469,-0.17351574573838016,0.5908776323926177,1.2295383139019227,-0.34889391349604654,-0.21087783811845956,0.5648213897848265,1.1772011353866279,-0.36373272166559584,-0.17535680361937073,0.7439451130471116,1.0710541757155523,0.6088316887198385,1.0943399551592663,0.5280207695851286,1.156159330159175,0.4678503057559993,1.2178754959207185,0.4272812430114718,1.2718004954842528,0.6270858002358312,1.266170805730186,0.608127498874264,1.3692613447689987,0.5993131166351937,1.4312859199241057,0.5947950582562341,1.480095013328268,0.6971142257192718,1.2752396431235393,0.6829019829091066,1.3779848750309582,0.6587485844885788,1.4430792723551815,0.637683283060149,1.4914153089130087,0.7352193201880209,1.2734130310550014,0.7203989608873869,1.3662957761138466,0.6929682775454132,1.4232834619632375,0.6663662268912252,1.4679706255323175,0.7449455290709284,1.2675798816050676,0.7240187682052959,1.3430806593189966,0.7078465941417904,1.3924192004518385,0.6884733672755643,1.4316178255186462,-0.5114005142666969,-0.06433124941878998,-0.43928336353937575,-0.11029068875928633,-0.36176739498832744,-0.1482370533369915,-0.3000724628306297,-0.16689938958921624,-0.24977797440989402,-0.17804181023026514,-0.4093442431857008,-0.2190872366938578,-0.38707445687682157,-0.28575196345003767,-0.3741908807204173,-0.3275606248420302,-0.36802443330847784,-0.36476981786982654,-0.386819653630672,-0.21670167611096905,-0.3348059394821593,-0.29301215901745215,-0.30108523611570104,-0.3380938412055278,-0.2820438278210488,-0.3763655411437966,-0.36454473296676443,-0.19703465970956507,-0.2246212882076521,-0.233873918106425,-0.21775326163913553,-0.19414810790806872,-0.23742854522236473,-0.17092855294192294,-0.3252289749869385,-0.16521584327773756,-0.21095859543144688,-0.16696343849261996,-0.22045306215434876,-0.13810514338388277,-0.2521355135975436,-0.12135861774094175
-0.1404394889792326,-0.37172367237627213,-0.04202546400132214,-0.4340674921680571,0.011304018997500715,-0.4332835008110563,0.06203844195270498,-0.4327217880319463,-0.18829041535433305,-0.43172138239410673,-0.23056869571745398,-0.42981340076879937,-0.25764949823289784,-0.42870887127885815,0.1224620736934669,-0.3982486264096581,-0.2818039730801394,-0.3974049929796762,-0.03633561892677681,-0.2918743611740792,-0.21927675282795672,-0.2854283692937209,0.4994298611290924,0.023870773187635325,-0.4994298611290924,-0.023870773187635325,0.6516569346968126,0.546998562778659,-0.8204980396445569,0.3816903710104846,0.7108957177976392,1.0666044727564181,-0.4675063655473162,-0.07957759877211533,0.6840992685303628,1.2242555432656583,-0.35479179609602796,-0.17914093909374962,0.5900913722826887,1.2245542314621751,-0.34590430187633947,-0.21571634261109848,0.5644227793758495,1.1722589498279066,-0.3607550477309104,-0.18013274376257954,0.7461294570279575,1.0670843894514617,0.6090823118559956,1.0903367182159132,0.5329168217441782,1.1548990667413388,0.47612627406448227,1.2177372250549916,0.434774378878633,1.2709136281811375,0.6327440119939166,1.259215615300215,0.6140903346599578,1.3655230709886381,0.6062439920828112,1.4295737052972268,0.6022913689912655,1.4796945924630762,0.7041021685786637,1.2682514979549386,0.694407920841565,1.3743210803792363,0.6704881916333545,1.4410089976702183,0.6486219220565793,1.4898828312081431,0.7426595307426503,1.2670631741760094,0.7316150177495114,1.3611739345379,0.7039718508663962,1.4191849510322176,0.675873093261194,1.464500415997443,0.7522514356363816,1.262167398361547,0.7349235238285567,1.3375648827557352,0.7191957397704262,1.3858389073033304,0.6981770565942382,1.4240946274026554,-0.5101835918669252,-0.06927546234652657,-0.4413534251432164,-0.11646602543433054,-0.3644687550166325,-0.15408483943456724,-0.3022242373215953,-0.17266771081152738,-0.25282678721577995,-0.18468682653547686,-0.4094977816502942,-0.22214213524605536,-0.3851737200201553,-0.28924507101137176,-0.3722441178798308,-0.33104960305116315,-0.36614429328249215,-0.36829401426405556,-0.38714586139913565,-0.2197872073069082,-0.33442722095694766,-0.29711786808410867,-0.3003464459662966,-0.3424747740818352,-0.2808421414851309,-0.3812013755148198,-0.3641973466612169,-0.20044458366742898,-0.22208709773224108,-0.2372840977483065,-0.215937665525766,-0.19671350068673785,-0.23521895296200465,-0.17382006690187077,-0.32454253560298885,-0.16897528875214224,-0.208902854782146,-0.1699478063995566,-0.21867477187575607,-0.14133238250445154,-0.2500809930183054,-0.1259634934259054
-0.14265890626282823,-0.37319113683587335,-0.042968462940440724,-0.43584117649078014,0.010172067489021011,-0.43498895642347507,0.06090616617638325,-0.4343806244304072,-0.18940446753974716,-0.43357798886485477,-0.23123027450804154,-0.43173633457535104,-0.2581700592205227,-0.4306484688269261,0.12195800580585942,-0.3991932842597451,-0.28165541359655694,-0.39937266476258587,-0.040277451730714814,-0.29342824059097655,-0.22149114956275706,-0.28716835992352346,0.499295630332912,0.026530614965735357,-0.499295630332912,-0.026530614965735357,0.6497545301076557,0.547109752805955,-0.8186006472103456,0.3788097159377896,0.7099923683452809,1.0636849963559234,-0.4676907378781123,-0.08699342715444452,0.684024144876239,1.2204601721194486,-0.3542203146942108,-0.18467394122468764,0.5920216852814054,1.2221214915237506,-0.3450788066309418,-0.22024602762985868,0.5665873953622943,1.1694140771620911,-0.3604408921607996,-0.18576566788357277,0.7464836117260721,1.0611982229714392,0.6109663486701749,1.0866658295111504,0.537236840806073,1.1528954537348368,0.4820995689534544,1.2156769812504717,0.4331208397139634,1.2667275878335356,0.6356980396475669,1.255770584233656,0.6153377669314216,1.3598126640738089,0.6074406867047886,1.4230722503902429,0.6045813571514055,1.4729503548618728,0.7071486559578042,1.2643490934660018,0.6958005291140039,1.3692076040349244,0.6720572312144169,1.4364020220634905,0.6525185949490101,1.4865836201259,0.7471843019030694,1.2621593932818689,0.7365474502042695,1.355350839774371,0.7124789682056996,1.412825827839101,0.688795709632819,1.4585553189497478,0.7590117022161283,1.2559637165186974,0.7443197666277176,1.331116815817194,0.7314678802312036,1.3797146597326362,0.7135097011555172,1.418189283183531,-0.5132443623482471,-0.06995024047680333,-0.43722338243552294,-0.11398674404117125,-0.35882078472208373,-0.15121138688533023,-0.29651887772383884,-0.1708990803231096,-0.246002117928673,-0.18237179744602927,-0.4086782398299041,-0.22606784679363925,-0.38386308377694606,-0.292404882413948,-0.37099679488298504,-0.33459743249494267,-0.36620406019039864,-0.3726005910595321,-0.3883865091196811,-0.22318890902084054,-0.3347390281324934,-0.2986985135121653,-0.30008097974300657,-0.3446226118624114,-0.28149941546155927,-0.3835405893009804,-0.367796143492516,-0.20314644563088907,-0.2254340501439408,-0.2410315210688201,-0.21669095333534877,-0.20070687079225505,-0.2351022037463843,-0.1775328185899536,-0.32962735620728667,-0.17093439247046446,-0.21281190961031538,-0.17398841602547968,-0.22114627048232566,-0.14497970387854137,-0.251892392336343,-0.12807750550422117
-0.14429346480815344,-0.3728892273238063,-0.04345603157242678,-0.4359160926638129,0.00958082081481245,-0.4350274496424355,0.06022852889938505,-0.4343847555997907,-0.1902051262738653,-0.4337332141595685,-0.23172032505714318,-0.4319801283513636,-0.2586605639411443,-0.43092091270904537,0.12180693647326361,-0.39900180083836057,-0.28150662622660605,-0.3996480511878747,-0.04310855436953386,-0.29339731172265626,-0.22319594423050704,-0.2872622920466666,0.49926692888569796,0.027065360168367816,-0.49926692888569796,-0.027065360168367816,0.6496206441863928,0.5472422892059351,-0.8171903543024113,0.3778418617049296,0.7108291958458591,1.063991545595794,-0.46880455837397095,-0.08760463222286118,0.6872295434608633,1.2204294947756005,-0.3552822122312383,-0.18384584241712684,0.5956419776531198,1.2233319616161402,-0.34566986172015735,-0.2187912413248392,0.5695910757040316,1.1703815014640686,-0.3607547613288219,-0.1847392560940607,0.7505368366083968,1.0626871616274707,0.6131282517905139,1.0883147763199144,0.5386898916203038,1.1546369503007359,0.48079772622529277,1.2161348639044987,0.43420108536086766,1.267312548451796,0.6393855930164082,1.2587682176110147,0.6201589837320237,1.3623832132508944,0.6137668257215417,1.4244119707093013,0.6128916272749143,1.4720944127783728,0.7101635592869474,1.2672403814441058,0.6996060118013473,1.3711272177115108,0.6741711315933837,1.434473890452183,0.6532400971874701,1.4793678409789175,0.7491684391164251,1.2645528543211817,0.7365000066558868,1.3566258126469952,0.7090638798115914,1.4114149701897118,0.6815666885761735,1.4538542015846767,0.7582002442158828,1.2575561241429105,0.7410546816244108,1.331834537243192,0.7262179428438732,1.3786953856862518,0.7062151912700514,1.4151052023714084,-0.512515126105132,-0.07098947979007358,-0.42970183673599033,-0.11171110170633516,-0.3530063493132392,-0.14739196222246717,-0.2940577005604558,-0.16707403900370404,-0.24803067596947,-0.179623552032099,-0.4095354083069866,-0.22549323172891414,-0.38656340071483475,-0.2913488355963156,-0.37258997711162944,-0.33306726430629796,-0.3654450096543408,-0.3703979909922318,-0.39051315655880176,-0.2237993887888011,-0.3372358631315178,-0.29943743872266865,-0.30205531427446874,-0.34380267050496155,-0.2823120863629175,-0.38146764666701816,-0.3690238687135924,-0.20447684595813617,-0.22792591910593232,-0.24079385170792186,-0.2193632862956527,-0.20109731356195198,-0.23714837694926397,-0.17827857412194983,-0.329733009768304,-0.17286899767771127,-0.21448316587898736,-0.17445511054144064,-0.22418112797250847,-0.14653281052634778,-0.25472928354505947,-0.13059058074459445
-0.14685410661877968,-0.37241318978101545,-0.04414995177332574,-0.43570429475022904,0.008712848209223856,-0.43478444355559137,0.059158908416431996,-0.43410770611311716,-0.1909793827365612,-0.43359979525593945,-0.23212519270581664,-0.43190727946581553,-0.25903917739813936,-0.43086973103190357,0.12157105699448453,-0.39848564354919774,-0.2812352981771798,-0.39959431338046036,-0.04640779593897636,-0.29305645501756933,-0.22508434783491985,-0.2871198132072479,0.49927060483382524,0.026997465600798413,-0.49927060483382524,-0.026997465600798413,0.6497433594764676,0.5471832688273545,-0.8170562732771739,0.37846423296097786,0.7130214544339706,1.0633964216114054,-0.46985384082204895,-0.08545162168287292,0.6896292799116788,1.2180731447047655,-0.35624738289661206,-0.1810844882300275,0.5997545578141776,1.2221085034037154,-0.34576348179323857,-0.21596033988893865,0.5748605075400263,1.1690484716436345,-0.361145392105379,-0.18198851057708407,0.7494749868463078,1.060429792007767,0.6153886021532674,1.0873122924717504,0.5404134658670929,1.1532118180555067,0.48371375323088434,1.2158010762596447,0.4348200476209724,1.2693910491633995,0.6395141944023855,1.2562521516035599,0.6210535081856623,1.360981184671635,0.6160989487926604,1.4240131302075756,0.6171222295803965,1.472445414068822,0.7091687562994362,1.264674659718111,0.6968229490534682,1.3693833971679181,0.6742217832431743,1.4341401233230244,0.657184565774402,1.481548952929712,0.7489006381959951,1.2618851397405584,0.735237350430811,1.3542690594299567,0.7100752939154235,1.409984174379915,0.68606557750394,1.4535691013446541,0.7609970001507672,1.255371113610525,0.7453556702051196,1.3290405651214343,0.732323281274483,1.3759517184134897,0.7151745246386461,1.4125540853597949,-0.517971629333547,-0.06972390525946755,-0.42943485684035315,-0.10816259199200332,-0.35030432281384677,-0.14332501084219096,-0.29120825275397644,-0.16424589027336872,-0.24775290550587403,-0.17801169693083152,-0.41547745607710046,-0.22477158715339957,-0.3920331547745552,-0.29025049905855554,-0.3771137937454285,-0.3323489888186648,-0.3680854527522252,-0.3700324877381121,-0.39651198140601,-0.2232916549546251,-0.34480507759723217,-0.2988819913278831,-0.3084741862286193,-0.3430832459140539,-0.28535981882305217,-0.3811596471871581,-0.373168377594104,-0.20391723224876812,-0.2351202708683953,-0.24147644218967446,-0.22352401376377454,-0.20359666556022155,-0.23944150289133032,-0.18073521278230642,-0.3332268610421833,-0.17211729429186348,-0.22260021619891804,-0.17726787119463686,-0.22830831547019179,-0.15012005322517083,-0.25465992072297555,-0.13275645792928786
-0.13884202877706794,-0.37273454037505227,-0.03837878832165213,-0.4359452262453628,0.014386530850639168,-0.43498299697258036,0.06465228597869996,-0.434275711374464,-0.18586457601642906,-0.4340748255241115,-0.2279721335551721,-0.4324288955588205,-0.25544632524225686,-0.43138239711313625,0.12679977651081645,-0.3985644587075911,-0.2781730192940565,-0.3997187240417458,-0.03916593999568985,-0.29276466471195023,-0.219556899730247,-0.2873432316685488,0.4994168719030454,0.024141003677914642,-0.4994168719030454,-0.024141003677914642,0.6580094499333305,0.5485076540626379,-0.8176932984944371,0.3833580363231888,0.7231588935156373,1.0699544844141118,-0.4679236553583213,-0.08651196228054052,0.7010230863596012,1.223749866486759,-0.354650715911479,-0.1875935544940728,0.6126040163512997,1.2287962515764748,-0.3437857907447546,-0.223907508307023,0.5885676407204437,1.1749067040385386,-0.35909034551829405,-0.18821896864536572,0.7629660290597181,1.0676406351534102,0.6289580776268763,1.0932357943053614,0.5531587195145505,1.1601276436313512,0.4941364687480751,1.223845775529896,0.4421209839130373,1.2784459218874387,0.6509554270006381,1.2681104146388311,0.632582393176987,1.373538866257453,0.6261029526027249,1.4364196250193721,0.625122413421707,1.4843638581632805,0.720871375646779,1.2766961921804616,0.7069609024102566,1.381971886850378,0.6813612093762663,1.4474796814938606,0.660368638014424,1.4936417502362038,0.7585866477700011,1.2736598862548205,0.7438475204007743,1.3677089914753466,0.7155294163241225,1.4242616715710816,0.6870801784284907,1.4683186240066053,0.7674639888027683,1.2666292302526378,0.7491486747850779,1.3422929206639442,0.7335446222268331,1.3903996760409503,0.7140445699562822,1.4282595092491916,-0.5372896092370907,-0.07081967340260974,-0.4338310421744649,-0.11664885057522802,-0.3487529200888236,-0.15806533986314886,-0.2959140997134736,-0.18624080103564403,-0.26954277483242595,-0.20389913810784557,-0.4250425477916582,-0.2317058726044983,-0.40398937935256113,-0.293839674300458,-0.39644499963932067,-0.3357972213767307,-0.39324277106905225,-0.3746785730844211,-0.41431982957889435,-0.2315440478917143,-0.37438853541897066,-0.3066539943639629,-0.34182279420185646,-0.3497446195948609,-0.318761639159626,-0.3876622597991022,-0.39726563228841716,-0.21188801264100676,-0.2578876463402914,-0.2451589468952961,-0.24607540139749043,-0.20840982759662124,-0.26454111823282767,-0.18782774693940568,-0.36120784281068213,-0.1797648480629505,-0.24295408518361405,-0.18015502348843995,-0.24608045841976495,-0.15496800091005675,-0.2742772811518679,-0.1425604223794922
-0.12421339804514013,-0.37191966144625027,-0.029341941464019083,-0.4349569056151781,0.02350187143386787,-0.4340969362631642,0.0722546627725196,-0.4334015558197042,-0.17730503971369488,-0.43327935636021414,-0.22226529453485963,-0.4315879118086691,-0.25230780519232787,-0.43030620261643615,0.1316874845972955,-0.39874510313799333,-0.27683071709016066,-0.39867017407035354,-0.024892280541127614,-0.2924299903731936,-0.2086499266184376,-0.2882978545661631,0.4994771648869345,0.02285960971911025,-0.4994771648869345,-0.02285960971911025,0.6673478258915594,0.5523708425516662,-0.8217261539159455,0.3921458486284987,0.7341652063449493,1.0832816307626494,-0.4851952624591955,-0.1004789123109116,0.7136367524896046,1.2365887897214805,-0.37791776848878267,-0.20612397276779154,0.6259139862748793,1.243194684072063,-0.368305916941101,-0.24053822515339904,0.6017233302661816,1.18858951041515,-0.37879440340220233,-0.20445170020773182,0.771547951393836,1.0807289416578219,0.6354878456192505,1.1082249193545177,0.5569727361225443,1.1749409872657466,0.4982017877285866,1.2385781037003682,0.4500473735920724,1.2948179974386056,0.6572619512516494,1.2828071844976394,0.6396158040428153,1.3893450617323118,0.6342323440117085,1.4535174109200506,0.6343058659607071,1.5025822308173713,0.7275633574604601,1.2912411018528709,0.7162612046451293,1.3966478315899105,0.6913189713922419,1.4617550352248454,0.671840228043175,1.507577150213698,0.7659193009395135,1.2874283380049176,0.7528791807125657,1.381578646282463,0.7252535722110565,1.4390886404841443,0.6977436992177797,1.4832450787815676,0.776073420833518,1.2801514239523497,0.7597037061220127,1.3550968493463569,0.7444830796708144,1.4030335118731572,0.7245792106022982,1.4401293806090851,-0.5693721776432058,-0.07758825803678157,-0.47144832894982847,-0.12393839429571564,-0.3976626331508519,-0.16123688811596518,-0.3390998503708654,-0.1897677136282919,-0.30366649230942444,-0.20830843651322004,-0.45456835784108585,-0.24040745106468966,-0.4452166473521818,-0.3084427366744291,-0.45263937407393623,-0.35416842006390725,-0.4575409839153734,-0.39494412390865963,-0.4449236148951679,-0.2408879820806332,-0.4180737684894929,-0.32233508710086467,-0.39186310572654803,-0.37407224515996584,-0.3673362363075371,-0.4163868091286165,-0.4360145311638122,-0.22113573004569806,-0.31175716066113696,-0.2465404656069397,-0.29126133436928336,-0.20736214922706478,-0.29989312778342275,-0.17818149873728442,-0.4108808418308169,-0.18870120564323567,-0.3049708912897456,-0.19648309939813674,-0.28179318481282645,-0.173179367857922,-0.28595350696513694,-0.1538161841272574
-0.10836771966001663,-0.3687218387007813,-0.02009948648925195,-0.43206976834396427,0.032817818546358096,-0.43147242813045006,0.0781234785225164,-0.4308224797508561,-0.17113286870755529,-0.4300998212554345,-0.21808908790108528,-0.42831963305358367,-0.2511057266068752,-0.4266995126747799,0.13454300946387035,-0.39772961198836365,-0.27714333784899847,-0.39541546849550774,-0.003593366474403801,-0.2897783589808914,-0.1938152577989836,-0.2855870804650812,0.49943712022797954,0.02371840927175971,-0.49943712022797954,-0.02371840927175971,0.6648509182521259,0.5554869424436644,-0.8239102128443786,0.3982752677577778,0.7342064277436986,1.0877088031737778,-0.530115158801833,-0.11484006362445866,0.7138600875520724,1.2416582437215886,-0.4527084005620118,-0.23070303937448972,0.6260000515227961,1.24859143698036,-0.4539072157445682,-0.26819409937623645,0.6016363124813408,1.1941361788353748,-0.44779402368317067,-0.2296192935585425,0.768288073905277,1.0850050249525487,0.6342150189952495,1.1099463981386188,0.557699872399606,1.176845335005424,0.4994019308192305,1.2425443130338885,0.4459555530230793,1.2994128608308797,0.6559745658422353,1.2876460503863463,0.6382598655839029,1.3945257858974116,0.6331076083019185,1.4585091043023186,0.6322410691114745,1.5080506893566374,0.7268581754087331,1.2962403596851138,0.7129201784443867,1.402299126290065,0.6882052491036164,1.4678770527524327,0.6672089605323963,1.514692338363923,0.7651470672803415,1.293391425152795,0.750521997110171,1.3881487612439185,0.7220785739654006,1.4446807223462255,0.6937435341995772,1.488720795236726,0.7747402279464493,1.2869704137383655,0.7568312821518224,1.362873088674733,0.742241929231532,1.4107692169759485,0.7235662062202645,1.4484899758433043,-0.6123364439731701,-0.09868082320635374,-0.513927063068554,-0.15109219251767508,-0.44057078172278596,-0.20388985356353856,-0.3861977788207518,-0.2447442292799925,-0.35731695132523145,-0.2750426621069662,-0.5089107248778626,-0.2707990833324028,-0.5013951469042955,-0.3429525467003691,-0.5128964532598177,-0.38653933601942175,-0.5313091354406865,-0.42351447530214725,-0.5118554625755005,-0.26414001556778643,-0.4753748664459812,-0.3476211695458594,-0.44623715626659316,-0.4019231338289816,-0.42797965937830745,-0.44225714616355977,-0.5109727362570319,-0.2389468621621172,-0.3835348203136715,-0.2761809954932353,-0.34128439277862294,-0.23987471889730635,-0.3363481984663574,-0.20866725566882421,-0.49090421644747906,-0.2028023248861508,-0.374752159704575,-0.2137158801420428,-0.34367964785864524,-0.1900707968007638,-0.34598226682013583,-0.1695476298301739
-0.09922694081393604,-0.36783467299417,-0.015298416999552452,-0.43119746706432005,0.036728097976336235,-0.4306875315465875,0.07971838160155395,-0.4300672791437833,-0.1656493919239285,-0.4290284288592735,-0.21422800999005126,-0.4267832979242612,-0.2505051750677912,-0.424419283082039,0.13451463680143963,-0.39797991509297564,-0.27876606769721907,-0.3940748906686058,0.006667427762740809,-0.29003178967581933,-0.1880360312402704,-0.28501823652021585,0.49942268323286676,0.024020480271709974,-0.49942268323286676,-0.024020480271709974,0.6616574797997511,0.5554868137757563,-0.8341567550912402,0.3980052646918153,0.7309347262868663,1.0878772434011075,-0.5831165145741111,-0.12162443169165298,0.7089599191014131,1.2417093289210774,-0.5240428111208024,-0.24670269130839834,0.6222323075205284,1.2493059490849594,-0.5125114235890249,-0.276644785148912,0.5981778666943937,1.1955352762686309,-0.49785935545971294,-0.23821097109814068,0.7667988290972053,1.0820704718624023,0.632277075077374,1.1103370758399222,0.5507536438780289,1.1766398522406614,0.4912895478159005,1.241163851244833,0.44600119345220124,1.2971819834688576,0.6502365409533857,1.2846544489629206,0.6328758000912156,1.3908422929646387,0.6279665010050167,1.4560398795761058,0.6253600174695607,1.5060417655867848,0.7198882761415565,1.2929961803855898,0.710722528989535,1.3979735700593534,0.6846132329867493,1.4632347723018773,0.6606338304878557,1.5088875985407475,0.7563296644436683,1.290247703949874,0.7454889985634623,1.3851393800943164,0.7173473413088192,1.4419140462733124,0.6881642856297483,1.4851009760066864,0.7638182083282685,1.2840894648362693,0.746474865111056,1.359848652073472,0.729995077725372,1.4079434750227453,0.7094588273239831,1.4454517431484653,-0.6612530284879352,-0.10545050896302541,-0.5635145528536994,-0.15644924488301368,-0.49894029398631695,-0.20127032310588386,-0.4409660689741883,-0.23145637937682476,-0.3924903430406174,-0.2475039495122759,-0.5930380048790607,-0.28261261670381493,-0.5952046267445298,-0.3564752849068589,-0.6003205008978759,-0.4042423204090914,-0.6125634345350379,-0.4449587845584956,-0.5898523027801699,-0.27915285776339616,-0.5598200135732476,-0.36685148638683496,-0.5330158661748853,-0.4271359517022261,-0.5197298646423146,-0.47133273564518074,-0.578816748129682,-0.25522648293486555,-0.44617894817820675,-0.3054009834582672,-0.3802533843522287,-0.2737326566236337,-0.35685311254987606,-0.24523162377365568,-0.5468693999740251,-0.22097324388718548,-0.437011355821417,-0.2373444277922255,-0.3981252469351967,-0.21779659207834837,-0.3929190456151013,-0.1995213325862893
-0.0977907387619695,-0.3655638136135797,-0.015894046574049917,-0.42862153540131354,0.03582208940618654,-0.4281342521309748,0.07817215006620325,-0.4275256502618727,-0.16416319211317817,-0.426142102915789,-0.21291614970490189,-0.4236344588338638,-0.2507744525689496,-0.42097868203523403,0.13256043954576643,-0.39588363728399006,-0.2800201830296466,-0.3913913117623969,0.00795112837999967,-0.2885657638093461,-0.18672085269403121,-0.2834161430285785,0.4994226416618055,0.02402134458234736,-0.4994226416618055,-0.02402134458234736,0.6547717624462572,0.5546294168066034,-0.8435352045936209,0.3947855685844563,0.7228275659443092,1.0829772423074635,-0.6315637503273253,-0.12074126547474291,0.6979941990346021,1.2361566030987703,-0.5822135453789827,-0.2567050891237572,0.6144733748495596,1.2440202143902452,-0.5612275240106186,-0.2824261605536449,0.590365299260321,1.1912391998238876,-0.5406944603479322,-0.24216615994338103,0.762949172515883,1.0759578826903198,0.62795624702659,1.1016023111609454,0.5459281045210759,1.1680623689430827,0.4854838421373708,1.233432742896443,0.43995381924281507,1.289014478980399,0.6433527912690663,1.273582997776436,0.6226358718465551,1.3782298532030015,0.6148868537887572,1.442367127100681,0.6102150832987269,1.4921877582354448,0.7136676186968622,1.283595581568971,0.7012431617680779,1.3864781204404473,0.675648518467571,1.4508382921524134,0.6520891278584844,1.4970637352653662,0.7512210092295328,1.2824381200349095,0.7374163676372079,1.375897461654135,0.7081367483238686,1.432784267934435,0.6782679171550525,1.4767423022468869,0.7604648051845484,1.2769552879839605,0.7423639654381775,1.3517754112803015,0.7253068674162281,1.3997803685265904,0.705314715259763,1.437692212284117,-0.7172507534669603,-0.10900663885051771,-0.6259470223714775,-0.16331780498759854,-0.5566366325864304,-0.2169835981036123,-0.4918883985747484,-0.24586327655033016,-0.4537551418237987,-0.25651887511903193,-0.6580666672840881,-0.287532983556591,-0.6557587316082626,-0.3639450968454872,-0.6576994798188607,-0.41548392774617754,-0.6673494179511616,-0.459043287656862,-0.6515285643114268,-0.28600698075004444,-0.6279941536298034,-0.3766764313097322,-0.59878187530973,-0.43791022535183977,-0.5815396113919,-0.4849145443499415,-0.6311459916103455,-0.26337752471333575,-0.49359131342002444,-0.31653826037985433,-0.4388340896271594,-0.2821389787302224,-0.4277342675931515,-0.25301784220842816,-0.5855120312553661,-0.2300888017269692,-0.46207232221777755,-0.23989176375058283,-0.44291734700094265,-0.21668523645251406,-0.4554247792132584,-0.19945991696100523
-0.0973582136123701,-0.3639248960936712,-0.016257294225907364,-0.42639469219106546,0.035405904086989376,-0.4259006112800669,0.0776222475900852,-0.4252762576732522,-0.16336191712916792,-0.42398916343858906,-0.21214721789455906,-0.4214779401055739,-0.2502498970576377,-0.41877069978958736,0.13206598632248095,-0.39409062441568954,-0.28057573052281404,-0.38932134102186183,0.007754047976134462,-0.2883771109117617,-0.18631475025347194,-0.28376476269216044,0.49941622925570894,0.024154294773584033,-0.49941622925570894,-0.024154294773584033,0.6482512209532629,0.5552199715081929,-0.849286916106651,0.3912347863780088,0.7165165453178923,1.0787108989203422,-0.6632915510790881,-0.12327314386990884,0.6919155020461228,1.2310735015236687,-0.6138597503485936,-0.26523946425632655,0.6089476012316876,1.238960731619159,-0.5883704209882861,-0.2905031613074806,0.5847467556814652,1.1866552020674253,-0.5664034916259184,-0.24720260158133922,0.757972791065133,1.0734329440735846,0.6226439513790099,1.0970156022579276,0.5417314063106973,1.161487906811175,0.47886927227773685,1.2247802881341843,0.4310574559439475,1.2790657889653954,0.6359453147126178,1.270255359698888,0.614052901332257,1.374463268233037,0.6059772100701525,1.4365581829361045,0.6011034479742803,1.4839204716208645,0.7060869132908546,1.2802908733968499,0.6907876878942109,1.3834409676409722,0.667234731884514,1.447658806195059,0.645674600726948,1.4940386650564377,0.743547956002807,1.2790280967320724,0.7277655057531494,1.371826722566647,0.6994598544062254,1.4275959425547395,0.6708097620515635,1.4713786849523283,0.7529852574815814,1.271947688866003,0.7348195116862,1.3458341932066336,0.7196865142494175,1.3926962347394596,0.7026643890263738,1.4298670298851337,-0.7274396503166813,-0.10978227718812042,-0.6171163071986047,-0.16049804560857853,-0.5552106352983261,-0.21147218820907193,-0.5028292870376271,-0.24445558466889689,-0.46605512882648115,-0.2642312404391738,-0.6709471563214175,-0.29337050676662507,-0.6759867121348317,-0.3710755643670174,-0.6803856736786863,-0.42507720099404517,-0.6923017171649857,-0.47182798964464423,-0.6749848282555421,-0.28982422344111897,-0.6503163905758038,-0.380732288489778,-0.6250117878981635,-0.44440020257059304,-0.6116986131734682,-0.493576668817288,-0.6610343595029143,-0.2666132332579394,-0.5260678516080878,-0.32094828113779256,-0.46640373856048506,-0.2880528621718754,-0.450754774399807,-0.25887772742884274,-0.6171738877301554,-0.2350563228173008,-0.49508422787750395,-0.25003664065458675,-0.4718786657233167,-0.2265361411170718,-0.48130267938711785,-0.20803611558422627
-0.09299806686614762,-0.36227673114853515,-0.012116258386168042,-0.42369512122648784,0.03939100725095458,-0.42317291866297246,0.08111739638707063,-0.4224616576688767,-0.15838512723800427,-0.4216908078098816,-0.2075255300802073,-0.4192457184136537,-0.24629513530750208,-0.4164962847277586,0.13514140508452724,-0.39158442030116397,-0.27862127289823113,-0.3871066933181491,0.011213863297112204,-0.28790814127687936,-0.18231589430114772,-0.2840660865101345,0.4993475095169614,0.025535558329673608,-0.4993475095169614,-0.025535558329673608,0.6437367777870024,0.5547624295638277,-0.8605686355994173,0.3860783745900608,0.7136629702131054,1.0758014102223459,-0.6849828235912596,-0.11959921939672757,0.6893994914471062,1.2274072446243591,-0.6364846659025287,-0.2606273816339934,0.6068188381583932,1.235222812901894,-0.6050560801839696,-0.28554508386665584,0.5823898251581163,1.1831129127065443,-0.5824596193728823,-0.24315625509237385,0.7533917053558334,1.0702410512933085,0.6154771261740687,1.095163034583754,0.533724144056744,1.1607540289809117,0.4738403618434843,1.2246647730627376,0.4289530818012141,1.278119703776105,0.6279812743411851,1.2671261203612838,0.6093639486319159,1.370880453014845,0.6023988838339456,1.4327854134177955,0.5989923726428653,1.4800899776022078,0.6989859473845516,1.276682479165224,0.6830555692147482,1.3796214216616436,0.6578723981565292,1.4424279122934918,0.6355169738715295,1.4886097150205413,0.7381267505917417,1.275241103225584,0.7230814703078303,1.368784723879518,0.6932757946761154,1.4238661106063784,0.6642832605651312,1.466836687566067,0.7492815439400494,1.2683817243389446,0.7305130406751286,1.3429873291369523,0.7129053527145307,1.389755507051255,0.6928445754012417,1.4267011222049264,-0.7432883225018376,-0.10094479118667195,-0.623277126968756,-0.15549835375898852,-0.5601805622398508,-0.20671312369061115,-0.5087730149789675,-0.24152071804722003,-0.46078080048277803,-0.2645234036746094,-0.692378934692072,-0.2896420129220194,-0.6947963918062458,-0.37110920200007014,-0.6959333369702028,-0.42636753911529607,-0.7074460094519698,-0.47486837787051733,-0.6969796447895815,-0.2856814290705945,-0.6606690099640536,-0.379243990161993,-0.6311261653344128,-0.44307793466177137,-0.6165978119670518,-0.4924822928242541,-0.6830281531477335,-0.26187373160796157,-0.5346380417859038,-0.31788959973574643,-0.47567317349072136,-0.2807557910116529,-0.4620670205100388,-0.25085895911926476,-0.6378474260537893,-0.23079991152629217,-0.5082150936909189,-0.24881849454804622,-0.4842249972209236,-0.22107343472923577,-0.495177326806199,-0.20042386062025078
-0.08860366102772542,-0.3596439602120487,-0.008375735558307354,-0.4198039636041978,0.04275693791682581,-0.4192236340265398,0.08447167667862494,-0.41844765881276463,-0.15266954076407646,-0.4182118972402945,-0.20141036052818795,-0.4159110015881694,-0.2399609601732398,-0.41324670274790565,0.138284523749584,-0.3877702085458718,-0.27350775105561653,-0.3836683004228499,0.01451068501190191,-0.2863708938686372,-0.17731436939363338,-0.28313480349492315,0.4992963730341518,0.02651663392931192,-0.4992963730341518,-0.02651663392931192,0.6405051554725157,0.5518746789793137,-0.8613030546355284,0.38088245244067387,0.7111514217225859,1.0681150367198298,-0.683673592796359,-0.11963760681885013,0.6888622351994711,1.218550570328866,-0.634845418971911,-0.2591426418426939,0.6066479916665268,1.2257767590607507,-0.604829087917064,-0.2827078154750464,0.5814059289898755,1.1736993231059465,-0.5846591383567498,-0.24135115971303542,0.745112071772942,1.0626155065361682,0.6094769589171892,1.087263424307348,0.5284808668975427,1.1519093761928885,0.47030512214117126,1.2146089972370215,0.42719220355705073,1.268118250334041,0.6268034394231113,1.2583354536712463,0.6065397000907462,1.3613478580373177,0.5966463808054433,1.4225032515079576,0.5901262325533707,1.4698685451549824,0.6963410470685177,1.2675307985687523,0.6806303592503525,1.3711418099337507,0.6552254301625826,1.4350324666924916,0.6330441919772903,1.482612284063329,0.7341162721662211,1.2662292402316362,0.7193695681533805,1.3595772650304576,0.6899654019968053,1.4146388117929853,0.6615537083960772,1.4574599781127207,0.7443499118869804,1.2601568458959054,0.7249466701155727,1.3354517554315064,0.7071121974316621,1.3829656711143885,0.6857562749166218,1.420220719086591,-0.7432617617503131,-0.09422941697047824,-0.615020337749998,-0.1516073050932457,-0.5540914813317043,-0.20258183167918414,-0.5030526834381115,-0.23744305232210583,-0.4577447581119398,-0.26184143609774674,-0.6834875578230687,-0.2872295894303145,-0.6925969216120705,-0.36951968855199896,-0.6928345280885655,-0.4244281082804693,-0.7020768107768417,-0.4727682406332435,-0.6930327480093683,-0.28261814455849277,-0.6520743340882431,-0.37736048775260705,-0.6246112643942145,-0.44314066947068986,-0.6113700020656017,-0.4932698867753169,-0.683509525052387,-0.25819298822212,-0.5278491374356592,-0.31195087431503826,-0.472212752902803,-0.2708696670144027,-0.46024876482577076,-0.23919948676319439,-0.6432652177030894,-0.22602077955244532,-0.5130567827743913,-0.24355594873689243,-0.4895878873892859,-0.2152691079434232,-0.4998572238576876,-0.19621322298561283
-0.08475086399619881,-0.3574713207599078,-0.005159607521029441,-0.4165375736701486,0.04555410052008615,-0.41587665016347997,0.08721345041506554,-0.41504262662902874,-0.14775160727709782,-0.4154065455850755,-0.19605205218482213,-0.41335059941356106,-0.2341908780403486,-0.4108916334431101,0.14063303900858468,-0.3845962314126635,-0.26848316912496367,-0.3814260389993207,0.017141843597719426,-0.28518378654458293,-0.17282811080974603,-0.28274155982386584,0.49927091084155045,0.02699180593158932,-0.49927091084155045,-0.02699180593158932,0.6385518614441489,0.5489879733240826,-0.8575229706539321,0.37790508902476005,0.7091221530856283,1.0601465626484063,-0.6796220578981125,-0.11872911312588263,0.6877202769144106,1.2093146597197797,-0.6308236948494488,-0.25669435018069503,0.6058882610244817,1.216026885895516,-0.6026278981488318,-0.2798262043854794,0.5805526185722889,1.164251917939974,-0.5835922618751117,-0.2390909633002366,0.742788404748898,1.0551459141095827,0.6087900717264422,1.0801259859338403,0.5320355430687719,1.1429710073393524,0.4764259665253348,1.2035768026964926,0.43515336570817664,1.2555212928249122,0.624872359150166,1.249212171635134,0.6039286187808256,1.3506245948015732,0.5950833095855645,1.4106015395656568,0.590004118612875,1.457492054079765,0.6944391476778276,1.2587829335058853,0.6789742957862728,1.3606301512302976,0.6537614930191502,1.4231063128325132,0.6319842828309986,1.4697313845874822,0.7330174533775125,1.256762467728845,0.7175802020809389,1.3483124486627576,0.6884435147273406,1.4028244756205892,0.6602612627631494,1.4454067417070036,0.744019186836202,1.2500602936216512,0.7249471757042816,1.3237928978769804,0.7084621240426858,1.3700806290266252,0.6877991600963627,1.4063212324810306,-0.7366315127666234,-0.08986493905421165,-0.6095710663399807,-0.14888054828014305,-0.5500638428127044,-0.1991586950800913,-0.4983109382957428,-0.23311091957469265,-0.45498047459908536,-0.25867511880569466,-0.678016026980896,-0.28421546567066364,-0.6858382400473834,-0.3643192924544784,-0.6854912733086245,-0.41803724859096425,-0.6928466614970369,-0.4663191653215022,-0.6880261835087842,-0.27876541299967134,-0.647875240204329,-0.37324684971904265,-0.6190485484221384,-0.4378891894986538,-0.6054743372867871,-0.487521703862301,-0.6786873858977042,-0.25496650182266706,-0.5208514241969512,-0.3094463706798649,-0.46479393429422255,-0.2670518567889391,-0.45258007470594763,-0.2349487443775372,-0.6388471196608291,-0.22370235379296605,-0.5056132549697318,-0.2420326415282809,-0.4875128018185494,-0.2117557258912825,-0.5006612482202112,-0.19130649618201953
-0.08276433482341565,-0.35660096312476464,-0.003516006739659113,-0.4151114482552844,0.04700673391237927,-0.41440065675444104,0.08867412636554473,-0.4135431987082433,-0.14527900766944846,-0.4142129830071149,-0.19334318402604703,-0.41228496530612924,-0.23125285648072622,-0.4099021751882459,0.14194120821123585,-0.38322015577197205,-0.265925846614974,-0.38033131300946654,0.018450778757140466,-0.2847948903421222,-0.17046846681519837,-0.2828127057780766,0.4992638726203912,0.02712167944817988,-0.4992638726203912,-0.02712167944817988,0.6379583801885608,0.5480519576884018,-0.855022702336548,0.37688543452825185,0.7082241783166044,1.056837736567045,-0.6789486868534766,-0.11736070176971419,0.6870692165573903,1.2054814573241575,-0.6295219337174902,-0.25318640322064806,0.6054850910809912,1.2121090022523506,-0.6015555313790044,-0.27648235693787926,0.5800714931915449,1.160499867901699,-0.5836075365764739,-0.23616349014210097,0.7470062938509141,1.052668076725977,0.615831131727524,1.0760145041110596,0.5384786438508664,1.1379389449320252,0.4812297032629925,1.1985652488624157,0.43798467969794563,1.2499167934598951,0.6268713232712014,1.2439925687410887,0.606340553952766,1.3456388097991032,0.5978570723059348,1.4065449475549572,0.5928457035614556,1.4534009821226161,0.6947928339026748,1.2548335824466177,0.6783359560530005,1.3566936043215365,0.654159875712084,1.4200746073723718,0.6334978493869233,1.4669537350227149,0.7310927826526251,1.2547461343761603,0.7151376699450893,1.3462823596768376,0.6865925821228782,1.400474183642355,0.6589374269943891,1.4425968154681343,0.7405059306795607,1.2492060019590518,0.7205703176464707,1.3227970341914947,0.7026281810156504,1.3692085269174894,0.6823139093473763,1.4055526242078646,-0.7326661687125425,-0.08967642558475236,-0.6082706092786943,-0.14882850786910312,-0.5495909163768916,-0.19732474561459226,-0.49915392577452494,-0.23001062692451626,-0.4565990627577767,-0.2545438859376792,-0.6799183416230815,-0.2824990388884605,-0.6864462976322006,-0.36287621119047,-0.684792510288086,-0.41689874248366515,-0.6910153319620365,-0.46459674065785367,-0.6879975245208663,-0.2773844729307377,-0.6438279286380716,-0.37068867747335993,-0.6135829522074174,-0.434963391314165,-0.5979438411680779,-0.4836123235787973,-0.6778259555100518,-0.25428672068970326,-0.5181515521256611,-0.3077803185081906,-0.46476492961666527,-0.2649204485078327,-0.4525047101385493,-0.2319032408921226,-0.6383966393533187,-0.22345448377035654,-0.5053042419609313,-0.23980116007104682,-0.4855765515730354,-0.20897656424523522,-0.4944565210732993,-0.18735320345231898
-0.08164090883251886,-0.3559320560931256,-0.002535651920759097,-0.41410208689515904,0.04788440719938191,-0.41335955637412414,0.08956473635982017,-0.4124873964946703,-0.143915276242322,-0.4133468052509594,-0.19181484922938824,-0.4115170402580874,-0.22953639945379772,-0.4091901085493969,0.14274073258496156,-0.3822527466071266,-0.26440576489270756,-0.37961373009991584,0.019197345456204197,-0.2845842266694942,-0.16916055143187111,-0.2828497350188065,0.4992702698778063,0.027003659310219863,-0.4992702698778063,-0.027003659310219863,0.6374653329608778,0.54740351461031,-0.8540295615400596,0.37644831672743917,0.7068873615238151,1.0551645921896264,-0.6801803246866832,-0.11649299035697282,0.6864437102752303,1.2035813961719195,-0.6289617317736675,-0.2519411819176261,0.6047314629330456,1.2099139174182898,-0.5994785932646701,-0.2750268574134373,0.5781476163489472,1.158371081659085,-0.5820941948747718,-0.23486780926286238,0.7456197665686796,1.049229262075457,0.613602855652868,1.0735041810284234,0.5372391325840621,1.1352043666329945,0.4816810062665636,1.1953129070563513,0.4377376704634003,1.2461850591546122,0.6272036018282093,1.2412571101329926,0.6075607719494126,1.3433267586016244,0.5989059365107136,1.4037528485905721,0.5931326007320326,1.4503951862511166,0.6966361362999336,1.251429202140689,0.6822130485868053,1.3540958234586147,0.6570115762588918,1.4172044786411964,0.6347215962660815,1.4637690386866895,0.7344433435709846,1.2503169314104121,0.7198250492945901,1.3427506281197625,0.690297514848461,1.3968680893323229,0.661213939773649,1.438797340750954,0.7447338812277461,1.2443143295899783,0.7257890164827108,1.3180727567297765,0.7078517022803669,1.3644571912746168,0.6857964107338443,1.4007939102157865,-0.733594398360947,-0.0882625967457415,-0.6091389458443598,-0.14791912891604939,-0.5522368257277768,-0.1958289536366899,-0.4999589999788438,-0.22833686190053298,-0.454688869565981,-0.250724699350189,-0.6817842550031725,-0.28173390583555347,-0.689601752566542,-0.3625648853531666,-0.6881357546654161,-0.41600285149741345,-0.6948339493176272,-0.4634407999358879,-0.6906365845820509,-0.2745052051521397,-0.6438108171430902,-0.3680668043673411,-0.6137857770808591,-0.43294583226812056,-0.5987383503205485,-0.4818736710777039,-0.6794280507824992,-0.24982788447511428,-0.5220213237062479,-0.3055828271322253,-0.46689487162479143,-0.2654507215541845,-0.454617615781386,-0.2343327704403686,-0.6385524403451086,-0.21858898832264284,-0.5062230633679577,-0.2395373468183528,-0.48258104069433105,-0.21182564009093885,-0.4899481397809979,-0.1917952777380191
-0.08163542199056568,-0.3557425500821271,-0.0025115874077428013,-0.4139100029429964,0.04789348175277091,-0.4131507281757873,0.08964774881271646,-0.41225231374494536,-0.14387858691629576,-0.41315585325928794,-0.19178227648000595,-0.4113259443131909,-0.22944613392158064,-0.40900318022979365,0.1429501420375039,-0.3820622681533974,-0.2649655039446684,-0.37942056292322535,0.019085768600285505,-0.28449058961990054,-0.16912483295252495,-0.2827267561305059,0.49927932357817423,0.026835741974478397,-0.49927932357817423,-0.026835741974478397,0.6366866242756534,0.5474784043181935,-0.8543802640332968,0.37695501655486424,0.706685099439387,1.0551166543737718,-0.6903057561319922,-0.11593468329200753,0.6853935541989169,1.2035536430373515,-0.6381411314443447,-0.24999466912264523,0.604263905944558,1.2098897710623622,-0.6073408197116638,-0.27357992218798827,0.5777998384140304,1.1583460015313447,-0.5898240467156249,-0.23367250649893517,0.7488673321496662,1.048308679818207,0.6164566913728676,1.0738478603791501,0.5383582123386668,1.1361421067156385,0.481760348066912,1.1965681118699303,0.4370950335786084,1.2469304861199593,0.6258709191347198,1.2403993507855526,0.606251082948819,1.3417940027620239,0.5984489269062561,1.4020244923341758,0.593259123342907,1.4483410155430463,0.6963913904064019,1.2510817190433459,0.6813143265809111,1.3529294114588482,0.6564253962836184,1.4156594169610761,0.6340517383714616,1.4622602340580144,0.7353437192536721,1.2498730464584369,0.7208303299011267,1.3418287347328546,0.6916866484649471,1.3962266251449174,0.6629180723137392,1.4387299168050707,0.7471725813973751,1.2429734133847288,0.7295912577628655,1.3161738374105587,0.7126405311792434,1.3623048410679186,0.6922545585440913,1.39885812256415,-0.7394625921456994,-0.08650145581607328,-0.6156093159967221,-0.14604797969923203,-0.5566537438904294,-0.19382061960714922,-0.5040302336271966,-0.22634922809321625,-0.45466060075805814,-0.24970537721926253,-0.6895123423788202,-0.27865150998232696,-0.6958179740391991,-0.360076125852375,-0.6951133385919553,-0.4143276337142048,-0.7030269757896725,-0.46219769256469595,-0.6981373072815753,-0.27190711187580735,-0.6511237727166191,-0.36699032941140725,-0.6217925386379537,-0.43175774620741475,-0.6067730790567675,-0.4808898886369826,-0.6866273862846471,-0.24782544576395693,-0.5300338060517834,-0.304852504011843,-0.4748848579485374,-0.2642071186547611,-0.46170915774571847,-0.2313186954221002,-0.6459927593673104,-0.21683910620702176,-0.5157874293140146,-0.23866442254067313,-0.4893704617244183,-0.2103798914658719,-0.4940885881814614,-0.18888986571892294
-0.08049150591169858,-0.3554868455946683,-0.0018243598957584635,-0.41352783214135314,0.04849857111083192,-0.41276906648511813,0.0904426597964286,-0.41187799975908107,-0.14295494103032386,-0.4127900317664669,-0.19073557806109603,-0.41094703136854144,-0.2280361950776294,-0.4085872536928527,0.14371121283252747,-0.3818306092524145,-0.2644823923417738,-0.3790025787807939,0.019998300015313168,-0.28452672298488707,-0.16783844748089766,-0.28280575235965116,0.49932127172383245,0.026043571262304093,-0.49932127172383245,-0.026043571262304093,0.6360766184382046,0.5461113837482979,-0.8535160473179553,0.38098477004864206,0.7062795393341095,1.0525072966721207,-0.6972384308272828,-0.11520899737623846,0.6846151334822516,1.2005527855425289,-0.6472752911006139,-0.24890239856458615,0.6044564091432529,1.2068099075760526,-0.6176116159650855,-0.2730296332129563,0.5780474248622786,1.1555000866724217,-0.5990838867227696,-0.2332524077996694,0.7514171137787096,1.044931221736967,0.6177194857191222,1.069523496759127,0.5384150965950878,1.132594502349744,0.48064729273662354,1.1927968149674144,0.43971089015456666,1.2442143365502325,0.6327093237338256,1.235314405542811,0.6124007291008076,1.33715697934137,0.6031278189751966,1.3980949366295947,0.5969004541152003,1.4450101640427546,0.7015224493661236,1.2466447875130486,0.6874701313923812,1.350638500622906,0.6617619623629458,1.4153823327753388,0.6380596973490131,1.4626149136811741,0.7376255092230307,1.2463347042389057,0.7237179193205351,1.3398817896173176,0.6946022157725188,1.3949322224932161,0.6644226932708999,1.437104393150906,0.7464772538983199,1.2402588304441395,0.728472135016078,1.3139441860169923,0.7112868600794845,1.360760504643144,0.6899876559027349,1.3973675766266704,-0.7486342262919288,-0.07959574735858552,-0.6250788066971049,-0.14034391812814845,-0.5668186568766427,-0.18987304271592687,-0.5201893350341347,-0.22487500261489723,-0.47672052935496045,-0.251091748791891,-0.6933998399796794,-0.27381857872984267,-0.6991108502490363,-0.3537870515943432,-0.7017585623935721,-0.4084704229717879,-0.7116161333490556,-0.45711689230729624,-0.7031403266018237,-0.266786290779674,-0.662511048484042,-0.36141021387510686,-0.6340194002058522,-0.42733951433542045,-0.6195325598686707,-0.4774882137095112,-0.6944598547491664,-0.24225386825426803,-0.54014270340817,-0.3009823131393745,-0.4794300383570204,-0.2629047549202755,-0.4655099369156553,-0.23094385980340557,-0.6538719999695336,-0.21145029048282263,-0.5222478213278591,-0.235144101754276,-0.4949059665642871,-0.2084115082111916,-0.5034978431957606,-0.1878618973800869
-0.07945396919348544,-0.3549540765392705,-0.0012716882190568935,-0.4130289217046667,0.04888551147627899,-0.4122918793357204,0.09107075287425231,-0.41143772888925756,-0.1418755707885318,-0.41227010356346866,-0.18955784424457617,-0.4104077686226384,-0.22668519832488815,-0.40800871997735577,0.14441886282442756,-0.3816826553472055,-0.26379389951501553,-0.3783825286222354,0.020871571289966286,-0.2841719288350518,-0.16663318900103194,-0.28245721337355584,0.4993534846524422,0.025418445378565437,-0.4993534846524422,-0.025418445378565437,0.6360663405685195,0.5448655660773921,-0.8505431378653601,0.38657536752418226,0.7057209590420764,1.05072181961795,-0.703135972310474,-0.11320544555814545,0.6824961695112178,1.198328976228458,-0.6550203778670639,-0.24606010728363878,0.604067602864578,1.2045830117800393,-0.6265209561226431,-0.2698836039480927,0.5775587230301749,1.1536376641727402,-0.6060937625106043,-0.22965273810971135,0.75071021092744,1.0428224472280931,0.6174998782551685,1.0676176244276165,0.5429067172002445,1.1311941015719664,0.48730354878874577,1.1917984390106104,0.441081011693529,1.243421030015382,0.6331207031592752,1.2354926232625227,0.6132292948272904,1.3374368294833525,0.6048822530730028,1.3977197632757385,0.5992548195880756,1.4442132314908314,0.7001600345049568,1.2455876349522101,0.6894733632668797,1.3466645239805644,0.6644503000786754,1.4084253406106544,0.6413239235340397,1.4520493022171659,0.7367507592830345,1.2441100897233783,0.7253827933410198,1.3348686387931379,0.7000136810588928,1.3882062828682775,0.6733827556172185,1.4297414583829844,0.7461938482406587,1.2379602065088458,0.731297531976121,1.310272313219293,0.7169807213405768,1.3556707470576657,0.697684348645703,1.39151316177069,-0.7632429274782676,-0.07047336218955624,-0.6414417490304094,-0.13069569518939683,-0.5798646760289705,-0.1818289221340308,-0.5310587558442937,-0.21599705004799555,-0.49294912875054947,-0.24410028778098392,-0.7025739379406126,-0.2624377246757107,-0.7038119496746756,-0.34391152334887026,-0.7079662268461085,-0.4001507468754426,-0.7179028155725538,-0.45049620571809423,-0.7149148926520763,-0.2573667972153637,-0.6869731163621792,-0.3547985232514414,-0.659431828596834,-0.4212865815100606,-0.6430260630650492,-0.4740001977861959,-0.7076115687259468,-0.2325609853363685,-0.5555281404822217,-0.2931254849281024,-0.4930270319977911,-0.2560606728913506,-0.47942586776892265,-0.2253981067010408,-0.6669264079490194,-0.19897725838004296,-0.5386428859498088,-0.22527133456955986,-0.5128824005826771,-0.2003590914936289,-0.5249435619413715,-0.18077178435320596
-0.07779877034073152,-0.3540087946718855,6.225705399201209e-06,-0.4121022819814507,0.04978679781510398,-0.41133298670887913,0.09208541813343359,-0.41045978946106415,-0.13998103173679913,-0.4115981260408465,-0.18748055586692902,-0.40988407997394616,-0.22432402802593962,-0.40760614484707086,0.14535945228363067,-0.3811739450664906,-0.2615810889382269,-0.3778570743183351,0.022152069384206417,-0.2835784411301478,-0.1645132556000434,-0.2820870060968459,0.49938620895690444,0.024767202176487098,-0.49938620895690444,-0.024767202176487098,0.6358885016051689,0.5423068950282299,-0.8454780937710111,0.39408185150673175,0.7043832076202562,1.0486667353437802,-0.7113660092746927,-0.10242782916227958,0.6806780771324112,1.1948247605415894,-0.666083845840527,-0.23220619171709858,0.603680908427404,1.2015673677512324,-0.6400042817921191,-0.25585579564327504,0.577157720803726,1.152220912396391,-0.616302768943898,-0.21374722760192913,0.7494938276313278,1.0415401535470836,0.6162028211328946,1.0662970917227774,0.5426472896774889,1.1286217871626403,0.48724591516615395,1.1882224840968905,0.44109812628803713,1.239486288452378,0.6321502179064106,1.2333460603056847,0.6117167797369999,1.3341762388526828,0.6032972703649666,1.3940518763983465,0.5989317047816619,1.4400640458561456,0.6979702262721548,1.244222031113473,0.6858083949059692,1.3453268137472683,0.6622489795769272,1.4080279119703207,0.6421461768429064,1.4523332285748902,0.7346041277264436,1.2426585377467332,0.7231521950380752,1.3325287825942076,0.6983242501683687,1.3862379430731164,0.6726595368405481,1.4277383270018837,0.7448470957312104,1.2355746945762907,0.73247729215223,1.3067541939792067,0.7201746252341761,1.3524372423623885,0.7027596446095294,1.3882781235586656,-0.7787925861580469,-0.05814076901813752,-0.6555349769596589,-0.11689872418233639,-0.5940844042103055,-0.17012110180395093,-0.5418964191276529,-0.2065074894030445,-0.5086681467890352,-0.2317420401402419,-0.7263569189578909,-0.25101598274462844,-0.7279827535097769,-0.33313244804201403,-0.7267592341365258,-0.3907055420982447,-0.7352418418740915,-0.44054387024520014,-0.7392965428432065,-0.24328399316343668,-0.7094526985694409,-0.3412867760165029,-0.6762368776416217,-0.4074602614259598,-0.659800342338498,-0.4592002481133321,-0.7303738450388404,-0.21516315492447718,-0.5810147135608391,-0.28048090030058304,-0.5074877866978081,-0.24584073893481134,-0.4907300386485475,-0.2168424968903347,-0.6879286682501674,-0.1805360338875822,-0.5531384445866834,-0.202893046763038,-0.5298459774094206,-0.17928643385657766,-0.5470343928362288,-0.16168072790571494
-0.07289336937181286,-0.3511940482026445,0.004014996796516004,-0.4089040790728795,0.05325652219075426,-0.4080783581132539,0.09552670052789196,-0.40715686635843223,-0.13435521489249636,-0.408626977237693,-0.18137559133078618,-0.40703579840366955,-0.21768580888489558,-0.40483819622721884,0.14841418425412872,-0.37811622728458394,-0.2546785079629958,-0.37524518721449823,0.02623032052186554,-0.28126073823013353,-0.15873467519440868,-0.2800080078851385,0.4994018959872277,0.024448850368927758,-0.4994018959872277,-0.024448850368927758,0.635923372917799,0.536569383017918,-0.8339128216992948,0.3996696572896098,0.7039284725415996,1.0389022904304477,-0.7140215807757918,-0.09439662181486475,0.6837049146317463,1.1843772114675213,-0.6741210836461599,-0.2211988216830928,0.6068148857784246,1.191400236412369,-0.6514801675097823,-0.24271641057242294,0.5803778120298542,1.1432446134722773,-0.626331456843323,-0.1986385063813146,0.7488610623149016,1.0302169045287763,0.6180314879625277,1.0552126653177902,0.5460110164607678,1.1187327910965865,0.4905414720786705,1.1784705956008772,0.44418457303790954,1.229572858359743,0.6391399046729045,1.2206784270669908,0.6187601461797636,1.3226298976376245,0.6092555824058669,1.3831953818601892,0.6044608746401066,1.4299793736377515,0.7028887467806981,1.230223999745358,0.6908127913342178,1.3317143701949956,0.664964178694511,1.3946015252003203,0.643392994834501,1.4395446172540354,0.7367035891680714,1.228301749024025,0.7231551473265225,1.3191434739461876,0.6961512838413697,1.3734360961105578,0.6688363528125514,1.4160178420999523,0.7437647890687067,1.222477484372049,0.7285863266258922,1.2950389066665178,0.7138282888053308,1.3411570872064593,0.6938514511337546,1.3776435096875004,-0.7979862291102767,-0.030574430447042698,-0.683256150522664,-0.08899553238239315,-0.6244753038074473,-0.14149876600779976,-0.5724561752982277,-0.17657538237052384,-0.5327533877649447,-0.2006421081001336,-0.7417160942252566,-0.22827252429850559,-0.7355155812099082,-0.3100386952665054,-0.7340617655355742,-0.36825075181077516,-0.736665997672307,-0.4172456403181682,-0.7553285499664667,-0.21788010107253877,-0.7349393727615267,-0.31007716195230434,-0.7079791020752316,-0.3768769581958328,-0.6883325861280783,-0.42896293455339646,-0.7493490015969536,-0.18695096860725688,-0.6135024212100746,-0.24971943117362663,-0.5362849045810127,-0.22355916753023133,-0.5109500701672316,-0.1995057780297176,-0.710652015791809,-0.14684476014381828,-0.5861957419730094,-0.1843589057795743,-0.5392342116456059,-0.17471181105721345,-0.5334600412041721,-0.16662697222202388
-0.06732754957441034,-0.34767390711011037,0.008637122912704341,-0.4046550188479664,0.05726015838607692,-0.40377577106838214,0.09932522753786577,-0.4028093880327442,-0.12790575600719273,-0.4046605290529269,-0.17421820628110588,-0.4032439129269013,-0.2097104233337313,-0.40122298357625824,0.15171674975299415,-0.37410566124952543,-0.24602736180939208,-0.3717230732971873,0.02990569164138213,-0.2784830447194853,-0.15185458711887045,-0.27741303693384495,0.4994511457548719,0.023421208426248556,-0.4994511457548719,-0.023421208426248556,0.6339493274251173,0.5287124312624094,-0.8172155369768739,0.4185339092734932,0.7007367946715387,1.0248749715582748,-0.7376308243144751,-0.059395362808250446,0.6815510834179103,1.1685582536882615,-0.7003843060378002,-0.18504941879138198,0.6064239620847837,1.1753094883927864,-0.6867713858039465,-0.21102921276124265,0.5810028371044204,1.1283411592448498,-0.6628672120250079,-0.1649587180543987,0.7494134518409443,1.016076572348146,0.6205659442367055,1.0413845325221576,0.5487969227385789,1.105175270688746,0.49195644459001203,1.1646264346024542,0.4466107474401297,1.2141411363770382,0.6361775885176304,1.20530260313675,0.6179725292632314,1.303862405636304,0.6104839139963876,1.3628635420642872,0.6066048941879625,1.407939814864163,0.7002420276112096,1.215057310754044,0.6873655832791589,1.312391216012696,0.6616515127753759,1.372704932607377,0.6387196845672938,1.4153448723960842,0.7333894468485017,1.2134475084869425,0.7199743183001684,1.3009827889723469,0.6932626539729492,1.3538455570743912,0.665423289191735,1.3952281832297353,0.7412902583431331,1.2066622256502741,0.7258931008463403,1.2762393369602536,0.7107982644455864,1.3207182048521788,0.6913238842455224,1.3555448384907012,-0.8075289256238669,0.009835016798546174,-0.727279616449746,-0.05367881300831361,-0.6706555988900731,-0.10904946454414742,-0.6049195938887163,-0.14488347878805075,-0.547173468321874,-0.1639312704339379,-0.7860463635622476,-0.17781213466422663,-0.7590512937679581,-0.2661659273118527,-0.7480281698655148,-0.32708000952162714,-0.7336019598278718,-0.3751921174081821,-0.7826727200147471,-0.1686186455342472,-0.7637021534801712,-0.2611187440518126,-0.7319830287137462,-0.327251812777782,-0.7018277330118423,-0.37899111588188306,-0.7577361229825103,-0.14242798342231805,-0.6392128890321863,-0.20566556280436973,-0.5887230454633331,-0.1873587703628652,-0.5840698007370325,-0.16614012244629175,-0.7099896624281069,-0.10781114878161811,-0.605967190766122,-0.15515351393194451,-0.5605764250741752,-0.15127819500744807,-0.5500304684729336,-0.14194777317210827
-0.06512094133352035,-0.34775700523045233,0.01060092879899384,-0.40385475949978955,0.05886512884521672,-0.40291567386306126,0.10052555670529831,-0.40187402528043187,-0.12505712095028632,-0.4042374746126676,-0.1706131563459028,-0.40304467850161857,-0.2049828146677021,-0.40131814141350175,0.15228054683905895,-0.3734320510185907,-0.24019885048295964,-0.37137328947305126,0.031016511033149768,-0.27915829188200564,-0.14819368313394335,-0.2786703777649095,0.4995796890172284,0.020497178377751422,-0.4995796890172284,-0.020497178377751422,0.6315613701734574,0.52127963997289,-0.8057549020349309,0.42974725982170486,0.6944090559239251,1.0068328221308738,-0.7412571654422814,-0.04037703245241604,0.6758623984817447,1.1483200484685447,-0.7137380143650901,-0.16267148317705007,0.602553535577825,1.1548159450374078,-0.701308066641565,-0.1914608899250655,0.5777616098806088,1.1085858086980316,-0.67326227166739,-0.1438295872033711,0.7396264592126716,0.9974005999253864,0.6189769088778155,1.0193017835174898,0.5491547805870998,1.081010205418114,0.4933663778999427,1.1412450301648192,0.44655663316878386,1.1935478337715857,0.634398417798391,1.1854659223002713,0.6153271441963939,1.2827643758592135,0.6057949951033224,1.3410488418893207,0.5991086534597455,1.3859557580630737,0.6933302997511417,1.1942396976929273,0.6820807383872043,1.2899670604949665,0.6562455824723685,1.349767625050011,0.63275578847424,1.392001010323968,0.7230080987067132,1.1925180677287543,0.7103983312512286,1.279410985242104,0.6827841198556538,1.3317063267760965,0.6547938848798515,1.3733244154841335,0.7268218667701926,1.1872926701591755,0.7091495695943735,1.2575602517507127,0.6925222870448808,1.3031681161083148,0.6730431949438797,1.3400735814215352,-0.8339721219091945,0.05715915301197211,-0.7517912600242547,0.011365953477316627,-0.694479783396306,-0.04932868094935141,-0.6371583303014964,-0.09199648863394201,-0.5622688868307323,-0.11550591112784607,-0.8007658575095244,-0.12247792038349388,-0.7892657894959899,-0.21601500260734927,-0.7736795472079766,-0.27513088143062314,-0.7524430558591785,-0.3213676687479066,-0.798030075078705,-0.11490772866361468,-0.7905559169910495,-0.2131131485025619,-0.7634471393616926,-0.273327695877598,-0.7350492886606029,-0.321133911207308,-0.7805142381026828,-0.09074748364862685,-0.6653657764826155,-0.14428193481056004,-0.6218227163273101,-0.11544718785949305,-0.6129453641201695,-0.09193160104460166,-0.7463381475708345,-0.05812492366981662,-0.6532096543861067,-0.09443699197851944,-0.6139890809947092,-0.08777538872837856,-0.5999345913625616,-0.07795878866553627
-0.06735749329850199,-0.3563211954958289,0.007458981002617555,-0.4114484887432889,0.05544259316447482,-0.41048740344491036,0.09668190413561482,-0.4093893684867587,-0.1264862581924169,-0.4121045843120531,-0.17138696447366247,-0.4110222144448355,-0.20506978724351366,-0.40942529429479374,0.1473763762683996,-0.38105381651485903,-0.2389296415257065,-0.3789287989752924,0.027400002370222297,-0.28815407275262217,-0.1496963282813754,-0.2878387728356073,0.4998904751236494,0.010464840211492292,-0.4998904751236494,-0.010464840211492292,0.62532133777635,0.5036007039570239,-0.7992430897957984,0.43857235392383154,0.6815793149087298,0.9795872094024822,-0.803126194096981,0.06166235358070075,0.6639295528620329,1.1186919381140927,-0.7391390930673043,-0.04437928254015438,0.5927112540397492,1.1249840296899887,-0.7242564574406042,-0.08426899797296422,0.5684127798266062,1.0795490319143846,-0.7099365662285305,-0.050198224430694785,0.7255128616726633,0.9707709601639342,0.6068378092570805,0.9950045361432075,0.5371292735355345,1.0560739340624803,0.4830650485253912,1.1139116876612012,0.43860320456209967,1.1637696759076799,0.620637955130663,1.156266257198127,0.6010139120826732,1.251310360091798,0.5936698616961944,1.3081533804162055,0.5892190576965183,1.3512522016203663,0.6794522193468965,1.1642003060605002,0.6678355953320834,1.257003501711266,0.6437159908817487,1.3141830017950225,0.6220740283648639,1.353238790907393,0.7090800214349569,1.1618585348137234,0.6951882827337701,1.2461539876086223,0.6696332444407012,1.2964991921527238,0.6426945630137006,1.3361013412733869,0.7131563018830153,1.1561068888750528,0.6943962365543994,1.2235973755986278,0.6772891580150614,1.2660852582563598,0.6569728138565056,1.299885249512483,,,,,,,,,,,,,,,,,,,,,,,,,,,,,,,,,,,,,,,,,,
-0.069348358301854,-0.3627992961380582,0.006641053724129787,-0.4176622746352081,0.05544438125517294,-0.4167083225370926,0.09592791720661853,-0.4156152408305346,-0.12850984543012814,-0.41839532866643353,-0.17329049871661356,-0.41738997811582773,-0.2066282584758165,-0.41584838230296756,0.14518552278488495,-0.38743402187337944,-0.23851382313341282,-0.3853235052159394,0.025212709880108236,-0.29482072845829616,-0.15178463886989849,-0.29462483396960903,0.4999739745767215,0.0051014454771045525,-0.4999739745767215,-0.0051014454771045525,0.6231012929693744,0.4939809468174004,-0.7940837507358762,0.45537271898249354,0.6756229586643364,0.9658982433121811,-0.8555656017224385,0.1643192228076546,0.6597516889542777,1.104484212747569,-0.7951615679368222,0.05840191896881123,0.5891155072453628,1.110650914009543,-0.785689584442737,0.00829792835541374,0.5645792455215022,1.0653975380648866,-0.7807725850751105,0.03726161223044976,0.7162928487884617,0.959248961065495,0.6002824471321286,0.9825177918077606,0.5299203905031623,1.0421234601488167,0.476806430189402,1.0991869522844107,0.433414051887273,1.1512204718103227,0.6145086483519626,1.1426572431672675,0.5940774256008579,1.2374558652178163,0.5848428767214089,1.2941646166031984,0.5799086252823356,1.3374353558762317,0.6706499099401659,1.1506831930138344,0.6577237357816191,1.2437437284930855,0.6330699691655997,1.301852203242033,0.6128251005871744,1.3410248997740495,0.6997175037570502,1.1479325609036084,0.6858401600925568,1.2313642144417676,0.6607453128664577,1.2813082457567728,0.6348155289844366,1.3201055308538947,0.7045705035047931,1.1422745174901003,0.6874885676933841,1.2091974492036337,0.6717834584871225,1.2511474907306972,0.65269710228254,1.283814645777207,,,,,,,,,,,,,,,,,,,,,,,,,,,,,,,,,,,,,,,,,,
-0.06793366191129706,-0.36036291882482757,0.010420503644784298,-0.41496163397870867,0.059747467159581,-0.41402992756554224,0.09876838941336,-0.4129325352709015,-0.12667017642861908,-0.4158705743928939,-0.17158614859220048,-0.4150413149751429,-0.20486758859588197,-0.4136621934431098,0.14694677666011208,-0.38502209243311314,-0.23596436223205144,-0.38330531477382934,0.02613046581674951,-0.2926954926238384,-0.1505116317158594,-0.29252538002034,0.49996094168185845,0.00624954339046626,-0.49996094168185845,-0.00624954339046626,0.6218976874889695,0.4921247346401746,-0.7851225881879821,0.47900219149130896,0.6717650272851394,0.9604581703346143,-0.8695637731973583,0.2896780886998422,0.6575154090894891,1.098792443102366,-0.8287770631475999,0.19826596270728283,0.5870995418517729,1.1047380050724078,-0.8307190898141648,0.1369764943597633,0.5624814339951218,1.0597196649620184,-0.8253844550077555,0.15796057962904014,0.7108888708259792,0.9565152257888423,0.5964579484051982,0.9785550842608725,0.5284331434493688,1.037239031454158,0.47524196780194344,1.0943352083157198,0.4322322528099998,1.1462646100890552,0.6113892817925632,1.135814067973393,0.5906769656361245,1.2307792707791712,0.5800944123458143,1.287725097189128,0.5743140619656013,1.331259220643715,0.665715911639176,1.1447356519213663,0.6503254639390234,1.2382501546809535,0.6243591030315967,1.2971989147096108,0.6033271143061302,1.338298973439791,0.6932387396297272,1.1429738165557655,0.6776362835640621,1.2261914476928135,0.6512315190790321,1.2764367979304005,0.6245187812188954,1.315435744671274,0.6967484978059957,1.1379722530573677,0.6783967311689203,1.2050279220843447,0.6613130622945408,1.247668954370565,0.6411340080447936,1.280562819051313,,,,,,,,,,,,,,,,,,,,,,,,,,,,,,,,,,,,,,,,,,
-0.06689704812400543,-0.3617387085267901,0.012412248266136055,-0.4158902566564801,0.06127310744659732,-0.4149750170199522,0.09869069439863785,-0.4138543744874734,-0.12483630856709109,-0.41694894980069036,-0.16954483791722014,-0.41623007877432433,-0.2029374354481471,-0.4149435730122705,0.14622636855883978,-0.38621970665176264,-0.23211176459531965,-0.3845334239661729,0.02657800838353963,-0.29477376637624797,-0.14887783366430263,-0.29460281891657514,0.49995455969085406,0.0067407895920447046,-0.49995455969085406,-0.0067407895920447046,0.6148404824240864,0.48750331929081414,-0.7799522236811892,0.46030393977039924,0.6628848924697662,0.946064267655302,-0.8496975748343667,0.3302099897497151,0.6507722226847773,1.0834453273467703,-0.810811818667932,0.26373282081286303,0.5811542510502806,1.0885613143279462,-0.8054549565085073,0.2028411870614496,0.5557396709509659,1.0440153239030976,-0.7934241037186305,0.22276988288524255,0.6978158998093617,0.9433283261112912,0.5836098559685915,0.9645211179752454,0.5182099180610755,1.0235199319707118,0.46751560728842445,1.08039525860164,0.4241269440716832,1.1308843229161893,0.6024434086293192,1.1207731189733912,0.5812734566913428,1.2151986918524504,0.5707663085523131,1.2713422022249945,0.5657150868406906,1.3142160284801405,0.6583636821911079,1.1281809204448046,0.6404631248627879,1.2206574341611425,0.6143128175588598,1.2777608471761503,0.5935954403185119,1.3176953626833736,0.6871998709273146,1.1261226676633675,0.6691062692931277,1.2077558483028246,0.6419937127789983,1.2561090666627521,0.6154992422069117,1.2941151728033438,0.6918928499643541,1.1212396166395953,0.6704114302686942,1.187713656819464,0.6523431715660716,1.2290680022456901,0.6313255900931799,1.2611146085224192,,,,,,,,,,,,,,,,,,,,,,,,,,,,,,,,,,,,,,,,,,
-0.06565583244795313,-0.36309758045405793,0.014229408826052517,-0.4170596124628717,0.06264459811151099,-0.41614753570950125,0.09912657896720345,-0.41502550040471514,-0.12348643927052948,-0.4181850712163375,-0.16832303540653004,-0.41759363155408585,-0.20195748501719357,-0.41647221869451423,0.14613504206789435,-0.3875389421776574,-0.23083497488170096,-0.38600827158955275,0.027066252095967327,-0.29636732976022784,-0.14786668465463035,-0.296345310760765,0.4999676033097877,0.005691716847029919,-0.4999676033097877,-0.005691716847029919,0.6132395609990863,0.4888459078284247,-0.7716429982447544,0.4659890971068099,0.6582174521987781,0.9395424596828179,-0.8662903836427718,0.4691478509590883,0.6467381619416854,1.0775695303866493,-0.894832453342316,0.4690057778388789,0.5768584162681427,1.0813645788594493,-0.8741225339711598,0.3990743692125327,0.5512513313662645,1.0376602105686221,-0.8347818956622293,0.4041323590255509,0.6944395621774173,0.9368301546606388,0.5760858061456459,0.9578414153212643,0.5112192342296774,1.01730033882497,0.46268017834653363,1.0737886425424792,0.4205048467251232,1.1212353070741774,0.5993257318967847,1.1130797186512054,0.5766340247683158,1.2054382951898583,0.5669118973517536,1.2613741787795,0.5638423087764521,1.3045141448720803,0.6568378023808413,1.1204113452214846,0.6320101744988194,1.211507914087741,0.6044865807814989,1.2673603900186399,0.5830836464696499,1.308080444728552,0.6868519550126755,1.1187224957432453,0.662197055677677,1.1999414815006184,0.6333520107699754,1.2480538511892232,0.6060665023472008,1.286184378195516,0.6929556527860519,1.113747446755059,0.666525695310606,1.1806210932651793,0.6460220387224045,1.2222097702719246,0.6226414403527889,1.2545325722043352,,,,,,,,,,,,,,,,,,,,,,,,,,,,,,,,,,,,,,,,,,
-0.06541992010675092,-0.3647588265089416,0.015157965083667886,-0.41897563835899676,0.06387666374206129,-0.4180511228395657,0.10001032054767035,-0.41688058037977893,-0.12340041158474688,-0.42017537440895686,-0.16827278671012819,-0.4195930186507852,-0.20186998311785317,-0.4185737308639205,0.14850277860045938,-0.3894816768524006,-0.22838794770980086,-0.38808971403358933,0.028041395748929738,-0.297804240960841,-0.14704838581384735,-0.2981610169536652,0.49998925051646353,0.003278622879361528,-0.49998925051646353,-0.003278622879361528,0.6136225208498455,0.4867168570505699,-0.7066716278770333,0.4564433761515021,0.6568232811088696,0.9365204990301028,-0.8554766437126429,0.5523892958813768,0.645344719083907,1.0753111027393905,-0.9248390590462658,0.6457708444307516,0.5749535698350411,1.078552796310277,-0.8954062835728692,0.6157449065173348,0.5486244500647474,1.034607230208748,-0.8481209474317353,0.5900885998744982,0.6931572113852817,0.9357391526086857,0.5755186271276639,0.957635200443735,0.5105101383902801,1.0162105258988714,0.45977455526776695,1.0724052715108445,0.4169631465389376,1.1208355328335704,0.5979027638018831,1.1120908280785295,0.5747644917756494,1.204796298172119,0.5642496680830139,1.2604126141945056,0.5600918166782984,1.303056713719465,0.6553829603324343,1.1200544973958035,0.6299110669942346,1.2102800283699535,0.6006010134438436,1.2642551281778012,0.5771093084990266,1.3024058249393553,0.6853620952064786,1.1183517064185022,0.6607968747007732,1.1986503282909378,0.6306148229948981,1.2449547053801084,0.6015919628455734,1.280870984614147,0.6907571950639735,1.1130940613344467,0.6646959877084263,1.1788573073911457,0.6435153577609274,1.2190446360786147,0.6199193178014295,1.2494986429866903,,,,,,,,,,,,,,,,,,,,,,,,,,,,,,,,,,,,,,,,,,
-0.06461551324464031,-0.3644431452057112,0.016429501590414695,-0.41856633845883545,0.06527009792923727,-0.4176438386775922,0.10071943829955779,-0.4164646321759231,-0.12254063425170696,-0.4198717070637747,-0.16723219222353208,-0.41939122065202733,-0.20085856195071977,-0.4185880571117193,0.1497233899347142,-0.38913686570160716,-0.22576729711016627,-0.38811717494870857,0.02925281478600303,-0.2975825825691249,-0.14589539979731111,-0.2980240917556074,0.4999915848525934,0.002900875142422031,-0.4999915848525934,-0.002900875142422031,0.6114918909605532,0.486178133785352,-0.6987655827428556,0.4455824034809588,0.6544678304877859,0.9349419708640222,-0.8898141782357007,0.6676039698515197,0.6446083377446742,1.0741194422745677,-0.9566578313496845,0.7971628704327296,0.5735279959859829,1.0760958396870015,-0.9170353681776506,0.7903159099778484,0.5467246961955042,1.0317288204425559,-0.8754731966032331,0.754412029229315,0.6903779165657147,0.9312328903511584,0.5739259127334627,0.954161892733621,0.509020804522601,1.0129142617157114,0.4584448878183556,1.0679760110398895,0.41502014784260083,1.1195153051327702,0.5948890667634633,1.1115360271964638,0.5695274201247703,1.2018080565760048,0.5562194707034015,1.2560524088855742,0.5503495393618255,1.2976521614861427,0.6494888293141541,1.1186544708123938,0.6270275536348697,1.205594858839546,0.5956980865833883,1.257740723880827,0.5708921271920531,1.29320697377375,0.6781464366612123,1.1159677183174217,0.6575366761402797,1.1924792746294344,0.627013746776965,1.2362443769225266,0.5976653311349641,1.2709711066847533,0.6843278755384373,1.110427755366446,0.6615023470236431,1.172034731003654,0.640894448101529,1.209474741044018,0.6182879677143923,1.2377198491195174,,,,,,,,,,,,,,,,,,,,,,,,,,,,,,,,,,,,,,,,,,
-0.05546982846101482,-0.36763342305475255,0.025950910360237407,-0.4217948061654467,0.07355749894115016,-0.4208680876825666,0.10651564384558082,-0.41966677876227043,-0.11395623400028582,-0.4233193474794409,-0.15903731979842028,-0.4229619028007025,-0.19476650463336817,-0.42255259664225997,0.15401672515289958,-0.3922300389479825,-0.2217097264175325,-0.39190444039851635,0.035936087701620795,-0.3006884373283499,-0.13857123608751706,-0.3012309464197048,0.4999946251447321,-0.002318367179472466,-0.4999946251447321,0.002318367179472466,0.6143170314474911,0.48279174176411094,-0.7020747233101042,0.4789207109274988,0.6583877299432079,0.9361862866864658,-0.8951130808651051,0.8477606406873496,0.6502869435397641,1.0753137633266805,-0.924915627342544,1.0133364634512463,0.5773102000766467,1.074546042753529,-0.880624410887128,1.014609998306628,0.54972796107734,1.0297797720408683,-0.8459792357094806,0.9679508029794869,0.6944243598702535,0.9266730992366602,0.5765724249502653,0.9492207793924705,0.5105374394586107,1.009279398466047,0.46000007603811455,1.0648005841440613,0.4157791848352816,1.1151829449670276,0.5973291191368177,1.1081259047833878,0.5710911669293026,1.200057029947664,0.5575837533851884,1.254131835030909,0.550350764307055,1.295297049401154,0.6532115120691361,1.1148842662881036,0.6287806822374284,1.2032661578002293,0.5960437922920346,1.2551066912073663,0.5687681450171715,1.290090265449291,0.6815579030132227,1.1117691640352412,0.6582601902683635,1.1898603725858268,0.6262710055456893,1.2335447282708834,0.5949713418875028,1.2677363773298318,0.6862357541773183,1.1056657234155847,0.661777926896191,1.168462256238925,0.6402440475134146,1.2060270348977753,0.6160125953972485,1.2343216031515967,-0.9809603540763295,0.7479566558621435,-0.9042318573009756,0.7617976585801212,-0.8385928731902478,0.8080459961712667,-0.7920231263090288,0.8634702082522276,-0.7606060470195303,0.916383967852673,-0.9718840132865296,0.8829093027808976,-0.923318317041321,0.9606538889061761,-0.8836412207020171,1.0160610336340556,-0.8519752295836022,1.0594653295708223,-1.0018797699587374,0.8992736360730795,-0.9522548892970739,0.9786065721392132,-0.9049020224354914,1.037363727961457,-0.8628244416747304,1.0852953720396923,-1.0202461037673651,0.9088623853497091,-0.9824320253852102,0.9830523073014019,-0.9432229624147245,1.0343567706640284,-0.9061786604459786,1.0762641045778027,-1.027504150822977,0.9121880366764935,-1.0147917656169445,0.974457033131864,-0.9964033994070663,1.0159175127104167,-0.9754868539431312,1.0489122748450947
-0.054158856236510795,-0.36550750036241536,0.02737515687200176,-0.41980740721758975,0.0750368325880401,-0.41852669244801755,0.10813438161110873,-0.41736858650138503,-0.1124382696599205,-0.4219239429942056,-0.1575710510469549,-0.4218393436828739,-0.19308831896834153,-0.42259557378205626,0.15537441963964732,-0.39018805851772914,-0.21967587527601368,-0.39194099973233437,0.03676626280231357,-0.2976810993037849,-0.13724174723683868,-0.298684643589834,0.4999778921875212,-0.004701842588118607,-0.4999778921875212,0.004701842588118607,0.6132693763797156,0.48377729877925557,-0.6998411445323548,0.49218349634340774,0.66039713299092,0.9397675092072854,-0.8809101493183028,0.9088311056940681,0.6526430373235675,1.0779905929256381,-0.9013852792015543,1.0662047712895268,0.5797220804899805,1.0776657067222315,-0.8607215855281855,1.0748151874758014,0.5517862153783037,1.0327380757533138,-0.8354168793559061,1.0282371905013368,0.6963734657389178,0.9310595650402558,0.5772171022581681,0.9540429344413004,0.5093764524857888,1.0146186814434264,0.4568683505031559,1.070956930861347,0.41401070433596354,1.1205749122677846,0.5940982949907312,1.1144983599891514,0.5652974125975172,1.203974225657903,0.5517806246023369,1.2559400223717516,0.5448524107847538,1.2961470195333287,0.6521204550699997,1.1220516536196945,0.625853125985762,1.2085151781376422,0.5950920554188384,1.2593691869307504,0.5699453663172886,1.2946969896665939,0.6828225118906067,1.1194373446578636,0.6580322347569436,1.1966520174339894,0.6271992605991129,1.2402985842098369,0.5978781254423172,1.275704191911219,0.6892483323678357,1.1131556419611135,0.6632728107292009,1.1756201394440393,0.6411001038433491,1.212820230931447,0.6177185469539992,1.2421604679061296,-0.9459882180912306,0.8038281021720572,-0.8548258793221463,0.8441725392428193,-0.7997608903058421,0.9083156672097912,-0.7533137330189351,0.9653198401650963,-0.7140181099896203,1.0226484334258108,-0.9433621840298027,0.9627246330211522,-0.8852496009142371,1.0421582226587867,-0.8409142427743074,1.095697512208638,-0.7973808503869554,1.1418662954421959,-0.965805111754052,0.9709137221185918,-0.9221815681042347,1.0473295351287881,-0.8794760764579734,1.1030220499225378,-0.8389927629592016,1.1438407711544873,-0.9667325205423859,0.9746758484462829,-0.9377250123873971,1.0420999854091322,-0.9010729722440729,1.0930658097215773,-0.8653199211112511,1.1351572089826467,-0.9593294790159518,0.9792874621222699,-0.938958904408247,1.0372375633112991,-0.9143089013965854,1.0779831385576824,-0.8939873625530897,1.11364079707557
-0.053343470015175844,-0.3645736412268638,0.028542561634780913,-0.41923191343578037,0.07631948168307669,-0.4177218312572563,0.10957087158956405,-0.4165616727508874,-0.11155994828527843,-0.42163864096600245,-0.15679748898191662,-0.4216835199419752,-0.19222455559349677,-0.423018289971513,0.15661322439192968,-0.38950727927600726,-0.21869170786239198,-0.3923719825488965,0.03748970901812581,-0.29611646569613803,-0.13654885792668664,-0.29730293659431745,0.4999623795708381,-0.006133434100502712,-0.4999623795708381,0.006133434100502712,0.6132219682419148,0.486648542856637,-0.6948925963766651,0.4986720603570513,0.6592412516561909,0.9443273758717934,-0.8777502907985134,0.9273216303362446,0.6527316593390354,1.0823263735459563,-0.891421057443044,1.0771721029489836,0.5794240901978237,1.0817146493600174,-0.8357970503920984,1.081882176777699,0.5489934198323528,1.0362343807412926,-0.8096920827471635,1.0342793233213805,0.6974010703450422,0.935462123861776,0.5791542714107959,0.9592114707375053,0.510670744564603,1.0190829050357162,0.45787625380104857,1.075282592966659,0.4148606311134542,1.1265260538650255,0.5962453376014464,1.1200659724389694,0.5653963157756504,1.2090652244714633,0.5490745367325499,1.2610348451059508,0.5400040792053354,1.301049453875507,0.6539848453844979,1.1271858876904286,0.626551919349917,1.2138705834113503,0.5951461335411948,1.265069359952027,0.5697817663089514,1.3010918028138057,0.6850888950078423,1.1242756437394057,0.6595554434116565,1.201678448630872,0.6289782644030275,1.2454482560872848,0.5995589863286891,1.2814478118390271,0.6916269794415736,1.117868809875475,0.6659087183242095,1.1807731754900739,0.6431880458431093,1.2182522972736252,0.6190693913142756,1.2480590992723213,-0.9155969686706252,0.8625134308337199,-0.8198993835104887,0.9034576922157072,-0.7625414443323468,0.9668679096704982,-0.7130753154382014,1.0206703674434108,-0.6796986692050182,1.0748061674107992,-0.9066419587086624,1.022778005596899,-0.8539409236444232,1.099449668524209,-0.8101216442205679,1.1553862325370463,-0.7668529009945948,1.2027938449322377,-0.9180625487695124,1.0332269833435845,-0.8824627389702766,1.1100474903334445,-0.8375263116805118,1.1677589730837983,-0.7950595903972258,1.2095936520324397,-0.9132662979652519,1.0366849609892201,-0.8832585720515763,1.1053873944797066,-0.843728718500376,1.1583656049020568,-0.8075766987860272,1.1978189345445298,-0.9000842178283862,1.0365233499673303,-0.8796916860149853,1.0958925134017492,-0.8525745476057877,1.1392003749025292,-0.8305575369873371,1.1736691410904765
-0.04872434215286882,-0.36386486413189506,0.03253581870308758,-0.4183640898204973,0.08003513388958297,-0.4168024526795036,0.11320538100260695,-0.41564656139716455,-0.10621616637986868,-0.42085506711778464,-0.15103980658403873,-0.42097175296118566,-0.18651648832205656,-0.4225008761790264,0.15976919427621586,-0.38866946095764465,-0.2132261142709906,-0.3921636807371526,0.04144982657393046,-0.29549595063806317,-0.13131869770049281,-0.296762831045444,0.49994853733788835,-0.007173563529101187,-0.49994853733788835,0.007173563529101187,0.6142346284417657,0.48386022962740804,-0.687163086801487,0.5129034174316185,0.660172190227709,0.9396769098865173,-0.8621337608770607,0.9636330444554012,0.6546797786655891,1.0769865788885369,-0.8795125884384537,1.1102526238776445,0.5813857227480315,1.0763964453703334,-0.7873457696346574,1.1098055671225882,0.550604997091038,1.0310035983684633,-0.7631295624337361,1.0632302829058884,0.6963555750677731,0.9285841978921252,0.5818538612363359,0.9513423939717321,0.5133738811110901,1.0119010678417315,0.459685837114308,1.06895397348276,0.414274233570357,1.1205214431351695,0.5983270655913393,1.1157620868416562,0.5630264783310412,1.202542716566482,0.5447447402862869,1.2537865196084348,0.534521339762892,1.2937861632046468,0.655142491707837,1.12254869980737,0.6243688966370894,1.2079325096917615,0.5907618236101443,1.2592111906012204,0.5635085679663482,1.295075869238651,0.6848020101840668,1.1192602594461483,0.6562874158385047,1.1964497856322789,0.6234685826171981,1.2398956725635848,0.5922739729324654,1.2759139688307866,0.6901240627400124,1.1124313280011937,0.6615020445625314,1.1760435979245403,0.6369540713352546,1.2134018243549551,0.6117654304350766,1.2431982190845534,-0.868299044009746,0.9067708044900731,-0.7749462614511831,0.9371441566545948,-0.7155434401103365,1.0005209622190891,-0.6682450214406764,1.0524564321268746,-0.6327725250467594,1.1070455652072702,-0.8484416401706234,1.070720808744248,-0.801927624741176,1.1523664862957055,-0.7536247622405257,1.2025765093447767,-0.7077861373387412,1.242142427281957,-0.8587978866160306,1.0758821130841765,-0.8241827657117863,1.159367946925257,-0.7729271429480674,1.2081534028526337,-0.7265870905711034,1.2411993297445914,-0.8513395259221489,1.0754917909935968,-0.8181891204404173,1.145306275835999,-0.7698726943246256,1.1888388148914646,-0.7245108498716499,1.2214173783588402,-0.8367298072748115,1.0745941121903613,-0.8075015342537019,1.131066340090599,-0.773913605300699,1.166946054964243,-0.7409842867457701,1.1938221646007396
-0.03970365807350107,-0.3617409872022188,0.039739021791946015,-0.4155799904617207,0.08639631977543157,-0.41403814764649005,0.11882423723068768,-0.41289288367382054,-0.09652060025993256,-0.4181214324093596,-0.1405728475294854,-0.4182509462873008,-0.17652129204629669,-0.4198294158109209,0.16447573594931045,-0.38624746999822923,-0.2036081398436889,-0.3897981557287612,0.04859051459180936,-0.29413891461095204,-0.12146074787596427,-0.2953638617673903,0.49991086240888555,-0.009440849834856579,-0.49991086240888555,0.009440849834856579,0.6134833578159631,0.47448147841527616,-0.6737739050738919,0.516875228525637,0.6602943578484475,0.9256132197339793,-0.8429529007591127,0.9601801063412388,0.6547176066124624,1.0615375753642369,-0.8603609207981735,1.1081856879663081,0.5808316232335793,1.0610283990545057,-0.7483374251493453,1.1069481109104253,0.5499685885919346,1.015938127140295,-0.7258002115837097,1.0610074257669433,0.6940642595283287,0.9137342252199718,0.5821067072635705,0.9367578430039156,0.5150333681899627,0.9955165748213243,0.4605586982641706,1.0519001200946922,0.41624887759079254,1.1036367809105803,0.5985459374703835,1.0980390563870326,0.5657356019689133,1.1853803988203024,0.5479080013613329,1.2376939015890065,0.5363918294131892,1.2779710336421386,0.6535446334058599,1.1049291640755683,0.6248205679162188,1.191637786819085,0.5915630574295636,1.2437011410339405,0.5637883011090875,1.2795997548565794,0.6812746875367864,1.1024932009245032,0.6555674074829728,1.1806859034691581,0.6234352593092563,1.2238919474759211,0.5922014414378556,1.2592101982828683,0.6871563934357254,1.096852611287689,0.6608802320929879,1.1609512645902846,0.6363597033178982,1.1986471513763162,0.6105904219395382,1.2284261579213864,-0.8488253447317922,0.9019052910346722,-0.7657051825998735,0.9220828183874038,-0.7071435154862237,0.9833212970072854,-0.654380120390333,1.0405955180984574,-0.6089952273672595,1.096689111498515,-0.835501987262813,1.0549199673243246,-0.7894839918257608,1.1438118021403236,-0.7329682153324498,1.1988299404664602,-0.6790974459622235,1.2418966728551066,-0.8445743502132671,1.063499879013706,-0.807652944170149,1.1560148875285647,-0.7440474693046546,1.211487855324398,-0.6842446275274011,1.2492186465598036,-0.834097695534261,1.0653087867935567,-0.8016625828635637,1.1441384955392913,-0.7490595492181973,1.1896918637664715,-0.7002487768345582,1.2247494028309436,-0.8161235498207006,1.0656639548749085,-0.7878395789180708,1.12540276688922,-0.7530262179095282,1.162768286123718,-0.7174369983508601,1.1900207004211025
-0.03167967491465015,-0.36016468968340304,0.04729106085847069,-0.4138573377579554,0.09367683599909124,-0.4119669642451102,0.1259225046734729,-0.410538780932164,-0.08812743454866984,-0.41768966324723433,-0.13196623777049854,-0.4182501035735706,-0.1676886600480052,-0.42006018052547545,0.17125175812926127,-0.3837506157966774,-0.19459862034603614,-0.39041698006662273,0.05607826612716269,-0.2917537314368538,-0.11292062382996294,-0.29301340988719177,0.4999094238170613,-0.009516721015862083,-0.4999094238170613,0.009516721015862083,0.6154794157486922,0.4710985536976202,-0.6632184028514235,0.5073714505511239,0.6645067993991135,0.9181546586271073,-0.7839308360698087,0.9458525978718183,0.6584584257618535,1.0522982226606805,-0.7925615181986287,1.0933274450311108,0.5850106936119193,1.0528039654717956,-0.6834219456920766,1.0887824542809226,0.5544021466726751,1.0072437500463103,-0.6594901471824824,1.0416290881408814,0.7022940338576192,0.9063159558193897,0.588128223756247,0.9286609938665538,0.5187022424264695,0.9871334744569249,0.4640957122234689,1.0447813082253214,0.41790757845217397,1.0968338676619638,0.598134749990124,1.0888446831647212,0.5584231367485311,1.1755374300366737,0.5342839593425622,1.2254124349869508,0.516728415263836,1.264699248611025,0.6544672568625854,1.0973648671838623,0.618590707789754,1.1832448348449316,0.5790542178861856,1.233767385343977,0.5447312608242731,1.2677198599314414,0.6831491427858404,1.0953991039108164,0.6510960945683996,1.1731438241689058,0.6145538942324431,1.2165712168729081,0.5793694703244017,1.2516561354264162,0.6885140637433386,1.089503639878,0.656469840159786,1.154393911538058,0.6285035103257831,1.19192173219002,0.5994672697072554,1.2211767628694332,-0.7677242818223243,0.914631803919359,-0.689742247379627,0.9401546230594674,-0.6279693917522515,0.9980046626629939,-0.5708753037603449,1.0569494133152486,-0.5300790973692234,1.1102240323965584,-0.748741733584318,1.0724039337842617,-0.6912336105067475,1.1585615731150918,-0.6425368843666317,1.21367688910641,-0.6013114660410472,1.257853462797756,-0.7574536632044542,1.082045607051516,-0.7031813660099725,1.1695595013216598,-0.651316862564467,1.226823615664776,-0.6036997466987101,1.267953560580621,-0.7475681713888208,1.0828157845815594,-0.7032162080989453,1.1580616119606622,-0.6567493376158685,1.2082520214980157,-0.6123298582693045,1.2450034265166687,-0.7277186789457203,1.0816561059695504,-0.6940135984048481,1.1435294178818352,-0.6591656136637977,1.1828592896333296,-0.6278072771417692,1.2136061398864437
-0.02345102973571766,-0.35908886240922727,0.05534146443689532,-0.4128589939417847,0.10167141880051714,-0.4106611637828807,0.1339115281546314,-0.40899316327136015,-0.07991091369854371,-0.4177815971729308,-0.12400220580985426,-0.41882496161367766,-0.15957717668672844,-0.420773089277643,0.17851688682610314,-0.38228639131573583,-0.18682422370898,-0.3914085848496499,0.06380400125806229,-0.2893842628120663,-0.10483687461481547,-0.2907448261477375,0.499871007508942,-0.011356753585213273,-0.499871007508942,0.011356753585213273,0.6218279242641931,0.46724065729188285,-0.653721397632787,0.5102016410909962,0.6733719280475317,0.9155589628320069,-0.7514916232708219,0.9513945754065186,0.666398186327006,1.050721776245349,-0.7516244510202591,1.096005669350892,0.5926491203986817,1.0518447157890616,-0.6474305204474008,1.0937824283357187,0.5624774319548776,1.0055703690391589,-0.6231343993198531,1.0478768238767902,0.7109060037744128,0.907101287878706,0.5953005096528189,0.9315912759874169,0.5247715195856019,0.990964558302355,0.4699114180507992,1.0478787990106109,0.4247349418384243,1.0991789497337874,0.604032728207187,1.0882557000388593,0.5651247190080027,1.1758054817720254,0.5406857805118865,1.2258298479804468,0.5217655178439765,1.2649972074436167,0.6600356725572792,1.0958426448440046,0.6273311028885757,1.180417571176563,0.5881590334909105,1.2297848255561985,0.5534577554629226,1.2625539669074994,0.6898721959850598,1.0939655080475539,0.6608957673694774,1.1698335886986704,0.6245049902579983,1.211739243304085,0.5886968776236047,1.2453751645359001,0.696859611708959,1.088480865294411,0.668326828536164,1.1519264177473718,0.6411309070931925,1.1886248599347564,0.6124502927505919,1.216807588621188,-0.7370903908178237,0.9226349557110929,-0.6569026545176504,0.9448991199373264,-0.6001297118442548,1.0007340259792945,-0.5464459544330071,1.0595807072309789,-0.5059104349656252,1.1132514743390216,-0.6972012338932424,1.0775322427265563,-0.639514943761177,1.1679388276312048,-0.596156502264005,1.2217527159745576,-0.5612825519600829,1.2648432989389784,-0.7195934019843898,1.0871011583540167,-0.667807596241395,1.1758527330503494,-0.615691335416872,1.2278113630026493,-0.5717348082054766,1.2647086859724341,-0.7191421218897189,1.0873105225390032,-0.6718559368735142,1.1643604928817097,-0.6239922151314891,1.2096814577297321,-0.5837648165401252,1.2414423692322878,-0.7023682599346912,1.0869413244479167,-0.665242657075253,1.1494192132621406,-0.6260652700096092,1.1860401694304081,-0.592745066322353,1.2119738284286274
-0.024069207705660893,-0.3591065657641989,0.05486425207021297,-0.41302491327079566,0.10122525070453581,-0.4108204646783805,0.13345712079266558,-0.4091284998997109,-0.08054358534653068,-0.41795777913964083,-0.12460700145701492,-0.4189924822863007,-0.16035065585031802,-0.4209219404915687,0.17817646750714825,-0.38234920507480497,-0.18755899804734305,-0.39165495431343017,0.06331422635627693,-0.28928456316666334,-0.10551359478090855,-0.29055504841819274,0.4998885238502396,-0.0105576381273673,-0.4998885238502396,0.0105576381273673,0.6220551424924828,0.4682261436041133,-0.6554364883712235,0.5081988162538542,0.6743070429288563,0.9148000362243375,-0.7416789271924513,0.9508158288019062,0.6665370338097388,1.0510332631256116,-0.7373296980919019,1.0948438599726809,0.5926487026081254,1.052124249742466,-0.6367178231243726,1.0918976484842204,0.5626350097156136,1.0054850282243972,-0.6127999342889175,1.0456300499869233,0.7114358791588963,0.9107667931736849,0.5959697315845849,0.9325253742809959,0.5254395460262622,0.9926076744788309,0.47124921245288687,1.0504640394892104,0.4239657733773195,1.1009664367074519,0.606301247067508,1.0894417116564017,0.564555492989148,1.1790521457282044,0.5398484186310715,1.2309330316137541,0.5213740540683629,1.270882582405469,0.6619835489535031,1.0988211237881127,0.6239853612851859,1.1865559492450497,0.5822931525622544,1.2367612610111556,0.5455219445441811,1.2697922042585625,0.6901106807720843,1.0982830842365492,0.65693142297484,1.177073705692118,0.6170754244376377,1.220154442836501,0.577923881982791,1.2533218354697584,0.6958105230104471,1.0935405173439567,0.6631595692455976,1.1582438425622612,0.6326936310641973,1.1959479871281828,0.6005113512768336,1.2246356718864055,-0.7435251391029518,0.9200245113157859,-0.6566590566143439,0.9465649056273385,-0.5964982637932102,1.005134701651807,-0.5429376966160672,1.0660139453641013,-0.5066219283541097,1.1182342053631762,-0.7018944619035168,1.0763726898771997,-0.6426707888611245,1.1678169002549392,-0.5972097172799683,1.2213631683883033,-0.5608076984028746,1.263482370897279,-0.7292745067140074,1.0857584909433653,-0.6721135087661344,1.1763045996777823,-0.619683022400008,1.228821640894019,-0.5750100715190642,1.2672097056815494,-0.7333973849938821,1.0858801849329753,-0.680183759775243,1.164186464309896,-0.6331696066810598,1.2110678568672892,-0.594018672696161,1.2437976074904111,-0.721194025803897,1.0840890015234017,-0.6846124702627567,1.1481706225722856,-0.6457275897626431,1.185979271851785,-0.6107835409398218,1.212728979825467
-0.025917243248764123,-0.35922195484581926,0.054085057426874805,-0.41321527539438474,0.10091906802721691,-0.4107821416248777,0.13335574036718445,-0.40885600877405337,-0.08184774151020935,-0.41871216280642726,-0.12641076147060068,-0.42004077241553706,-0.1613415230730686,-0.4219726744039299,0.17860779271848506,-0.38189447571568924,-0.18734644203093265,-0.3924144221621103,0.06275758938639939,-0.2884284502396067,-0.10703291156541513,-0.2897873098660987,0.4998956184895079,-0.010216193762470042,-0.4998956184895079,0.010216193762470042,0.6220115606791935,0.46719770290030443,-0.6534860775102072,0.5051736582224724,0.6748019021801733,0.9135282454411494,-0.7147256246190474,0.9344878258662619,0.6666903429394787,1.0493672958927458,-0.7123192490204995,1.0815725954523352,0.5924641635251673,1.050679926508985,-0.6189674296953614,1.0826688834097564,0.5630962169134028,1.0041550202267857,-0.5915023116550328,1.035183415722405,0.7080945323520119,0.909499565585433,0.5926020155491721,0.9334962933015315,0.5200010629156657,0.9922412956896424,0.46193970332941997,1.0497633927326449,0.41952378937066676,1.1015767763322253,0.60554522750347,1.0899612251157267,0.5593285146229553,1.1767302687009653,0.5339887924086781,1.2262962695788027,0.5172927564660831,1.2654899683861494,0.6608935742384324,1.0988453933323687,0.618799365608827,1.1834930643059127,0.5782248692702873,1.2324041162503179,0.5448041035166645,1.264968165075021,0.6902908219962685,1.0975347363684556,0.6535561421677822,1.173134729621114,0.6156954177775742,1.2147071349395913,0.5798006029235311,1.2475535678663308,0.696152113946436,1.0917696979240359,0.6627275527075708,1.155170546149321,0.6341666780777548,1.1918232434965708,0.604579504238388,1.2195482004565958,-0.7182224051728908,0.9260096227511493,-0.6357545572837745,0.9556537288691525,-0.5913499608774019,1.0140985842842924,-0.5447421611975082,1.0728974825628457,-0.5074911435566428,1.130384661141618,-0.6781329338934802,1.0820022443817774,-0.6119107876229456,1.165970523496928,-0.5664887734424893,1.218312390461663,-0.5307340879035964,1.2586092090998673,-0.6995189370855788,1.0861994437822573,-0.6402531941222076,1.170079515820374,-0.5899251357173967,1.2204527404995698,-0.5454190480356417,1.2563606118228468,-0.7007211949909684,1.0824048694562936,-0.6511203515586055,1.1516991953466018,-0.6055935060757535,1.1964288371091354,-0.564626252924328,1.230198787505061,-0.6856892515980608,1.0799259621347628,-0.6504662376319265,1.135389236162866,-0.6130582387214346,1.1703817882650804,-0.5806674917529003,1.1971477020140502
-0.026560351807308282,-0.3577497693177774,0.0531252441044121,-0.41172014992279926,0.09993254800799067,-0.4092016915828733,0.13257957773587967,-0.4071999409816797,-0.08224938347477183,-0.41749587996721543,-0.12683790136493003,-0.41891168036029464,-0.16153057309536947,-0.4208562207900644,0.17807831248038372,-0.3803415438567092,-0.18687119799393598,-0.39147497618503224,0.06211011666148576,-0.2868127513066878,-0.10726392553118864,-0.2880998666514784,0.4999171588181634,-0.009101336120329248,-0.4999171588181634,0.009101336120329248,0.6210830046556755,0.46671111912161356,-0.6508258614355074,0.5025090974179472,0.6734524085587901,0.9121666163388777,-0.704607130640545,0.9283899377280006,0.6653111590057277,1.048621048066271,-0.7032906534617432,1.0710686242167793,0.5900428542664279,1.0501793441641,-0.6139083497052535,1.0725669858493074,0.5617418300211696,1.003045730393882,-0.5862156754177675,1.0250332035784426,0.7036277469916471,0.9071483156671875,0.5854275977389217,0.931489276062436,0.5121651300416316,0.9901916037827094,0.4529802996057521,1.0473415380418878,0.41451720514909657,1.098361659727428,0.6068587095738688,1.0851306724632255,0.5582439880323458,1.1722953631661588,0.529628761893236,1.221464629861377,0.510142039138399,1.259925302723475,0.6635253843691419,1.0936804147482266,0.6165042233961934,1.179320863026797,0.572748582684197,1.2275945937846753,0.536649721264079,1.2594465837493651,0.6922315716538222,1.092275133156507,0.6513004182939712,1.1674857736754034,0.6107262987817094,1.2092488961154573,0.5732823929344927,1.2417014415304373,0.6969359731309808,1.0869396035977685,0.6607137617380839,1.1494554886973156,0.6313865867990336,1.1857691152847627,0.6011381464804684,1.2128646394893052,-0.718727297156374,0.9215387926755109,-0.636433265531946,0.9494961018432468,-0.5893925047780468,1.0090347877838588,-0.5404607056991352,1.0682043319040933,-0.5036032797838423,1.1226594854696188,-0.6842953252150284,1.0759152943741983,-0.614433154650788,1.1624851809139158,-0.5660931327418951,1.2127039061505431,-0.5307228685843013,1.2524271378751208,-0.7071675885110797,1.0803265315602248,-0.6409512799029977,1.1650750762932915,-0.589540978794361,1.2135293671953722,-0.5469492926414511,1.2478147569911517,-0.7071623291103999,1.0758072307170643,-0.6512223218694879,1.1437875952855434,-0.6032292690558042,1.1861231221391548,-0.5632354241394123,1.2167320773474861,-0.6929428015428786,1.0721188395064878,-0.6544039187440525,1.126187597390413,-0.612249557433283,1.1597001958229916,-0.5759055095642058,1.1846859057692067
-0.02677413074439624,-0.35719570995243227,0.052446604516802005,-0.4110500271604322,0.09930676620534824,-0.4084772391844715,0.13194852705274757,-0.4064173912209933,-0.08256758191647343,-0.4168617599543827,-0.12719049065932864,-0.4182636901653338,-0.16197176919805117,-0.4200844533572997,0.17746458333281084,-0.3796603811534063,-0.18731528409419343,-0.390625702224849,0.06184733005061181,-0.2860301586449963,-0.10751531816461114,-0.28704526738322717,0.49993922057026685,-0.007795879398380411,-0.49993922057026685,0.007795879398380411,0.6210633603348422,0.4672672245320345,-0.6499340370055903,0.5018924138980815,0.6730890532012598,0.9125930356344493,-0.7031587063644921,0.9293208061387846,0.665058132988141,1.0496487021527718,-0.7033282124030998,1.0699569239555562,0.5892275184990977,1.0507445766445154,-0.6151482987762198,1.0690787428378103,0.5609136228675402,1.00335817145952,-0.5875724441528969,1.0223540348041962,0.6986660593586101,0.9128188925099722,0.5847289756310033,0.9348589860436731,0.5114624565005563,0.9902158410601212,0.45049198477809127,1.0470353234331178,0.4076144024260735,1.0982005227684268,0.6030062996655321,1.084928483400354,0.5529906422856954,1.1732746527828273,0.5242058335569132,1.2227495537746151,0.5038620854049001,1.2608363701391372,0.6592047512188179,1.0955368024560357,0.6101301641536596,1.1826223155567253,0.5645503116209386,1.2300781105046823,0.5247523346312204,1.260307254299559,0.6879085296361676,1.0954473062911698,0.6452669329486017,1.1710429933474404,0.603723478392092,1.2112910211527084,0.5643802386725028,1.2415169902525476,0.6929832040655856,1.0906834496235156,0.6559017077962621,1.1533523831910268,0.6247579494786859,1.1891863754865788,0.5924182381877088,1.2154500228277476,-0.7222715043097149,0.9256576615934072,-0.6376556015962684,0.9517665047575109,-0.5893260096332363,1.0085844753709658,-0.5390138206193045,1.0650680447738072,-0.5020249952098843,1.120353242387981,-0.6839056171338038,1.08015918439835,-0.6139999662283808,1.16475996951638,-0.5668104677236857,1.215326814425103,-0.53378411524889,1.254835591814503,-0.7094978542685364,1.083046947474814,-0.643849885142234,1.1661358218752376,-0.5898654810256749,1.2129022544722012,-0.5475164098094187,1.246720013067052,-0.7117928564287186,1.0786252019914355,-0.6558073740008631,1.1458434735476406,-0.605940624935879,1.1863738980352891,-0.5656485293399718,1.2156548662456415,-0.6997077372707856,1.0758335868218205,-0.6603644219632193,1.129358038097832,-0.6169837260357397,1.1625068430955015,-0.5807304472313104,1.1866771569993446
-0.027011100685231642,-0.3569595233297823,0.05184233963500261,-0.41094239729780174,0.098738702248559,-0.40834573296731264,0.13149801371784084,-0.4062679791952441,-0.08279560707527496,-0.4166671549233475,-0.12762499984494977,-0.4180261184051115,-0.16208108323175272,-0.41975527981323596,0.1766454192509017,-0.37936716868465137,-0.1875955556736455,-0.3899686750374085,0.061047440405682475,-0.28566825609155616,-0.10778641799737813,-0.2864690193184983,0.4999418549760452,-0.0076250667610842085,-0.4999418549760452,0.0076250667610842085,0.6208283325337942,0.46628348062673286,-0.6474853734789031,0.5029559251982445,0.6726951056844092,0.9105547768735069,-0.7021075533994019,0.936057485030105,0.6651091023834705,1.047905070053006,-0.7026075355244314,1.0738353647328192,0.5889646149886226,1.0484717164613728,-0.6158552071616678,1.072122605453231,0.5607297269843896,1.00111021210616,-0.5887894327146492,1.026542937847671,0.6969207855898382,0.9125091564741504,0.5818499372203288,0.9347047430453719,0.5067968135228306,0.988484268325587,0.44624588628625733,1.0443721646844712,0.41455471159207635,1.0948914746963188,0.6003740110103756,1.0822988630574146,0.5472466494431703,1.1691333151809864,0.518215560643151,1.2172990140130189,0.4991417327518275,1.2553450143047853,0.6575932323217895,1.0939949758271859,0.6030693897604217,1.1788744450534325,0.55758715456897,1.2252516708723127,0.5197022344912404,1.255935340107912,0.68747632686066,1.0947477392618834,0.6383551569088499,1.168945991561292,0.5957177672203567,1.2089100228286243,0.5575354218785069,1.239723551674978,0.6934540920321295,1.0900758097581382,0.6526858662879775,1.1513270136180938,0.6207227556144819,1.1864420478055766,0.5887985575769613,1.212199648810229,-0.7185540242415506,0.9216294940610394,-0.63780608151634,0.949635430974535,-0.5892252391551539,1.004838887247934,-0.5396910372125766,1.0605117083397617,-0.5018668238634516,1.1171415087930714,-0.6874569459547576,1.0794520568402401,-0.6207324837734756,1.16107161244646,-0.5745505752553234,1.2100597554799364,-0.5382744211916595,1.2476409156783872,-0.7080044391094695,1.0792763466816704,-0.6474586776007342,1.1578688611870325,-0.5941224245574608,1.2036746142240915,-0.5508234446453047,1.2364470473962021,-0.7067024494580917,1.0735549825999595,-0.6547943881908171,1.1375821053169795,-0.6080273573034184,1.1775743407041852,-0.5678321879948773,1.2067105539510055,-0.6954943282917995,1.0694261709339916,-0.6597751301835512,1.1217434558817296,-0.6183976502028813,1.1548694209093664,-0.580271863924949,1.178749260991962
-0.025930497383538142,-0.35666058520989186,0.052601799409361535,-0.41066573697501146,0.09927787721540136,-0.4080942173070148,0.1318342659907502,-0.4060318195931157,-0.08164235066783447,-0.41630053712738235,-0.12631869655860073,-0.41759893180238966,-0.1609707742533685,-0.41928608791923067,0.17620888208669214,-0.3792219674031437,-0.18664175840473807,-0.38949889475958605,0.061398812169297226,-0.28547333010360637,-0.10672456252610826,-0.28612623692498296,0.49994310928704216,-0.007542378696708966,-0.49994310928704216,0.007542378696708966,0.6214700188556712,0.46560797591993813,-0.6450166173697417,0.5029489586759212,0.6731522805216197,0.9094970932324719,-0.7010906066634028,0.9393255614614034,0.665840115783443,1.0469694357725163,-0.7016356936641877,1.0750992993252426,0.5895892457217539,1.0473508535660736,-0.6162172390526137,1.0738663196094977,0.561357550246261,1.0001365428309736,-0.5894004198117128,1.0287113938095167,0.6980560605566437,0.9122424878958136,0.5814243139498775,0.9342943715376203,0.5090632425711408,0.9883433215742552,0.4504627369925102,1.0444158044785263,0.4116625148343987,1.0961816707556218,0.5999648039235088,1.0830099525680807,0.5485972270011391,1.1695857661480198,0.5189026767889817,1.2172022828502596,0.49892463942043846,1.2541106305734242,0.656654906477695,1.0932835282081304,0.6040041870728919,1.1784222463099745,0.5573326284350223,1.2242768899816274,0.5171388454521879,1.2535359430211253,0.685475148287875,1.0932107696005917,0.6379225024957729,1.1670743137569508,0.5945297510042569,1.2062603222378507,0.5549083959896364,1.2359568307562152,0.6905432447517141,1.087874385186387,0.6501307340294464,1.148884360594381,0.6177203143859922,1.1834330999769922,0.5852841354839683,1.2082299263653236,-0.7218119718764597,0.9196863110666794,-0.6354466008943088,0.9481255870001193,-0.5855591268671194,1.0048295483366936,-0.5371337543818996,1.0611623353275632,-0.5007901520410597,1.1170948746574998,-0.6887637846249987,1.0784344454347836,-0.6222559022004533,1.1593069181451052,-0.5745109658027131,1.2096973002701583,-0.5364233411455583,1.2480317468288704,-0.7105584146187218,1.078490633759032,-0.6524340034068125,1.1572534081286072,-0.6012371004023338,1.2048138871455376,-0.5591864665378707,1.2392219297591194,-0.7101376800620847,1.0729210602672496,-0.660484901501863,1.136250272780144,-0.6159265059003366,1.1781220229045402,-0.5765297535437706,1.2082937972754613,-0.6991748182968891,1.0685195411085018,-0.6651017213641819,1.1193008312802695,-0.6262989006843726,1.1535184662749505,-0.590234206339098,1.1788172216080421
-0.029831279076830287,-0.3570631415476751,0.04776649865954997,-0.41122797323944094,0.09462244720252116,-0.4087909004475852,0.1285831228473396,-0.40674057134123226,-0.0853631223893246,-0.4164689377511922,-0.1296306603795956,-0.41769640073978315,-0.163406702449586,-0.41932510841883586,0.17348742444757467,-0.37979156474097175,-0.18802330714833088,-0.3894446765849369,0.058727902470396776,-0.2858526986787107,-0.10946032745590313,-0.2861673516538461,0.4999450462484549,-0.007412876070071786,-0.4999450462484549,0.007412876070071786,0.6216139769365191,0.4657754054724357,-0.6439532082226965,0.5032328948845002,0.6729505476870689,0.9098874771495732,-0.7023992262226704,0.9392045166921057,0.6658564300714586,1.0484661615475972,-0.7030617903219769,1.0740271018212277,0.589315380114633,1.0480852935939737,-0.6183234164242218,1.0730610712363255,0.561088966804806,1.000814277324645,-0.5916725278869487,1.0277915703008123,0.6980468531628456,0.9125039857534406,0.5833298172469501,0.9330711565686853,0.5115842684625262,0.9873338417952132,0.45250363375462127,1.0444813607147712,0.41304809418395194,1.0970919106646242,0.5985033675164211,1.0808033272761792,0.5483488734921881,1.1698880101771398,0.5197691629706338,1.2190362474520648,0.5011073865420483,1.25611151297238,0.655357250501797,1.0911352744769636,0.6026657962437573,1.178685788718214,0.5569310578712232,1.2246763474171931,0.5183900232366669,1.25385252005441,0.685185328058052,1.091342281030871,0.6378257238311557,1.1666311974582015,0.5951873454993126,1.2057915944967712,0.5561693219639765,1.2356253971251137,0.6921839273656729,1.0865448212811764,0.6520697031853353,1.1485609113721498,0.6196653431896186,1.1833761293559524,0.5875791766741443,1.208287876586797,-0.7250524701798681,0.9227444824606135,-0.6348357296034621,0.9503417404799613,-0.5849775833896632,1.0062270316639748,-0.5374913496077746,1.0612058028808398,-0.5013292330854464,1.116293199807579,-0.6886834600984761,1.079476918469336,-0.6227229083339261,1.1597353481285755,-0.5752930213141637,1.2101905590972042,-0.5388881918672758,1.2476515136844797,-0.7127514371654491,1.0796625313328105,-0.6563743547561133,1.1585659268247683,-0.6041681003575055,1.2044239049069796,-0.5620042250398779,1.237406798503137,-0.7151280953808005,1.0743350504356288,-0.6678131241172194,1.1365918948738691,-0.622742946086233,1.1769431069066787,-0.5827504550176548,1.2051381829798153,-0.7057351353322938,1.0699615473400068,-0.6725356682854509,1.1190978824913813,-0.6345886475449407,1.1524006268254903,-0.5985447989591609,1.176251729122194
-0.03215883933069622,-0.35759119466294403,0.044381573987239034,-0.41180738987565124,0.09129413579826251,-0.40945109332780805,0.12644862515974606,-0.4074107414462711,-0.08777075525994367,-0.4168025274497968,-0.13181429371171338,-0.4179808830612276,-0.16492745105070736,-0.4195648285384011,0.17191404655194534,-0.38029910025339647,-0.18883263651252205,-0.3895560037827491,0.05700397996607981,-0.28632043378134764,-0.11093993026179372,-0.28634369328010806,0.499944906340522,-0.0074223058524094465,-0.499944906340522,0.0074223058524094465,0.6226425697722952,0.46629399089809653,-0.643902882571176,0.5046975721220793,0.6738158796998441,0.910900402937425,-0.7033503539321538,0.9416732098679204,0.6670188283797526,1.0496723779922739,-0.7041464545720603,1.076960708440724,0.5899087269819676,1.049047198855414,-0.6190383653031135,1.0764593286457265,0.5619017270288686,1.001811642902771,-0.5926899900282323,1.0306712146937393,0.701516170930229,0.9163235982237656,0.5858415944013147,0.9361483815043381,0.5181219972842712,0.9915114170270762,0.4676736900798342,1.0500908227835875,0.42578593395563774,1.1026791546648977,0.5984232868328926,1.0866395249524534,0.5502994215953384,1.1738927280916813,0.5230490904576671,1.2230014088002514,0.5044733083325725,1.2605855921878384,0.6540034612743665,1.0970760658160212,0.6034235136004459,1.181770045532483,0.5589442647975048,1.2281807751757619,0.5206349278958899,1.2588891943852154,0.6819267722692027,1.0980776190786896,0.6341135363181734,1.1716809269388926,0.5922529225588188,1.2109521590923236,0.5544562747708855,1.2411579921794533,0.6871902799757232,1.093824108926122,0.644998227783465,1.1543250433225287,0.6119210340778868,1.189450430037265,0.5800077954512813,1.215068751093355,-0.7251189829081583,0.9258371478917907,-0.633117562319389,0.9525183941132755,-0.5845025710691111,1.007737876684183,-0.5366808154313396,1.0616904139806336,-0.5010931037687951,1.116947594280488,-0.6873847248616327,1.0826352721836845,-0.6218981150210463,1.1621807976623728,-0.5771042409723119,1.2133040450058798,-0.5437075213161774,1.2512116749078337,-0.7111416074577692,1.0829875197629668,-0.6562641186838707,1.1613104324964403,-0.603886592502833,1.2065609768336407,-0.5628867686862583,1.240066416740059,-0.7136541987898275,1.0778888265274034,-0.6673391459826168,1.1403070674180633,-0.6208326264100833,1.1797242651779778,-0.5813916790809321,1.207580474215288,-0.7036158967348577,1.0738334556381819,-0.6692402047556939,1.122739624146848,-0.6306735431562857,1.155273216601008,-0.5956343334499226,1.1784950176324682
-0.03420468725506972,-0.3588577100027833,0.042178801408671605,-0.41323307694552863,0.08928604837061105,-0.41095462919543674,0.12516457937290285,-0.40887530026379637,-0.08967145180878928,-0.41790280015156106,-0.13365168399906519,-0.41904372267055584,-0.1663194759568355,-0.4205260726232747,0.17118182538667043,-0.381274789691382,-0.18949743489160054,-0.3900910160195498,0.05596182489570854,-0.28726171719219645,-0.11245977956932555,-0.28700884572967383,0.49994613270531274,-0.007339236540798783,-0.49994613270531274,0.007339236540798783,0.6239432152183317,0.46709262234246535,-0.6443190155997448,0.5056743375773546,0.6748989099108438,0.912197129214888,-0.7045540624561749,0.9415424491039442,0.6677517711268413,1.051142278478013,-0.7050283615943443,1.0784726291672693,0.5905872837230501,1.0501294337127631,-0.6190746751749943,1.076494048695619,0.5629348701410868,1.0030356249118415,-0.5933948024417519,1.030290329323908,0.7045706714192306,0.913611910886085,0.5853232993684144,0.9350549881343984,0.5188160286045826,0.9937856404144175,0.4671710619452601,1.0516798049187237,0.431217941599791,1.1030594811408752,0.6039380211989199,1.0891719721771607,0.5551819571772718,1.1788804544240354,0.5271205101324192,1.2284902191467453,0.5077986994474618,1.2655703331308283,0.6587839880107904,1.0970702890629995,0.6066291261856587,1.1825911987518194,0.557750457818545,1.2275259933460767,0.5171658526297149,1.2554180289677614,0.6850089367134052,1.0953411450183306,0.6364767917118623,1.1702314124080804,0.5909443764287472,1.2083812946035222,0.5497177593225286,1.2361443842756654,0.688462091123253,1.088813822537451,0.6481670858538845,1.1492482524458358,0.6132237904622003,1.1840706043883602,0.5789824502454781,1.2078025477363186,-0.7230598068404492,0.9249949392115772,-0.6314119639233214,0.9507927355825148,-0.5812973622190059,1.0071249026067215,-0.5331993906107956,1.0645170234550267,-0.4975738443139563,1.1206391625918657,-0.687406365035205,1.078765399888769,-0.6163508807291505,1.1642549035383563,-0.5713714684205026,1.2139602452939227,-0.5389177056002906,1.253167061501998,-0.7156032883718914,1.0816088543639002,-0.6516878085452541,1.1638349987541943,-0.5974115291661932,1.2093669610655897,-0.5550616931856914,1.241426336508516,-0.718633480438469,1.0772991304320993,-0.6645548477197706,1.1435587766558284,-0.615204484801876,1.1846395368683036,-0.5752505672374416,1.2138133314661665,-0.7066165936865431,1.0751236582529526,-0.668617249092615,1.1280153540754634,-0.6255641745172787,1.1616796083212875,-0.5893261349601183,1.1857872162154506
-0.03666344613736818,-0.3597757345761319,0.040507408313737225,-0.4143625348743242,0.08797242603825095,-0.4121029668024928,0.12438728333103109,-0.4100454434420992,-0.09164483009975347,-0.41902448462751485,-0.13573503839115786,-0.4201796426009494,-0.1681759583529946,-0.4216774244739861,0.17116788643040845,-0.3825457001608065,-0.1906645383320493,-0.3911114491370526,0.054807250582218345,-0.2879615834361038,-0.114389194517618,-0.2877369672817388,0.49994322113635437,-0.007534961168202572,-0.49994322113635437,0.007534961168202572,0.6259215639644654,0.46897470911003536,-0.6458983513584413,0.5081797906127284,0.6770745130853812,0.9155163200596208,-0.705239773089091,0.9461395571779402,0.6697916628157805,1.054851503597675,-0.7059122960479872,1.0866214912056542,0.5922322462766993,1.0537492900490935,-0.6176781397378063,1.0860567506738905,0.5646752412140208,1.006582245668458,-0.5917870283521142,1.0401103820456565,0.7061386542935848,0.9186355722832115,0.5900538748049284,0.939215123243681,0.5217440537940016,0.998482127381458,0.4714882059147983,1.0571859058494129,0.4346928153023319,1.1085180631379996,0.6038630532905815,1.0965989778966638,0.5568234087992203,1.1838013996100878,0.5301888031726761,1.2333970706552175,0.5112337901581923,1.2720295343440515,0.6556192204365734,1.1064245239349484,0.6039875749421668,1.1902054784674672,0.5561715637058247,1.2359544605847332,0.5168502922922241,1.266371979451407,0.6796991628850964,1.1061866906101445,0.6312004033717533,1.1792089441484601,0.5849192502544642,1.2163029140495816,0.5441232607408854,1.2441548627322558,0.6826413277477343,1.1010096499253204,0.6397708862915663,1.1593586477265934,0.6035520521340068,1.1922770521723676,0.5692043754464968,1.2150467905277509,-0.7237504770961546,0.9210976773966115,-0.6315935857886505,0.9485024388341768,-0.5787189203282067,1.0074373852343934,-0.5322743136074377,1.0698377298118165,-0.4976441151678518,1.1243347366684306,-0.6897354262194334,1.0745345592612086,-0.6196902551115057,1.1634799811244374,-0.5733495679199185,1.213569345676278,-0.5385580366835707,1.2541150799971332,-0.7243117713170015,1.0800854678731766,-0.6553235951287041,1.1648300260866364,-0.599251662054686,1.2120769036915848,-0.5542311013019547,1.245203298681917,-0.729934181412605,1.0770265071548546,-0.6686918730463051,1.1472926208769394,-0.6165100296947725,1.191008355296423,-0.5741863019132653,1.2216546183162522,-0.7172746316543002,1.0751238405564232,-0.6750773191018049,1.1332354594914746,-0.6286533902465363,1.1682848202302532,-0.588544087651006,1.1933339713489006
-0.03764751813494908,-0.3601037479804778,0.03982744749563816,-0.41485711885439014,0.08738608039638458,-0.41262954573931554,0.12398528420315097,-0.4105999824951743,-0.09241757949606651,-0.41945807925003115,-0.13636037007552798,-0.4205788833987797,-0.16888231545563906,-0.4221007144355564,0.1710952464614837,-0.3831002047150805,-0.19099364530741444,-0.391538383985027,0.05440112572803359,-0.2882847712015218,-0.11480733702076348,-0.2881015931044457,0.4999436673760908,-0.007505294833957315,-0.4999436673760908,0.007505294833957315,0.6268640496201111,0.470778899698511,-0.6469794247997083,0.5090585321034281,0.6777967403752212,0.917260964044514,-0.7036470048914193,0.9457842480195356,0.6699877166070564,1.0567826641283915,-0.704224002620685,1.0865876257890636,0.5921461671847642,1.0556269237552887,-0.6151382237000128,1.0862255939484147,0.5647690644856279,1.0084057421594892,-0.589101139525894,1.0404859206896213,0.7092898689508392,0.9212718398516035,0.5947137710437175,0.9415211941239471,0.5267620939489616,1.0014219871177659,0.47520396511876545,1.0594403966182522,0.4362506439575694,1.1089360364250025,0.601107441496889,1.100950700419271,0.5524144623930026,1.1844730847593747,0.5261940104571804,1.2318358320330138,0.5094633143510775,1.2696416063330078,0.6522109821482988,1.1107688036518253,0.5996596175976968,1.1909920855982865,0.5559287203398893,1.2353939404417393,0.5218572149544857,1.266785408777108,0.6763203909160784,1.110645749241613,0.6270477967110691,1.1818145936110045,0.5845535128234584,1.219393225553307,0.5479471776267043,1.2493646368909248,0.6793664048310107,1.1055241973768746,0.6360721914111697,1.163996284665936,0.6025385749088762,1.197575268947087,0.5707444106367587,1.2221016364315906,-0.7243135454780397,0.9274993640912333,-0.632193777379808,0.9524082471961378,-0.5804367282884674,1.0093822873926899,-0.5338937874000027,1.068577831436242,-0.4980095433724224,1.1236147129950882,-0.6828494819131642,1.0826504915890802,-0.6126393543020043,1.1693961124718943,-0.5660977789988565,1.2182625209110118,-0.5329597270433241,1.2577217155662246,-0.7158638725316769,1.0863905263083415,-0.6493815652377781,1.1706682310603274,-0.5927228993835517,1.2156284585666421,-0.5477989357539826,1.2460235048158657,-0.7222118338096618,1.0812544082002238,-0.6662966153616466,1.149408798848671,-0.6136460941438762,1.1892955734397381,-0.5720765391132793,1.2181385561105886,-0.7129294193505405,1.0782797081851678,-0.6734419267329301,1.1319822611578167,-0.6273441287248108,1.1639912775197745,-0.5890273220529368,1.1870570756421293
-0.037835131265561955,-0.3608874913278052,0.03958035417323159,-0.41575779668147816,0.08722579851941671,-0.4135489597438474,0.12382690614792528,-0.41156360620482063,-0.09290379713918634,-0.4203419428842712,-0.13676119787903404,-0.42141812186921535,-0.16956536817411788,-0.4228944425583266,0.17103556967493405,-0.3840626437482762,-0.1917395582160797,-0.392086495913154,0.05459402970325594,-0.28893465468965024,-0.11476685876261546,-0.2887507749817513,0.49994338481750505,-0.007524093115856769,-0.49994338481750505,0.007524093115856769,0.6271990888092499,0.4740215150075251,-0.6491157408394871,0.5110220041925865,0.6788236018572459,0.9193611402323112,-0.7039070668560344,0.9475480218886185,0.6709767500643576,1.0594835588322535,-0.7041163735016317,1.0885727357067343,0.592907765721551,1.0585163470078194,-0.6141519151574177,1.08793086706122,0.5655252722706952,1.0113616539614259,-0.5877252313167817,1.0426569312421257,0.7079152112040922,0.9203160376653939,0.5917353140412559,0.9417972011273991,0.5226822885221297,1.0016927283370622,0.47147327216010976,1.0607315691854102,0.43368162133808574,1.1128501781827005,0.6014668758290377,1.1011937706059902,0.5531643598850523,1.1892685779958179,0.5264912361878604,1.2385085079777571,0.5094622573028059,1.2770125691439023,0.6524145534412615,1.109304697680086,0.5998865289389095,1.1915803389204247,0.5534824056468751,1.2360313389322786,0.5172146987619981,1.2645309453171087,0.6768757996103655,1.1078555522681859,0.6273038371505003,1.1801881586544447,0.5820297493018831,1.217289747472208,0.5430048349904201,1.2457250453688684,0.6796070099885426,1.1025278296690855,0.6368707509650249,1.1612306852719132,0.6016360846879807,1.1946619773487939,0.568470540217059,1.2179919718382977,-0.7242142963498965,0.9301117559118225,-0.631586812868508,0.955693003575835,-0.5803409293471945,1.0127315919919158,-0.5333731565991572,1.071898137639466,-0.49764948736183423,1.1284894551992932,-0.6851961473522007,1.0826542263818004,-0.6134053741854144,1.1698233939039517,-0.565284609536008,1.2193515718612333,-0.5301150879095092,1.2586662544432672,-0.7177370025136913,1.0868776065268468,-0.651997004356727,1.1715595710550113,-0.594550672760336,1.218109642688991,-0.5477817546281993,1.250009085293536,-0.7236371162663592,1.0828143134693717,-0.6685279345248927,1.1511503677586907,-0.6165381705482259,1.1929980142210928,-0.572910942505988,1.2223567394396038,-0.7129783264186552,1.0808362573474422,-0.6745310102719173,1.1356661608554153,-0.6291470430856532,1.169880557004547,-0.5892446903830044,1.1941903817688826
-0.03921688651372207,-0.36264253168182714,0.03809436767466385,-0.4175241922378218,0.08589606746354646,-0.4153728503331653,0.1225453389496619,-0.4134497035886162,-0.09475495136298719,-0.4220644522248537,-0.13858306564331338,-0.4230904152241071,-0.17181779925576143,-0.4244493662143462,0.16989903794627462,-0.38580788691500617,-0.19407697106821278,-0.3933840119916367,0.053682720744199906,-0.29042799198854274,-0.11626814160424487,-0.2901725689968315,0.49994367745512486,-0.00750462341800729,-0.49994367745512486,0.00750462341800729,0.6272672720459348,0.47805234830884946,-0.6529792684868576,0.512970783911449,0.6796180789604096,0.92339396529386,-0.7080646420350473,0.9510391377786481,0.6716704503326816,1.063744208730379,-0.7065465188191582,1.093725483405706,0.5933250724224048,1.0628610202430644,-0.6167956920701327,1.0944556774106757,0.5661397986058815,1.0158374110368746,-0.5910131473260349,1.0493424399860276,0.7115190301664539,0.9231994807824048,0.5954668426383602,0.9468698474636627,0.5218023637108501,1.0078691899314631,0.4686791100779365,1.0657860672953514,0.43362720471257354,1.1162882798613352,0.6023030876186664,1.1065864772087166,0.5537934642080866,1.1923901454622128,0.5264821949355146,1.2400751545442223,0.5089598268693188,1.277681594900441,0.6525699357915712,1.1139039760193297,0.6003666320320589,1.1948099903953315,0.5546276883595759,1.2372684761043975,0.5189866855955931,1.2660418112924978,0.6770060375689118,1.112228816093995,0.6283818589676631,1.184159713474298,0.5843700902937744,1.22060229749922,0.5465874698507079,1.2499044780216069,0.6811734974414365,1.1069996995942322,0.6384021586084531,1.166923504579467,0.603159124542813,1.2003441806385535,0.5696778913456498,1.2245166987015452,-0.7294667091652499,0.9316161602907014,-0.6344456572295304,0.9576607633804306,-0.581177874910653,1.016465557874657,-0.5335109414479434,1.0765812542445279,-0.4989362476857866,1.1333748500849994,-0.6884815008317843,1.0877835621043508,-0.6133351643296389,1.1778405684891555,-0.5669993438780778,1.2267312290053158,-0.5354927767538904,1.2661491972501955,-0.7264658894219311,1.0914607684711364,-0.6567247351037424,1.1779577168066437,-0.5975344799346552,1.2229652461791833,-0.552806550647996,1.2524164552252501,-0.7348345579498508,1.0860990974298406,-0.6779825023532888,1.1560500662150934,-0.6233510404011487,1.196003438879744,-0.5815226082407619,1.2229016383036722,-0.7260138082683425,1.083385924092386,-0.6870116555357978,1.139463816930702,-0.6393473533341256,1.1723676980683686,-0.6000922944682532,1.1946373186565336
-0.03891468097420001,-0.36296529673855055,0.038269475206901354,-0.4176119591999489,0.08634327616275528,-0.4154694902151814,0.12289860776078332,-0.41354765281813993,-0.09486507554488839,-0.42236656225994157,-0.13850771842969567,-0.423503710630546,-0.1725079494475908,-0.42460843794722886,0.1704385139585522,-0.3856307904633465,-0.19496115608260042,-0.3928680730479589,0.054067064352212535,-0.29037800198437125,-0.11634595678235882,-0.2900870546043738,0.49993318735578235,-0.008173627119475977,-0.49993318735578235,0.008173627119475977,0.6280836996317519,0.48223550244108904,-0.6534225714533487,0.5172820875676029,0.6830875678489898,0.9293416637715103,-0.7109446407277201,0.9561915021604033,0.6760066871844761,1.069929765059101,-0.7092967172171755,1.100144962433572,0.5959762151006499,1.0691893248382525,-0.6188686179253834,1.1012239289836796,0.5687956589952488,1.022102318180035,-0.5930062628293695,1.0558911042134405,0.7097761813510852,0.9258683621979056,0.5962533442982794,0.9498527459273315,0.5264472553963874,1.0105849205925868,0.47421529159565984,1.0698117172075143,0.4333330698733176,1.1240445231931158,0.6080890576878668,1.1108315848683477,0.5573012279158913,1.1971876457206068,0.5277937052107263,1.2451891787310017,0.5089478480015449,1.2834429601573742,0.6555845619699934,1.1181372310920439,0.603530358941889,1.1996389376841692,0.5569697446491135,1.2437425949413865,0.5204467192724667,1.2727186726493296,0.6769846010989841,1.1166463984968404,0.6282787618404702,1.1888425353407193,0.5835508748933438,1.2254433406247671,0.5451690934618781,1.2555038968447596,0.677839567640179,1.1121079102779825,0.6353204463311756,1.1720736160132195,0.5998786841554454,1.2060743063612764,0.5667101469505466,1.2313988623928298,-0.7358497134889944,0.934208726166121,-0.6390054225543509,0.9633647081874422,-0.5863976501262304,1.0244418398042219,-0.5391329592504167,1.0850796986762508,-0.5042851875289426,1.140147873116143,-0.6957365635675874,1.093353000440841,-0.6210595462422225,1.182509903509805,-0.573521324255047,1.232035187777,-0.5400219162235861,1.2716349596875498,-0.7302124692455573,1.0965337087013682,-0.6614061889958864,1.1828718556773166,-0.603771124501708,1.2282688335601561,-0.5583528643213709,1.2590216003340065,-0.7368004120914147,1.09133945012149,-0.6792490222417139,1.1605274337356306,-0.6254916229735928,1.2023636842040664,-0.5823204824998904,1.2317675514027147,-0.7268792633713067,1.088322875838785,-0.6869425727870643,1.1434483134388507,-0.6404288867258211,1.1773865348849004,-0.6002162152693539,1.2013398372733768
-0.037952437246552784,-0.3644058889688079,0.038691960971637664,-0.4191854213228447,0.08707334519551146,-0.41720231333717345,0.12303413235597374,-0.4152141873463232,-0.09439373372788849,-0.42402300814771626,-0.1375976091577411,-0.425357797525335,-0.1724889866343269,-0.425946474651985,0.17109084015315015,-0.38660389674931206,-0.19513359687576365,-0.393154576914764,0.054702691755646675,-0.29150687618870014,-0.11576629880913573,-0.2909585346303975,0.49993473930438703,-0.008078145619791786,-0.49993473930438703,0.008078145619791786,0.6272944687354403,0.4836060738410967,-0.652877561521097,0.518685530748438,0.6844485517844948,0.9313937033251299,-0.7115156717201173,0.9584245863683909,0.6778517519378555,1.0717662310414848,-0.709873558254321,1.1020339189521278,0.5964397891350015,1.0710071715710465,-0.6194782553249166,1.1033205201578746,0.5692397495202096,1.0240357318863276,-0.5936361415391033,1.058192029062262,0.7100967637213297,0.9297425880943178,0.5942690996885543,0.9518287058509448,0.5246849198410929,1.0115397498290817,0.47371654326782864,1.0712328668879532,0.43460536818413625,1.124568822576521,0.6057769560847472,1.110341743648663,0.5540151984178355,1.1975096265295317,0.5276845377766542,1.2467806149692644,0.5121978246327137,1.2861798465334622,0.6561454703595121,1.1195171086604225,0.6013661678377735,1.202939950851656,0.5565833445187673,1.2489464013266818,0.5220089057815037,1.28010415311778,0.6791124587046634,1.1191835453848584,0.6270427257580624,1.1929189562037743,0.5836468637483835,1.2314494216804903,0.5463305256926916,1.2630613220929812,0.6806789956497101,1.114754676997087,0.6356841137301616,1.174821807816019,0.6012688721648368,1.2094808248390483,0.5688162452052538,1.2357115850412457,-0.7392188908466006,0.9375654666414914,-0.6411207967458716,0.9658965876068638,-0.587881523844112,1.0259116231048533,-0.5393047821667039,1.0859629721059705,-0.5052784934608275,1.1421650897755673,-0.6966425342018066,1.0973036638105509,-0.6225266743184785,1.1857837358930414,-0.5754676685281166,1.23516810826659,-0.5424612989512214,1.274446601263427,-0.7345158325269864,1.1002101230545445,-0.6658152812556287,1.1857368501041932,-0.6069133235781881,1.2299475442220251,-0.5621330284144629,1.258865963320258,-0.7434026813936441,1.0945473616680974,-0.6868728611720892,1.163603846558718,-0.6326260417800722,1.2035028867608992,-0.5905782994213121,1.230412571572203,-0.7341690155888885,1.0909702517777355,-0.6944744112160234,1.1468207260309706,-0.6466550818775827,1.1799536565934496,-0.6070274736196649,1.2021241994143097
-0.036671146555478935,-0.365656627937894,0.03914939797902833,-0.4206683295661497,0.0877769292669993,-0.41890316461993765,0.12302611823283506,-0.41690592466798854,-0.09390147144284074,-0.4253669287163181,-0.1365231039198583,-0.4267317872705339,-0.17240911957746063,-0.4268338374257977,0.1716418464987177,-0.38782833668034644,-0.1954128264126405,-0.39323615183632327,0.055651555718544916,-0.2927041411278538,-0.11449176683295652,-0.2916240879637697,0.49993708101796636,-0.00793189909386927,-0.49993708101796636,0.00793189909386927,0.6263290532639945,0.4846230047518424,-0.6515911993970784,0.5196621918961063,0.6845840184260256,0.932921710847302,-0.7120350120124928,0.9592833774666157,0.6780402390370461,1.073056846098196,-0.7104841025743844,1.1024796341604217,0.5963181068153662,1.072280759074387,-0.6200582762430584,1.1036410821911151,0.5691250169258294,1.0253519432511307,-0.5942170155976398,1.0583936605144437,0.7085901390657083,0.9316434588837345,0.5934708193440547,0.9541026171998385,0.5260608477634995,1.0130030697127008,0.47493598094483624,1.072948779467387,0.4363791866462435,1.1258678589294797,0.6071785732826555,1.107513699724101,0.5540439737029497,1.1959824087142783,0.5263620547557539,1.2464844745102799,0.5094884850354574,1.286583325980415,0.6573820379484221,1.1177135035264454,0.6013684206951672,1.2025018156290752,0.557374878507881,1.2506153789551993,0.5234214161097437,1.283770068001358,0.6812426901730161,1.1186300005273053,0.6285762260408142,1.1930097332940282,0.585211003172231,1.232655931202775,0.5484338593469587,1.2647417569629333,0.6846145223402539,1.1155722513764184,0.6389861849507315,1.1756448819400545,0.6045454263549467,1.2111607885478866,0.5723923080402846,1.2383843823516518,-0.7440075594178033,0.9355790769631921,-0.6468994981169616,0.9641495948590388,-0.5903254672435121,1.0247947486369602,-0.5420786217393905,1.0868004689610653,-0.5084952683910233,1.143604582122237,-0.7013677625496497,1.0961418711569844,-0.6254997759977874,1.1867889275094663,-0.5789122514560856,1.2358692656448265,-0.546536331938756,1.275940525634755,-0.7407134432531473,1.1000937375525637,-0.6687918048008228,1.1870660685995407,-0.6097334677067785,1.2329313861468367,-0.5654630910014203,1.2628494412787696,-0.7494227323018352,1.0950213504885975,-0.6900743014506195,1.1664912550955406,-0.6352866273130408,1.2083237712386519,-0.5937114017228554,1.2368830992564148,-0.7399905081502361,1.0923796195448245,-0.6987956234503976,1.151079267396184,-0.6502789179412561,1.1848832759432026,-0.6100601201752235,1.2077208973961395
-0.0343283910032366,-0.36570534725807535,0.040644527519563135,-0.4208766973491217,0.08926315726027331,-0.419235909854615,0.12354089554961578,-0.41725765488472444,-0.09250454750730253,-0.42543367776549784,-0.134461636002876,-0.42676399211511373,-0.1716402678705272,-0.426604595194858,0.17272226505498162,-0.38817647859219256,-0.195399726633962,-0.3927409361313615,0.05749313092299403,-0.2929093834503587,-0.11181132213126657,-0.29143788568472606,0.49993603602720094,-0.007997492195011847,-0.49993603602720094,0.007997492195011847,0.6253329835193185,0.4858854103170736,-0.6511986135687309,0.5213035056928742,0.6848337027400828,0.93487382705836,-0.7123890091638012,0.961986257747425,0.6784838999990788,1.0744613566615993,-0.7117327861921252,1.1046364168466152,0.5960903013744612,1.0736587354600613,-0.6210310688507272,1.10600101092842,0.5690054785234004,1.0272617697943134,-0.5950574614793422,1.0606990027933008,0.7138590498490948,0.9350724501151135,0.5964873941110906,0.9552192698987994,0.5301709131945597,1.0163054459054033,0.47929426905884803,1.0752678122850823,0.43764876569052935,1.126276053781948,0.6067542889342807,1.1123396171573445,0.5572140175348581,1.2001925123704476,0.5309606507383623,1.2506642415487619,0.5149125212601803,1.2900141531870175,0.6585033407509303,1.121702048532136,0.6047967398428934,1.205295361094921,0.5601833938891054,1.252945722606067,0.5257317262203355,1.285712391895304,0.682357433047969,1.1218874811773987,0.632113315156313,1.1949822998315125,0.5881254401102016,1.2347224022468966,0.5509856892810733,1.2662557680617272,0.6848892251698472,1.117699678905892,0.6408145388108999,1.1771477898575702,0.6070753067395204,1.212543185455456,0.5756824341447563,1.2387575945249902,-0.7436533135907477,0.9370450301405255,-0.6469945533481771,0.967044627177336,-0.5909400591947468,1.0272363092325985,-0.5428393064819351,1.0901732840236393,-0.5075480537840769,1.1491836573660705,-0.7017032037431142,1.0995771271554375,-0.6267457379407531,1.1900558345165113,-0.5805983164551892,1.2388812162884986,-0.5483000601507597,1.2784233091546402,-0.7411803798457262,1.1028023361418586,-0.6698709447376667,1.1899388079587483,-0.6099826421466968,1.235654780287055,-0.5649771115163691,1.265161270661732,-0.7501710256687255,1.09711926268866,-0.6935395277010039,1.1682122063337017,-0.6382242334101403,1.2095708949405304,-0.5946243251764293,1.237529045733796,-0.7417661261420521,1.09365601278789,-0.7033298805648631,1.1513596151314478,-0.6555087339002846,1.1847183191690005,-0.6145480582913521,1.2070248387690168
-0.032959963926095424,-0.3657975013651904,0.04175800051727105,-0.4209594556348321,0.09047301376203648,-0.41933887575907997,0.12405417311382097,-0.41733979988734304,-0.09165224520451448,-0.4255219363131141,-0.13329931385597127,-0.4268566105049568,-0.1712090798901408,-0.42654307737608504,0.1734640165993905,-0.3882292983307919,-0.19531049544630272,-0.39245376489424927,0.05866538289103206,-0.29283902145141477,-0.11063206966496808,-0.2914224625824196,0.49993814766316913,-0.007864382437252203,-0.49993814766316913,0.007864382437252203,0.6254293700009991,0.4869300338027873,-0.6514178935338975,0.5226449528205004,0.6854783890557794,0.9369031414509968,-0.7128964410082249,0.9638070543269825,0.6793062643653762,1.0761730915064025,-0.7130248702558486,1.1066142382524062,0.5966486326972351,1.0754345178110747,-0.6220835329302483,1.107888170436783,0.5696009036216397,1.0290933160317999,-0.5959163519199264,1.0623530761071887,0.7183809876621265,0.9387561755789465,0.6032245785415051,0.957997923566224,0.5355649658286132,1.0179631393712851,0.48372375370054804,1.0772350597935958,0.43934087731169064,1.129674099133486,0.6098008313573859,1.1168980941822395,0.5594301667303466,1.2053166620682605,0.5326005409841488,1.2563037256895717,0.5165687951298902,1.2963377352697383,0.6596338352082961,1.126707678973552,0.6054627085550695,1.2106553588356315,0.5598384389725687,1.2583481566167884,0.5241755516428681,1.2907508519551218,0.6826775800798145,1.1273754957126152,0.6319658699932951,1.2013007059713663,0.5868728147830989,1.2412747026016424,0.5479265591054236,1.2731242350975065,0.6848236186101708,1.1235320576609307,0.639465032956725,1.1837500645873977,0.6042234641627009,1.2191532539344518,0.5714204778440237,1.2458498074874143,-0.7446615179396969,0.9403955574658536,-0.6452249715168699,0.9708891963572858,-0.589445467109416,1.0301638795240924,-0.5427489456907639,1.091599796315985,-0.5087957367468192,1.1509057905870823,-0.7009393979428566,1.1036607109001213,-0.6265897994323221,1.191456586873851,-0.5795200772779696,1.2400544904491368,-0.5462445849075329,1.2785579395783873,-0.7398866896497179,1.105988937081424,-0.669792369978064,1.1928749492010589,-0.6087997969349154,1.2373800002909723,-0.5617583929116494,1.2661048687615901,-0.7498491079317043,1.1002892416998777,-0.6940387145059245,1.1696663605745983,-0.6381709941318477,1.209896678499803,-0.5924666049589561,1.2363266272088784,-0.7425098771774455,1.0966946041386603,-0.7041263388336223,1.1517619344093057,-0.6562302874747351,1.1844229463580374,-0.6145265058182027,1.2059060475607914
-0.03231683122618023,-0.366863107259594,0.042318667144913634,-0.42202022061990624,0.09111056046175674,-0.42036457459596843,0.1240322720817385,-0.41823186630892384,-0.09149052087670279,-0.4266959299379438,-0.13285452596045852,-0.4280643403248352,-0.17135546634921658,-0.42752066212398276,0.17390522496236707,-0.38874254568070815,-0.19575210412399516,-0.39283921467762595,0.059386169534951766,-0.2936368335358086,-0.11019036331130602,-0.29247391507906995,0.49994289875708653,-0.007556320689432814,-0.49994289875708653,0.007556320689432814,0.6253963364409686,0.48749716021388556,-0.6521575904359237,0.5234097162642066,0.6856063934641896,0.9381077894536489,-0.713774760362029,0.9647096259422524,0.6796956592161647,1.0768054738405575,-0.7140583868358776,1.1075120807455971,0.5967272941378243,1.076364234441956,-0.6230269591969992,1.1086524227346732,0.5697473402112269,1.030238207286242,-0.5968468572675881,1.0633065891553237,0.7189942246716254,0.9350747101348253,0.6061340020824608,0.9564275946825997,0.5389855975790386,1.0174892606390769,0.4872523130467361,1.0782070578125855,0.4438307009867315,1.1337419430527134,0.6127911419960628,1.1173081175713524,0.5630845177853561,1.2055592225013092,0.5348387458555309,1.2555705522347536,0.517285926201455,1.2947275156277325,0.6611290486570528,1.1251771684123348,0.6078287729712764,1.209067636292347,0.561571126544904,1.2562355597516155,0.5246375612631515,1.2871768390552152,0.6836892366898276,1.124341685527409,0.6337961646441392,1.1981119062195191,0.5886105164782048,1.2369850511618834,0.5496979011127844,1.2677564694230699,0.6859774461572008,1.1196064634119618,0.6425765675879067,1.1807446129119488,0.6073171932856719,1.2164538271718945,0.5748740413475705,1.2425949194224875,-0.7462064704848865,0.9419752765875096,-0.6457036387312843,0.9719391637808762,-0.5911726383950753,1.031909940963157,-0.5438951345978666,1.0928438271842926,-0.5087366632837562,1.1513403763863523,-0.702304532556756,1.1040194858400643,-0.6268992841453591,1.1923956060399346,-0.5801207663579159,1.2412793410415546,-0.5474253569495036,1.2802549247861699,-0.7417332966548078,1.10679731285103,-0.6708478340322351,1.193795654197836,-0.610181947376209,1.2386646174908444,-0.5637653441877231,1.2678702732498583,-0.7520127309769425,1.10118421938076,-0.6948292644578599,1.1710943248468173,-0.63872512971167,1.2114125173009955,-0.5939052356800096,1.2380811617041105,-0.7442033081194293,1.09767396261277,-0.704064729127369,1.1535674604514827,-0.655292340649935,1.186226855018624,-0.6133482585705239,1.2076476225507984
-0.03182410503102889,-0.36730318022892605,0.04257797677564837,-0.4226113136445069,0.091360978871764,-0.4209065523740188,0.12401109947885133,-0.4186972257028307,-0.09123501034426393,-0.42740195819339705,-0.13238608630566293,-0.4287607668737264,-0.1712993774620697,-0.4281065370365423,0.17398112451642198,-0.38903140704632905,-0.19590394966578922,-0.3932412905973972,0.059801407748485275,-0.29396772156684015,-0.10986759900339134,-0.29289422392029074,0.4999477324461974,-0.007229441327338327,-0.4999477324461974,0.007229441327338327,0.62538396610751,0.48810661405111233,-0.6525287243922997,0.5238990349387046,0.6856986187954803,0.939113269261197,-0.7142995041291009,0.9653540497410181,0.6803466461984373,1.0777577638913594,-0.7147907045762736,1.1082029744067288,0.5971043389240535,1.077393069642231,-0.6234930556136095,1.1089146965871042,0.5700656553566281,1.0311945730420438,-0.5973314663239423,1.0634626403224328,0.7209463026117126,0.9357781756855547,0.6033420853376396,0.9561775497529484,0.5355693277208872,1.0190075788668778,0.4860772149870394,1.0803338202787358,0.44184643895849673,1.1348840302521783,0.6115572303926661,1.119265008183257,0.5623889489465868,1.2094633897182885,0.5354023426118718,1.2609822131634882,0.5180083932664433,1.3005303396124488,0.6614843954068556,1.1271993355940515,0.6087366107177526,1.2130806835195622,0.5615948863628698,1.2603671180609146,0.5236319662983889,1.2911499856780466,0.6848166854828243,1.1264346144600328,0.635896500587858,1.201553948772683,0.5896726566620153,1.2398047530085483,0.5501146985231036,1.2698803534298138,0.6880728182985458,1.121675615663173,0.6441729400849241,1.1829712866640891,0.6077345464435051,1.2180045167432603,0.574230605012216,1.2434626025308706,-0.7459080800819804,0.940884970514439,-0.6458017745935623,0.9708166288500124,-0.5919336381104862,1.0314016530116414,-0.5451992375978795,1.0925965491905576,-0.5110944109283995,1.1503723215687793,-0.7040906766961526,1.1038479966188022,-0.6274546121833314,1.1929668893212204,-0.5802835463787502,1.2418741701231257,-0.5478688486599481,1.280735768097211,-0.7428214671078397,1.1061309457495079,-0.6712953466370903,1.1935257594468853,-0.6094209885104513,1.2370253035353056,-0.5618354555263638,1.2652923338660123,-0.7517605855506417,1.0998506465528517,-0.6940065504244215,1.1695848263148736,-0.6364069035544665,1.2087994434062699,-0.5910103809760039,1.2347563338387493,-0.7432100876961852,1.0957826312153764,-0.7022249215027131,1.1504506678480781,-0.6530102467696766,1.182510579817781,-0.6109684811467586,1.2038123186785106
-0.031141813898481596,-0.36721136268222404,0.043120208966728225,-0.42265295414606896,0.09183341446315411,-0.4208671296032349,0.12423921407183695,-0.41855700726109984,-0.09089047758857942,-0.42771362281343944,-0.13187722559974638,-0.4291150801289389,-0.17108245225974883,-0.4283555667992758,0.17431145970873455,-0.38878779624111964,-0.19588651009887925,-0.3935450130530835,0.060477747307241064,-0.2937726710159899,-0.10929023358289852,-0.29292521120658177,0.4999550282403493,-0.006705947896571004,-0.4999550282403493,0.006705947896571004,0.6253981370244316,0.4893732878183281,-0.6537709239263114,0.5250449025333124,0.6854408777595132,0.9406869584945902,-0.714605182979098,0.9666344358344681,0.6807007584501648,1.0792946063935278,-0.715123448625791,1.109505009823692,0.5971493742538827,1.0790820594621389,-0.6238052645223486,1.11016969925121,0.5698563810902086,1.032865473561095,-0.5975571016645659,1.0646834264506435,0.7191656056148915,0.9373724251111736,0.6014580985983659,0.95895784926695,0.5344870655900054,1.0217573990080004,0.48518171018277567,1.0838965625132027,0.44323926940744235,1.138435367417603,0.616240330410112,1.119571404621939,0.5684991851747382,1.209705903645441,0.5402342854354288,1.2609759734206214,0.5209433845519855,1.3007706604966343,0.6648556382960572,1.1277081253272576,0.612541276113944,1.214884487448826,0.5645121244075486,1.2630782362365789,0.5250739874984356,1.2956481718703692,0.6856391319471429,1.1274039818874755,0.6366655833547135,1.203849413468696,0.5900902956909351,1.2439566966824132,0.5490733484953734,1.2753172817716627,0.6857445601430451,1.1234026283765266,0.6424529150939131,1.1859874795903533,0.6056349608552629,1.2223662009078833,0.5708362793075159,1.2488607983314521,-0.7482519539068212,0.9433062190525523,-0.6477739652786414,0.9726853380634234,-0.5926772823113761,1.0330993827654145,-0.5457635025171681,1.0945981391389479,-0.5111425581539123,1.1528856387291322,-0.7050287372895049,1.1047578209851723,-0.6288901770642142,1.1938159073496373,-0.5817550902698615,1.2426088755773654,-0.5491358984599976,1.2818369245217578,-0.7446740805617741,1.107892235060138,-0.6734480362620905,1.195356449967311,-0.6120424900938263,1.239896789027676,-0.5651808864986108,1.2688011737861533,-0.7542433798794876,1.102283178404388,-0.6966037411636852,1.1727965065838142,-0.639863315821387,1.2131529138581107,-0.5956999670883519,1.240435302728028,-0.7455286483217077,1.0990886733314666,-0.7044383163396397,1.1552420972244226,-0.6549134213145582,1.188021659766683,-0.6138359220647903,1.2100924224686103
-0.02936872787360377,-0.3683507151809658,0.04479126312304798,-0.4241424843845691,0.0931800154438619,-0.42224691152119176,0.12507258472147384,-0.4197402592491252,-0.08972273111199999,-0.4293918606982538,-0.13048335429412705,-0.43091184910598523,-0.1701810200151133,-0.4300746191716839,0.17530822659238077,-0.3893561035946487,-0.19540312937523263,-0.39528858447166837,0.061529247646448675,-0.2946444095951577,-0.10833190838770199,-0.29439041805942096,0.49996193802061273,-0.006169321735248675,-0.49996193802061273,0.006169321735248675,0.6265310154907211,0.4905659816478775,-0.6550248280848272,0.5262064738685699,0.6864790168162773,0.9427086006044803,-0.7146249706015606,0.968198506642097,0.6819656968213719,1.0813459099660852,-0.7154252458249092,1.1112620751603168,0.5982490099183922,1.0810278148890806,-0.623808749207924,1.1116678463465537,0.5709302110057354,1.0347216008891387,-0.5971758235778409,1.0661408729946313,0.7177673900288634,0.9382143540087762,0.5979518340534151,0.9607598809535405,0.5323122688790589,1.024214157559714,0.48546846189356063,1.0851793555701008,0.447305974081686,1.1390369436587175,0.6135135743534826,1.1192092222824213,0.5686747815501666,1.2087214538233957,0.5423747174996957,1.2601161123312603,0.5238839798803251,1.2997240254035851,0.6633557504569925,1.1280337457677911,0.6151565015863089,1.2144942334365374,0.5688119869702285,1.2619200867331501,0.5312695384501358,1.293216150832511,0.6849306874907808,1.1281254211381464,0.6399068519516639,1.2035579462605512,0.5948691728163522,1.2423403195464724,0.5558002370892033,1.2725207436102852,0.6850283617528203,1.1241683060747922,0.6454487511438268,1.1855525035966687,0.6101108184088538,1.2209344282039933,0.577018470794378,1.2463278905214545,-0.7498883401892521,0.9444052102269942,-0.6495106929939211,0.9737301000459818,-0.592960140901119,1.0336884071598162,-0.5458771473369255,1.0948898692119242,-0.5125952193634515,1.1540763189290428,-0.7045025715185145,1.1059230615612723,-0.6292880445817403,1.1975369048223201,-0.5818639601890857,1.2471212824011397,-0.5491769992165079,1.286854556927893,-0.7461526073017097,1.1085881076464652,-0.6747114216888066,1.1980623462067725,-0.6117528996441348,1.2416724429389514,-0.5645834605125928,1.2691793609421191,-0.7565276904697408,1.1028165585752077,-0.698692606467817,1.175107510267855,-0.6398612449930894,1.2147377269118265,-0.5950988226954469,1.2402665488365237,-0.7492151568698566,1.0996706782488561,-0.7061402304939,1.1565198674751223,-0.6550314422474535,1.189038936389407,-0.6136147864234386,1.210212255315817
-0.028270035743041808,-0.36951127897189706,0.04585777997362399,-0.425397927466994,0.09403796464385145,-0.4232896468277198,0.12583398173949326,-0.42048789841781087,-0.08873873114016664,-0.4310287625498407,-0.12928152923041736,-0.43264503146378624,-0.16933270064129755,-0.43185765098395795,0.1761504013855569,-0.3895313970247314,-0.19501210867328608,-0.39709188992686484,0.06222515954443414,-0.2956876110575768,-0.10768591863060595,-0.2958929560670601,0.49996404099782604,-0.00599647472470934,-0.49996404099782604,0.00599647472470934,0.628079920599125,0.49171146649050734,-0.6576812527424829,0.5269829084044435,0.6877558833776032,0.9464692252759053,-0.7147870337502858,0.9696218847212983,0.683509442532702,1.085421068231563,-0.7158926932191239,1.1135041641619212,0.5994254164668669,1.0845370027116423,-0.623911413056154,1.1137177876595048,0.5719989009043521,1.0382617174055924,-0.59641220081674,1.0682021210197004,0.7212348593471428,0.9447827239791925,0.5992803311498346,0.9646084323277551,0.5323961540163377,1.0270045137730135,0.4861707706664644,1.0883957792858745,0.44724431849935087,1.1412732166088093,0.6124629185915647,1.1221387427643241,0.5664043371507635,1.2128232266448284,0.5411972264910462,1.2656136435812206,0.5246079064299564,1.3061038443935875,0.6645402304134563,1.1319412427669986,0.6132745954713524,1.21953288349323,0.5669645020106854,1.2675151545409664,0.5292324624057644,1.2999386425300152,0.688170500865343,1.1328471788973424,0.6395595267771333,1.2086119019913109,0.5929618809949172,1.248014733017852,0.5530276865461241,1.277931571819321,0.6896737202859747,1.1287918748660686,0.6457929587844904,1.1901891470958768,0.6093603722791462,1.225642638738828,0.5759006486075142,1.2508776267259156,-0.7520250593908958,0.948727134774518,-0.6507637480858701,0.9774437083152305,-0.594056951699906,1.0369488647066718,-0.5482419503322329,1.097188534767887,-0.5155411522441218,1.1561797318143847,-0.7047111511173223,1.110074790840222,-0.629849591822799,1.1996578892620235,-0.5829528423402891,1.2490659084836113,-0.549707743285732,1.2877630272780485,-0.7448034454365333,1.1122459879890585,-0.675712569916858,1.2013169752865158,-0.6150264005625681,1.2450930042873825,-0.5691123653744579,1.2729010233852358,-0.7548242664974808,1.1067774112729778,-0.6996923850895566,1.1784349261405134,-0.6434635077468527,1.2187821978932136,-0.5993895301835669,1.2453950343369582,-0.7475278381134491,1.1038618432778387,-0.7068707198782226,1.1605144251928947,-0.6586461009044242,1.193531962086183,-0.6179127050648875,1.2152202147435263
-0.02772203005913881,-0.3698832594348456,0.046355218028749146,-0.4257627842598283,0.09453595805938532,-0.42355062354976675,0.12626368536971466,-0.4206148592292805,-0.0881490395965125,-0.4316688032470398,-0.12842752105834182,-0.43337000585566754,-0.1686441125804394,-0.4326772316050095,0.17669049840615572,-0.38942795596265894,-0.19461507354152785,-0.39822923719896325,0.0625984369558434,-0.296082704850864,-0.10714570571777254,-0.2965624096888343,0.49996084490130205,-0.00625728100505373,-0.49996084490130205,0.00625728100505373,0.628993122388168,0.49161591526294474,-0.6614113502838725,0.525266315595126,0.6886688975014259,0.9481911802150276,-0.7150310059645547,0.9673411453277277,0.6844676264992152,1.0874544890340794,-0.7161696883675387,1.1148442171316326,0.6001038542315611,1.0862407371400635,-0.624067515578238,1.1144422022802745,0.5727506589253315,1.0399190075033609,-0.5961321848862131,1.0675482797263016,0.718077640370102,0.9442428641097029,0.6017455176391393,0.9673793737338384,0.5348663084695868,1.0289172421770068,0.4854699667833486,1.0887981866795122,0.4453173461827669,1.143895031133417,0.6114686352691685,1.1264967902426624,0.566076256682634,1.2163494217231845,0.5399022843874817,1.2687453059679266,0.5224927907804121,1.3091294550603563,0.6624292586699705,1.1343891063429445,0.6148669555962548,1.219731864929991,0.5682244464711795,1.2677185341408956,0.5308279706337432,1.2984364457720659,0.6861345699818021,1.1332581312799022,0.642150168255814,1.2077628284409558,0.5979547395622226,1.246731755773294,0.5586380570517158,1.2769849148059809,0.688038745387794,1.1285043981506717,0.649415261031642,1.1889453579733398,0.6151260763650942,1.2240677060875835,0.5826630688243284,1.2492335583183638,-0.7543162039913998,0.9479850859449871,-0.6517024912327355,0.9766432880501422,-0.5951948952759052,1.0364456176852426,-0.5488443401878208,1.0993177808191148,-0.5148865711387652,1.1577902860206775,-0.7078943560088548,1.1077960089017636,-0.6326638201087933,1.1996397545828197,-0.5855244958510771,1.2487851452805567,-0.5525326106435131,1.288584153124614,-0.7514367803258871,1.1120213268045924,-0.6794315735079209,1.20230140735828,-0.6163743571420489,1.2471758527007337,-0.5684526608068526,1.2757559023788803,-0.7631422257889169,1.1069010325877355,-0.7047888760628527,1.1807845181494896,-0.645825798674002,1.2217565831326709,-0.6002667873979283,1.2481516019373506,-0.7558542422134621,1.1039121261583513,-0.7135001741053378,1.1630264986302572,-0.6619802290449681,1.196676436522042,-0.619396328059783,1.2184140639467622
-0.027301989643340463,-0.3701179506956652,0.0468059506206588,-0.42597742482279044,0.09496635475970933,-0.4236428330347046,0.1266527228986906,-0.4205724144441099,-0.08763307707885672,-0.4321833217427551,-0.1277013917883039,-0.433971134054637,-0.1680116654788276,-0.4333965875292818,0.1771657674077753,-0.3891835008191617,-0.19417493614954334,-0.39925113866518647,0.06281411724052328,-0.2963700950676736,-0.10679272664669921,-0.2971491536230972,0.4999575595300017,-0.006514496819004288,-0.4999575595300017,0.006514496819004288,0.6297689770963805,0.4918657014924746,-0.6637126520699764,0.5235047113865146,0.6895000648781529,0.9496297257886132,-0.7153629500685362,0.9656397435450877,0.6852712975537973,1.0892291824422018,-0.7164845074621716,1.1159796490717748,0.6008128811958907,1.0881342351373362,-0.6242252857333277,1.1151634520881115,0.5734553960195937,1.0418096957313379,-0.5961558071383767,1.0672318175817908,0.7196586282682771,0.9484675205202481,0.6009464715545851,0.9702279398945681,0.530022949044085,1.0317493853010613,0.48143200138180553,1.0929724891905623,0.4458679648288482,1.14687558187825,0.6084366330631426,1.128838569533732,0.5630723707736257,1.2194419881302005,0.5382750075290766,1.2716608550254789,0.5220396138903242,1.3120839709185257,0.661370347212682,1.1378347849359778,0.6136110226724832,1.2240863356235203,0.5693795017269544,1.2723886602360106,0.5334569617171773,1.3038462587422621,0.6865109420370177,1.1377823360653587,0.6426778782468098,1.212855335548749,0.5990442744263385,1.2525939936802168,0.5604375863319377,1.2831557963285714,0.6899915416481305,1.1336342474449261,0.649847484599054,1.1950804132959423,0.616034314756469,1.2311354638347247,0.5838698905879331,1.2574239176186974,-0.7539224341793798,0.9547641616994529,-0.6524617522766468,0.9812903322764375,-0.5982843828478984,1.039151926343408,-0.55244106182983,1.0990360414182807,-0.5181054086790484,1.1577360461082356,-0.7047356904860751,1.1144592488693583,-0.6332819715981697,1.2016055155851086,-0.5868506833143229,1.2514577043243929,-0.5546586463580201,1.2900983299233117,-0.7426423018537491,1.1173508785156956,-0.676663512316901,1.2046612793442069,-0.6167566436878626,1.248701207650592,-0.571063187604519,1.2777526370865009,-0.7525318834970913,1.1123609855218266,-0.6978425205342702,1.1812922222557225,-0.6429750628034205,1.2204186169534048,-0.5988319336310233,1.246546793159221,-0.7452385595147397,1.1092387351061497,-0.7053349959635902,1.1623902663301424,-0.6589567735958992,1.1945452805542436,-0.6196223574216587,1.215971261247675
-0.027289169642313187,-0.36994025244104906,0.046835112458289245,-0.4257887729492489,0.094967094022548,-0.42345072933309835,0.12658899509228985,-0.4203826641477654,-0.08747466387138617,-0.4320400237374757,-0.1273170497799662,-0.433844386838314,-0.1676833203626322,-0.43331194044473104,0.17719662484551563,-0.3890180003259736,-0.1939472819446371,-0.39944567331135294,0.06266056392347939,-0.29621320327206363,-0.10669664973342212,-0.29704754669367556,0.4999586404212272,-0.006431008331359512,-0.4999586404212272,0.006431008331359512,0.6298178652646302,0.491983861505431,-0.6643532963394149,0.5213524105626952,0.6895984133012781,0.9500306095769615,-0.7154314350019345,0.9633265742927442,0.6851083699196683,1.090400540658343,-0.71659683157743,1.1156030032879376,0.6007596978222839,1.089189867241904,-0.6239781555068195,1.1138571838366327,0.5734376311226241,1.0427498665685095,-0.5956488140782303,1.0648309268142833,0.7213232092702,0.9477971577773687,0.6040870442696811,0.9695192428651334,0.5330206072838409,1.0306209182129922,0.48204952868133755,1.091898610172492,0.4454826561075243,1.145395627424431,0.6098652022062432,1.127970137137209,0.5633193755945617,1.2166456400175039,0.5368490071533321,1.2668085231525348,0.5190825907383922,1.3056390835083085,0.6625958298642898,1.1375179198959047,0.6121565034618967,1.221917036718974,0.5669342724048847,1.2682853040668531,0.5296915639190659,1.2989148170010252,0.6884755167928353,1.1375964408909311,0.640654533904359,1.2118689718642652,0.5961138465723506,1.2506422998248428,0.5568919153631738,1.2804827461783466,0.6925205050258179,1.1332216336257943,0.6503718541356166,1.1949943626639576,0.6155986232301184,1.2306063335497284,0.5831028097108191,1.2562024810109682,-0.7539880203338047,0.9513202667840754,-0.6511968645116507,0.9797206473447072,-0.5954646214101329,1.0388332269953737,-0.5486709677286872,1.1002696578623041,-0.5139049872883485,1.1583239781300996,-0.7072374837802763,1.11109599073255,-0.6321879960457425,1.2022675048103453,-0.5859056544232656,1.2521650517735774,-0.5535765244700293,1.2921501330071072,-0.7505224908190304,1.1154635475325272,-0.6801907804914656,1.2039820084227693,-0.6182517535502797,1.2490718799243141,-0.5713001322874841,1.2779412267420782,-0.7630596249365124,1.1104652002636637,-0.7057663721126518,1.1822997237607742,-0.6480593414127408,1.2229756046322773,-0.6026386481551365,1.248720309496681,-0.7563163452413371,1.1070739880167755,-0.7147644307735543,1.1644808571723393,-0.6644760143188717,1.197879893532267,-0.621963143253312,1.2192048999536307
-0.027201330060749426,-0.37002151083607754,0.046929624830555065,-0.42575314513484697,0.09504269431956365,-0.4233692844454831,0.12659972712135092,-0.4202737832519648,-0.08734872261627316,-0.43221495662647275,-0.1270332685450201,-0.4341057603746655,-0.16743616638430214,-0.43368568033505867,0.17729506807226378,-0.3889017384099567,-0.1937743478704191,-0.4000034845599706,0.06248975052497051,-0.2962194920000267,-0.10662141317821577,-0.29722963580291567,0.4999585040658541,-0.006441600129881736,-0.4999585040658541,0.006441600129881736,0.6298701945221497,0.4920667001595388,-0.6647496049101619,0.5203160124694957,0.6907266047333572,0.9503733676584946,-0.7155151456289642,0.9620305405434583,0.6855872102978257,1.0909364457538822,-0.7167038359843589,1.1155631414703329,0.6009042274389034,1.089739346854861,-0.6240073567643458,1.1133256974397099,0.5737369172656697,1.0431873350614698,-0.595517668106319,1.0636535759627381,0.7200360106810475,0.9503494534518508,0.6037742408065525,0.9706501463290631,0.532787926946289,1.0310458609206707,0.4814968908221424,1.0915290552230328,0.44104670456778755,1.1445355885321535,0.6083636084892796,1.1292341991251023,0.5589978974277551,1.2162451914294852,0.5320620150607503,1.2659316614304432,0.5139970690769153,1.3047103217830074,0.6604217506484735,1.1395895134574254,0.6096089986572005,1.2231563971495067,0.5643983424287131,1.2698636198582756,0.5273567791897045,1.300869083055217,0.6857084784682896,1.1402066542740363,0.6376756372854405,1.2136602971191102,0.5936501999952544,1.2520915071919225,0.5549176709187319,1.2817508319826312,0.6894711860271665,1.1358198630643617,0.6472947026235467,1.1958422074619195,0.6122519042043368,1.2304355730814327,0.579246750476372,1.2554475189526526,-0.7542982802524488,0.9531218042852713,-0.6514992058645149,0.9811415402114488,-0.5964440736146541,1.0399186487262901,-0.5505686795840747,1.1006923620680718,-0.5170681160655755,1.158787375695354,-0.7058983174263183,1.1117661825961342,-0.632176758324233,1.2027261047008062,-0.5857282719028283,1.2527782306356063,-0.5536797635832125,1.2924983393039104,-0.747422251558974,1.1154893931427479,-0.6785326736231462,1.2049874629380728,-0.6169157916406697,1.2484526906519804,-0.5697146248508058,1.2761928617882332,-0.759273553802063,1.1103344159015969,-0.7036071435733491,1.1817766425401317,-0.6458435731358882,1.220668702517748,-0.6003545863991092,1.2454806947643862,-0.752684225589205,1.107031478251095,-0.7116693554876511,1.1619588623519175,-0.6622843587756074,1.1938644254298858,-0.6214611880402133,1.2144243174500746
-0.027159417509867865,-0.3699635073347715,0.04698085288360206,-0.4256049697469078,0.09505801914562854,-0.42317592257218617,0.126546796355277,-0.420052195138781,-0.08731165342913601,-0.4322590337872861,-0.1268907226802491,-0.4342326370276262,-0.1673028373456845,-0.4339174098037958,0.17733463900900823,-0.38868774212668583,-0.19367407107379428,-0.40036738908795516,0.062284571419283036,-0.2960599273775991,-0.1065864943631153,-0.2972219709554126,0.49995928760305947,-0.006380496802076076,-0.49995928760305947,0.006380496802076076,0.6298952395032416,0.4922441668757131,-0.6648056901909436,0.5197647533156745,0.6914511083423263,0.9507643054478838,-0.7155879010318164,0.9614281816694168,0.6858384282179723,1.0915636386114063,-0.7168949059296438,1.11562397751264,0.6009418581535938,1.090317850747869,-0.6240629958255294,1.1130015585717579,0.5738627132639892,1.0436472490342703,-0.5955097046331955,1.062907123232708,0.7219400458992967,0.9515598568752307,0.605114337148612,0.9706478450593037,0.5343065570049166,1.0316371380952043,0.4828867169410976,1.092516726502547,0.44191350398909374,1.1449387206626844,0.6086872209445088,1.129989420596479,0.5613994342601213,1.217473075762162,0.5342360436220039,1.2674241698917459,0.516060717713485,1.3063435455572072,0.6604219796396729,1.1400189849642837,0.610312731861324,1.2230772695931675,0.5642733560765997,1.2689561772854867,0.5263226522227917,1.2999897805791782,0.6847912196187862,1.1406910993974728,0.6368226779116186,1.2142311574068505,0.5914916761771172,1.2528737256129128,0.5508974147971778,1.2827609078233642,0.6876569637344017,1.136792033344514,0.6454030919680109,1.1976848912287288,0.6090518229660024,1.2326164805016804,0.574026884466219,1.2577792660569855,-0.754127862236485,0.9543882613001134,-0.6498802288942348,0.9823684962470698,-0.5955772092393755,1.041001068472013,-0.5504462525835311,1.101010734663029,-0.5169712969897627,1.1597104257535455,-0.7069176479881135,1.1130513962581492,-0.6324987571543931,1.2026296229184466,-0.585084910439722,1.253090203241417,-0.5525223085290222,1.2922243592767126,-0.7465224075636356,1.1163072012753033,-0.6792644825016145,1.2053578890818188,-0.617522763838201,1.2490643056769613,-0.5703869589528703,1.2774400018939507,-0.7574963420848686,1.1114607562921834,-0.7039337515246527,1.1819531549158058,-0.6475369318563922,1.221875301862556,-0.6024782629902513,1.2479064666717612,-0.7508292400119825,1.1082604979224004,-0.7109357535923131,1.1623825280845759,-0.6634055289365877,1.1947992428978054,-0.6229656409474668,1.216096136092332
-0.02740147159105093,-0.3701099099945221,0.04672386693387616,-0.4257550831577414,0.09473182418004937,-0.4233163102712954,0.1261931743546509,-0.42018931649376867,-0.0874475875344596,-0.4325085012922029,-0.12699923495007617,-0.43450950121941323,-0.1674073024682758,-0.4342199147731999,0.1770633716447022,-0.38893426292199557,-0.19380347336169312,-0.4007714848720649,0.06190328665032925,-0.2963375121809387,-0.10674615272764969,-0.2975085056827505,0.4999608195176026,-0.006259308850602973,-0.4999608195176026,0.006259308850602973,0.6294182230908019,0.4919594033363108,-0.6648224219069757,0.5193761061718696,0.691499233300465,0.9502650056113624,-0.7155825300753307,0.9606697579355489,0.6853842163915039,1.0911018069168026,-0.7169274296853213,1.1151008498454664,0.6004134605747037,1.0898518423042258,-0.6240346915193464,1.1124429783987828,0.5734189138527459,1.0431754428690565,-0.5953573043598862,1.0622923128113069,0.7154706671884512,0.9494782250722762,0.5989619036930453,0.9713920913477532,0.5286955070045025,1.032940972002457,0.4781478264968918,1.092697887100779,0.44010904654209204,1.1452112079122743,0.6082658419204942,1.1292789405558918,0.5618889774406093,1.2165673133851032,0.5348430686485641,1.26652780049685,0.5165114368408927,1.3053846718022306,0.6606210662700087,1.1378983596630772,0.6139485228461072,1.222079712853129,0.5701496332594367,1.2703669995555433,0.5342375206390655,1.3028566708150473,0.6854440616863805,1.1377010861266155,0.6410476445936484,1.2116439581983494,0.5979425285542841,1.2516965014776558,0.5588777411213426,1.282816980256182,0.6880187975301298,1.1330552095106943,0.6482190543495416,1.1934614769065173,0.6150573574462819,1.229304027083617,0.5828133912247634,1.2555987848806907,-0.7530218159583223,0.9518908542023264,-0.6491305382930291,0.9798913571438334,-0.594249626563092,1.039635007563394,-0.5469839514859743,1.1010569483271613,-0.5120862783099415,1.1591155218226843,-0.7045829880130828,1.1093697374183296,-0.6309069519210821,1.2018049598473775,-0.5845496759784378,1.252386573254145,-0.5534548011147299,1.2924525354526637,-0.7479547857917296,1.1143686704259326,-0.6783376642804626,1.2053049841549532,-0.6145826824592131,1.2481523644011763,-0.5655258901481925,1.2757826902609724,-0.7615865568257301,1.1095562141232413,-0.7048756207081978,1.1830595009104437,-0.6446183881478759,1.2199408605230941,-0.5974296019354385,1.2424243367830536,-0.7558252132702534,1.1058524381802741,-0.7133075991076544,1.161755655617536,-0.6614795686186764,1.1927436418488997,-0.6203466481023517,1.2119865262393825
-0.02749422842984618,-0.37028214322119096,0.04663504578401979,-0.42602276953183027,0.09459513134926377,-0.42358194939473115,0.1260327065474209,-0.42043634875707286,-0.08750336913989477,-0.4327861637171943,-0.12706300170963458,-0.43478228347608194,-0.1674721650807925,-0.43449837392221297,0.17697016004849914,-0.3892085342506239,-0.19387247607980027,-0.40115263193167305,0.061697868514102125,-0.2966099853676559,-0.10682101784189442,-0.29783492611291057,0.4999615239703782,-0.006202785601403568,-0.4999615239703782,0.006202785601403568,0.6292896326788556,0.492021811876569,-0.6648942736771786,0.5193715213592603,0.6918445895487094,0.950279054440294,-0.7157745828133466,0.9606711543564068,0.6852719850513181,1.0911657484409054,-0.7172288721972557,1.1150491624931194,0.6002141787994564,1.0898968504918738,-0.6241332213220999,1.1123799576911328,0.5732935533199504,1.0431836071558716,-0.5954375731069149,1.0622530133333827,0.7197034314162013,0.9496752212726194,0.601172291605994,0.97074707087693,0.5312692326226395,1.0319859336421178,0.4799448014925202,1.0920020149632892,0.4418447023239822,1.1448489077021227,0.6086195673406478,1.1292962320625806,0.5616590840128749,1.21635015807333,0.5353359680331318,1.2662483707356365,0.5177552458235377,1.3049108136409158,0.6627844050137801,1.138160317881081,0.6134917221129783,1.2223672052093002,0.5690897022808342,1.270426155924092,0.5327824400831902,1.3030036879402014,0.6884523273035407,1.1375268714392828,0.6414637730596715,1.2115636041715128,0.5987748502884117,1.2518797633536265,0.5604922901652482,1.2830859848476939,0.6915944190766868,1.1320283650720795,0.6502757271768502,1.1924152292630057,0.6177874976905195,1.2281245192534787,0.5859978021547375,1.254234789825459,-0.7539205671331958,0.951454793964479,-0.6485846858357558,0.9800487236677657,-0.5932326951890369,1.040660463659067,-0.547835391721898,1.1021734034457,-0.5143919799092814,1.1604910401072461,-0.7026955024189832,1.1107140567858829,-0.6277544466164164,1.2025847669157839,-0.5825682919632102,1.2519110732215801,-0.551575609938018,1.2920552594836536,-0.7467471756252337,1.1145711857404694,-0.6747703777152695,1.205258136084444,-0.6134577902363785,1.2495905955695583,-0.5664474116264234,1.278852520534454,-0.7603457222031804,1.109310973688479,-0.7019039642793902,1.1827542070518169,-0.6431204198167578,1.222247209754779,-0.596903738647634,1.2478162668949917,-0.7539942532879484,1.1062151526561506,-0.7101676101178759,1.162751520032007,-0.6592702193665559,1.1946385383593094,-0.6179329420524907,1.215361198106247
-0.027603981860411363,-0.3704611215630973,0.046555921063842265,-0.4263740579688035,0.09446984863585661,-0.4239580718879227,0.12588025113476495,-0.4208180264580981,-0.0875917860868143,-0.4330960725795576,-0.12709100113779181,-0.4351130124253643,-0.16753174783125058,-0.43485671130211206,0.17692917291843846,-0.389600418545659,-0.19400923092292213,-0.4015194811471128,0.061538836674548035,-0.29687381856065737,-0.10685373898528774,-0.298105930203865,0.4999634431527773,-0.006046115349510222,-0.4999634431527773,0.006046115349510222,0.6292243473612805,0.4921656347495248,-0.6646670100772759,0.5195369135440678,0.6922496688564238,0.9503324068822051,-0.7161597064400843,0.961720705987109,0.6853135365779369,1.0912163568840973,-0.7179136359110296,1.1154551092376879,0.600118534231191,1.0899064333457906,-0.6243288301038188,1.1129571083397232,0.5733648150560263,1.0431386310314186,-0.5956215619428785,1.063033952705361,0.7208040894692113,0.9518277216948606,0.6031110146845321,0.9708853894495113,0.5310789470522222,1.0318707899841406,0.4826728534598692,1.0934388928769148,0.44539733116922803,1.1462649180408273,0.6047363501663024,1.131425904309462,0.5580160524380365,1.216442455986972,0.5332971644463028,1.2659197163017482,0.5175439959037351,1.3055519596173895,0.6589384659705978,1.1419942865970296,0.6086599513544554,1.2239916750504312,0.5650854443346909,1.2719370666989573,0.5300875201707628,1.3055388495855096,0.6855339393491886,1.1425518485410986,0.638122820058686,1.2151689320665908,0.5944327905227091,1.2549112996500233,0.5559736637068159,1.2864025216395796,0.6905276276100805,1.1378456555675498,0.6480213568350247,1.197788885685561,0.6143284206679896,1.2330055160283797,0.5819754839947505,1.2590997234821504,-0.7516992291563218,0.9531782092141604,-0.6495739701987789,0.9816761795720297,-0.5945442257936884,1.041214078351448,-0.5479965948970643,1.1015988851903085,-0.5132390470235461,1.1600461835529874,-0.702720381406486,1.1130789545183717,-0.6273017997450092,1.2035096408909456,-0.5811799364131438,1.2541941037883577,-0.5488565358705517,1.2946013813416053,-0.7437059270423895,1.1162700905136107,-0.6739189909284313,1.2048417743656137,-0.6109433333187626,1.2484880009715447,-0.56205178295768,1.276532364226369,-0.7556794348350622,1.1106747289072656,-0.6996493949975345,1.1818822526521637,-0.6411631135694714,1.2207400786728753,-0.5940636274485378,1.245877562270751,-0.7498466659749389,1.1067175043432325,-0.7072106830021067,1.1617352183661271,-0.6579589152356649,1.1933567694961367,-0.6162714045104268,1.2140545793567985
-0.027904592306491328,-0.37061968239598886,0.04630998337658041,-0.42674213206325157,0.09408423334435115,-0.4244189390029775,0.1254062696115793,-0.4213762110572361,-0.08790053297021998,-0.43326556571110575,-0.1273837962019234,-0.43525414962165376,-0.1677847784833072,-0.4349695103127101,0.17654980447996513,-0.3902592168043824,-0.19432095999187457,-0.40160687835000236,0.061177031981402986,-0.29706295947418043,-0.10701729114917972,-0.2982494831338365,0.4999627817999062,-0.006100558572736949,-0.4999627817999062,0.006100558572736949,0.6286154343906698,0.49205706754481304,-0.6645198244921082,0.5200874898435905,0.6912382398841764,0.9492871980084799,-0.7161548899917208,0.9631010657593115,0.6838927888709158,1.090118313722836,-0.7178335221913252,1.1148589713610717,0.5991305314217188,1.0887459731456064,-0.6242679426608614,1.1123810528724383,0.5724252923484999,1.0419905377265235,-0.5955953481907963,1.0628481110835168,0.7198205264847012,0.9501028969051983,0.602552059270754,0.969095443236292,0.5333469504943004,1.0294488397078685,0.4852484552065418,1.0899104206921024,0.445521006276397,1.1434132101249816,0.6081645546645928,1.1292015870647922,0.5648565374052668,1.2163761125718646,0.539860675275634,1.266388333327118,0.5230797470943243,1.3058699784144012,0.6607157210694657,1.139167661493639,0.6138468614319843,1.222742200938489,0.5691979418298758,1.27049842015415,0.5325643850309457,1.3017381622194422,0.6857898705672325,1.139308517112683,0.6408587774000585,1.2124689872878096,0.5961164677485619,1.2514486993868799,0.5568857121008889,1.2809588762305828,0.6890212279196588,1.1346114291336387,0.648362806566488,1.1946304090917297,0.6133193463510345,1.229689280206422,0.5801369063276783,1.2546150227445176,-0.751022935646587,0.950960975774824,-0.6479278339354683,0.9798077134062895,-0.5931543388058403,1.0403281640256163,-0.5464822763516404,1.1009618847543496,-0.5109710953442842,1.1593015390223704,-0.7034513004765605,1.1103576018023622,-0.6280141011023654,1.2015045948062626,-0.5811766026448352,1.2518083897751173,-0.5486646137928703,1.2915265921657186,-0.7455359620270494,1.1141465254892542,-0.6750657340048211,1.2040353726792856,-0.6127167031362947,1.2482880780619603,-0.5643515992917021,1.2771274184617911,-0.7584765326452569,1.1089058950940516,-0.7021778208179486,1.1812495876095128,-0.6438984231659521,1.2205874490068966,-0.5976201862418039,1.245834662903117,-0.75305859985431,1.1051682897016253,-0.7101884832968591,1.1611311209800204,-0.6596729425724611,1.1932830341712668,-0.6175710593420727,1.214076035860449
