pose_0_x,pose_0_y,pose_1_x,pose_1_y,pose_2_x,pose_2_y,pose_3_x,pose_3_y,pose_4_x,pose_4_y,pose_5_x,pose_5_y,pose_6_x,pose_6_y,pose_7_x,pose_7_y,pose_8_x,pose_8_y,pose_9_x,pose_9_y,pose_10_x,pose_10_y,pose_11_x,pose_11_y,pose_12_x,pose_12_y,pose_13_x,pose_13_y,pose_15_x,pose_15_y,pose_17_x,pose_17_y,pose_19_x,pose_19_y,pose_21_x,pose_21_y,pose_14_x,pose_14_y,pose_16_x,pose_16_y,pose_18_x,pose_18_y,pose_20_x,pose_20_y,pose_22_x,pose_22_y,left_hand_0_x,left_hand_0_y,left_hand_1_x,left_hand_1_y,left_hand_2_x,left_hand_2_y,left_hand_3_x,left_hand_3_y,left_hand_4_x,left_hand_4_y,left_hand_5_x,left_hand_5_y,left_hand_6_x,left_hand_6_y,left_hand_7_x,left_hand_7_y,left_hand_8_x,left_hand_8_y,left_hand_9_x,left_hand_9_y,left_hand_10_x,left_hand_10_y,left_hand_11_x,left_hand_11_y,left_hand_12_x,left_hand_12_y,left_hand_13_x,left_hand_13_y,left_hand_14_x,left_hand_14_y,left_hand_15_x,left_hand_15_y,left_hand_16_x,left_hand_16_y,left_hand_17_x,left_hand_17_y,left_hand_18_x,left_hand_18_y,left_hand_19_x,left_hand_19_y,left_hand_20_x,left_hand_20_y,right_hand_0_x,right_hand_0_y,right_hand_1_x,right_hand_1_y,right_hand_2_x,right_hand_2_y,right_hand_3_x,right_hand_3_y,right_hand_4_x,right_hand_4_y,right_hand_5_x,right_hand_5_y,right_hand_6_x,right_hand_6_y,right_hand_7_x,right_hand_7_y,right_hand_8_x,right_hand_8_y,right_hand_9_x,right_hand_9_y,right_hand_10_x,right_hand_10_y,right_hand_11_x,right_hand_11_y,right_hand_12_x,right_hand_12_y,right_hand_13_x,right_hand_13_y,right_hand_14_x,right_hand_14_y,right_hand_15_x,right_hand_15_y,right_hand_16_x,right_hand_16_y,right_hand_17_x,right_hand_17_y,right_hand_18_x,right_hand_18_y,right_hand_19_x,right_hand_19_y,right_hand_20_x,right_hand_20_y
0.5275043085516684,0.3024745540050972,0.5529615889513622,0.28520247180518077,0.5690838454687713,0.2855587359116808,0.5832104097464528,0.2861381231395335,0.5043507518714699,0.2874368426223741,0.4889369117829543,0.28926240536975734,0.47609966902504475,0.29118896767958796,0.6060456204250989,0.3002667366188224,0.4610118426559148,0.30779216619192107,0.5620919186221474,0.3268377957512067,0.49719797032825847,0.327478652339506,0.716598028916814,0.4349412852806612,0.38385772681418123,0.4438935373359273,0.7664694815615614,0.6193255564015241,0.30640834047827403,0.6182938103915725,0.7946913284801764,0.7754447262009426,0.2999363058654988,0.7715142965010574,0.8131307897362934,0.8337129994674455,0.2984265501889035,0.8274341828081591,0.7836181505197268,0.836067980923216,0.32633491833959083,0.8273373128588271,0.7697175158466053,0.8239423965742877,0.33431786450731305,0.813196456772151,0.28822778403432314,0.7902624693696083,0.32660110314666563,0.7983010505245769,0.3435594066228549,0.8215727586463393,0.3553951765551887,0.8446452649149034,0.36545915381034727,0.8637128193463601,0.30535740444460424,0.84173074683177,0.32045357942267183,0.8732210848739934,0.3318124268307269,0.889302319525903,0.3413610831046322,0.9019896073727258,0.2865327463570559,0.8429073365156867,0.30269205363745455,0.8740890098500695,0.31754843182844084,0.8909478244566831,0.33083430192752483,0.9021784841934422,0.27998040618869724,0.8417608263355407,0.2947178392804435,0.8693943938263884,0.30916535512939175,0.8852465700051476,0.3222031030979902,0.8961355497666184,0.2818731307461784,0.8413190084778811,0.2934794599306114,0.8640375822964377,0.3061431263531252,0.8774344449683613,0.31764715460453274,0.886848817055945,0.7884877025384524,0.7960826806855255,0.749961036887535,0.8102377320897359,0.7401750288991165,0.8376348043319592,0.7327712318547556,0.8611663172658566,0.7235256808311181,0.8819390902734754,0.7916182616663111,0.8554360482076782,0.7830088105511555,0.8885562775494846,0.7643841496219475,0.9031816970074547,0.747609301377249,0.9104123895112451,0.8117922875809019,0.8528968352950623,0.8015079596472006,0.886856835773908,0.7789030976810467,0.8999544274028393,0.7585479657107128,0.904365077308718,0.820222218555162,0.848484416056755,0.8106457549294738,0.8777428119319126,0.7902160165379475,0.8901034609401137,0.771429706691795,0.8960252981215933,0.8181904122008417,0.844327029866236,0.8106198326526792,0.8689843740933534,0.7943468103695943,0.8805993990277989,0.7781014542098666,0.8862526623307578
0.49509968075254107,0.3069412015770209,0.5176741679366919,0.28584669587745215,0.5335424510459668,0.28375569100413706,0.5473631687812671,0.2821990503048122,0.47021265231150866,0.2952367556144694,0.4554201066295252,0.29900201617517186,0.44260633827603485,0.30253953336902717,0.572088050441357,0.2926566333556947,0.43036715179995544,0.3202957977135574,0.5323133755832019,0.32622070577704254,0.4692520381232225,0.33725522404554575,0.701977409380833,0.40911996249024296,0.37289193377291174,0.4675227706401147,0.7771218357063558,0.5836837223111573,0.3248419068621705,0.6526175333807729,0.8260339345636218,0.7358024817660381,0.34141176690342645,0.8051214488403267,0.854977188115582,0.7889887190954743,0.3482019780189388,0.8602790540966673,0.8275256532951798,0.7960770813616347,0.3758277973673608,0.8562199034808462,0.8122595766396026,0.7850291680785878,0.38148306255198206,0.8403692537350873,0.33142396548779474,0.8209730216525557,0.37141528504873006,0.8261582304612323,0.39162619504107876,0.8475514621649236,0.40749224864750233,0.8693642286523324,0.42113751812828437,0.887229970181105,0.36006219473790135,0.8729768785659962,0.37857641040801193,0.9025263890318613,0.39198159825561596,0.916040600482647,0.4031442569418233,0.9267122107839298,0.3409612903133275,0.8764372950898088,0.36075658053269144,0.9054291893061743,0.3775842852090159,0.9196018090556275,0.3917898697064249,0.9292157101693346,0.3335331683630399,0.875404052894223,0.3504419258358952,0.9010832114309302,0.36616174771239496,0.9147253216542739,0.38023660628048916,0.9234750664148108,0.333734756958544,0.8738131945735135,0.3458898897356676,0.8952983838752173,0.3597686081252277,0.9065251574132385,0.37275163354254515,0.9132684333796921,0.8287403369934256,0.7519433311660798,0.7910250656895342,0.7740588331471532,0.7856899657487186,0.8034946331219851,0.7833348805158494,0.8287239759172562,0.7769913854370533,0.8506230865496287,0.8386329972066606,0.8131366185736412,0.8372109424530214,0.8472274629076393,0.820984925990472,0.8637049998625685,0.8060422957306048,0.8733133858790281,0.8594400984068814,0.8074525500746712,0.8560141108439183,0.8426481875643006,0.8348848554114654,0.8584369665798269,0.8149684308866938,0.8653317957502731,0.8682147529966759,0.8014978561606538,0.8641500724616509,0.8319150608437332,0.8453796140186193,0.846103557281404,0.8281239370154663,0.8543391443672624,0.8667273896971528,0.7976552356576884,0.863890293394725,0.823075733520984,0.8504417685856007,0.8362693100768229,0.8362735876144287,0.8445951016962585
0.48742463801240293,0.30870895858413044,0.5090127537589603,0.2867217476763653,0.5246526518299358,0.2840316810565171,0.5381679005623706,0.28195672492242024,0.46227445107672993,0.2976875736838963,0.44770744418460673,0.3017344192644333,0.4346408722328009,0.30564231998774516,0.563271479390233,0.291350162959493,0.4231570074971647,0.32350112101807404,0.5247763307671032,0.3267302900717516,0.46288807623003014,0.3405579764106551,0.6978640241061984,0.4029128483082248,0.36975218826415823,0.47363710568397616,0.7776076265698221,0.57415701809894,0.330590805661365,0.6609352420260659,0.8314083134830995,0.7256852740128663,0.3528258043978366,0.812746751233453,0.8628408465167459,0.7769726807890298,0.36166144891076396,0.8671805059177315,0.8368930433227028,0.7850781136048964,0.389131858061573,0.8622579333825368,0.8214535403914538,0.7737417679042592,0.3940978493045656,0.8459226490050318,0.3437660202491072,0.8266949598118518,0.38399017254151036,0.8327780603437049,0.4043980627585768,0.8531851133443598,0.4214924709749208,0.8741060525074013,0.43657724597129616,0.8909299026176984,0.3727365889754598,0.8802805233107751,0.39404157070284335,0.908312259017195,0.40778986658118543,0.9210820633249789,0.41936474089660347,0.9316259773519079,0.35471714225900697,0.8842751744434704,0.3762099720049846,0.9120238490234429,0.39314302766020504,0.9251851726421569,0.40746348801680915,0.9340009917342303,0.3475044049620365,0.8831983192656871,0.3647964931396456,0.9069747329268298,0.3807801632297633,0.9196102283233595,0.3949274938837671,0.9272500760311906,0.34833075573139527,0.8808108012268157,0.359668883318232,0.9004650605110738,0.3731644506589372,0.9104508861728533,0.38585713452869297,0.9161991578291334,0.836560781814919,0.7389036421093645,0.799437817742878,0.7635433605518804,0.7956048126071826,0.7935357835580237,0.7941421057526901,0.8189701225855073,0.7888246147192837,0.8407916150261465,0.8501766963295017,0.8005670619003249,0.8495832066144552,0.8350066837057898,0.8347044632348694,0.8520143455021747,0.8209242290191967,0.8626140575719812,0.8708789866311522,0.7942154284024373,0.8682265006498291,0.8297885856814684,0.8480993691497878,0.8465402716716306,0.8288556226638644,0.85473621619293,0.8793397807947738,0.7880183729735212,0.8755130239095292,0.8187500614607467,0.857829154608942,0.8338707118507348,0.8409378446410953,0.8433315265632795,0.8774532893879761,0.7844307964145527,0.8741342629017688,0.8096011654570876,0.8609752973726443,0.8232807193921666,0.8468265131086176,0.8324331835187859
0.4976321786473497,0.30638062325300613,0.5201747643687145,0.28536123690575016,0.5358860239657623,0.28341525291360753,0.5493744100442148,0.28196191769131873,0.47308802515798776,0.29378489118719353,0.4583669447123724,0.29689535085275187,0.4449527694349748,0.3000705265104862,0.5740247915225375,0.2924247942586201,0.43268260405971126,0.31702276559626363,0.5337683583339439,0.3262485524564932,0.4716026328348877,0.3371785063678093,0.7039706601272302,0.4106617484925076,0.37042355714399144,0.46560502440439555,0.7738857722147141,0.5849759692305464,0.3242955116775696,0.6514787580800707,0.8197836751583338,0.7401232374212237,0.3391141694208653,0.8044242053847301,0.8486766251552771,0.7924186902599395,0.34515874017394244,0.8583040154268265,0.8231282854424479,0.7994082902356062,0.37286923474176936,0.8549126346858817,0.8084116671945969,0.7867143275107233,0.378629690519265,0.8386103217853503,0.32998187493726666,0.8165095805311313,0.37017343413942017,0.8248065899628687,0.3896690979492954,0.8463778624018913,0.4052144095052024,0.8683378786581538,0.4190111420615864,0.8855922014952833,0.356196959929321,0.871963239159276,0.37598486417786353,0.9009807192552513,0.38927413418906387,0.9144374147994245,0.40048626154960176,0.9255359020983511,0.33749789739069447,0.8751830734004483,0.3573616854955368,0.9041450473897575,0.3739368135516965,0.9178672884279158,0.38824302515063047,0.9274554115649252,0.33008359008013477,0.8737963969620759,0.34606143613543133,0.8987480610695273,0.36170849770193536,0.9120952661810566,0.37570228164403463,0.9203793368041053,0.3310040019898459,0.8714201962122967,0.3411643519442635,0.8918936860797897,0.35448548223234466,0.9025130367959026,0.3672452488504795,0.9088324489367661,0.8250622287611576,0.7525205763540248,0.7866816206418519,0.7753993775645973,0.7816841740117405,0.8050490951796754,0.7790909703953993,0.830632500792632,0.773393733961408,0.8522906836015753,0.8352284723751358,0.8152651679082937,0.8341211282748112,0.849722191345008,0.8186994796687881,0.8660412617726156,0.8045621302413817,0.8760893414586474,0.8570979339266327,0.8097303950971194,0.8530176632141543,0.8454491778325908,0.8318376146247143,0.8610858119015943,0.8118321836798397,0.8681694582855276,0.8663986393592521,0.8039717558964445,0.8612780189941027,0.8345456047622003,0.8426458250337132,0.8486439241056537,0.8251676328484003,0.8569376781829972,0.8649596136077702,0.8004340952278527,0.860592492392484,0.825558392660498,0.8466027813910497,0.8383678365126533,0.8318889145041617,0.8463822341800389
0.5467465606971275,0.3023571207128486,0.5734699820807712,0.28687912029330986,0.5891974184461846,0.28852319394975945,0.6025716077350677,0.2901085598778051,0.5258222237332911,0.28419634485209055,0.5108228938122447,0.28374207043642347,0.4969416175162572,0.28373086239363227,0.6242513501983421,0.305757338530118,0.481191118836947,0.2973403176339119,0.5772087951164612,0.32995099090973656,0.5144241817925932,0.326600021410007,0.7248250968537115,0.4512476534075996,0.38560463855610405,0.42860620810457734,0.7522455874408095,0.6359189842637333,0.29951975559626215,0.6004116497191018,0.7614900623347478,0.7984052349089177,0.2791631466678798,0.7532301083254701,0.7776767225399462,0.8555294998053489,0.27289963999509265,0.8059486282215393,0.751543581341327,0.8567374789274553,0.30062496148946394,0.8092890339647811,0.7402598195061227,0.8406258974318461,0.3099927064746894,0.794311530716831,0.26705375001368414,0.7606264050461915,0.30446048470234377,0.777994230277965,0.318645879002849,0.8036405065466796,0.3292438722179383,0.8287685354316557,0.3389645718829083,0.8488831146684024,0.28020446967460233,0.8211659062834168,0.29284509759355193,0.854157157375127,0.3026867801052104,0.8701688503066696,0.31110135132316685,0.8834305470533349,0.2611419680245433,0.81990933481636,0.2739347803443496,0.8527185833040339,0.2872127069099959,0.8696998407739976,0.299015712554981,0.8819876695864621,0.25421101308938204,0.8167161656985525,0.2638901408980072,0.8445113296823523,0.2763761797684022,0.8608996244102196,0.2881864973762046,0.8718844914111499,0.2556486896404265,0.8143783909387822,0.26110187148837655,0.8363754727305841,0.27176009448494637,0.8496488667025381,0.28258193091457084,0.858532028538761,0.7635182348335389,0.8111015955565588,0.7212263141274111,0.8251952390280362,0.7097161063359405,0.852679372044755,0.7013943903581136,0.8770118869089569,0.6910013033222707,0.8966298419133795,0.7594160068902269,0.8741531203849089,0.7512820582583105,0.9076553008880868,0.7324643072987023,0.9200743684670785,0.7161520144102566,0.9266252149124179,0.7824241183684475,0.8739671977849464,0.7708302306801822,0.9080929028595139,0.7465618354045304,0.9187426375998129,0.725231205982738,0.9213224479665556,0.7930106813257151,0.8706663338843583,0.7812296026884391,0.899550934124078,0.7594559062077081,0.9093156616895756,0.7399115711936226,0.9134933649882468,0.792665910028437,0.8670224532069151,0.7823543789170957,0.8904947845975986,0.7653043665499735,0.8998523775044402,0.7485122354231593,0.9042767767904123
0.5094981535021342,0.30411239418284564,0.533173530802828,0.28414043445954057,0.548934896198792,0.28303210938802326,0.5623024734819987,0.2822540179790688,0.48578304524430316,0.2895287560456084,0.47094418533113225,0.2915536446897038,0.4572042851081968,0.2938910627427903,0.5863504540629612,0.2937547060809038,0.4440554270928886,0.3098974359122831,0.5440970168154247,0.3261191226234371,0.48184042838366614,0.3337113131834881,0.7111682878280849,0.42027611452156194,0.3718054449933718,0.45647702275428026,0.7692632698479311,0.5968799299336716,0.31753350933815216,0.6412640375428483,0.8061989501093165,0.7561215908717915,0.3237801792296883,0.795839038446498,0.8318887561016419,0.8095544226244022,0.32664271012363444,0.84837706785394,0.806681116120497,0.8155800975006515,0.35459115794838636,0.8473193749376532,0.7928249918572763,0.8011023294837059,0.36128183643663203,0.8305270629894259,0.31288376808756885,0.8047054147169387,0.35262313707524756,0.8151268095684094,0.3712972124627738,0.8380294814963336,0.3859226258307815,0.8609013192173143,0.39891247012160436,0.8790137260560968,0.3368686975778279,0.862353601144161,0.3548731215506501,0.8922952810089378,0.36695432201386874,0.9061897952736833,0.37717136949582064,0.9177410788651392,0.3177992193789463,0.8645547421188798,0.3358095150298125,0.8941378845043706,0.3514601859884364,0.9083422269900197,0.3648854969266929,0.9183097664812059,0.31020725646228164,0.8626843966134596,0.32430264901790273,0.8880462580828697,0.33908335111534055,0.9017828599864202,0.3524476397152323,0.9105451163705441,0.310896880652319,0.8603326236495903,0.3199655120792736,0.8808738186596596,0.3327076976574216,0.8921237376977263,0.3447792959032295,0.8993167092347809,0.8100768064648429,0.7680165427557961,0.7709174879547698,0.7893237716029484,0.7647235721524311,0.8185190699937177,0.7611704828231273,0.8439573294025675,0.7547960856603079,0.8652923881862025,0.8176792239110264,0.8309471657972585,0.8155383800936893,0.8651306099701273,0.7991986513602468,0.8807428055057875,0.7841763933093513,0.8900707174587552,0.8403130203308817,0.8265519160301255,0.8349583530918854,0.8621610906170835,0.8128577932789027,0.8766953988900824,0.7924314646761479,0.8826225681155971,0.8499543973619585,0.8212067527496809,0.8435188113117819,0.8514777293747029,0.8239764184863623,0.8643796257026313,0.8059565795048862,0.8714370077050086,0.8486018201248813,0.8173993875820598,0.842649250199022,0.8418768023842499,0.8277455159943063,0.8534994884415229,0.8122816074598014,0.8602626562596747
0.5229967815089333,0.30260458559099396,0.5478502970548199,0.28402598446195493,0.5636507472432326,0.2838909294004826,0.5769456866937988,0.2839205397150167,0.500210333185373,0.28634450216915963,0.4852833612292607,0.28736219639890875,0.47136370207538225,0.2888168011536154,0.6002402478832386,0.2968111570312762,0.45723165846789443,0.3039993853841183,0.5560432770759295,0.32675843455378967,0.49355434289242034,0.33050982483513625,0.7175874466831516,0.431212286827579,0.3752474795018158,0.4461997024026201,0.7637057525890674,0.6108621845988504,0.3104012455880937,0.6279926613493371,0.7904484366608717,0.7724359535428824,0.3069153149259022,0.7831481635055271,0.8127132798551859,0.8273119327590863,0.30646092646055634,0.8353949896456533,0.7874206945430575,0.831880197898037,0.33443207399661157,0.8362995494056669,0.7745423026272444,0.816309082150037,0.3422061908289288,0.8197477589884291,0.2954672524194554,0.7897128810782947,0.3342163765620477,0.8028291078261587,0.35164892089437944,0.8268754573407993,0.3652142980984574,0.8504231389716406,0.37678080394768354,0.8697363573198664,0.3151944253782515,0.8490834880815681,0.33153491275690106,0.8799616332997242,0.3432936206607759,0.8945473560813706,0.3532698461447159,0.9067353296962941,0.29630195147032623,0.8498324186317172,0.3126855084901426,0.8805458071681873,0.3278403546916911,0.8958665040921705,0.341061958748611,0.9067936182681651,0.28915663149034326,0.8471979039253077,0.3014519831782324,0.8736442755523918,0.3155434794364004,0.8885372807405176,0.32871292949822445,0.8983357299861288,0.2900719998786176,0.8446694492788455,0.29755347690480616,0.8662051868851179,0.3097840605791441,0.8783724486636207,0.32179941050934424,0.8862259812037587,0.7934533481208301,0.7850756178567604,0.7535233579192004,0.8039596707975748,0.7457270888663502,0.8326253747441967,0.7407856962763348,0.8575946501802091,0.7328092829623712,0.878291007282642,0.7980114151516641,0.8483472223339021,0.7936471628615733,0.8823065569629416,0.7759748765341616,0.8966068021958226,0.7602420682021601,0.9047785827703592,0.8206181439810829,0.8453031884508542,0.8125106130339732,0.8803663807315876,0.7887762754338581,0.8928284761751665,0.7681104063759288,0.8969834851261258,0.8303505268200659,0.840552826563028,0.8217848334547123,0.8701345251923276,0.8011740522613189,0.881239597190371,0.7829566175934598,0.8868533754640144,0.8290776452927708,0.8367575662466155,0.821928019442242,0.8605154392818783,0.8063578747315286,0.8706127296755852,0.7907929972452843,0.8759179608715078
0.5112532283244013,0.30373812884643864,0.5350295302380953,0.2837161162442531,0.550804640869607,0.2827079721450618,0.5640278892479251,0.28199099249490533,0.4875844540545657,0.28857591020247375,0.47273584510057726,0.2903607454645606,0.45888371948117684,0.2925630554081231,0.5880122184939001,0.2935127955194631,0.44562882254826786,0.3085539646891235,0.5455179558311648,0.32605392823611506,0.4834110451406967,0.33328707762473275,0.7129999265384411,0.42151335339089924,0.37111177210606405,0.45532893922216827,0.7683570814062122,0.5983665921605406,0.316906854852226,0.6408572573143806,0.8038647782170382,0.7584033362321354,0.3218839480971639,0.7961074247905597,0.8288903151636187,0.8119502033318896,0.32424428579747666,0.8481296271519652,0.8040399698724585,0.8179433537180394,0.3522304064860744,0.8476339880483693,0.790417790980566,0.8029139418863818,0.35910914669587674,0.8305569518718356,0.3108969378891962,0.8020427125962358,0.35039073586297775,0.8129936476320262,0.3686782920495104,0.8363211749622941,0.3832090759412329,0.8592315027619672,0.3963463983341755,0.877646345266893,0.33361359516001476,0.8605891211875802,0.35145227222057374,0.8904455219512846,0.3636790839126779,0.90455691930536,0.37418943445174935,0.9163303560682251,0.31493373142142833,0.8624007501288151,0.33293159063922406,0.8919632706202852,0.34907250449016314,0.9063753393534839,0.36292768251354407,0.9167254400826391,0.3076589153981303,0.8601965652460535,0.3220919777217166,0.8857873818352405,0.33759928730260136,0.89972869132838,0.3514618313354164,0.9089037050279919,0.30859342405109935,0.8576281738835172,0.3180158544609881,0.8786874588857704,0.33169316610352473,0.8899909918729391,0.34475110686323673,0.8971982988227474,0.8087991113039101,0.7704967102803829,0.7697788636441054,0.7918252781944055,0.7629326307657941,0.8209908635636463,0.7588852781901991,0.8461592278928394,0.7523395304637797,0.86730196963021,0.8156140564935755,0.8335172519045644,0.8128346332410508,0.8676802316496616,0.7964727547759983,0.8830683602460219,0.7816256810659838,0.8921613590505117,0.8377450253201757,0.8294920741661373,0.8316946628852812,0.8648914644413233,0.8093228060867156,0.8788398720024027,0.7893604839479307,0.884276558396749,0.8472174255500446,0.8244185913700057,0.8407628201758924,0.854453787124076,0.8211473674077944,0.8670259785938763,0.8033592390505722,0.873802410519549,0.8458945849556803,0.8207602868609996,0.8401134234240362,0.8449717841305819,0.8251393036928996,0.8562699683536333,0.8099126618121026,0.8626586626851782
0.5504299193564849,0.30217524769228055,0.5774499888925647,0.2866680074173217,0.593139586253682,0.2885095192003059,0.606206795794322,0.29016479764079217,0.5299091928763278,0.282841498493842,0.5149762965638672,0.28188383685936413,0.5009134111664042,0.28153970797656175,0.6277357452982122,0.3057859914691423,0.4850130698383321,0.29492072487508636,0.5800380489238219,0.3302968376048143,0.5176874236485721,0.3262965340915991,0.7278119409853986,0.454510712496338,0.3850468081028573,0.4260297116409083,0.7499478904034865,0.6383730932408099,0.29848475850476974,0.5988635175411999,0.7560778409146724,0.8023319382629348,0.27524427289228043,0.7526645088286672,0.7709365788819771,0.8594314259824504,0.26815434615987876,0.804186725170426,0.7454928753064269,0.8608854817958075,0.2957448538405838,0.8087749222617051,0.7348881208479735,0.8434953029059883,0.30563997016950983,0.7932011309252809,0.2634597500368328,0.7560441427300192,0.30037679439787135,0.7739553446645187,0.31384545572864425,0.8004453909618583,0.32379428056467485,0.8256085288921204,0.33380147256923787,0.8461259293774703,0.2749216678196811,0.8179269648477074,0.28750088027864196,0.8506719695052514,0.2970758747850566,0.8667409193422947,0.3051415236818261,0.8801802250702857,0.25606620923985546,0.8161984529511808,0.2684514198328289,0.8485051407539309,0.2818922965444815,0.8654983993250056,0.29345933500761096,0.8780105762417313,0.24921533839817422,0.8126061134397706,0.2583937174820584,0.8405070409638908,0.271067966931458,0.8569367745165521,0.2827874652844038,0.8683712218940727,0.250517745901468,0.8101511023202919,0.2554815405891996,0.8326612666349598,0.2666254932892792,0.8464288132668649,0.2777794873691415,0.8560066660112357,0.7585007478588225,0.8154202602519828,0.7168858558386041,0.8285660751881183,0.7048157011827456,0.8559150007510293,0.6960652373163658,0.8802044274783494,0.6857726299223432,0.8998232200470295,0.7545604345328774,0.8778993772820058,0.7454761207094428,0.9112888513289321,0.7262797630560879,0.9234547691461639,0.7098473654813842,0.9296640535147667,0.776793803540478,0.8781101052097455,0.7644504088303224,0.9119168032631674,0.7400010756687077,0.9220142585622799,0.7189572039799703,0.924013649426976,0.7867453478740464,0.8751578626215601,0.7747389694469977,0.9034057081064437,0.7531341488180713,0.912512488533646,0.7339163856302603,0.9163059785922916,0.7859188948871391,0.8715965343641088,0.7756284633099677,0.8944372932073699,0.7590555966228684,0.9031399893637766,0.742612625508642,0.9070281857648477
0.5332978667901466,0.30182967495445445,0.5589707795514179,0.2841415811521937,0.574744604047588,0.28471887975528265,0.5878408775381542,0.2853081163503775,0.511288635842063,0.2840784733288224,0.49632900667888113,0.284290638622012,0.48224198635634663,0.285055044965824,0.6105532098867883,0.29909601162067656,0.4674731127752425,0.29967116467752847,0.5649494913527948,0.3274928387410233,0.5025910356615746,0.32859467772132256,0.7222992256731531,0.43965694647470166,0.37798267332056934,0.4385691359301113,0.7588620102221492,0.6210610225903728,0.30573786816435045,0.6177816254588356,0.7780658249057764,0.7842579047482396,0.2947340301256679,0.7729734355679474,0.7973839051773686,0.839926881961754,0.29166031675330717,0.8248901060859672,0.7721115647906409,0.8434236134948487,0.31953424789180285,0.8272762752812948,0.7601914947018344,0.8268063722893364,0.32824523630898395,0.8109621303930578,0.2832054538179405,0.7776749527744016,0.3210370555371892,0.7925437177015859,0.3372969867102876,0.8173060266329342,0.349347870156385,0.8415896491167802,0.3605689847257969,0.8614770638715997,0.2999381379754211,0.8378098685419286,0.3147919766987971,0.8695820069597143,0.3256259290319963,0.8848234897455163,0.3347725295896151,0.8975796854978846,0.28059855993656857,0.8378795482507339,0.2954580653053697,0.8694038671445278,0.31026404263622775,0.8852674160212002,0.32295805952519774,0.8967062884724727,0.27328985293262875,0.8350477495895654,0.28444260074787314,0.8624341448640638,0.2983439468996792,0.8777500608155471,0.31103607355522733,0.8881880411842638,0.2741109385864569,0.8327162609202676,0.2807826901078563,0.8549409680597185,0.2931191884542803,0.8677476036585845,0.3052537077227824,0.876375834520785,0.7817980717932524,0.7966317017709708,0.740945204872776,0.8133549051755463,0.7311125020858349,0.8414845276710374,0.7247363235215749,0.8662283689555773,0.7158421080280951,0.8866195713562687,0.782555953609703,0.8597318133538799,0.7759791757957557,0.8934911651794987,0.7577325169150887,0.9070979396607535,0.7416100417879985,0.9144151431313702,0.8048635555693909,0.8577483701035111,0.7953785291935512,0.8924381918811077,0.771973108778941,0.9043238693064256,0.7510986964234083,0.9078846134353049,0.8146118284002768,0.8534997971692501,0.8050702060015962,0.8827766568914255,0.7845437909666747,0.893440185073517,0.7659412083359337,0.8985597066594486,0.8134930931895252,0.8495022725645061,0.8052194874169082,0.8732485613656242,0.7893998749627722,0.8832171101393673,0.773461121086685,0.8882909440031396
0.5316450134785624,0.3017538496353477,0.5571572370237607,0.28380820861875683,0.572926797427752,0.28424849325700974,0.5859897545645422,0.28471685221358245,0.5094807482363751,0.2840998569275226,0.49452917042924466,0.2844118461990657,0.4804270648212379,0.28527407565788465,0.6088161061679795,0.2982653443618959,0.4658251989431981,0.30001222033668984,0.5634359316526073,0.3271607175898956,0.5011984350057788,0.3288694489789715,0.7216903405898807,0.4381431726146366,0.37718516289098086,0.4398234710085308,0.7596791595758571,0.6193123207741895,0.3065936313850525,0.6196494128074175,0.7801817730670212,0.782365024361912,0.2967449185822315,0.7748762611624954,0.7998206322560901,0.8379507718182295,0.2940166455742589,0.8268334329936697,0.7746193846655316,0.8417057001888211,0.3219230956541126,0.8289936243883707,0.7626236266258877,0.825028235468374,0.3305523538085092,0.8125955523039516,0.2853245306306695,0.7800819897928509,0.3231676617755481,0.7944271977617827,0.3393186503465375,0.819241853467928,0.35141761353067535,0.8435896727280126,0.3631038316824071,0.8631401032569925,0.302332649580091,0.8397027150523058,0.31741616554418484,0.87167648206458,0.3284507097944439,0.8869407084471759,0.3377321622047631,0.899546212777008,0.2832141127044319,0.8400624236569936,0.2982395815063423,0.871869573159312,0.31321349833328765,0.8876071348761612,0.3260713498272655,0.8987263363141709,0.2760155033950072,0.8374151814466558,0.2874377820445295,0.8646472579120825,0.30158163709222785,0.8798239663414171,0.31441046153963936,0.8898956236921541,0.27699262454953105,0.8350975868433517,0.2837936922565087,0.8568832570004086,0.29605296823068605,0.8693829768521658,0.30795323765056226,0.8777098341831684,0.7838228148879229,0.7947110204129764,0.7433784799223773,0.8116913049581949,0.733552760029676,0.8400497772862621,0.727271246369663,0.8649063676745918,0.7185351008971232,0.8852925468306798,0.7853089611624944,0.8580982946010497,0.7787561611750762,0.8916934876653523,0.7608947367223795,0.9051694798659695,0.7453360038582684,0.9128870242504903,0.8074548805527294,0.8563101013269385,0.7977546836815179,0.89097850880383,0.7740961750939046,0.902910114188323,0.7532635244979261,0.9066907172632517,0.8170051885864815,0.8522908128103176,0.8075134623095219,0.8816647942913247,0.7864503091122736,0.8922037162316883,0.7676215568545119,0.8973619376299945,0.8158677413722166,0.8485492789780416,0.8078808525007459,0.8722319263577762,0.7919729050459587,0.8819852309355407,0.7760165843333524,0.8870044348987136
0.49998365578015624,0.30513165560735833,0.5225427298036718,0.28357241299916325,0.5381937981261196,0.2816867783356986,0.5511503872668925,0.2802263889219686,0.47545892643440285,0.2908361688341543,0.460745439259564,0.29330500513523083,0.44689927269408464,0.2961813786005627,0.5757174292126517,0.29025063105314886,0.4346633733383448,0.31290241722367457,0.5350772673050896,0.3256120586472753,0.47393233732949086,0.3364601428816507,0.7079812316833025,0.4120998227382617,0.36729000017302776,0.46452096387313424,0.7724332967153699,0.5857099602623766,0.3241470804482378,0.6528828022544482,0.8164882653735213,0.7442098158273549,0.33721930561346064,0.8077784325854884,0.8440778566477714,0.7963653676074022,0.3421530152552913,0.8595839988332422,0.8196894574308544,0.8037341710931847,0.3700578623727014,0.8576327985496459,0.8053647290728256,0.7888125085542939,0.37619532284909574,0.8400952791302311,0.32672100799948944,0.8148581569693246,0.3666858315649143,0.8234095700232148,0.3861947378682611,0.8453109279147544,0.4013585535486336,0.8675543620054971,0.41539085124803854,0.8855384603077969,0.3522840546960466,0.8712507261415741,0.37194165489001585,0.9003133353029588,0.3850807090464806,0.9137055723141421,0.3961981824975544,0.9247748367707611,0.33319927531090154,0.8744662655100306,0.3525328390636243,0.9035921133453821,0.36970062196899894,0.916963460706245,0.3839935440095013,0.9261164264164585,0.32556445270985573,0.8728853858033772,0.34067625974849775,0.8982928315973178,0.357002245834097,0.9112484985620071,0.37124549625545394,0.9193535320560984,0.326174443406126,0.8704418424236726,0.3359385848453119,0.8912823984518315,0.3499943653055755,0.9018908209574846,0.3631261278158765,0.9083264007439098,0.821915633956279,0.7561898952742638,0.7840246411042682,0.7790756495765192,0.7783058423496148,0.8084190560532529,0.7762305112152359,0.8338803352360216,0.7708639818722872,0.8551993878392956,0.8323811792634151,0.818390735369269,0.8314795673648199,0.8529708717370053,0.8158444493008927,0.8690499047123199,0.801524970192233,0.8789900117625284,0.8544362893088612,0.8131808425686069,0.8504214512743377,0.8491685788571885,0.8287507609824623,0.8643997314002194,0.8086181041529684,0.8711540443558756,0.8636245132968621,0.8076360489835881,0.8589838554494964,0.8382091691451508,0.8399441084417064,0.8519406903922182,0.8219913243449974,0.8598762765764869,0.8622076864730077,0.8040071321468676,0.8580526208811253,0.8285216516320539,0.8438707492213845,0.8407116702374731,0.8286918567088458,0.8482486447125501
0.5693905978002991,0.3037140446644151,0.5975827419837746,0.2903695134125487,0.6129565526532917,0.2935186218429118,0.6256171345412748,0.2962183491693655,0.5507090493623488,0.2823717868539266,0.5359836055842766,0.28003775108896456,0.5218788797488352,0.27833094547712856,0.6457542088579886,0.31350025003038356,0.504927417209693,0.29035555731559126,0.5959913194035471,0.3341984483023176,0.5347193754527174,0.32521017012651077,0.7326137866625555,0.4708740608763494,0.3929034720792369,0.4129621905488179,0.7390906324008881,0.6560058250019938,0.2924986167282604,0.5780871767876841,0.7305789338816397,0.820374879175401,0.25597531825598874,0.729231209740437,0.7403276061712761,0.8786338625795824,0.2441899141568029,0.7800762414251363,0.714838330353768,0.8779921934585488,0.2712828462697862,0.7871139393590448,0.7059526821053868,0.8591910345431015,0.2827367055855094,0.7723082487455042,0.24263915010962506,0.7317840366472936,0.27827147619932985,0.7524177182506115,0.28973993267703335,0.7800088982366526,0.2977697784348752,0.8063330305828291,0.30565997919579313,0.8275756550002908,0.249941254257593,0.7941231793936061,0.2590940707898367,0.8283819220272597,0.267492393984663,0.8452695159172909,0.27412850852905757,0.8592107300698902,0.23106744316540312,0.7910786312973772,0.23952100052828645,0.82517968513072,0.2504254862485387,0.8433877726337204,0.2602975015105563,0.8568197534552334,0.22460483438475337,0.7871659789320966,0.23045307092831674,0.8158689763160368,0.24108848344896566,0.8335433526195923,0.25152795095361835,0.8460972851081622,0.2264483361060579,0.7849155808909757,0.22974515319968286,0.8074939637502456,0.23925987359916084,0.8217368284094482,0.24905478436199002,0.8318170429351861,0.73206502613956,0.8334285972411917,0.6888285085185586,0.8433295434236727,0.6743121075503147,0.8693852408108794,0.6640496922542293,0.892863494014916,0.6520983149027691,0.9112989136750445,0.7221710444290443,0.8958692640047302,0.7102396796575936,0.9281884613536462,0.690825203057808,0.938588238776844,0.6744680069080604,0.9433282208672951,0.745133844373749,0.8976909568602867,0.7305979135118361,0.9304708404976965,0.7062062141702443,0.9385149780596042,0.6852511603976208,0.9388311714808645,0.7558932802560572,0.8951261223696825,0.7421474186411531,0.9226356238939797,0.7203700952853322,0.930361757800434,0.7010994309149581,0.9325773105093693,0.7557868702860964,0.8910687269768693,0.7438444908664108,0.9128693213678216,0.7267521020495484,0.9203284708575578,0.7100720077103355,0.9229418725546744
0.5189047931330151,0.3025173198401455,0.5431955033557485,0.2829662056981048,0.5588557095862692,0.28246117428934836,0.5717406087805532,0.2821545948731864,0.49577699793104985,0.28605915195833276,0.4809322994844205,0.2871846089531077,0.4667825837219887,0.2887603918330762,0.5953455841265232,0.2942966375908185,0.4530772009022041,0.304411293223877,0.551732353170323,0.3260004515886168,0.49013392019753954,0.33150374569263297,0.7163660215521819,0.427181883622438,0.3723828868619551,0.44981363979898636,0.7657487524336943,0.605744792885496,0.31323680117189057,0.6337630917167001,0.7955883860212332,0.7675984530383437,0.31276934947353197,0.7889502430568796,0.8186201386093321,0.8220277475613623,0.3130629078196703,0.8413027427764437,0.7936296041317734,0.8273527681572943,0.34081315103866416,0.8419253210119584,0.7806374128448975,0.8110710956223119,0.34862718985385677,0.8247450386565071,0.300659099507799,0.7949986585586866,0.3394516734141194,0.8068788323788519,0.3562830768097639,0.8307146664218241,0.3691674408690667,0.8542099172064763,0.3826523442109897,0.8721221769856484,0.3164915358592384,0.8530007836344523,0.3338419814355935,0.885146517299048,0.34719639371773847,0.8997212297439033,0.3581014364899086,0.9112740671633357,0.29799913825410584,0.8545105654342617,0.3089659837553519,0.8878076555284642,0.3217017130243449,0.9029347884204102,0.3337606711668105,0.913491117021099,0.29181194038143926,0.8519573844525725,0.30040725294536785,0.8784065160367877,0.3136052914377906,0.8915967849366497,0.3260022490334562,0.8995257083764807,0.2946783028142609,0.8488608549590703,0.301728113677331,0.8687346570000309,0.3133441183891519,0.8789210785715194,0.32476724346855346,0.8850408255671446,0.8003104742627185,0.7797119937824304,0.760330098832262,0.7993207321733236,0.7521310452980564,0.8282225757177724,0.7475930934818111,0.8533902140112328,0.7401572827138145,0.8744198944171098,0.8052749571376706,0.8432220230390031,0.8017193883764251,0.8775698257072065,0.7847358035608941,0.8922244718168282,0.7692454046036568,0.9004982191042222,0.8277158494042489,0.8396265673444534,0.8211288152654894,0.8748045977078146,0.7987514654281607,0.8881062079692872,0.778075612673675,0.8929568425218247,0.837422460283004,0.8346484898507556,0.8303179894360242,0.8644928148873567,0.8109230028789864,0.8767974779737526,0.7927888120871243,0.8833228772148356,0.8363558374079447,0.8306956196282276,0.8300894205904921,0.8546457015123775,0.8151111370378972,0.8657727457055895,0.7994831612314376,0.8721033915612255
0.5439508772580157,0.301575562203921,0.5703464088694091,0.28490746280706225,0.5859491949351899,0.28621396184667447,0.5987588282159768,0.2874067427678456,0.5229288242238045,0.2824746819902547,0.5080584381929298,0.2818573003960685,0.4938067312799653,0.28175465958092105,0.6207998031892973,0.3022415096346923,0.4783760249994411,0.2956961104036195,0.5737698365299474,0.32871473090283904,0.5120184477279917,0.3270905513706966,0.7256624674591549,0.448357747764595,0.38097206319830845,0.43112294731390133,0.7542633024091141,0.6314637968280317,0.3012643499170665,0.60765310877197,0.7650149735030535,0.7957572237130863,0.2829176112616085,0.7626448524472519,0.7815531848724468,0.8526357883773211,0.27681393884406363,0.8153493500421012,0.756138838157713,0.854923574063684,0.30429918788878924,0.8192042288235586,0.7451328142177491,0.837112404414526,0.31437242956634026,0.8031218451274036,0.26984426662146843,0.76107156406126,0.3027927245263967,0.7789574640536793,0.31768548956902776,0.8061846664255674,0.3263441251548208,0.8316587679058726,0.33535013407424674,0.8518726017289185,0.27097794988819457,0.8213135685558223,0.2806871107394492,0.8526912493042702,0.28851822986918396,0.8695495523364207,0.2943262205763852,0.8834919863672543,0.2540694401534038,0.8214950029166574,0.24958658863866456,0.8533664741668839,0.2491993291045716,0.8728808000377424,0.24822912444554124,0.889119505148509,0.25012793433680847,0.8198703064007439,0.2487566144137519,0.8468394124536438,0.2539839591479733,0.8646810733822621,0.2592107240195325,0.8783477296662185,0.2543627367441006,0.8189177350905696,0.25454223582929214,0.840959375181456,0.2607148678121644,0.8560579527107072,0.26791510666184365,0.867962229521289,0.7686657552734582,0.8080693547386715,0.7266618996514405,0.8228672075918021,0.7148652962485602,0.8505312933302686,0.7074400610673037,0.875111223467417,0.6975810486104711,0.8950341705785008,0.7661466510713006,0.8713479929110959,0.758251126124229,0.9049180957860528,0.7398236290857807,0.9175923238234609,0.7237438968902058,0.9241650473308621,0.7887658006896278,0.8705400218355963,0.7783762829918515,0.9049706933222836,0.7547520404809597,0.9158711385837054,0.7335956679540222,0.918627843451054,0.7989932841359366,0.8669810735598869,0.788734607769915,0.8961013149142606,0.7678682658533295,0.9063416244531428,0.7487953797455527,0.9109336246149178,0.7982861356319368,0.863158742270664,0.7892876562101874,0.8866939048759828,0.7730715723922928,0.8963032709519473,0.7566555650317166,0.9010391353401486
0.49784622876228396,0.30524645753378343,0.5200794041584954,0.28330397319655287,0.5355771758446682,0.2812691657555289,0.5482995731305177,0.2797242048834534,0.47327199401724945,0.290986268551802,0.4586005190928033,0.29353630384241947,0.44461996510650237,0.2964524422350198,0.572998037000386,0.2895748518419945,0.43247122461747917,0.3133830714209146,0.5326628935708387,0.3254652777653525,0.4720494431986494,0.3370112047582829,0.7064655204232457,0.4101505253549145,0.3657983776928857,0.4666210818422577,0.7734071581135487,0.5830014066148224,0.32575772378152035,0.6562451062084187,0.8186926760852336,0.7412906064020507,0.33999464746902985,0.8115631677301801,0.8469041768870758,0.7934263867456641,0.3377023644407897,0.865659530285122,0.8226410058762501,0.8010014142495347,0.3642165254973117,0.8638744546162722,0.8081191754726684,0.7858670210245666,0.3747276857875592,0.8452210432856533,0.32420712797175805,0.809404742003332,0.35999909073274783,0.8197435698609856,0.37643878496092986,0.8446564240535105,0.3846728608241815,0.8689832487695148,0.3966726726058145,0.887812771404036,0.32516966356919064,0.8686481042908063,0.33722635664235234,0.8982031527589822,0.3499683343149951,0.9113483371960014,0.3598438233664857,0.9222253222301393,0.31104169069139154,0.8720545434891833,0.30158007177565926,0.9071017053752976,0.29951616023779415,0.9308297905553471,0.29725758350246545,0.9496746288670459,0.3094052281939472,0.8715259412275318,0.3160814278731168,0.8988573157821587,0.3358986307635857,0.9121697278919023,0.35218541111716606,0.9207175983247115,0.31475740834963883,0.8701409061846106,0.32159822489297885,0.8925302103749322,0.33708055883177945,0.9027575115229529,0.35231815159544366,0.9084559030452619,0.8253045377500838,0.7533652103404757,0.7875632110461477,0.7762537671849741,0.7818310720314828,0.8052361693975536,0.7796789728237326,0.8308757967672301,0.773932246487265,0.8524716145379161,0.8358565001180382,0.8149042315454609,0.8353408850305436,0.8499170822114093,0.8199546917845801,0.8661380946512578,0.8057234767693415,0.8757300536166455,0.8580731718082455,0.8094694507189928,0.8545224449513751,0.8458683746466464,0.833330974493633,0.8611916909383943,0.8133902211691506,0.8680533930181714,0.8675296098563536,0.803939563402884,0.8629506158453413,0.8350119965449554,0.8444119301866418,0.8493019249395175,0.8267699551256009,0.8576553375683287,0.8662866970494623,0.8005306698271082,0.8624927291068396,0.8258551878417372,0.8486082911089823,0.8387219501694687,0.8337900138445742,0.8467454453633874
0.48612541042114654,0.30718490071627813,0.5071149859298518,0.2840295037602615,0.5224589876311452,0.2811459392437974,0.5350419281082589,0.27891241574979575,0.4608237555138955,0.2942602665779317,0.4463010166294786,0.2976217708152234,0.4324824012868137,0.3013048210138705,0.5602739360116181,0.2874179053916984,0.4213045718996781,0.3189192138558793,0.5219539219126307,0.32549528375429104,0.4621830176446809,0.3404015910730642,0.7003908562268735,0.40058651138887313,0.36303742764280456,0.4757747378954651,0.7765336078949099,0.5698292911152354,0.3339544113877081,0.6672194403009986,0.8305627971801275,0.7252742982841347,0.3546304652810997,0.8212688594713826,0.8615821630983992,0.7758609284234879,0.34332821092797616,0.8771596002837874,0.8378933016196838,0.7847354661762129,0.3641874498729455,0.8764135902020875,0.8225456535935446,0.7703823573521085,0.37880165060466053,0.8559855706219237,0.33480817800436347,0.8111035853254355,0.3709677852425657,0.8215539337751447,0.3852191254351595,0.8475068299433945,0.388872299903118,0.873673167801667,0.3974738832535291,0.8932661669205555,0.32646546823146827,0.8703635553075018,0.33698626762109607,0.9038696491018988,0.3531097919791614,0.9155965618948807,0.36572457570924655,0.9257768517643314,0.3136872361148743,0.8750775274268168,0.2960279450212747,0.9145067165312487,0.2864106961872235,0.941835149352358,0.2768439343854682,0.9632632401326238,0.31409411330936027,0.8752247720233362,0.3182892003847615,0.9046369545193202,0.3407566850081562,0.9169747411411061,0.3588445496330057,0.9237461297834133,0.3205293233162084,0.8741342664911447,0.3256234545191609,0.8973375010210617,0.3424687154252611,0.9077144248140433,0.3588621149794678,0.9120864718509427,0.8385268261562102,0.7369625518461402,0.802253808674469,0.7614622047324942,0.7978391551932804,0.7910921502925055,0.7970101622523396,0.8168092503633142,0.7927993965036462,0.8385648846826882,0.8526876963142529,0.7972827681686439,0.853101305528404,0.8323788887867669,0.8385729163254906,0.8492355344978735,0.8249567792399786,0.8594079378128836,0.8743724070297062,0.791019725539156,0.8723772050109879,0.8276392973577057,0.852113493895154,0.8440221600085236,0.8327855635974083,0.8516938621719197,0.8831167267346753,0.7852760282986642,0.8802758779887905,0.8167890768543117,0.8621936108757459,0.8316944542600306,0.8449968965793757,0.8405151076338966,0.8816278361647687,0.7821588358034643,0.8788619587863811,0.8076921953292268,0.865338392723668,0.821109084794834,0.8507922985348952,0.8296941585444516
0.5754535589473989,0.3056376242643713,0.6040317986025623,0.29294384379597366,0.6192134982994,0.2965335789979806,0.6315764891800713,0.29959206162269436,0.5575667091405577,0.28349934675686883,0.5429227310221284,0.2806691601752444,0.5287959138088444,0.2784132886281597,0.6512426937703644,0.3176784218676779,0.5114584524774249,0.2900555706469456,0.6006809317895474,0.3369240373858262,0.540138291823271,0.32634267971441216,0.7341139044151153,0.4782559253458835,0.3946753293774853,0.4095235063793494,0.7340326228722555,0.6639334550653266,0.29227062809783994,0.5700168592475267,0.720387760184939,0.8276443129349818,0.23888818805405349,0.7027462316984271,0.7282154431719783,0.886698730624739,0.19827100880309745,0.7488403747142027,0.7030197010117952,0.88524459084635,0.21712580241654028,0.7555492140070383,0.6948154499682557,0.8657661484358152,0.2392328980915357,0.7440290143012511,0.23206633128105958,0.6866001620199617,0.2562025636093181,0.7110278261148031,0.2521802944229693,0.7411885121991735,0.23908182778868947,0.7653149575935911,0.23550458168620847,0.7858543593518781,0.1909124390723902,0.7348756371836247,0.16526602799867612,0.7676971052042169,0.1592419604616901,0.7851102197141763,0.15360279665713866,0.7993150411723552,0.17734113420146036,0.7333912863445671,0.13163541511162818,0.7592797245445201,0.10820063543098696,0.777636690188386,0.08788812365270132,0.791150484932146,0.1759160316698668,0.7337660783140183,0.16190997823692715,0.7644556873085298,0.17490610543882612,0.7858428136275997,0.1854292433166202,0.8003842027411441,0.18248424261283536,0.73502369139493,0.1751774583589394,0.7609347570040155,0.18433578043421855,0.776882517180282,0.1958367938064665,0.7879009955724205,0.723551321001305,0.8415755340670106,0.6807651047218543,0.8493347103108916,0.6645648515202174,0.8745575445064433,0.6532171124392995,0.8976284260710323,0.6401423142499687,0.9158515287157039,0.7122289981795831,0.9023998970144027,0.6974789541095741,0.9347456843522068,0.6774242708357643,0.9445250935620249,0.6610088575605336,0.9484805505602916,0.7339998466002188,0.9055169129724137,0.7167488976266072,0.9382003352779511,0.6913412130409273,0.9448331035642378,0.6706610781968141,0.943969628466965,0.7439083341128083,0.903920131289951,0.7283403670338563,0.9315737449310697,0.705648032883624,0.9377284326269182,0.6865258988631949,0.938840472980174,0.743600744083757,0.9005777766194223,0.7305364581863285,0.9226889997097021,0.7126807223458991,0.9295181865947549,0.6959437035533593,0.9316985798424251
0.48688918438820683,0.3056058732389907,0.507711539642955,0.28228872114392434,0.5230317121480828,0.27934083206007865,0.5355455895123338,0.277062078075464,0.4614601625848452,0.292705310049777,0.44694564344444243,0.29612021436931324,0.43313974147448703,0.29984399246308024,0.5609326648513764,0.28549839629984497,0.42214354540126386,0.3175879612213435,0.5226728055488914,0.3238372052855177,0.46317323497426877,0.3390225781574834,0.7029311377566602,0.3982788364781899,0.36451004493882677,0.47418900977798756,0.7784170549537708,0.5679917021543323,0.3358391576818436,0.6532535619743518,0.8328763484591836,0.7224618414829636,0.3236487205250713,0.7900045858843409,0.8642649594158407,0.7731684440000623,0.2960210168767241,0.8460087001310678,0.8407809556812407,0.7821376231688493,0.31260427743654723,0.8425349248953504,0.8252187265451942,0.7675966961880609,0.334088246113931,0.82309047816909,,,,,,,,,,,,,,,,,,,,,,,,,,,,,,,,,,,,,,,,,,,0.8419926606722928,0.7331716322315281,0.8057342478576619,0.7581877361800237,0.8015489925375456,0.7879885302721388,0.8007849543000309,0.8135145074099415,0.7967701907208453,0.835179851503563,0.8571732577980393,0.7939364083031777,0.8563651663390088,0.8294477666513449,0.8415905101448555,0.8465677630569668,0.8279383447153624,0.8568229830701667,0.8781381814046032,0.7876009464759923,0.8753510623931091,0.82464369562273,0.8546813869310622,0.8411726919899674,0.8353945344878295,0.849034467555596,0.8863709526049954,0.7818811028461489,0.883222221522612,0.8139010862057188,0.8648637846166183,0.829225449276456,0.8475986565999121,0.838409455788401,0.8844023854924343,0.7787321201043564,0.8816760066296623,0.8048048884155161,0.8681186600040149,0.8188581800629988,0.8535282820551027,0.8280314024353901
0.560229359630916,0.30401579067227064,0.5878358841331717,0.2894376690719277,0.6032172248410198,0.2920143931376883,0.6157240299433334,0.2942319698993587,0.5408709528360851,0.283072351162357,0.526074434804441,0.281221809177149,0.5118242626921281,0.2799059684946539,0.6366119326760964,0.31103965286065405,0.49539488130553144,0.2927545439880416,0.5873694284282686,0.3336590612356506,0.5264077280692318,0.32719425515051703,0.7307602489216193,0.46653747983296323,0.38684353258756377,0.4192128495771413,0.7423148833201006,0.6517746653012659,0.3062023972518021,0.5688725997730677,0.7392843490181272,0.8150790683106366,0.2225512960112806,0.6750762686095081,0.7519692322180372,0.873570336727938,0.17339910812476322,0.7099682083292151,0.7269727935862866,0.873924301936064,0.18178164920272172,0.7104722535182021,0.7166325748465201,0.8544353354702192,0.20715746776500427,0.7014849980991273,,,,,,,,,,,,,,,,,,,,,,,,,,,,,,,,,,,,,,,,,,,0.7447571182524846,0.828486609683374,0.7019345077485858,0.8389028889726998,0.6875431587833397,0.8655933451105361,0.6782070712421231,0.8895114416587278,0.6669330884745985,0.9083097261993067,0.7367816032759618,0.8908228027880429,0.7244104667600452,0.924010253011833,0.7047182959802906,0.9347257794872894,0.6883200476251541,0.9391841627586033,0.7587646947239625,0.8925115634644618,0.743648337884149,0.9264543440544686,0.7185176150131546,0.9349824612928708,0.6974093661700556,0.9357086163677133,0.7686689239427529,0.8904736087781746,0.7543809206386449,0.9195248685071228,0.7314562915934301,0.9276073018614959,0.7116843303960441,0.9302470084429999,0.7681155057305968,0.8873672800197092,0.7564634476697801,0.9112806899640702,0.738769078915573,0.9197269066887879,0.7216545753606826,0.9231753456999401
0.5162917204131381,0.3007914560840018,0.5399149730419802,0.2805444664014949,0.555510344233718,0.2797051273252975,0.5681509134128251,0.27912653948103433,0.4926867791969693,0.2845555821895719,0.47783446920646294,0.28598903103805173,0.4636379563877691,0.28783023419983117,0.5922236072753265,0.2910223733497703,0.4504388042841432,0.30396650534312186,0.5492306966851944,0.3238741415195106,0.48827679714767486,0.33093208348346903,0.7184400058555629,0.42250453291089696,0.37207031616078146,0.4522480410531978,0.7706684720492184,0.6005426459511819,0.33567036456797505,0.6154856170943033,0.8033027390311361,0.7602239820065803,0.2526325725870899,0.702187940401788,0.8304258687944002,0.8143373252776356,0.20717061900402606,0.7293134300884073,0.8052820338169255,0.8202896035543472,0.20533098996197507,0.7237711748085014,0.7897192878521229,0.8035966962808457,0.22786611835628534,0.7148812908949982,,,,,,,,,,,,,,,,,,,,,,,,,,,,,,,,,,,,,,,,,,,0.8106602600462641,0.772153915327926,0.772206535347836,0.7916551848411982,0.7634024280788461,0.8206825655811235,0.7592546684280829,0.8462825941160879,0.7523753307115766,0.8672638612582559,0.8174708251532916,0.8343450943973016,0.8125282297280868,0.869324337055122,0.7955784951527547,0.8841209264450092,0.780561953853262,0.8923555356152832,0.8394166233300114,0.8310398479377185,0.8323375357294849,0.8674617471934123,0.8099325951505925,0.8814318935197917,0.7894239884296559,0.8868916487338339,0.8487324736666048,0.8266400762340661,0.8414677763348122,0.8577566046352696,0.8213290248286311,0.8707188188459594,0.8027603365866796,0.87759497394582,0.8476274568928953,0.8233939625806723,0.8412244424010813,0.8488545787597401,0.8259756180592973,0.8605956229047075,0.8103753962401941,0.8672362648945189
0.5203898067319508,0.3005981843346172,0.5443567494554067,0.2807515088873498,0.5599621332894618,0.2801812137625871,0.5725830433280303,0.27982348244794086,0.49705974105096984,0.28394631993730335,0.48216529219607773,0.28511587559921275,0.46792344851708817,0.28672015654611005,0.5964339934453124,0.2921802323959185,0.45447480468923585,0.30264111733807675,0.5528977027148858,0.32431023208682264,0.4918082204947127,0.3303467635911087,0.7209275823004286,0.4261171625395827,0.37352573785428816,0.4508181519562005,0.77016530091603,0.6047460562806001,0.3359603784129992,0.6135628066525218,0.8020144173595664,0.7647452523732685,0.24170083327124142,0.652591175019642,0.8288664373257264,0.8191785131368746,0.18843018138843382,0.6642470329057396,0.8036500240301355,0.82477133637851,0.1862141925857596,0.6520945584567883,0.7872287642482536,0.8079060359393893,0.2067213020509801,0.6484189268375062,,,,,,,,,,,,,,,,,,,,,,,,,,,,,,,,,,,,,,,,,,,0.8075585583290972,0.7766263520583743,0.7682997577455122,0.7955155644308232,0.7593862601833077,0.8246725428402077,0.7549883273333406,0.8502535091750087,0.7478218968376628,0.8712523060793557,0.8131712183514923,0.8391583534018316,0.8086655872897586,0.8742376268395298,0.7911306770105266,0.8887875315685942,0.7754320583990177,0.896456152168936,0.8351407508136182,0.8359622421175104,0.8279409850749548,0.872206847406497,0.804780633386827,0.8854198351698777,0.7839686953681362,0.8901302186769897,0.8444760364231192,0.8315298435583818,0.8366796356376388,0.862536877838328,0.8163749594205845,0.874725762185661,0.7977829785350516,0.8811345003185642,0.8431785876341542,0.8281982050533517,0.836518580646067,0.8536253340543101,0.8211284725656618,0.8650545127168885,0.8053731554415958,0.8715287123063769
0.5101042553342767,0.3010874810364335,0.5326977505404276,0.27972200512990253,0.5482223137820176,0.27816774261768873,0.5607459765614486,0.27702904542425333,0.48581158567046456,0.2858959571420437,0.4710606641072881,0.28801008098392655,0.45686833558426604,0.2905291322778425,0.5852816723375384,0.2879011572211352,0.44434499179018316,0.3073050825657944,0.5438732004209418,0.3227287382944126,0.4833799908459616,0.33267928466591234,0.718415046569075,0.4143419506266819,0.3723878766616486,0.4605297649255754,0.7789297068848146,0.5886847389534754,0.3451905659004546,0.6261101110930307,0.8222525964026765,0.7459474495824278,0.2505011584463602,0.6251451543302042,0.8525351730399344,0.7983823128690224,0.19996139545506703,0.6249353623812364,0.8276105917883134,0.80581409525467,0.1946844528662131,0.6049553538710801,0.8095449642952719,0.7901284800960569,0.21549132764328927,0.6053246576742984,,,,,,,,,,,,,,,,,,,,,,,,,,,,,,,,,,,,,,,,,,,0.8277397544084177,0.7575749906911939,0.7894780735115875,0.779045820583226,0.7823978561383533,0.8086986706884011,0.7796653596603094,0.8345427994609429,0.7734025089198886,0.8560018890969335,0.8370380202686556,0.8200932194256747,0.8342512539499537,0.8555550999091595,0.8175997662876686,0.871379421542291,0.8025358766513078,0.8804417885718663,0.858993068581904,0.8152618461191956,0.8540259041775896,0.8520252788778969,0.8316216708386983,0.8668020472697575,0.8110263523163721,0.8729554113714277,0.8680260996056933,0.8099295049368163,0.8626251139496923,0.8412258991821671,0.8432231889548341,0.8549901038259875,0.8249887095642214,0.8628366179109792,0.866589374021095,0.8063021806383387,0.8616395212216699,0.8318225085346627,0.846922235269919,0.8442396040408288,0.8314141908099245,0.8517446350554345
0.5571238168848573,0.30507605636345747,0.5847686316276859,0.2905320607404036,0.6001190415861637,0.29336682174204837,0.612411952946535,0.29581057824922374,0.5380176882569222,0.2834090896675425,0.5232647624612855,0.2813268711096486,0.5089148987597258,0.2798448107838435,0.6327809884816434,0.31315182656149004,0.49213611454342365,0.29269633567509934,0.583225893812726,0.3353478668376014,0.5224093968879994,0.32835446443255667,0.7257009784401038,0.47157714868775125,0.3803400126684834,0.4193289617892126,0.7356369107150703,0.6556396530959789,0.3090686851784801,0.5624925574705776,0.7352518883458882,0.8187742660165825,0.21604702452373437,0.4752839916995078,0.749754512200449,0.877410672849797,0.17292193008407986,0.4474046687306892,0.7234460570472194,0.877770962713563,0.17457328215378876,0.4301511605565331,0.7099117007920825,0.8574774109460812,0.191066858311209,0.43789108701127943,,,,,,,,,,,,,,,,,,,,,,,,,,,,,,,,,,,,,,,,,,,0.7362444260823663,0.8312177022800222,0.6930511432079753,0.8414791894037655,0.6783164258581227,0.8682145340524253,0.6679794338514379,0.8920329073266846,0.6562734829744947,0.9108809151247546,0.7276780840932296,0.894485239596979,0.7157361150793162,0.9276786831479671,0.6952477703388807,0.9382417141942481,0.6780538618560419,0.9428931644163396,0.7500458816965913,0.8960172828761239,0.7351398043251565,0.9296498925118553,0.7093653393382507,0.9378412899762403,0.6876979005187792,0.9383089040512966,0.7603077327563146,0.8936162884589228,0.7461392683185335,0.9220466235446789,0.7233668423955092,0.9297925382045895,0.7035383809486558,0.9322500279872072,0.7597971727663835,0.8899929814612313,0.7479232535655181,0.9134138010495931,0.7301656059934887,0.9214331012946695,0.7131028620357049,0.9244707222456393
0.5152854879826351,0.30160404336100793,0.5381253891317901,0.27998740505078656,0.5537122729180336,0.2786768367146618,0.5660222337491763,0.2778467420812244,0.4909570625338664,0.2854822674510394,0.47616626608311796,0.2873735373548712,0.46191675733713483,0.28980801172269544,0.5901889055407584,0.28922856808206676,0.44909683736828215,0.3069267049497225,0.5482827502945238,0.3239490228144014,0.48764624402458223,0.33373186793640963,0.7211429057723739,0.4174644899767326,0.3742091443694709,0.4579092776720653,0.7798670802975007,0.5921630205117051,0.33851049663197863,0.6150062895355226,0.8230850313207188,0.7498271618381172,0.23194464120755676,0.5254168562595529,0.8527623914599604,0.8025207097769669,0.1872363761399113,0.5049136504498506,0.8277964568318179,0.80985052934479,0.18852777994040398,0.49153642236057354,0.8091263826089454,0.79385489533273,0.20617281111969088,0.4948475615099852,0.2476423515681524,0.5335340148023935,0.2583758673522424,0.5204881269790623,0.25184516917324185,0.5066619580725207,0.2368158787262879,0.500377499773611,0.21831619655878404,0.4964692052191174,0.22006041320652747,0.48886010872028257,0.19755081732081198,0.46968279150242215,0.1813973295329307,0.457300563358743,0.168893906363627,0.4473726282382988,0.20975679358681043,0.4959186793161296,0.18735386049398428,0.4866696214084922,0.18421371245461354,0.4962476578922088,0.18982572042736634,0.5051225402265475,0.20217909270240514,0.5043048400161716,0.18194175716853628,0.49500130913213936,0.1800225871769658,0.5035382944887644,0.18675346491740985,0.5116202047301956,0.1981773930209101,0.5132343814085897,0.18045682774568333,0.5066382466532852,0.179009483041561,0.510743986518456,0.18717520804645954,0.5159331968775244,0.826294581132499,0.7615311795050564,0.787816226150945,0.7828171146899388,0.780878486563059,0.8125367159209624,0.7767610302858896,0.8383181377576665,0.7700843531814794,0.8598580672619678,0.8346981652307349,0.824837658415186,0.8320052949902246,0.8600554048220822,0.8155809367840479,0.8757495254217733,0.8007733561227737,0.8847237594562697,0.8565559750862988,0.8205684971768857,0.8512171843738214,0.8570066027787782,0.8290713157027809,0.8712769044009923,0.8090183745544486,0.876994646972037,0.8658844309901923,0.815503408646735,0.8602178205138549,0.8466863135540896,0.8408703019025842,0.8598519646876495,0.8229520937892831,0.8670544639537239,0.8645986471116804,0.8120915733261023,0.8595522709134933,0.8373573324497801,0.8445884936432473,0.849468104964348,0.8292777589986136,0.8565422264891351
0.562434483273858,0.30723675690430136,0.5908560666556569,0.2933277749825575,0.606168028540405,0.29682866999836977,0.6180403495872426,0.29979630760309006,0.5441893309856058,0.2841306208484249,0.5293513073706415,0.2813650840226142,0.5149568065344865,0.2793632801972272,0.637558280727689,0.3179968102909496,0.49717094246016647,0.2918320119228314,0.586863987080846,0.33843437341445726,0.5257581479539285,0.32929627123069055,0.7227667016708391,0.4795128698349085,0.380035611066763,0.4116929299592101,0.726145527671856,0.6624571607887917,0.28022237711348513,0.5425758007551574,0.718958713048912,0.8275523067232049,0.22740050618752966,0.42632306905880357,0.7311544944784729,0.8868261477411885,0.2022282667517049,0.3859006757287691,0.7058742779107812,0.8864197419621629,0.2002016817730939,0.3684157123863544,0.6931546875771426,0.8654400139518881,0.21685115858427179,0.38062827917150976,0.256986839824807,0.4335320541118205,0.27697707330724264,0.4232848495958809,0.2779997446135656,0.4040174477460772,0.26535763229529424,0.3858542743361698,0.25104581095113054,0.37117842558839104,0.2534793487106108,0.3757081369671894,0.2430522376016358,0.35175178422382947,0.23386134572893674,0.3354275023656017,0.2257527963600059,0.3231914465669944,0.2328269958134423,0.3779922296145443,0.21421705335355856,0.3596280305707384,0.21364892893976067,0.36482085816089643,0.22031724391895097,0.37393204005448966,0.21601239285930707,0.3834775552590379,0.1987663538719564,0.36522898866324577,0.19996702824698492,0.3704621346592268,0.20879620258068382,0.38120315350042877,0.20455550746442475,0.39188406033321127,0.19004460561525188,0.37838529913783275,0.1933912681918945,0.38146343877069167,0.20272683450513268,0.3900102332793608,0.7185318654784458,0.8402019804465782,0.6752470893723179,0.8484256211917086,0.659502720307128,0.8744714947594336,0.6476780069671063,0.8978272925353875,0.6349507363612694,0.9163303465004031,0.7065119741623822,0.9027459674280018,0.6935471016794393,0.9353822723297835,0.6729685282842685,0.9451098109094509,0.6558824274627796,0.948987055829519,0.7289681112064283,0.9055177407629385,0.712905838888072,0.9385825280494419,0.6874343355058045,0.9454181074076944,0.66650355107972,0.9445822077618902,0.7395515090532716,0.9036628973829772,0.7246616751298719,0.9314915941746774,0.7022986293589542,0.9379367568142106,0.6831614279806345,0.9392040499843612,0.7395436473700578,0.9001939574381185,0.727024002456066,0.9226734795205848,0.7092944035021437,0.9294376861308682,0.6927341659310156,0.9313122371633968
0.5058137478800716,0.30377909397407077,0.5271823135271303,0.2801305622139726,0.5427898165320072,0.2777009104232302,0.5548663155280975,0.27612444434046113,0.48027411921235463,0.28879022672553994,0.4652216018971084,0.29176349727864315,0.45122539742765577,0.2952592460064477,0.57955409714497,0.285891027909628,0.43919956374959146,0.3137126891568077,0.5395768761441224,0.3237236820742295,0.4792354132053469,0.33795431251090535,0.7178232726916078,0.4044458544353511,0.3757001893944182,0.46720750129244315,0.7888171893434732,0.5732625170716963,0.3302709480485583,0.6264717830337911,0.8430891329284247,0.7296516235248054,0.2507609633009549,0.5241049961565476,0.8764707504867915,0.7807792127841211,0.21910102846871826,0.4933405699224197,0.8533104862215335,0.7900041227378791,0.20724748594633619,0.47750696975972406,0.8336211097045017,0.775232801467141,0.22176016434858775,0.4842534539855449,0.2731365616390099,0.5167811482441645,0.290918440604833,0.4971366190793112,0.28845340241733197,0.4750646182150911,0.2713771115143496,0.4591582641142416,0.2533787522263965,0.44840196813080263,0.2599303855844416,0.4563378124141788,0.24230651581082607,0.43647284384037044,0.2285397780054318,0.4230894897537787,0.216896434998265,0.4121309041360201,0.24021165120383858,0.465121757783622,0.21857955195594653,0.45291047397132383,0.21371052611733776,0.4566298441853249,0.21573045854558792,0.4613537029879236,0.22457839393963153,0.4755959847801361,0.2054284969602867,0.46312720473226826,0.20819835605942688,0.4698989579084269,0.2180289976143716,0.4782098685591334,0.21391779337232508,0.4869260441394343,0.19841165144106232,0.47745164920087,0.2018816268922583,0.480413174123427,0.2114500966174206,0.4858138144001577,0.8465242228472655,0.7422745303380256,0.809817837276543,0.766304040625846,0.8045652968092867,0.7960453299303056,0.8020953429443269,0.8216885390393482,0.7970384991175359,0.8434523828596204,0.8595655458395504,0.8045516529889098,0.8592216871520237,0.8394754596529828,0.8436489856923945,0.8558624347259753,0.8294014869573358,0.8657232876816509,0.8810410104460703,0.7987026546516308,0.8782615222563485,0.8349698443317239,0.856921448155259,0.850496307186005,0.8371406054189867,0.8573684234633887,0.8898565446986848,0.792767013990449,0.8862301262291821,0.8237021380940993,0.8677880379769816,0.8378708338539422,0.8502442953330244,0.8462004673890577,0.8884280654218359,0.7892909005987182,0.8849532180748274,0.8141159992939295,0.870709781883134,0.8267500903853966,0.8556900756115529,0.8345375053535651
0.514057124303234,0.30342550003195945,0.5366831787612549,0.2809693261067575,0.5525533081510957,0.27938804680383045,0.5647432294991305,0.27849886568435656,0.4893513541091282,0.286965234324523,0.4740056548839603,0.28911519558494436,0.46006024112378036,0.29181885745877983,0.5888300385492989,0.2896203473495561,0.4472011001217949,0.3095989929183316,0.5464229317938983,0.3252211570254169,0.48509185366294216,0.33614613304087704,0.720079515382142,0.4156188828861785,0.376013046772386,0.4575054101510615,0.7814807224577948,0.5882796119127656,0.32083087587506365,0.616082131459001,0.8272734702306621,0.7479907535435891,0.2592305747262963,0.500147371550019,0.8577853144468695,0.8011200329159789,0.23433620952782774,0.46484282890888445,0.834552160815573,0.809185665715747,0.2265361243202771,0.4483839359660476,0.8156888704493015,0.7935806759805498,0.23800688821187088,0.45779338562403643,0.27845743944950785,0.4893247333882381,0.29987687555055587,0.4728921206638335,0.30186008193399283,0.44949269861323027,0.28453855278039897,0.4317204632836911,0.2693292899897149,0.41866577838955066,0.2778652987203166,0.427378675131458,0.2600114072141518,0.40492991779626536,0.24624903996760444,0.3898050021681503,0.23415677630330473,0.3773093416659976,0.25779112159822004,0.432695491404267,0.2467947756065083,0.4075268512150735,0.23522069846661625,0.3932409644955523,0.22687019403292852,0.38199791970352415,0.2413740694243804,0.44197031765799805,0.22324744276511016,0.42727308449764945,0.22709046540604944,0.43602926308658724,0.23586928028947246,0.4450980791404095,0.22720386612425653,0.45386296709893775,0.21253398660328415,0.4438583581939528,0.21974500935214525,0.44859748722698034,0.2305174653428867,0.4543339168664745,0.8300844632238312,0.7608614914208729,0.7918950477783557,0.7827812293929397,0.7851130079408336,0.8120414666400506,0.7812743231124621,0.8375445283648648,0.7744899832562014,0.859103345019326,0.8396001130662614,0.8234277448868901,0.8359432810829962,0.8588175081428017,0.8193371390137263,0.8743276411726482,0.8046505722792462,0.8829858490840639,0.8611901204214938,0.8187261910595542,0.8555442894442777,0.855153199180404,0.833661070375405,0.8692492793195974,0.8141191750727262,0.8747242918040568,0.8701003078265475,0.8130908358340206,0.8642661024253135,0.8439879904414727,0.8457319322824265,0.8570607939230649,0.8283449505480973,0.8643241928122095,0.8685238018631306,0.8093767455393821,0.8634684647614472,0.8339666554335535,0.8489360517363536,0.8458730963545765,0.8339702598768899,0.8529474169081868
0.5602622569958667,0.3057341985814699,0.5886859870133992,0.2913599511372069,0.604278287086797,0.2947657183358938,0.6161386205385226,0.2976902973659218,0.5418208721213794,0.2824216669225562,0.5265406861337759,0.27971990269767916,0.5124487068014381,0.27798703395036806,0.6356022131147372,0.3157133115179588,0.49465691329520645,0.29119986776630136,0.5842683427209532,0.33645473856496505,0.522499306145022,0.3279725761061867,0.7214497410280074,0.476057743523369,0.3823370476226511,0.40810273051676343,0.7261468994000673,0.6592541955380493,0.2789575724663463,0.5432636255923257,0.720612160766038,0.8254275927158419,0.2707606883794358,0.41091813251155124,0.7331898690231105,0.8856272901235518,0.2603651299273693,0.3690687568445936,0.7087985643599363,0.8861489521688832,0.26103002426518795,0.35193553035800373,0.6956601375944658,0.8654201989291455,0.26919304336401334,0.3665945559651784,0.2871801452125333,0.4058596754092104,0.31333007999961565,0.3958034245225783,0.32404119881931126,0.374834894926899,0.31473040991650647,0.3530912347772621,0.3028249343392977,0.33630491098153453,0.30938981698395074,0.347752707043662,0.3015879371608322,0.32048042762717077,0.29465988976255775,0.3024197146632125,0.28853550450869725,0.28695899906848454,0.28938634618718206,0.3464739021421667,0.28839144193187727,0.31927932119982894,0.2832942556595238,0.30301817349816335,0.27896276328237696,0.2904615934475686,0.26962429852489117,0.3501808456712572,0.2581092897033186,0.32839332501609186,0.2601875347839841,0.34031953623544037,0.26539335756465915,0.35319118221943,0.2501790363813774,0.357055081581536,0.24103017019630846,0.34179433042169305,0.24657160728115268,0.3499489815851968,0.2538445336478242,0.3600873692039241,0.7191081125455281,0.8389096500265512,0.6757094115114085,0.8476881924879391,0.6603948345353217,0.873603674386147,0.6492203110863736,0.8965941721989108,0.6358846892945682,0.9146020352904236,0.7085950466699833,0.9013344027408746,0.6942478156386112,0.9337674521043307,0.6736734805954128,0.9433722313757221,0.6570215749438457,0.9470111683337932,0.730625742824474,0.903773447504013,0.7136406087103713,0.9366440903767492,0.6882481556528305,0.9434725372664918,0.6678480528252144,0.9427586425242984,0.7408309826230397,0.9014970347300242,0.7254602363292355,0.9292468468341524,0.7032561385136085,0.9359946939253909,0.6841592954016101,0.9375230530886995,0.7405419556616398,0.897664111976263,0.7276398197860323,0.9197372062384052,0.7098884646492757,0.9267336631359009,0.6932331900273282,0.928973103854198
0.5329045007461282,0.30291729734091766,0.5581083350230504,0.28345444107857876,0.5741353766510002,0.2839018055167579,0.586362828561489,0.2845790006702181,0.5104365068348307,0.2833598524829888,0.4949297947812351,0.2835406868440981,0.48082098140172375,0.2844591308105155,0.6088635563398154,0.2986869061089883,0.46590588570086977,0.3009626079772683,0.5620812459573021,0.32860497457652255,0.4999567842415614,0.33183642719051365,0.7231750842185263,0.44027666263896803,0.3779719876342884,0.43533207185285056,0.7615740561643916,0.6194236878095661,0.3005831970357466,0.5889675435559529,0.7870475486812842,0.7837252320059396,0.27667343292848423,0.45693267643648605,0.8105752157574038,0.840756069739529,0.26052005259640776,0.418497513567399,0.7867008819693886,0.8457597540874662,0.25942523029266723,0.40241223222086486,0.769949256148702,0.8277521581159162,0.2705177875782712,0.4156611226039327,0.2860203160294363,0.4509606374285664,0.31139156404160256,0.4356945598141648,0.31857439462481196,0.41428959780234426,0.3043759839003717,0.39426186393038015,0.2902478124343445,0.3783173596503871,0.30099318995686053,0.3891293184790791,0.2867331066588048,0.36611726483586654,0.27254196513770135,0.3509944872295433,0.2593709046385805,0.3375729121022677,0.27987351191373716,0.3906586653783841,0.2748640791603071,0.3644596081527912,0.26908967895541,0.34955828471499567,0.26486583258368396,0.3378008924857972,0.25922215088430184,0.39756327587630863,0.24639907422986274,0.37741669769475844,0.2534492881677779,0.3918343405700725,0.26304097538978555,0.40561477514696165,0.24031325168731488,0.40795711969894816,0.2313696774141134,0.3952024166898695,0.2421681196253812,0.40361568183020546,0.25327783121188124,0.4130200620389369,0.7869944697064675,0.797611731355902,0.7468690870652608,0.8144188869715818,0.7364353001162415,0.8426207669995929,0.7292174853593886,0.8673398991621395,0.7200041094885954,0.8877434025516164,0.7882267545585134,0.8608050455259517,0.7811491262329536,0.8951389181565177,0.7629828338360762,0.9084413930831798,0.7471430607663401,0.915046478158458,0.8104499934825986,0.8589550263866119,0.8007283439403292,0.8941663000558795,0.7774740935166452,0.9057415029934605,0.7573552601660846,0.908840503367605,0.820438006530033,0.8545236373601751,0.8109433889800006,0.884358987203225,0.7906143673300483,0.8950149233404481,0.7721765225475881,0.8998764409082803,0.8199658002069727,0.8506288824760972,0.8115875646493208,0.8743797548303757,0.795427390512003,0.8842798830172953,0.7795835691516438,0.8892447721963305
0.515689168704614,0.304038720524633,0.5384890123075114,0.2817473377663998,0.554544487566913,0.280314376721576,0.5667907222243719,0.27956103991285675,0.49109975496723546,0.2872032152031741,0.4757040444902368,0.28918951226700806,0.46192926194913103,0.29173444332227116,0.590871845187676,0.29094877957051013,0.4492322323876715,0.30994663818799856,0.5476707817349638,0.32613963538986973,0.48635659502262973,0.3366404389665399,0.7215586426637699,0.4183667007733133,0.37752120316825166,0.4523817352248507,0.7798406203838055,0.5920042148330803,0.31690055995762856,0.6149521585114633,0.82421802011641,0.7523887738166262,0.28234137611862775,0.4855910752842713,0.8541574839063979,0.8064680068609202,0.26197200985346303,0.44892618927062117,0.8307776901916069,0.8140995146206036,0.26021564265643127,0.43330796499217905,0.8120798006041585,0.7983187189558429,0.2730426816271744,0.44513041501284684,0.28892167635822774,0.47992947685321463,0.3121424079639336,0.4624895473306991,0.31787481104590776,0.43985305256483337,0.3023446637024766,0.42101288323718633,0.2838953995824055,0.40699720477296064,0.29700876847200924,0.41684814579341056,0.28046607765178816,0.3960996376136011,0.2642510600420309,0.3835971776158092,0.248572779400688,0.37276035431080834,0.2758116534645137,0.42073823513818215,0.2670286066834675,0.3952681451894753,0.2595790109977524,0.38127480086232424,0.25304723848315624,0.37025147205966125,0.2559959854421613,0.4298619263275663,0.24014660947671684,0.41143473148180776,0.2497976574299497,0.42590093690474473,0.26055459745641596,0.43874044891165315,0.2382781986286569,0.4422722832448205,0.22730926765541581,0.43048577776745023,0.23875122184722458,0.4387757874292979,0.24978245457369458,0.44757293044953783,0.8262916570950474,0.7660960327826853,0.7877965034436641,0.7874908798952998,0.7806621282290532,0.8168355886070505,0.7765733282881675,0.8420783544217205,0.769288612367809,0.8633210994021514,0.8343179253467157,0.8285286942259653,0.8309278236080668,0.8640110057627479,0.8147107665618574,0.879403595456165,0.8000529740419415,0.8876784257861334,0.8562697442793777,0.8242236219047164,0.8499960561746978,0.8608882242053477,0.8277267109238757,0.8747707269498162,0.8081267289811542,0.8797201218302939,0.8656434106392598,0.8188337350515839,0.8594294409095495,0.8500088395449044,0.8401139244072382,0.8628073398853713,0.822452798047214,0.869507489132836,0.8648294249854288,0.8151628949863834,0.8595491646707635,0.8399411364979577,0.844578016632642,0.8516547650404198,0.829470161379556,0.8583862945849612
0.5307578942142804,0.3029696306567643,0.5557719753437352,0.2831589946143601,0.5719367137812384,0.2833971913293325,0.5842336598986694,0.28392273235103105,0.5081126923169669,0.2836565362177098,0.49257637816169175,0.28403511738466636,0.4786766907148437,0.28514416300106704,0.6070066817121881,0.2977645389982595,0.46426762035826424,0.3019844809934545,0.560250668674147,0.328262029133447,0.498198553177252,0.33235223834793703,0.7242166536678007,0.43834479410338795,0.37807101755686817,0.43502280742607324,0.7638470487116727,0.6171611645682191,0.2983235145767208,0.5910024638927914,0.7912212589021266,0.7816017535289751,0.28146164703039267,0.4632109129850662,0.8151853947610086,0.8381247962833234,0.2650867185524404,0.42380128410872314,0.7909247212988273,0.8431884549651087,0.2655399298157753,0.4078393680035242,0.774187473249916,0.825638845916751,0.2771750250684312,0.4208853540811863,0.28523983674452486,0.45546411364964146,0.31034886444508253,0.44056940739534906,0.3199183196849849,0.41815514507145723,0.3045127676786844,0.39912406436958986,0.2852818490190131,0.3848745887740202,0.30162238042635453,0.3925396981336884,0.2883183284424541,0.3712689958962844,0.274291141308585,0.3580645379185846,0.2602714223279341,0.3462855855380671,0.2788180607709777,0.39428212849735783,0.27185928168597634,0.36878006616684744,0.2652515443551404,0.35445636296056526,0.2588817741626526,0.3425014528311422,0.2578341261118198,0.40169476225986805,0.24372607814078967,0.3831247952040451,0.2539206252769422,0.3994803137123361,0.2636873445069608,0.4129714507276532,0.23913135261041302,0.41295919510873386,0.2302123232231264,0.40089474043223783,0.24214897996245932,0.4111152532434284,0.25259183218722236,0.4204833977915541,0.7921603677225761,0.7943396397604812,0.751649750910932,0.8115530753053097,0.7413287145037977,0.8403412270486967,0.7347748468648228,0.8652857086686412,0.7251928870332,0.8857608079066063,0.793545711598928,0.8576640999890964,0.7858518414387123,0.8916044034756483,0.7679935091782862,0.9053615242759343,0.7525134489132894,0.9130097770122712,0.8156911594905061,0.855889125729993,0.8057563641040439,0.890857705460824,0.7825017462625484,0.902969107105678,0.7624490118535794,0.9068647786223808,0.8253697614019435,0.8517404346789433,0.816110964735445,0.8816921999158827,0.7954739445876722,0.8927291206906316,0.7770640794524706,0.8980974777214981,0.824602451206359,0.8481399153594424,0.8163253872984584,0.8723964063386436,0.800017942359817,0.8826848113358658,0.7839877575868932,0.8880885589958509
0.5349989798758589,0.30301868360968,0.5606090259914763,0.2838917378411608,0.5767809784909136,0.28459399802700935,0.5890751684911181,0.28548373710830877,0.512983028821381,0.28300200374101975,0.49741070053613173,0.28293891065843146,0.4835282808613684,0.28366695622937055,0.6114324338196088,0.3000106230288552,0.46881236654562863,0.30031840787333497,0.5637157288107907,0.32911864808254915,0.5016136570158155,0.33142903822777026,0.7249963870534655,0.4443092003107264,0.3790447200100943,0.4296600139861169,0.7588301741128949,0.6240434985441782,0.29336414543107886,0.5828769211918903,0.7814014070421049,0.7896257976576397,0.28157608774190745,0.4577560412012948,0.8032705458853129,0.8467799285801478,0.26634681161810214,0.41717681208238655,0.7790252872614019,0.8510504634699276,0.2677674981366713,0.4010665691998611,0.7630575316007968,0.8332294281901289,0.2794376278345874,0.41387312554412165,0.28231777805903496,0.4498758636023623,0.30757472585599965,0.4358152927756379,0.3177241653458629,0.413834530756038,0.30192338727801393,0.3956395969135349,0.2814237739661869,0.38224584778347404,0.30256256292713846,0.3881115012701654,0.28920756959018956,0.3669901070530829,0.27529296293102906,0.35379788907088844,0.26061922263716103,0.34206054961931914,0.27985723162984594,0.38883763371725844,0.2743156987976838,0.3627016582293332,0.2673697827727154,0.3478737532945079,0.25996192335659996,0.3359819104412572,0.2586239174785786,0.3956336664086017,0.24493223277249104,0.37767182382916986,0.2563801078233459,0.3946118854957746,0.26677843400226825,0.4080887986661006,0.2400708679646371,0.40657404603529435,0.2324151670398384,0.39555386303910295,0.24490128196916344,0.4065236074526298,0.2557939469443058,0.41564310507197655,0.7821527870647915,0.8014560683645046,0.7407526609347161,0.8174944139253597,0.729570225827665,0.8461619268722671,0.7223442549524894,0.8707314676982292,0.7123350265474566,0.8908147275777092,0.7811498663171397,0.865371187723355,0.7733905091660249,0.899140516237385,0.7552388252902823,0.9125000101806728,0.7396542059632623,0.919923113803575,0.8033565534574494,0.8638836716313878,0.7929725351476116,0.8986371716712513,0.7693026607675197,0.910399821913282,0.7487759671194856,0.9139482454747961,0.8133213971688056,0.8598976187816512,0.8033785826754802,0.8896245832237227,0.7822857597640169,0.9003394749134317,0.763301531687088,0.9055717751055525,0.8125654957047814,0.8563338844674788,0.8040335336061855,0.8806454339419374,0.7877784790225133,0.8908628808484051,0.7715791639718732,0.8963933444595569
0.5291466947136398,0.30312485542986284,0.5539818334487948,0.2829592809610565,0.570171519650625,0.2830160813399354,0.5825294257166266,0.2834167114585848,0.5063607137552958,0.2839643337992246,0.49077793121164826,0.2845292698384645,0.47697272568946286,0.2858256125026624,0.6054086315486789,0.2970558700293967,0.4629413194050334,0.30315495770094625,0.5588618916043503,0.32803878107223017,0.49687808741849127,0.33283560043435895,0.724745896971379,0.4368870238882057,0.3784249018612515,0.4352036418761959,0.7653443200563993,0.6153026618404731,0.2971432125287655,0.5905058856401069,0.7946961431732709,0.7808011096610614,0.28108405407377834,0.46513903896044384,0.8184767022781025,0.8369988308387992,0.263894272508828,0.42674314772581545,0.7945507598511843,0.8419678466663765,0.2657054864279136,0.4109877981091518,0.7780845563409584,0.8248681209312412,0.27782606135564014,0.42220922531148875,0.28237863172517325,0.4614669704749522,0.3071731215986022,0.4458107290300208,0.31514474695725786,0.4229744197368243,0.2957563959465057,0.4064506104327428,0.2741254982883571,0.3942321182599722,0.29965892576935843,0.3989197215616116,0.2837131212885744,0.3791365944154984,0.26777678536092375,0.3667795121165156,0.25101164150159744,0.35617946274253026,0.27676352058121323,0.40079991828873035,0.2712191411371316,0.3742223335396971,0.2650685499981528,0.35967743765031207,0.25800368267129253,0.34803507599296585,0.2559975839004268,0.4085886824270186,0.24131135264808906,0.39169798324736244,0.25457475542880886,0.4086411738244935,0.26642645798740944,0.4212747086489477,0.23829433810316908,0.4208746858920082,0.23062483850152077,0.41055502641462516,0.24422853244233622,0.42135293919460504,0.2559234997646786,0.42948811387848157,0.7961855893853789,0.791667289133138,0.7548379433240651,0.8089588504736459,0.7449888711736283,0.8379142778610422,0.7386683820143053,0.8628380357230814,0.7299667959533208,0.8835742460068532,0.797588595410232,0.8556410799937144,0.7908380152179413,0.8901714558926962,0.7729292609631309,0.9041348135252131,0.7573283973308115,0.9118467272559817,0.8198448475265917,0.8533050075372323,0.8098836691368962,0.8887373714636573,0.7858573754961773,0.9004376741884204,0.7651365995963182,0.9036562583778138,0.8294980892349733,0.848892840006326,0.8198540622059096,0.8790341890366762,0.7990476351714102,0.8899559824393,0.7805941076234284,0.8951975509553813,0.82846246037216,0.8452618794032076,0.8206628612335792,0.8696781174245647,0.8049141304960488,0.880191117450779,0.7893849432630112,0.8858938631163242
0.5239884600646043,0.303387362924407,0.5481287221071688,0.282361819793147,0.564320852356992,0.28184820538110233,0.5767421354900412,0.2818199331445517,0.5005573665843083,0.2850217201288283,0.4849160350532138,0.2861393738366512,0.47126503444902196,0.2879245709299349,0.600079614837028,0.2946675928086444,0.45785905594886256,0.30584287896143786,0.5545575291925778,0.32724853384929087,0.4926832493669929,0.33421698592996174,0.724819220581333,0.43075392761281633,0.37798321710922544,0.44021996139011393,0.7712574322774415,0.6087415641447715,0.3023262295703494,0.5984104489324735,0.8061501420869761,0.7735214004275783,0.28207664601269833,0.4745036915483004,0.8317471680744808,0.8283401246091496,0.26375417253588845,0.4378449556665702,0.8080147239279145,0.8341801196416858,0.2651676365947357,0.4221612373846009,0.7910113407036707,0.8177982346281505,0.27773600335190973,0.43266505365821384,0.2837909954624171,0.4709896281141463,0.30692669778488624,0.4550170315754608,0.3131176249488419,0.4305282725445075,0.2903407968806785,0.4147451206498023,0.2677696700794722,0.4038990903898866,0.296844137394404,0.4082309000187693,0.2802060671861956,0.38924636312285843,0.2638519148387617,0.3777202937896071,0.24624947005742553,0.3680601300966567,0.27391424151715116,0.4112775044580176,0.26703315051535914,0.38501990070550085,0.26066868777562735,0.3703416254963777,0.25284191340985296,0.3583781055517473,0.25360769447576725,0.41996872537123214,0.2396710081585654,0.40385965198653395,0.2558090512892641,0.4208253408696711,0.2684344258468837,0.4330372167014447,0.23671758441280655,0.4330206454520204,0.23191301675076875,0.42309208663644926,0.24683719871205428,0.4336658570796833,0.25799590398234046,0.4413389124304001,0.807729791617671,0.782119959048059,0.7674642091864787,0.8010567183791049,0.7584635044613067,0.8301992251841614,0.7529820268186272,0.8555064484214028,0.7442618243911432,0.8767331149710617,0.8119381240768859,0.8457989352089491,0.8059606625948841,0.8809666007771673,0.7881823066633471,0.8956354012784368,0.7725522615713047,0.9037568051213385,0.8336009652677216,0.8428803124635722,0.8253039557066438,0.8789640737277635,0.8018343789972704,0.8919730661587152,0.7810297984713747,0.8964186393364173,0.8428414726489131,0.8383386787738142,0.8342386488426299,0.86896459028189,0.8139174385536629,0.8811586127692546,0.7954356941389766,0.8875064691940112,0.8415924075162337,0.8347528295921249,0.8341734292442096,0.8593868350205904,0.8184056870227532,0.8707667325088998,0.8026255829270758,0.8772228722532168
0.5022653369629555,0.306469275909815,0.523049690238109,0.2820830277379708,0.5390185842041101,0.2791697805330927,0.5513843810996046,0.2772926592894641,0.47636892366848543,0.291747335457902,0.4609984331261613,0.29519653087423886,0.44784530504337816,0.2989922454835188,0.5763763415940412,0.2865579707735644,0.43724689255394,0.31878482794045454,0.5360489052978551,0.32553404491824656,0.47584858706307154,0.34160361478096435,0.7203099428381909,0.4028840981613777,0.3779095032832387,0.46309204708458446,0.7922608131923006,0.5728250489866653,0.32654526524782856,0.6309483162987278,0.8508641878139045,0.7306863620045899,0.2882478861741212,0.5122444947312033,0.8836550263555015,0.7810733195976104,0.264743733778603,0.478428538544542,0.8610802678911129,0.7903804837046682,0.26398325631560127,0.4629094776381837,0.8422025877359967,0.7765893744878436,0.27786883776901966,0.47134861056110733,0.28876105237091787,0.507051865839679,0.30917384002987736,0.48822748007762085,0.312136084421018,0.46337364495648514,0.2873210736242533,0.451606552492062,0.262814457711554,0.4447711896495442,0.2923322191614836,0.4434349713426881,0.2731868073706255,0.4273968556441171,0.2552237315691272,0.41901662289476205,0.2362940631942127,0.4133443404615928,0.2703160581190955,0.4498115010390807,0.2593670109593212,0.42564162201445277,0.2509679689151534,0.4121119041832941,0.24161652348823015,0.40165793158201796,0.251961761251957,0.4613404776007914,0.23689410815244133,0.4485575756356148,0.2563774922080306,0.46257537221883893,0.27108726535316885,0.4723983571647973,0.2373729142661528,0.4765848669795453,0.23282145114939445,0.4689536269097789,0.24927380636712537,0.4772540815009142,0.2612791914983652,0.4829655808398798,0.8537248405879525,0.738149405259725,0.8167211756408377,0.7627689465009946,0.8120264321044726,0.7929781349053211,0.8104557418629894,0.8189097779823895,0.805461270991618,0.8409904724055031,0.8669032252223434,0.8004293714186166,0.8664855072325506,0.8359485078715475,0.8512242167173665,0.853293176710358,0.8370886550800256,0.8641109622435508,0.8881879854622361,0.7945701093576454,0.8851412126435607,0.8314541668608388,0.8638563105829776,0.8481597560981713,0.8439676458869199,0.8561488127461507,0.8969417183854347,0.7890096635690418,0.8929866914632437,0.8207538665334728,0.8743047154726711,0.8360041731031331,0.8567048830733999,0.8452708646616167,0.89544550521789,0.7859521537110759,0.8919297818081746,0.811857128203777,0.8778979751547153,0.8256284236375793,0.863034377683251,0.8345721217062353
0.5260270958659574,0.3032811145864579,0.5504367106818902,0.28252179901002417,0.56666500657803,0.28218540808519227,0.5792286127718224,0.2823077442555588,0.5027519950216067,0.28459273291852616,0.48699029900320495,0.2855694814017509,0.4734355517024218,0.28727046573663595,0.6023142821832324,0.295449288445748,0.45972724835684464,0.30524394021886686,0.5563581860419121,0.3275162220802674,0.49424357402404107,0.33375556641940873,0.7257198736198114,0.4335779466922594,0.3779510269965517,0.43788458589374624,0.7694563068230973,0.6136182054305213,0.30045840795385925,0.595482211817659,0.8013818718118111,0.7785605839212222,0.2812042401772686,0.471131332244408,0.8252872377674263,0.8333143438269683,0.2634138745252356,0.43437448670281215,0.8011939611647918,0.8388598201377361,0.26516985541539767,0.4190111611048153,0.7850172040576368,0.8221558409929138,0.2774189978586761,0.4295843331029749,0.28352848639962763,0.4662721747803277,0.3073281989963125,0.45080700238027865,0.31224307714846267,0.4260579294466296,0.2854559764802803,0.41131027881322646,0.260129529648128,0.40131014905440837,0.2972571334014019,0.4041027064034516,0.28103954583299356,0.3856105541428617,0.2651949115992299,0.3741876001425434,0.24828722595254676,0.36545595091054917,0.27420014295502665,0.4073494347812023,0.2667254780872712,0.3820529659415712,0.25979634710337934,0.3673772803616262,0.2511623887687888,0.35547840654220364,0.25437508667113634,0.416010040598638,0.24097848867458277,0.4017631742605154,0.25894485925153987,0.41874991991624483,0.2718077801919434,0.43012724636434585,0.2374963234877983,0.428608196862588,0.23384803015063022,0.4198094364245285,0.24902365851581465,0.4308653885653555,0.2593557966756727,0.438040790603891,0.8030223648990542,0.7856689867925902,0.7625798782927639,0.8043728654015687,0.7534831630744048,0.8334077246318532,0.7477239379704494,0.8587954446569319,0.7392542302401919,0.8798841334428089,0.8066617662447355,0.8495541576784924,0.7996839238157293,0.8844207875814414,0.7816467126832906,0.8987837096004322,0.7659224773340452,0.9067340711800472,0.8287438515840213,0.8467262266116022,0.8193880381037193,0.882855294547302,0.7956500677908249,0.8953880476876842,0.7748045659138978,0.8994170651652083,0.8382773024149524,0.8420159952748927,0.8289231801984509,0.8728385675617358,0.807918937384605,0.8843354344670431,0.7891341657001001,0.8898684827039819,0.837106176606163,0.8382000103601878,0.8290806696400925,0.8628905326839452,0.8126533168942975,0.8736877190544265,0.7964774783674033,0.8795479973049734
0.5231966235571537,0.3034879660609087,0.5471979661989564,0.2822049069250642,0.563417490149352,0.28152930222074346,0.5760291942634473,0.28139772349792874,0.49953988110554254,0.28524548461911436,0.4837191087962735,0.2866271377451408,0.4702972848172917,0.2886838979246702,0.5993036005351116,0.29406733107546196,0.45683989389349267,0.307033401100274,0.5540253447687856,0.32709255603927423,0.49199603068006564,0.33463941830870314,0.7253673616034555,0.42989379062335636,0.37771013839369416,0.44085996125531596,0.7725615619933669,0.6093632039760393,0.3033239008677028,0.6000505914678482,0.8072309816466082,0.7735275278048661,0.28141119975404943,0.47588184012918666,0.8317823833082444,0.8278376816322713,0.2628897411834308,0.43957118417050645,0.8072532936038769,0.8338500619835345,0.26430236122992895,0.42436776408423843,0.7909187507710197,0.8173963623695074,0.27670699667140125,0.43465719684281134,0.2838801303168982,0.4708223649951655,0.3072274406621647,0.45501331317493804,0.3117172604359063,0.4304700276032666,0.28513461356838604,0.41628490613736313,0.2597204623751388,0.40636911993948,0.29656577316639476,0.40857925681507934,0.2798950219396019,0.3908288460343239,0.2635242760578417,0.379691942699359,0.24608509137542572,0.3707325372264962,0.2736847130727974,0.41232706334517405,0.26531680747949166,0.3872360808520978,0.25835639099435076,0.372647262148481,0.24960606041263367,0.3602562967643413,0.2542139631391868,0.42145808371834503,0.2403674723189232,0.40743380523982026,0.25906799437838807,0.4242994069169604,0.2721762614751961,0.43529757494994825,0.23775435261885552,0.4345523254935974,0.23381205700157692,0.4256784374416371,0.24937571941853764,0.43669123618641875,0.25978084658607703,0.4437181757838489,0.8096232341556752,0.7803810665697632,0.7689217918702476,0.7995608275021151,0.7608666912000117,0.8288611298858759,0.7558331830104059,0.8545642631319403,0.7478731031535628,0.875598348335551,0.8136536639593384,0.8436390277495205,0.8082539092584722,0.8785290273620321,0.7909809741026512,0.8933112328321837,0.7757048330369688,0.9016071661104048,0.8359129703214292,0.840917063997753,0.8279914319807751,0.8770733708810392,0.8050127129402948,0.8906844286702512,0.7843219193518187,0.8958284108547405,0.8454972727270663,0.8367867368265434,0.8369792101540384,0.867779561201755,0.8162117871547792,0.8804581538440108,0.797433238230855,0.8871930197316658,0.844425089052391,0.8338147943394898,0.8368939657585,0.8592879971700602,0.8210236006165855,0.8710582725573522,0.8050566526183129,0.8779465867303792
0.5049092175755162,0.30597092463919473,0.5260886364433732,0.2817624877374725,0.5421310383422634,0.2790643043247647,0.5546834124924349,0.27735598002392226,0.4791052053790432,0.290855213494166,0.4634144555170664,0.2943796154112574,0.4505742078566991,0.29817296564345724,0.579329278813748,0.2870463890105717,0.4393843461263978,0.3181729065704969,0.5384524876891965,0.32549351002572113,0.477802488691605,0.34084009902571155,0.7212150119595324,0.4062777456118081,0.37755325828797937,0.4603187027924116,0.7903901600528003,0.5788681204211263,0.323479089478122,0.6274825639489447,0.8448919942698547,0.7372509616369329,0.28629635159417144,0.5075707523892216,0.8756528865229788,0.7881408505666835,0.263184114432673,0.4732924887024732,0.8517673951143336,0.7971447758477488,0.26275187962369995,0.4581404096753286,0.8336208948688228,0.7827876295788115,0.2763456547394986,0.46695289880685925,0.2877345285395518,0.5011340001483091,0.3085133641705133,0.4824890332212542,0.3099852570234717,0.45747260087121944,0.281334981345968,0.44691150406268854,0.2544320282364645,0.4409069623199598,0.2919339679343719,0.4378485305632852,0.27380596667423734,0.4221917566582492,0.256516449988599,0.412921040496095,0.23849633020767064,0.4062548055750776,0.27010526094288495,0.44463997648103415,0.258804168201513,0.4209237281417114,0.24985601642982747,0.40741446074274607,0.23910915141483968,0.3962854280431698,0.2521028088183558,0.4562532021178919,0.23740621556996794,0.44442010351889555,0.2582854106809294,0.45842959262082195,0.27212721060218803,0.4673026493393606,0.2373219640613553,0.4713454386566217,0.23290339703865348,0.4624938578758212,0.24997825947532032,0.47146374687097203,0.26059666204055315,0.47711554447755,0.8479532130760328,0.7434959675357712,0.8102272004050606,0.7677095937866512,0.8058165814571432,0.797784121148882,0.8043888754582331,0.8235225444492098,0.7988625874342052,0.845413590526356,0.8609428071989391,0.806319628735833,0.8593525615306612,0.8412786733060167,0.8440020822942147,0.8581540100412073,0.83007622359618,0.8685839008130121,0.8824476696611753,0.8006582969047202,0.8786015806192125,0.8370617355186648,0.8576665397230789,0.8535421591462354,0.8379921284340869,0.8614419420169885,0.8911869411455037,0.7951448166299679,0.8866560432992052,0.826748913673397,0.8678927561602005,0.8418647642818639,0.8502205180634465,0.8511060650285829,0.8894889369945344,0.7921443722705135,0.8854020656304977,0.8180862571768388,0.8714109582684854,0.8316924618617436,0.8565132708919561,0.8406762847872776
0.5091459571325191,0.3052827325747143,0.5310490691312523,0.2816069121475121,0.5471765605102668,0.2793682971855552,0.5598289305189359,0.2780215150466253,0.483695256768499,0.2894595992667731,0.4677405426946688,0.29266332724829136,0.45502165220293894,0.2961221986004554,0.5842508542794741,0.2884475891671533,0.4430607283302379,0.3158799763698886,0.5421280562214907,0.32572777361946537,0.4809788017907245,0.33935918177330093,0.7224575027644881,0.4119123591010159,0.3771388052094965,0.4558635384306618,0.7865698404144008,0.5865752257035284,0.3181890589805523,0.6215255961217334,0.836073541886636,0.7464621194492305,0.2847468083719437,0.5010272621049469,0.8649605307599944,0.7982355505173911,0.2624087027487362,0.4654755713570225,0.8406098122182877,0.8065181818270994,0.26242639229390574,0.45056980856947665,0.8230433593533524,0.7915992351448788,0.2757837181823963,0.45983783217814694,0.28538460776874286,0.4934197763040362,0.3069634825511084,0.4750370260171887,0.308510048102558,0.44993105626238655,0.2795737812172346,0.4388387667330114,0.25283338051726006,0.4324436211318013,0.2919146481425585,0.4306162956978817,0.27406107498192417,0.4141610760659719,0.2569905359632195,0.40420700728719994,0.23934588948765456,0.3970041797954959,0.2698331328261751,0.43683931697541056,0.25924748472755643,0.41283017588205806,0.25019428972671526,0.39890619776974934,0.23934558143413387,0.38784611099050953,0.25139839856090934,0.4479055211127149,0.23651312087092247,0.43605714796399636,0.25675890216104374,0.44972032750258084,0.27042898030852175,0.45879320861037076,0.23602136231344478,0.4624216100534477,0.23202753945060894,0.4535119396285438,0.2486328398189564,0.4623555776548956,0.259123419032534,0.4682796586650234,0.8389822537586115,0.7527913820597907,0.8004999401670423,0.7759583000401389,0.7954854518014076,0.8060208309565833,0.7931538241755355,0.8317131274513907,0.7872515678094198,0.853323894172916,0.8491192909431975,0.8162347604343938,0.8482374875944529,0.8508353060653588,0.83307076944461,0.867245047281068,0.8188786561245752,0.8771553486625775,0.8715717913513892,0.8110308124102427,0.8676100274743163,0.8471249765142119,0.8463588409050588,0.8627194147754034,0.8264282071211748,0.8697074780760021,0.8812118266691685,0.8056152861729302,0.8766204897096723,0.836865438623057,0.8575665935373661,0.8508849493093409,0.8399476976776531,0.8590142186407184,0.880055947601939,0.8023386002661583,0.876251868302784,0.8280366888494901,0.8622589336545996,0.8408675337480158,0.8475569544371728,0.8489319382792537
0.5024300141295089,0.3066048827465039,0.523260985929406,0.2818724457833303,0.5392752976362332,0.2788791349705505,0.5518879234381031,0.27695269035539366,0.476205163825951,0.2920212695356975,0.46027435040401665,0.2960613197654215,0.44792291977170445,0.30010475009855353,0.5767881006461194,0.2863062360764236,0.4367501275842025,0.32041886994928986,0.536330441294626,0.3254793193678419,0.4757716936488259,0.3419561142508554,0.7204221812141347,0.4033338133755932,0.377380351952903,0.4632663600169257,0.7924994439643592,0.5749321468408575,0.32631316354457973,0.632037683848256,0.8490513592532196,0.7323959523094677,0.28725804511249975,0.5129655494722334,0.8797734860971307,0.7828657904369829,0.2631231785737353,0.4779958076029079,0.8558872101860078,0.7922184805832739,0.26243818562332727,0.46301205419429237,0.8378299836971632,0.7780641029223534,0.27625990210816803,0.47171719391893063,0.28610344506694313,0.5043484660158297,0.3067948691766794,0.48540868291499994,0.30778604080319216,0.4602735122665668,0.27840733395692946,0.4502433939642105,0.2512574125752842,0.44505628793378016,0.290142294614507,0.4415733116554348,0.2721982191036141,0.42587455778137734,0.2548500163030712,0.41655087422160625,0.2370394807397126,0.409724155177789,0.2682820455466058,0.4487112061168436,0.2567297750182553,0.42542989866689634,0.24693795068616448,0.41226186021709177,0.23565949125689623,0.40175468249301477,0.2504021518169423,0.46053036471190617,0.23511625605019032,0.4496111474881264,0.25589760613579027,0.46266927702448946,0.2701323824788543,0.4711609089366721,0.23562619077212443,0.47562376481779756,0.23104301907858493,0.4672084592266692,0.24796316877383495,0.47579584871389546,0.2589087752096192,0.4814618688507059,0.8528787528221917,0.7389568003582776,0.8153266570506057,0.7639943986713347,0.8113932294926635,0.7938788139124359,0.8101562876919137,0.8195978810412333,0.8050319304488748,0.8417419266671845,0.8657119102829842,0.8021458811375468,0.8657178390098241,0.8370281349627846,0.8510258713132137,0.8539090865912702,0.8372851696291512,0.8642587157468297,0.8876143335397721,0.7957189629576175,0.884986334433042,0.832023561378469,0.864036677521681,0.8479468938302808,0.8445667203719638,0.8551883154233375,0.8968122697233767,0.7893010498438984,0.8932588071392003,0.8202893529719617,0.8751672634626395,0.834713580443615,0.8581476896262681,0.843285154354382,0.8953784898798227,0.7855117715334738,0.8924782161001785,0.8103892475772115,0.8789864124518884,0.8232152384259881,0.86462615290489,0.8313647089422158
0.5654287892693663,0.30718809178619133,0.5947149788889764,0.2932978618192655,0.6105534646908385,0.2972171493495229,0.6228417690689124,0.30070961006793,0.5475131902921133,0.283035264150961,0.5311903298701187,0.28011471779422076,0.5184854332198416,0.2787349166535637,0.6416065405023396,0.3196078297059145,0.49987155706829606,0.29254157945523224,0.5884937424334711,0.3384022476280359,0.5264618228749522,0.3282471815837905,0.7236398823657801,0.4856879033784665,0.3866525450794991,0.3978641817654581,0.7179316730070645,0.6718011964476124,0.26995334941018273,0.5308329500742444,0.7036807214435612,0.8386816373361019,0.283815766961804,0.40602787521807443,0.7102674700170546,0.8970757743308003,0.2765825707668761,0.36385131904020596,0.6847856027064168,0.8956528459342776,0.2820630145033527,0.3498011544073743,0.6743734641417045,0.8753166824386773,0.2909927261091736,0.36356991661413535,0.28705679128704864,0.397759534251394,0.3132394678993927,0.3893181621202055,0.3241390882607149,0.36648574502803755,0.3013662213399929,0.3451836981062531,0.27906467628491777,0.32919154218452457,0.3160306787786759,0.3421999812638896,0.30561329186820413,0.32031049085966945,0.2932478271029713,0.3041817068753705,0.2793973554018767,0.2901423804425861,0.29314197802655384,0.33973957020086465,0.29197841549341086,0.31299866294795164,0.28926454923001266,0.29696762400232674,0.2839314872945249,0.2826785501188737,0.2719417310960356,0.3432429668613053,0.26312974518128446,0.32624212089177407,0.2766406232551003,0.3470460437726786,0.2854995274611594,0.36061977136326084,0.252263231473097,0.3510829269228921,0.251984089986651,0.340693078878586,0.2639476522631515,0.3555445563261306,0.2709682147186254,0.3650526610124395,0.7042847188507065,0.8463067703307678,0.6604806390932223,0.8536402118749138,0.6439119537457674,0.8789383659299395,0.6315793820411569,0.901452578587187,0.6185393737113145,0.9195873292685603,0.6899512343452314,0.9087259155112157,0.675788821546333,0.9404430809913349,0.6554849807212699,0.9499132782580438,0.6385857002003916,0.9539177532723222,0.712248824239677,0.912254780280302,0.6952243884345454,0.9442440572513218,0.6698859860353905,0.9507294322044026,0.6489699303167982,0.9498102420731473,0.723254754631008,0.9108106507069524,0.7078482552833032,0.9377694711436864,0.6853247644689535,0.9437283242797946,0.6660398059948114,0.9447821862610379,0.7236097359341318,0.9072963446526009,0.7107603386623678,0.929237533908958,0.6929541990880292,0.9355939112369969,0.6763087668173666,0.9372754558591121
0.538349512645069,0.30379610081466485,0.5648504754030979,0.284766315729013,0.5811974342418528,0.2857223881254251,0.594018979125673,0.2869464919572828,0.5162574936452292,0.28331686836669623,0.49955113107833615,0.2834411893563263,0.4871343983019579,0.28440163449228417,0.6158917340294935,0.3022348505866371,0.47139484316460556,0.30131929436109395,0.5668516016604513,0.3302608023312428,0.5037996552435754,0.3315206038070505,0.7266477898800674,0.4506677202148932,0.379270805017367,0.4253957131172282,0.7547444392304307,0.6349084736507589,0.28842655595606015,0.5773906527128914,0.7706652699169992,0.802160209948487,0.2795041531458396,0.45200521429531026,0.7872672165769954,0.8580803840025037,0.26493947553676733,0.4116455035895862,0.7620885327938091,0.8611819515188932,0.26766408100791017,0.3967180857473297,0.7482782016154943,0.8431898427270925,0.27889847794882683,0.4088372975060494,0.281043731404611,0.4428469832121338,0.30563048540854004,0.42969476936622536,0.3123937428215031,0.405056791967399,0.2849848335510804,0.38835002614383113,0.2593158709549443,0.3764785017987645,0.2999193655743322,0.3824451260890521,0.2855148218091149,0.363219571804103,0.2701877157842689,0.34968685926402715,0.25386895398694265,0.3383002386091208,0.2767099879470592,0.38430491588066923,0.27069196542940777,0.3582374123085106,0.2652525994014657,0.3433167250291396,0.2574586072474893,0.33033279326186693,0.25650572361784163,0.391686802660455,0.2449257936253041,0.3771022143231854,0.2623063449401108,0.39548796041255646,0.2735720541840796,0.4068495858291949,0.23830198087640525,0.40299865396058393,0.23648946184174874,0.39334217730405396,0.25104214818371334,0.40633313100832913,0.2594739905183936,0.41418742703169015,0.7729974699614819,0.8089532632897505,0.7311785084698138,0.8238822183079144,0.7190740358174417,0.8521015866256842,0.7109529041293242,0.876662250481826,0.7008470169217543,0.8966194032473863,0.770595032040055,0.8731168070909798,0.7612616683689991,0.9071121042739837,0.7425732521217865,0.9199137273782476,0.7266125922438533,0.9266126810362302,0.7927144424897379,0.8723591306125903,0.7811193041651304,0.9072740921829383,0.7568685219914193,0.9178510543115863,0.7362451792915591,0.9204471536350014,0.8028342410979239,0.8687921526596327,0.7923815445843427,0.8985447303344429,0.7709690025070473,0.9082939901046119,0.751965997663676,0.9125910666734892,0.8023653683805695,0.8651360140620203,0.7940665958107714,0.8893029637378451,0.7777408663593253,0.8988391843767098,0.7616051976298192,0.9035965635336564
0.524073661326758,0.3041129613770476,0.5488062108067304,0.2825513756459189,0.5652003960240333,0.28191518591514886,0.5781476839656473,0.281927419403536,0.5000724343199306,0.2858147885617362,0.48334649694209875,0.2875474057427443,0.4713141122349347,0.2896452739239497,0.601367750856748,0.2951684544612241,0.45733452252667933,0.30795697765551533,0.5550270874935026,0.3277095735649485,0.49222944245206507,0.3349663763497913,0.7256378974488132,0.4323480354166183,0.37741640666665566,0.44000165222251664,0.7710538697517786,0.6131172043734859,0.3012743087942288,0.5999972371871782,0.8026068389476672,0.7781754019810987,0.2805643789682849,0.476100048665377,0.8240985138228447,0.8323396968607111,0.26243912940021036,0.43722363485412447,0.7993321460723245,0.8377886273857468,0.2636188982476621,0.42212259057965634,0.7840207060775399,0.8211713347276972,0.2759100616792168,0.43317002405281324,0.28134372636553456,0.4664106828648961,0.30522896583557535,0.450979718701244,0.3092487957982431,0.4257999649388808,0.2801065051839629,0.41167890738424084,0.25345205309537544,0.40255166553557137,0.2947893363002734,0.40506177605824656,0.27916950836481486,0.38663078378066795,0.2631911080294207,0.374665928295536,0.24621160322489355,0.3650000907100487,0.27207586342495416,0.40915246084221135,0.26349659591860497,0.3835356804862258,0.25590626069024786,0.36916790305601105,0.24605086519440167,0.3570268209931382,0.25266605062733555,0.4183239849982308,0.23987425416156571,0.40467635826485704,0.25901959549257464,0.42074650046500706,0.27122490170649577,0.43088517776416624,0.23549489606397783,0.43118258311724356,0.233431891411226,0.4213288231490907,0.24920868778795235,0.432696351911363,0.2582547862406557,0.439957915730436,0.8063279908516583,0.7847846718682396,0.7659840388890116,0.8030495230831128,0.7561212169511599,0.8322422359469028,0.7505427273602181,0.8578791673477488,0.7425678222842078,0.8788466178155994,0.8094755359791947,0.8482411384573916,0.803644133239782,0.8834491739242243,0.7859266806253432,0.8979697573792582,0.7702500745736891,0.905739841823848,0.8313752297478878,0.8457829333150038,0.82320213551866,0.8821625217630091,0.7998234293873906,0.8948368688127077,0.7791766057158102,0.8991409727656288,0.8409174176712773,0.8416391857819029,0.8333036176128414,0.8727522421772427,0.8127563873377992,0.8845355414260806,0.794113391914679,0.8904775237764706,0.8399951738808342,0.8382309831308896,0.8338458842943002,0.8636813610758027,0.8182446289568099,0.8750110009190161,0.8024461998837308,0.8813106737833638
0.5288493715870943,0.30408904595639996,0.5543794528475686,0.2832691675862573,0.5708100677675303,0.283145630510092,0.5838045129040407,0.28359319932469507,0.5054139822213223,0.28500471366691604,0.4885607877231508,0.28620869146833233,0.47661911215147074,0.2878912948873498,0.6065724517431466,0.2976608619751345,0.4621134008484032,0.30571888132920394,0.559057812772108,0.32864963121115653,0.49591820535990583,0.33384329221367237,0.7262675158398523,0.4388140824352719,0.3779053473946168,0.43486111254062026,0.7656446451449325,0.6210173906659523,0.29646517832174435,0.5922026264216633,0.7915814397550737,0.7870025618564471,0.27991851016603747,0.4676482784389962,0.8109934473003031,0.8419571284129249,0.2631101750160642,0.4281403669299133,0.7861111516860707,0.8465769940910911,0.2648138195687734,0.4130880141671199,0.771445346359644,0.8294330959001674,0.27678180395422125,0.42458389924376116,0.28078169218887833,0.4585383481640609,0.30495260515637806,0.4439667968980571,0.3099383724454316,0.4190198361316658,0.2818273848996662,0.4040195790556797,0.25571647564374195,0.39428984649540805,0.29686032061728596,0.397936852515029,0.2812870367031919,0.3788338761770218,0.2650575183910459,0.36614059682765204,0.24790909912331566,0.3556085437570722,0.2742138159847416,0.40133154078614475,0.26699418240385464,0.3751915392794463,0.2598705295935001,0.36042815553939433,0.2507145076881221,0.34782152796919624,0.2544572847375005,0.4098765133756344,0.24213386175866292,0.39609206241143036,0.26010175613675607,0.41275261594179186,0.2719257751017372,0.4232300324438314,0.23677511326731732,0.4221484279041913,0.23475523508646134,0.41234304923173026,0.2500250445207012,0.4245421762734449,0.25901314592653657,0.4323447553580494,0.7949288442719213,0.7935873644365943,0.7538156608835002,0.8108476954944877,0.7430407947627162,0.8399537649399916,0.7364643798364499,0.8653508429984067,0.7278707027116249,0.8859664850658535,0.7964541757905175,0.8575183409288122,0.7892731990986501,0.8926579176092361,0.7709687566599973,0.906642166238613,0.7548715200618304,0.9138303309767463,0.8184560795740641,0.8555187154562021,0.8088628728626099,0.8917244624947178,0.7850038004117463,0.9035436716429379,0.7641740865555721,0.9070962915674865,0.8281699875557182,0.8514319698205002,0.819040659684483,0.8822408970800031,0.7982654237730733,0.8933412179992555,0.7794304635001008,0.8986507961656722,0.8272885374053819,0.8478394729914409,0.8197162920605676,0.8726896716667125,0.8035725905912562,0.8833750378413074,0.7875109643012321,0.8890803170226776
0.5195163886110457,0.30471751469237957,0.5438267738867363,0.28229756346046797,0.5602317759839895,0.2811317109407492,0.5733250732755072,0.2807728447301111,0.4949053435063263,0.2871247207755848,0.47810664179969914,0.2893892641658936,0.466437188384339,0.2917851056744766,0.5969191418105654,0.2934503122783825,0.45315368821568225,0.31045013301856317,0.5512276277418753,0.327339201535759,0.48838958111307457,0.33645794478816143,0.7250765899379187,0.42691588045767737,0.37711404704189067,0.4443882623471521,0.7756052829481939,0.6063396851852879,0.3054950344872168,0.6063427542073501,0.8116387134567151,0.770393971805897,0.2813757220142209,0.483173793526289,0.8341709446592149,0.8241193097983077,0.2621817685135542,0.44472449740670117,0.8097595504403814,0.8302669019190235,0.26299793005713634,0.42948669664731887,0.7941259444435326,0.8140240721468576,0.27571172432523666,0.4402380396134349,0.2813854452132406,0.47392434405257833,0.30449426296968185,0.4579455487222291,0.3085865448304163,0.43280412608896757,0.27934356915738157,0.41965553528237715,0.25248991446179636,0.4119506096600068,0.29442013310357323,0.4128867956037978,0.2771904579444667,0.39478089536785455,0.25979150878806084,0.383157354470893,0.24174399516456085,0.3735679667924062,0.2718313681804312,0.41760986377724574,0.26268323938880667,0.3917589153357103,0.25516443849647014,0.37724545355607697,0.2458653929875384,0.36488212800945896,0.25259213038152833,0.42723959131917894,0.23970680940211458,0.4140688564683855,0.2585356489912208,0.42970639155084256,0.270808944035342,0.4394629966060297,0.23556107339584542,0.44042693807943334,0.23332670189926535,0.43091154441238017,0.24899346631826114,0.44203634747435505,0.2580338131824763,0.4490902791275231,0.8162406547984717,0.776669990850685,0.776404117441669,0.7961694901575174,0.7670888866379103,0.8260186141400194,0.7622235132924345,0.8518052002292309,0.7550410966266146,0.873073243833387,0.8214970851006785,0.8406251262702247,0.81594700904899,0.8761075248696641,0.7986332730165742,0.8910813065192991,0.7832266204258929,0.8991711299686607,0.8429881521091253,0.8376637536400893,0.835256267357114,0.8742116007218733,0.8122011328740844,0.8878357293352193,0.7913900978185201,0.8927739449303231,0.8520978215716588,0.833378920778773,0.8449528534016495,0.8647947290434352,0.8243862395135897,0.8771591520631172,0.8056007587333878,0.883624791219134,0.8509465975266823,0.8301894437601627,0.8452229984373756,0.8559789432508063,0.829919433513405,0.8678097988335307,0.8142010715557066,0.8746715303574066
0.5013900939064181,0.30750285169121655,0.5229219636891249,0.2822219873946781,0.5390740062233622,0.2790402111781785,0.5521270759265536,0.27707264171540813,0.47481437797462517,0.29303155788229585,0.4583804134721773,0.297339129039655,0.44721659524537277,0.3010961301289165,0.5770950763023863,0.28680235896786366,0.4363641296253484,0.3212186314616935,0.5356472590372023,0.326077150435553,0.4742345290354167,0.34285214568371486,0.7205436370535698,0.40363571182877245,0.37726435466973507,0.4633148295744682,0.7925407116482972,0.5755278731447588,0.3258986350844657,0.6327754661097373,0.8482336303765005,0.7340095654572467,0.28705329403257207,0.5134906653028979,0.8770374202739142,0.784654935210841,0.26335842210085797,0.47757844543508465,0.8536487675224719,0.7937159897934118,0.2623026112812762,0.46228419639963825,0.8361590066586596,0.7794695305798152,0.2763033793568998,0.4714583041740891,0.28562410102854663,0.504041596927115,0.30655520523938296,0.4858008443094798,0.3079239505017645,0.4602170227035569,0.277311119235776,0.45056641742329145,0.24953787260056431,0.44568862842033,0.29094311560275943,0.4415755981990164,0.2712785319302185,0.42555548789610664,0.25278644763889735,0.4159570340793685,0.23383287834912875,0.40850771192646623,0.2690162270589201,0.4492220523188409,0.25655062838072185,0.424569321714594,0.2480383627295083,0.4110599485833157,0.2378948403934612,0.3998514741813338,0.25120607473273293,0.4612459989203597,0.23691524434927608,0.44960415874343573,0.25778391896508523,0.4631218755252376,0.2711551304083114,0.47132673044998397,0.23586589728141316,0.4765743989905272,0.23283603507499495,0.4674873369170877,0.25011362890450617,0.47698966430053064,0.2601185721297729,0.4828491477743147,0.8533178315311309,0.7396654124492641,0.816125968576163,0.7646247411562308,0.8108395835419933,0.7953244295195234,0.809392880503389,0.8210639764023311,0.8050441755174621,0.8429391499280241,0.8674177162620187,0.802753351961432,0.8657595872087076,0.8387297580003616,0.8498506132531098,0.8557227869091244,0.8353539004710353,0.8656842985472857,0.8881983104644577,0.7968470695425357,0.8846207864831427,0.8342892193774488,0.8628629502360914,0.8504280468932177,0.842747141364498,0.8576599566859445,0.896471534445642,0.7912333601080238,0.8929796908282754,0.8234410657890886,0.8738014994261712,0.8382135845398324,0.8556487415005528,0.8469247663775463,0.8944658491949149,0.7881303798500878,0.8921758552879369,0.8141978214619349,0.8783193536865783,0.8277494605817528,0.863305202077068,0.8364602120054405
0.5100556387384495,0.3059982490530727,0.5331453243090117,0.2820345580379697,0.5494987186989199,0.2798213264505607,0.562766931621013,0.27863652640603687,0.48432602594447366,0.28992857639147307,0.4676622635400403,0.29323664293770374,0.4564161812428674,0.29628556441544046,0.5871123912108979,0.28987770747815317,0.4444404390378616,0.3157121889619807,0.5432211054330591,0.3265993717794335,0.4808023798167075,0.33969190282081296,0.7231685967079328,0.41522907183747054,0.37702437207815365,0.45405823468352363,0.7845469404732887,0.5911932140163363,0.3152836609484691,0.6200144199748446,0.8304509652018409,0.7529425113970789,0.28384185340071055,0.49848337432453954,0.8561134126913239,0.8053574119593847,0.2625383429601343,0.46103008161729697,0.832183591983114,0.8128989711365266,0.26250914260307756,0.4457409445264429,0.8156056977475115,0.7976961819137929,0.2760145766678588,0.45583664591586104,0.28339812388364616,0.4886391529151233,0.30523650846405226,0.47165707239313953,0.3078935822370301,0.44611236062722254,0.2780989759974205,0.4344309446669518,0.25045994310438763,0.4279403458795546,0.292026499952291,0.42621230253108316,0.2734675562123925,0.40908076133899335,0.25566959282207713,0.398277682159575,0.23744173431032745,0.3896683038912008,0.2698906853875484,0.4324501428451473,0.25898429920092203,0.4073350243205057,0.2513210865159573,0.3932819490537568,0.2419265918093435,0.38158795182545246,0.2515531092242592,0.44338415752641774,0.23806259889738324,0.4311472358791997,0.25784190906205606,0.4455602795420302,0.27048122993860846,0.454469894985705,0.2355413808616627,0.4577776008044421,0.2328736898729079,0.44834369172260213,0.24928348166039926,0.45863357577700575,0.25870254023534517,0.46508707855214265,0.8350796677886243,0.7582904138344322,0.7961491656981914,0.7810929225626105,0.7897279281417441,0.811614937897023,0.7867962007369298,0.8374581763000091,0.7802332250610259,0.858913052661168,0.8461242462570326,0.8220250785528318,0.841449863422091,0.8579977431098276,0.8247900982854588,0.8740965109376957,0.8099483139817198,0.8834109934815186,0.867265773930638,0.8172134548739195,0.8608819412699031,0.8543951644929683,0.838514180174129,0.8697200692918879,0.8181432141723085,0.8765684424587172,0.8758099830460813,0.8120328679106141,0.8694540299897149,0.8441118393617428,0.8498513995615788,0.8583367189641788,0.8314259309585268,0.8667104536195704,0.8738357523167322,0.8087811386603385,0.868897356645651,0.8349936615100837,0.8544057736641166,0.8481172437558636,0.8390082680059384,0.8563939066634128
0.5581493368007684,0.30663705235639255,0.5876690712889662,0.2912861139660063,0.6039011046843971,0.29441589117641764,0.616849692743614,0.2975389100907686,0.5388451691842363,0.28316180947814246,0.521977241958522,0.28097183423613786,0.5103507261584395,0.28027560554932085,0.6363266537564951,0.31598763536540786,0.4927662210623962,0.2948541206622355,0.5830090156697401,0.33675305477317197,0.5196700372159954,0.329231420989512,0.7252108406738906,0.47842119295900104,0.3846366264253227,0.4047145229540515,0.7269861365613015,0.6646484871859034,0.27281207679328434,0.5425545973762333,0.7187736660717079,0.8325545997398462,0.28215160927912364,0.41674234726841086,0.7262841586675098,0.8904452965439416,0.27402772955309607,0.3744782528186436,0.7012003836231393,0.8899246447051545,0.278949259934113,0.3599761138805182,0.6903535639573016,0.8702134523401488,0.28845160617073984,0.3738774658582692,0.28515547322763524,0.4071593166375695,0.31135326196154306,0.39759947527915196,0.321951359213992,0.37471279073619185,0.2981714475641357,0.3539241931543684,0.275100383558796,0.3380402713168647,0.3135824348229357,0.3509547676312835,0.30185618810011,0.328829224254615,0.28826837326785915,0.31257013013551926,0.273686785941073,0.2984232197276943,0.29062918944605504,0.34942290138466386,0.2888977425248489,0.3220902635860199,0.28592943684600836,0.3061446774924826,0.28080014164721045,0.29252922382660695,0.269543324900472,0.35370546464597524,0.25975862246245807,0.33734624522906376,0.27379376803190103,0.35755181575616385,0.2834925983449958,0.37075209011209165,0.24995072145580038,0.36230979236615457,0.24899170456048297,0.35188899817648994,0.261561316112318,0.36687191701404254,0.26931795826721133,0.37655148163869767,0.7206782237036258,0.839945450397833,0.676877171405502,0.8491460884002346,0.6614497783384237,0.8753968678598303,0.6506933597183955,0.8987785028634698,0.6375497701645987,0.9170407835037234,0.7101648656563659,0.9032004997068018,0.6960183655956822,0.9356724297653157,0.6753055120629347,0.945407448350335,0.6584281519918365,0.9494637671397961,0.7322546317388787,0.9055240826625306,0.715152264250678,0.9386877702801342,0.6890854425593109,0.9453985959212512,0.6682245219413594,0.9447539315567821,0.742353257579436,0.9031807429200236,0.7267347913109501,0.9308575253384553,0.7036945301154013,0.9371954877955779,0.6840828387796505,0.9384067542416332,0.7418987389639814,0.8994564120109847,0.7294023530998237,0.9214237451514491,0.7117642521830024,0.9279702693877003,0.6952014628190641,0.9298524281167113
0.5214670280740838,0.3047360110732182,0.546268747454278,0.28257117528095477,0.5627984764235043,0.28159759209262913,0.5761093621656039,0.28143424769197656,0.4969218659608141,0.2867363057660095,0.48000719178913204,0.2887708655869659,0.46856903579563636,0.2909617903359527,0.5995221393657357,0.2945218973716254,0.4550974208661427,0.3094115270073945,0.5529689634805769,0.3277894525867894,0.48977414195970403,0.3361144311264819,0.7256981977079543,0.4301664077761762,0.37738728685361145,0.44260465917382597,0.7732544924802982,0.6101098069831614,0.3027406756168143,0.6040601912284254,0.8066416085121262,0.7748512904979474,0.28103365595953983,0.4798395513407061,0.8281770466682514,0.8291613482602722,0.2627496729617721,0.4405619793558235,0.8037277774261677,0.8348032527695373,0.263959581234557,0.42530787568181455,0.7883582958609395,0.8183621445033762,0.2765740470564927,0.4363947518163241,0.28124191226045586,0.46888547635085004,0.30441992786454153,0.4532007374957611,0.30925135959461947,0.4281206757141902,0.28013101238044685,0.41386361556041945,0.2541689068533848,0.40418016344421415,0.2950982004268739,0.40704211801923795,0.27800240164613954,0.3884154884172965,0.2604964348267256,0.3760469223886853,0.24255700292890076,0.36610087028923255,0.2723282318608424,0.41143443727469653,0.26456321953956163,0.3853350298606297,0.2584532845937769,0.3708147746696496,0.25057785734575194,0.3589470823059149,0.2530733629717692,0.42087517472089875,0.2395821314274863,0.4071345234967005,0.2580084420575775,0.42364945343694327,0.27057280741148254,0.43416242116058007,0.2362646423718172,0.4341062056134723,0.23231819676345872,0.42408857819734036,0.24803158758013993,0.4357454674073507,0.25782270518820977,0.44320484444970726,0.8105867215640439,0.7819597487435794,0.7706872032022181,0.801668091869998,0.7617876073884156,0.8306389036847163,0.7569280806015047,0.8558427648548939,0.7491481179001225,0.8770179559690159,0.8155042408983403,0.8455494365847611,0.8098770092199761,0.88045786028529,0.7923517442773289,0.8951340904868603,0.7770292180024574,0.9033362903710185,0.8372881307772854,0.8423195545436206,0.8293380385803995,0.8784147029142615,0.8060093236679862,0.8916255677332512,0.7855462979553667,0.8962771579682377,0.8465310151471177,0.8373981794242868,0.8387222478961209,0.8678462837118273,0.8183842553181093,0.8798675766331643,0.7997553029286667,0.8861514968810376,0.845366709149078,0.8337409581731277,0.8388766532530013,0.8578819060230432,0.8235172921862672,0.8686986299304046,0.8078538832098342,0.8748057470396591
0.5010734447435362,0.3076616804510641,0.522527136293905,0.2822394896104958,0.5388046258650545,0.2789595965841799,0.551937910186413,0.2769481685648945,0.47417301543076223,0.29325729297013514,0.4576817180664953,0.29763318563640573,0.44666374398345476,0.30139733396014745,0.5769990701382094,0.2866434496345782,0.435871397173104,0.3215361555703455,0.535484918005581,0.32609147644468245,0.4740711088169325,0.34314833714549653,0.7207254300354864,0.4035071506901564,0.3775320143376807,0.4642830280856714,0.7928470716680633,0.5750019608312572,0.3261348378711203,0.6348102947014646,0.8488535075074916,0.7334694484738715,0.2872662975197132,0.5145907867725729,0.8777337285389568,0.7843061063282357,0.26367270403111465,0.4783240219117526,0.8543038136431285,0.7932812214951109,0.26274805435538157,0.46300031847348083,0.8367928859819751,0.7791285472781335,0.2767699520273719,0.4721947967859832,0.28515543900470564,0.5032107883584985,0.30620306182867574,0.48433854566963425,0.30723570885514934,0.4588823526108982,0.2759925120113001,0.4487024887057407,0.2487236372407443,0.4426007014818784,0.2912980281727287,0.43990487696826047,0.27166977178191803,0.4238734730162165,0.2525895961161017,0.4137945802036132,0.2335353405317293,0.40610393165530684,0.2690148458302651,0.4474408303892998,0.25752693955365985,0.42260873670822285,0.24940855462887718,0.40906892639265385,0.240110853152312,0.3985245467262766,0.2510294117600582,0.4594155137626792,0.23593866932462298,0.44805598485270537,0.2564663863332251,0.46178199126031083,0.27055980955285114,0.47039181772880123,0.23600356060183153,0.4747610248681913,0.2308966155026863,0.46552499140306564,0.24822313971220988,0.4751022277782069,0.2592124884525041,0.48128610741217337,0.8539527781376258,0.7403821018765234,0.817212200961811,0.7653195670869107,0.8124122611229344,0.7952234222014698,0.8107080051811242,0.8208959773278492,0.8058070882456265,0.8430460489898337,0.867950441644618,0.8024625015763943,0.8662245229401282,0.8385625937759005,0.8509120794728725,0.8556553010052983,0.8369655276423728,0.8658817503925023,0.888956453830341,0.7960932219519448,0.8854853686195479,0.8332802249187891,0.8642366164808191,0.8492940645741502,0.8447022656572546,0.8563233646677071,0.8973133996852267,0.7898778947091136,0.8934027937977151,0.8213178833299939,0.8753429963684214,0.8359451036107107,0.8581478512471911,0.8446497386058026,0.8955017522111395,0.7864439129372114,0.8924874220541852,0.8112834454025073,0.8790890957331721,0.824106184258651,0.8647096127923386,0.8323292901012285
0.5133353495618195,0.3055341134178936,0.536828209784665,0.2819716814063115,0.5533346774236624,0.2800542258448878,0.5665909486306009,0.27914206692118604,0.48768571062673755,0.28891859160935485,0.47087603093638264,0.2919022687231221,0.45958786410103214,0.2947300116892837,0.5907798934274957,0.2908608557428981,0.4471369489216275,0.31386774620226676,0.5461085072797313,0.3267307543344306,0.48348479147351564,0.3386338538623243,0.7245165420814272,0.41958227061052356,0.37727319892702493,0.45131788327127814,0.7817399221452148,0.5963965156233355,0.31172593977284285,0.6171267181465003,0.824299243431572,0.7589393051673223,0.28284206702637493,0.49399177823141444,0.8488465213799755,0.8121496431446336,0.26222315794509793,0.4559193529263213,0.8247489013379561,0.8191336124355344,0.2627096450141516,0.440462207225398,0.8084820300334117,0.8035671065355681,0.27584523650432746,0.4507300155109745,0.28135584898170757,0.4823727463268754,0.3039577271763508,0.4653907009258995,0.3075828222496785,0.43959368587828945,0.27675014946516124,0.42701009923348127,0.2493806697681375,0.41919313748444825,0.2940563710680061,0.41974487422388107,0.276284010198143,0.40134094265670894,0.25887995996061286,0.3894091332130906,0.24100367827934177,0.3798426585127209,0.27115947103029997,0.4255707788624519,0.26193618167816013,0.3995798769650648,0.2540104741573516,0.38560859686986626,0.2437028279697075,0.3741945870965605,0.2520957125371552,0.43603879257985817,0.23756707004832583,0.4232520968749872,0.2572736156778261,0.43865048585836963,0.26995376812167904,0.4482966925696094,0.23532524736941185,0.4499999461445177,0.23133765046011956,0.43992462108443975,0.247938659643143,0.45080986023255926,0.2576948100227872,0.4578190552478806,0.8295320952714194,0.7659494459845761,0.7900944785318649,0.7876596524252386,0.7828644005204102,0.8174627063345968,0.7794086073281429,0.842970845767876,0.7734236430132724,0.8646529234230045,0.8371628171236352,0.830180295637328,0.8329557260541394,0.8655894814865162,0.8160563035872914,0.8809695306419689,0.8010851381873016,0.8893934303445369,0.8587246320569495,0.8253809522645649,0.8522982936131605,0.8618798119578726,0.8295630693537446,0.8758262137322108,0.8093099409364577,0.8808730306845358,0.8677924642296113,0.8196253244311329,0.8613492026698111,0.8505115178817384,0.8417401358271343,0.8631683636238239,0.8234942296307578,0.8698864358715256,0.8662674498389731,0.8158413687164952,0.8612618931563549,0.8401865816964316,0.8464730221743317,0.8516775154021841,0.8310799855446429,0.8585272129386683
0.5025292197605117,0.3073392206096683,0.5242295285835186,0.28209373064782595,0.5405821649633736,0.2789519441616369,0.5537396126888657,0.2770602645056193,0.4756948563744522,0.2926656714961152,0.45914704936485107,0.2968828789260922,0.4481038288800359,0.30053297633281684,0.5787588249608955,0.2869479935814446,0.4370936409056537,0.32051855681415986,0.536794996223824,0.3260463899152308,0.47521175612084077,0.3425549982901831,0.7219224653278822,0.40566066250730826,0.3777811296571,0.4628890601174566,0.7917394927998722,0.5776495217938012,0.3245863086760058,0.6332629611266103,0.8461412163793869,0.7365695705778479,0.2865273357098005,0.5121965594218764,0.8745777248534239,0.7879324863658488,0.2630833550365029,0.4757692902344296,0.8510522422420486,0.7966249170723074,0.2624641414707091,0.4601901448518729,0.8336832117800429,0.7823192215576116,0.2762674541518708,0.4693811232973294,0.283729243849672,0.5003471966373362,0.3052382518527284,0.481848260717484,0.30736148569145877,0.4560012701227914,0.27586818797640406,0.44580932911840554,0.24736941293099707,0.4405387480509579,0.2919289255396079,0.43711886371800496,0.2724243594759075,0.42043236259462624,0.2535378642080543,0.4100603620627766,0.2342943748184928,0.4020612797661503,0.2695945930334735,0.4444476866046127,0.25854310628122673,0.4191644090796119,0.25051525426573823,0.40557409471772043,0.24031921956010627,0.3947916642323613,0.25143217564200815,0.45621175533595504,0.23544409005261951,0.4448999634631545,0.2563531967778499,0.45866878987657594,0.27014359449392356,0.46726022458803257,0.235747377185887,0.4713660602462824,0.2306761356634433,0.46217968009117744,0.24807746442696954,0.47173124721889204,0.258731517773411,0.47784360075860893,0.8512181586377796,0.7427035488408615,0.8140648304772268,0.7675088125567882,0.8088561840213015,0.7978491299961454,0.8069716595218351,0.8235661955449318,0.8025504769277823,0.8455486219296832,0.8645118625417525,0.8059681163001058,0.8626843836660052,0.8416224080388495,0.8469355646912056,0.8583808452476229,0.8324666709664843,0.8683521151749298,0.8857423035778536,0.7997976725220517,0.8820552582287983,0.836880547452123,0.8604991743337289,0.8528199718778335,0.8405200890794575,0.8598909077098211,0.8942868528817034,0.7935838918308855,0.8900156319441155,0.8250395173230426,0.8712672546407809,0.8396271540266069,0.853514029204949,0.8481402857059295,0.8925624740876699,0.7898526862383137,0.88882642050343,0.8146107119683395,0.8746230209624366,0.8274291946507759,0.8596254038926167,0.8354912757456421
0.5355967674494133,0.30437507614069714,0.5623821247383364,0.2845876893517558,0.5790396311863808,0.285161173238908,0.5923145918147229,0.28624506674298167,0.5126755461543316,0.28409616113744074,0.49560843232685453,0.2845248538374079,0.4840567923892153,0.28562059689469776,0.6145223503439508,0.30145380910237846,0.4688716861654217,0.30264001505742516,0.5648532158332777,0.3302331292465646,0.5011404620786055,0.3326262581417316,0.7278355633114544,0.44916157302661636,0.37937908684644817,0.42850019854136134,0.7575031189702103,0.6322783321869767,0.28930195841103856,0.5828702330783253,0.7750909193251079,0.7992935790026598,0.27944092611798366,0.45598477018371114,0.7913818917056299,0.8557502632339509,0.2646804097123002,0.41512089268957675,0.7665492843995287,0.8589929859856077,0.2675541108604131,0.399807297757047,0.752800456833104,0.84115774351365,0.278966797246165,0.41176974457935045,0.27947786392798984,0.4443666755801855,0.30437061964011836,0.4312067151720298,0.3115369567691849,0.40618181214080185,0.28279735712901344,0.3891907150282219,0.25622649016418747,0.37750534106214706,0.3012290808273951,0.38440424799991463,0.2862343024903464,0.3633100936119749,0.27011521469521604,0.3485797762736904,0.25314861502804964,0.3362442764986742,0.2778641986250562,0.386692408298222,0.2731230917364059,0.35935426785107033,0.26813173668784973,0.3441477900552239,0.2603019934025627,0.33129277178131145,0.2573454670698668,0.39417260058963277,0.24506353765024014,0.3796926510099403,0.26224454865502694,0.3974537905801616,0.27334698527747486,0.40866882787343545,0.23856323959289316,0.40536905899576814,0.2369085061376801,0.3951048469892551,0.25154114648393144,0.40810279472457606,0.2598922065866387,0.41627739421391985,0.7787493287175459,0.8064026788727755,0.7367127518321763,0.8221199421669806,0.7251007290951743,0.850628958813711,0.7176883822891491,0.8754972370314166,0.7083389821276482,0.8960103949118852,0.7780030463976626,0.8708831284121532,0.768356839078711,0.9054985296668279,0.7492531475545456,0.9183100630605774,0.7330011692989024,0.9246499730581671,0.800199081857236,0.8695687183537858,0.7879088146552385,0.9050293359045742,0.7631245294490977,0.9154868763291231,0.7421760724956366,0.9176327429970987,0.8099158037087796,0.8654038305594247,0.7982892240166114,0.8954512029956692,0.7767580867143884,0.9051639672506209,0.7577074640213954,0.9092813981348365,0.8089136485434554,0.8613624578623401,0.7995556465718648,0.8852354792446042,0.7828432517277861,0.8945983000482276,0.7664853843907823,0.8990891913152337
0.5164478803605179,0.30518267085552286,0.5404920314608525,0.2821074938238574,0.5570919827595342,0.2805316250962785,0.5704166110248393,0.27989893283109574,0.4910959225765168,0.28800953742120405,0.4742332811236216,0.29062032440587493,0.46294222196965945,0.29317458438635957,0.5944248733148038,0.29212550891694894,0.4500729311802068,0.31199633495987017,0.548791951078311,0.3270581120254443,0.4859140621546791,0.3376165028341028,0.7258890048172272,0.4241105036829777,0.37743868160106986,0.44857644979569444,0.7787486532177706,0.6018205788074693,0.3077264395852479,0.6133551545953628,0.8176818755783146,0.7651593507484198,0.2819710205187035,0.4886994009377716,0.8410841836116056,0.8191093238907915,0.26207404026820186,0.44989106397259265,0.8169537358668498,0.8255310334944662,0.26297065768757527,0.43432155282064216,0.801059456066187,0.8095754688062371,0.2758090661997686,0.4447103322644587,0.278757760660048,0.4779901864060873,0.3021071804149884,0.46159922723645413,0.3052844695239767,0.43654229232114394,0.27587076535801447,0.42258114203265384,0.24916600709657288,0.41391989606850893,0.2937595610280963,0.4162969140848706,0.2748693264702743,0.39661600138721287,0.2559101552242573,0.3836524743048117,0.23692603227921216,0.3731380707797913,0.2708218935541997,0.42126393604479934,0.26333959758795655,0.3940932923686329,0.25691224984375804,0.379091276070795,0.24871785181155248,0.36717822991222615,0.2514488278476889,0.43104674015825084,0.236613259989772,0.418408649890553,0.25517984940804683,0.4336474661368631,0.26858106958428063,0.4438638648700339,0.23453871317724578,0.4444181002925399,0.229909927202398,0.4347365175790589,0.24577174298606547,0.44581551420120774,0.2564900839225986,0.45342537104541114,0.8225318375608905,0.7716433428626681,0.782617364556099,0.7926415441676893,0.774819888459497,0.8224038748587312,0.7705845922274205,0.8481189810563117,0.7641804078580465,0.8696239809854185,0.8291338756117015,0.8354661105209404,0.8243051201273973,0.8707785105255952,0.807204281547072,0.886199597941466,0.792070976857929,0.8948922362543292,0.8513421022575245,0.8313883195307759,0.8441030849222348,0.868082814648686,0.8210378266829754,0.8817367641839495,0.8009586717415892,0.8867043685140314,0.8606725009587601,0.8260786951747753,0.8534759442700834,0.8572640783877692,0.8333956437681154,0.8694459446542067,0.8153112306578032,0.8758135501381492,0.8592658974745069,0.8222854280301273,0.8534346227826457,0.8472075648560964,0.8380972527130665,0.8584517593015024,0.8225752663367472,0.864832049061989
0.5597416722224742,0.306943325576553,0.589471937778005,0.2918102175010163,0.6058291213472651,0.29510449220985824,0.6187865680380711,0.29835881088479116,0.5404322883622623,0.28313456792748726,0.5235556614697733,0.28074284740087513,0.5120417926728265,0.27989650251968334,0.6382456716635692,0.3170076170025558,0.494291163770599,0.29415230188020336,0.5843606537914134,0.33723193028379783,0.5211208412225788,0.32912584092696673,0.7260948487014995,0.48142564594261594,0.3847830680300801,0.40389542359841596,0.7251687391433137,0.6667569841827394,0.26950055366586856,0.5397749079165978,0.7150722479512812,0.8344963701963906,0.2816345291788182,0.41470539350957114,0.7215455160327755,0.8930417470436994,0.2740298369268477,0.3716807036410275,0.6968625823431625,0.8923255512415826,0.2797740794453608,0.3572583713671868,0.686287755721676,0.8725410260324017,0.2890676341294107,0.37073706239592885,0.28069138200561894,0.4058685461152269,0.30761205805593983,0.39651411671884285,0.31814826067418056,0.3734010469086381,0.2942091811322714,0.35171234430460946,0.27090004492677244,0.33554859628364664,0.3117174818012058,0.35036456621722883,0.2994192626524228,0.3251027248913366,0.28564747216045283,0.30700585896450727,0.2712261066585291,0.2910197229250914,0.288587591300166,0.34823304577163566,0.29026117379071614,0.32004562622693644,0.29035460574854743,0.3035644140054238,0.2878146140312186,0.28893491261903054,0.26722252548046405,0.35210021622006415,0.2572874262286317,0.33500118310405397,0.2697794609461424,0.3554656849228201,0.27883866951478187,0.36919759020348997,0.2470961684651179,0.3602671294916459,0.24540717830990733,0.3497442311248463,0.25688416190918567,0.36479324080497344,0.26444188981742056,0.3747375209844104,0.7181296712014429,0.8420715454927916,0.6740380336798205,0.8505798656083602,0.6578438291079209,0.8767925583021354,0.6463367126889644,0.9001599917319572,0.6337314844873404,0.9190636725246677,0.7057916085471724,0.9055301309793631,0.6915329682706249,0.9378547268907937,0.6705741662360822,0.9476703792373004,0.653371059510877,0.9516833321748792,0.7278468512719618,0.9078843257228519,0.7106085996268179,0.9405931484674106,0.6844284730637266,0.9472054263974743,0.663267138703696,0.946340476316891,0.7382015321395938,0.905555979496561,0.7225928822749776,0.9331989672739187,0.6997221666867885,0.9395211756108293,0.6801048182235887,0.9408333903142474,0.7378031039854542,0.9015609828472599,0.7252485137351694,0.9240557489194787,0.7072421519045348,0.9309141083227445,0.6903741947866381,0.9329910592601327
0.5399779134982504,0.3045525131618062,0.567456563183282,0.2855812867783457,0.5841312027458696,0.28666034625720443,0.59742873532807,0.2881585908452877,0.5176576266539917,0.2834947167412083,0.5006227007295794,0.28334698956731275,0.48911916200382316,0.284000495248651,0.6191988900059937,0.30405013358365285,0.47346477407407794,0.30038253201416615,0.568395323661919,0.33127761257406474,0.5046407710279234,0.3316775840879912,0.7286512225708153,0.4552993261166093,0.3794987967509922,0.424034025598117,0.7521111295635539,0.6390182927627391,0.28358095264921557,0.5733591468836483,0.7644910423972584,0.806653314581325,0.27849381091770575,0.45093845318405085,0.7787516002534896,0.8639049324404551,0.2654299726849485,0.40810921534476174,0.7541788340166847,0.8665073532750358,0.2689419579982193,0.39339908365526016,0.7410491622496699,0.8483512949406905,0.2799188466747579,0.4051942548129536,0.27509699914292174,0.4439955502606115,0.3009958808051125,0.4306121644946742,0.3070996819935422,0.4065609451165959,0.28173596405514456,0.38833137269870915,0.25629999279288584,0.37544661410460317,0.29858933732876747,0.3843625986710842,0.28394255456282697,0.36010713100335545,0.26803902830947335,0.3440499049129846,0.25087438936488804,0.3299781147407139,0.27532310377158237,0.38503451975535524,0.27516843999807805,0.3562973060355803,0.27221250162356797,0.3390874584890091,0.26653156621392127,0.32413228386174653,0.2546360890013867,0.3917929022803798,0.24146512855720864,0.37533041205632084,0.2554695148894224,0.3938211305713624,0.2662533900734826,0.40641213929689407,0.2360125634083307,0.4029675811369065,0.2314843677681968,0.3928675331443783,0.24409569925173552,0.40587589845103034,0.2534332029115603,0.4146722528389156,0.768395116081686,0.8136338977560509,0.7256726817492455,0.8279903571539649,0.7133193237031041,0.8561855887354222,0.7050858290306082,0.880997016878246,0.6948009068512431,0.9011959700502623,0.7647914807294398,0.8782694133394464,0.7552100637863901,0.9122430792092773,0.7358330183320729,0.9247078542243938,0.7193562972057199,0.9311357498930459,0.7872570703906809,0.8776176311953554,0.7749858693498392,0.9121697015984096,0.7503591651181674,0.9225977832075528,0.7290926675889261,0.9249017809539564,0.7974245265806217,0.8738881670452838,0.7855186923754378,0.9030524841464124,0.7639562942059024,0.9128292876908766,0.7446170140043052,0.9171408828958767,0.7966451055507346,0.869874024534212,0.7867033885251613,0.8935853333556019,0.7700797522482495,0.9030386205308912,0.7537479379232018,0.9076717573817366
0.5459688463755022,0.30499453837603613,0.5742641458017667,0.28714105951659363,0.5909874606843576,0.288898591255345,0.6041993918440121,0.29093445593385836,0.524495515875707,0.28302393750734794,0.5074786671321214,0.2821611777509676,0.4959671426853785,0.28231807808616843,0.6253066200220975,0.3076951727970726,0.47967431555073586,0.2980531983574809,0.5732995120514199,0.3328352447140596,0.5095653651603405,0.33067966098954416,0.7288661539483352,0.46319860192767937,0.38078761154137986,0.41798657113788934,0.7446487817336719,0.6476418820566958,0.27971968447383794,0.5630321241299782,0.7502927859011597,0.8157355037398819,0.2781984785897894,0.4475175887740443,0.762253712638051,0.8736415797620669,0.267020669693116,0.4017954255087969,0.7376503312011168,0.8753389782032606,0.2700835469815058,0.38655868524283626,0.7252587200562195,0.8566964604604829,0.28077950425553666,0.3989672035862137,0.27495756416246386,0.4384319251732475,0.3024423202774214,0.4263132058290984,0.30926462466767357,0.4025308062075018,0.28491575523425916,0.3831014580375696,0.26032452075712176,0.3694550217880873,0.3006293646333987,0.3798010592690087,0.28732486239248434,0.3540819414863493,0.27288055451226434,0.33705884936597735,0.2577320504048965,0.3220627109298011,0.2768349685180597,0.379377247596953,0.27666756198037273,0.3511115099706049,0.27230581802466036,0.33344415074154515,0.2659482954055493,0.3184626788521778,0.255903665716096,0.38507026516313814,0.24302888185266253,0.36863492308454426,0.2555700359528224,0.38688225293774986,0.2658829065565695,0.40008165592777684,0.23724952388463283,0.3951734306993447,0.2323203321784526,0.38589819796996394,0.2440752999175239,0.39893575529235453,0.25365905061333033,0.40838961478246255,0.7543733230963081,0.8231354190450381,0.7114467631230083,0.8354585803833814,0.6973804038966489,0.8629974160679221,0.6880369509844134,0.8874190429489375,0.6770922831564176,0.9071867112074704,0.7470463545737784,0.8874914382208257,0.7363625895873531,0.9208557818328285,0.7164662465756149,0.9323426605923262,0.6997151417313153,0.9381650614065692,0.7697655703162243,0.8880612088246393,0.7560411530997847,0.9220546647176388,0.7308863058769313,0.9315120773289172,0.7093596077746384,0.9329289794225816,0.7801690392592607,0.8851221143578303,0.7672226975274974,0.9138360976491015,0.7446934048356358,0.922451696688741,0.7248964791476037,0.9257014666179788,0.7797869903225145,0.8814113488958573,0.7690271632188956,0.9047214033936214,0.7518559418533286,0.9132485733075091,0.7351866350205847,0.9170723863372172
0.5632834020763936,0.3076617371968962,0.5935098045319609,0.29320842263174746,0.6100142841915888,0.29691634117901244,0.6229199824215633,0.300484166442766,0.544486474101499,0.2833251564200529,0.527680415330651,0.2804767484246794,0.5162326958935675,0.27927745565633577,0.6420009569012662,0.31960861960360387,0.4982018122768226,0.2930693871702845,0.5872245873191383,0.3384904218271767,0.5241186156609169,0.3289628210758094,0.7268387188143863,0.48597381076664564,0.3862596848897081,0.4011886178572928,0.7210433972094714,0.6709964454725056,0.2690792573511282,0.5332794099930815,0.7071208858825537,0.8388726347567799,0.27961142164463393,0.4239049008630547,0.7123145044067576,0.8978928788402304,0.27340084324212216,0.3767804120489938,0.6876735094667139,0.8968239763392535,0.2768799141329629,0.36060893508976655,0.6774791653427368,0.8770027057863272,0.2868814576219062,0.37445872000440467,0.27971754039285435,0.41599538776620226,0.3068956143615049,0.4059812750841608,0.31538535777122306,0.3844981238165937,0.2944788209940241,0.36392282684584715,0.2722461402363697,0.3484447995363108,0.3052551877642008,0.3593450320493985,0.2950418559441339,0.33390849391082755,0.28290453176522656,0.31585911805918215,0.2703838237772566,0.2998974222170544,0.2825072609628049,0.3566572913228999,0.2831247366820725,0.326350287185131,0.2821498829863139,0.30798569184153435,0.2799254004850325,0.29306677654436497,0.26204280252506956,0.36054166033126084,0.2508392999455355,0.34258026952170834,0.26033675824415614,0.36010303531046606,0.26890879414969354,0.37389212982983144,0.24353188168441164,0.3691370304098082,0.23823021552855017,0.35908394429041124,0.2485990006728575,0.372173046704493,0.25763744540489947,0.3826103401048134,0.7102526848104205,0.8462825880008447,0.6662950300713724,0.8536723963926194,0.6490875835399387,0.8796342961353987,0.6367964883252091,0.9028847904368206,0.6236701217268764,0.9210529398075353,0.6963531033626859,0.9091758361715285,0.6818771805957804,0.9412679224606728,0.660969140678315,0.9504307184881677,0.6437820248846992,0.9544221126547809,0.7186750730213272,0.9123961215490186,0.7014096026694743,0.9445898993363431,0.6755150933649822,0.9513124339622716,0.6539999958736844,0.9506160344326321,0.7291356969520079,0.9107176208440171,0.7130650360571549,0.9378158916062538,0.6898570123012954,0.943989339702288,0.6697756583303343,0.9451743852136401,0.7290606763671138,0.9071327094838516,0.7154927602432387,0.9289873134089073,0.6975351818276296,0.9354740175200261,0.6804510308248558,0.937274591116964
0.5430775456808619,0.3047891741625798,0.5711595524961963,0.286330602202654,0.5881641489635933,0.28776781676084173,0.6014088050025235,0.28954932384422777,0.5210898323135884,0.28320503990440593,0.504029713256572,0.2826509130586019,0.4925209133800704,0.2829913694595305,0.6228908781783314,0.3058985188801263,0.47642340326864957,0.2991334277374381,0.5710943169784888,0.3320915632013889,0.5071199176363194,0.3312497281289146,0.7295908739225322,0.4590314159027737,0.38050986456266167,0.422781258616457,0.7491125382230694,0.6431821518696261,0.2831666181100426,0.5722918594808328,0.7581804491081188,0.8115205998927284,0.27707392598118014,0.46904282347266585,0.7714111150905856,0.8693703445598124,0.2641893474756909,0.42350190428310636,0.7469648609453992,0.8717962658287196,0.26450076229499553,0.406927635541405,0.7341261960421921,0.8536081163551117,0.2762158463355292,0.41800886857770075,0.2773559173922051,0.46030844846478397,0.3007321834340379,0.4463525791794666,0.30858056679522516,0.4241247543884391,0.2876760779792693,0.4078986394023637,0.2587483949682748,0.4003144273417667,0.28222799396751613,0.39627398101595246,0.26725954419823816,0.3718252274611018,0.25515246172366657,0.3552259121173816,0.24506402586821824,0.34139965916242176,0.2596337565034803,0.3984133032196825,0.25170390426488193,0.36988403285002514,0.25030305339941294,0.35233565348097656,0.25003188031776324,0.3387256596051592,0.24094220161030683,0.40685598055751737,0.23015016416131873,0.3932725757978894,0.24107816796274872,0.40743653808170377,0.25063943914535425,0.41936336568208676,0.22547819597272778,0.41970990126186936,0.2189587249486148,0.4114868602208065,0.23005635122937468,0.41958852075531683,0.23958918294078524,0.4269384168145829,0.7614711163330223,0.8184572390365444,0.7189570871223311,0.8321142584264025,0.7061280623731969,0.8599942248626498,0.6974199624366884,0.8844841558646711,0.6868181045567693,0.9042265962093774,0.757512877025971,0.8824242441304296,0.7474057425502876,0.9162183173400101,0.7276369724941096,0.9281281337518223,0.7110468684537178,0.9343717003159979,0.7798506507556202,0.8823988728302874,0.7667301473770529,0.9167546578262062,0.7415538870424971,0.9266821017519082,0.7201685840257679,0.9288203201492271,0.7897421005584424,0.879233069816111,0.7774277019587043,0.9083214795926465,0.754992225192346,0.9172661225198546,0.7352282319421104,0.9210121652024987,0.7889405210158231,0.8757630380159847,0.7788991421057639,0.8993896667772115,0.7619182154356924,0.9080837110014888,0.7452696943389545,0.9120652212364289
0.5112391881122375,0.30584726898356546,0.5349464487762524,0.28194699474256335,0.5519851479799254,0.27983247679271206,0.5652930591429213,0.2788502822030464,0.48516023414954224,0.2892428781112125,0.46829031563458456,0.2922332679879918,0.4570958307712003,0.2949475664155048,0.589573281342695,0.2904884094428637,0.4446028054145521,0.31408693178411123,0.5445031716306213,0.32672720880986705,0.48136229917484247,0.33918979572170427,0.7256878430630689,0.41805700864333223,0.37701424666568784,0.45521437279279914,0.7827920013692862,0.5943809681904577,0.32083390920396865,0.6224739080289154,0.8265757889665917,0.7569726965912542,0.28534386867618317,0.5304730750839668,0.8516400787053631,0.8107984204537291,0.2622483965595088,0.4931413222056749,0.8285290301501274,0.8182081532878288,0.2579469124281822,0.47637291081840016,0.8120817988410263,0.8030944180817913,0.27098010370153114,0.48373297091992346,0.28435910003566756,0.5247450538078748,0.30224434814858514,0.5067273355081048,0.3047702375406347,0.4855222179003455,0.2833353130180096,0.47698564368953694,0.2564318529855791,0.4766123688518176,0.265703210363004,0.46414913842057,0.24733502400626833,0.4485524550920758,0.23329958379879007,0.44009906176258484,0.21965281531067643,0.4325599214283521,0.24505618339161267,0.47102082787870636,0.22705003196287799,0.44571843314279436,0.21688983515541288,0.4288314132719235,0.20934614962779524,0.41589709374743217,0.22985631159985714,0.48323308481638283,0.21865784955243617,0.47293902655976194,0.23578875025740026,0.4835207886627076,0.24913801913941797,0.4927460431753399,0.2191077540326506,0.4980927282503169,0.2133308500214967,0.4893401732511046,0.22925768458323498,0.4944613555252094,0.2421477290384662,0.49995685892455005,0.8310196798287888,0.7634696797794756,0.7927837641073618,0.7853702140815855,0.7858658314476583,0.8154516761054725,0.7825846506402602,0.8410555049266403,0.7753728384603402,0.8627378776963057,0.8396892179005118,0.8272988978259428,0.8371982157396012,0.8622829375713226,0.8205628728039824,0.878068291019728,0.8054821137026458,0.8873396764841015,0.8615666609632213,0.822565882158417,0.8561028883510917,0.858824702056981,0.8336615055193795,0.8735640072272473,0.8132096369836519,0.8796603049359888,0.8708176233469767,0.8172685580322743,0.8648862293134578,0.8482749615428855,0.8452646399376882,0.8616627150706446,0.8269421174431912,0.8693213391034605,0.8696860030312528,0.8139232110526735,0.8648863309122141,0.8387947310528725,0.8500930895430988,0.8507573050144603,0.8347160055264655,0.8580946671226706
0.5231014815597189,0.30458119189270205,0.548419585858219,0.2825410344175068,0.5655731421872082,0.28172449013469997,0.578923845690818,0.28174798199170936,0.4982650418704767,0.28605927320034563,0.4811372009585328,0.28777394819531454,0.4697307711295474,0.2896401951106784,0.6020795883229545,0.29522591853218466,0.45561182164674385,0.30776718288945015,0.555001716458182,0.3279031253564253,0.49051668494909545,0.3355920511279058,0.7281554139897377,0.4327639851063703,0.3775625278475421,0.4433266466433212,0.7716919537064263,0.6130351368616597,0.3127412518238765,0.6062570127000072,0.8029739595371559,0.7783100858154133,0.27167663726349484,0.5232767490092949,0.824001970395755,0.8339082590632686,0.24919757735319115,0.49354733250389266,0.8003876101098617,0.8395465904350712,0.24677902485546582,0.4745529519530975,0.785104973897123,0.8232152353527988,0.25766709770970014,0.4813079491471439,0.2734413032959244,0.5231783933679784,0.29294278182346595,0.5088966531525408,0.2930393428395502,0.49008696700579374,0.2721010630614953,0.4810278977698984,0.24678013893222345,0.4762930888738419,0.24220774445830717,0.4659718793483441,0.2158784843543336,0.4426632364883034,0.201754655392348,0.428439870929605,0.18924285206734692,0.41620574094095775,0.2242763134334982,0.47389532926584843,0.22142654461682781,0.4580605922946499,0.23472888632898647,0.46716460133946147,0.24117879273636283,0.47562357698058266,0.21188520544314843,0.4842267047335834,0.21766227486516682,0.47425164505660283,0.233547344394331,0.4855000336971237,0.2400578749927667,0.49348931205886315,0.20369759497379686,0.49648872452372206,0.21306800074706278,0.48888368711457075,0.2288719143214078,0.49504201001239634,0.23672432904424168,0.49982659399666735,0.8070475362234679,0.7855542020934494,0.7670858562795394,0.8046829745654149,0.7579583824112052,0.8341873157886559,0.7523676102917606,0.8595458825163074,0.7439302623090124,0.8807471898510615,0.8111945013230527,0.8496850798597395,0.8053038301115096,0.8847305816893984,0.7873868906819848,0.8992043073365521,0.7717065894298849,0.9071581820000829,0.8331854594999792,0.8466879238191781,0.8244262815931778,0.882642314962108,0.80036636072694,0.8953051873162063,0.7795779722534366,0.8993634494628946,0.8426718639464272,0.8420376788245254,0.8341211204119,0.8722740652988983,0.8135035483029422,0.8838460233803112,0.7949940866435641,0.8898721650266932,0.8417367971008866,0.8384339205308053,0.8350799827666946,0.8624230322314941,0.8195601979094089,0.8728947722943647,0.8040169290107173,0.8786828902120484
0.5330718308970295,0.3043767397283456,0.5595554076656971,0.28392918578058146,0.5766753042207726,0.284194446972088,0.5900262591217682,0.28505475460296004,0.5098088572738603,0.28425116267967654,0.4926763926953923,0.2848844356189643,0.48109776472845117,0.2860577523252855,0.6123136808979537,0.299995237314969,0.4655288634458099,0.3032734293842103,0.5633037988907887,0.3296918243878345,0.4986243221339743,0.33337047631109606,0.7299051893848963,0.44519437624508673,0.37876266831101246,0.4339637587868377,0.7619269875847311,0.6279498795172573,0.3113611707750321,0.5928791860485811,0.7827099740448951,0.7945949198563714,0.25989274046796207,0.527713044012719,0.8004940308053545,0.8514104229531559,0.23182751582013472,0.5071598647907738,0.7764943832393332,0.8555764775996075,0.22758985868183057,0.48495400717644865,0.7621194932061989,0.8383212258374885,0.24128594277415316,0.49114216737064054,,,,,,,,,,,,,,,,,,,,,,,,,,,,,,,,,,,,,,,,,,,0.7860278397504812,0.8026731523199235,0.7451486509738415,0.8192937577385806,0.7343515887857661,0.8480346065085668,0.7270827967087701,0.8729430283725326,0.7177049347244115,0.89352445851063,0.7865539311356917,0.8666635566387717,0.7786204931749792,0.9011946156602126,0.7596165456727824,0.9146607621959195,0.7431061314502893,0.9214498542816169,0.8086755113697428,0.8650911476909862,0.7975668532933562,0.9004227085354245,0.7726748178617407,0.9119417477330034,0.7514990728293973,0.9146588042612651,0.8182818789872432,0.8609980145598599,0.8076173623268581,0.8909330564618032,0.7859932978113782,0.9013711520310007,0.7668198348750639,0.906159227566411,0.8174134322769455,0.8572824364283045,0.8088517775026893,0.8813272673952453,0.7925703591110014,0.8911843648285533,0.7763650951376496,0.8962166261193056
0.5278528584092173,0.30391445790995275,0.553326384525447,0.2827255554377521,0.570359608258535,0.2824718850002683,0.5837280764765622,0.28290486854955266,0.5041996325573409,0.28455553508880893,0.48716704091857593,0.2857410909320683,0.4755341784566963,0.2873359265194278,0.6065281031875837,0.2971983419525746,0.46057803253500273,0.30503925990342495,0.5589373002377742,0.32838872839614525,0.4943842689557988,0.33415519248082526,0.7293426594579845,0.4387541237054136,0.37659009984792513,0.439372117675258,0.7672026634722394,0.6202787815976347,0.31917857467785876,0.6001020359706724,0.7928333627765377,0.7858965977758362,0.2532491321812285,0.5720194706157333,0.8130797259623935,0.8421357724878984,0.22349594677166462,0.5683090769061371,0.7890122142352123,0.8470803084512313,0.21870513077303727,0.5437978039495314,0.7737700483135492,0.8304266839153511,0.23527995752681935,0.5450896814494154,,,,,,,,,,,,,,,,,,,,,,,,,,,,,,,,,,,,,,,,,,,0.7976385317426244,0.7939814612973791,0.7572750571990602,0.8117197228757613,0.7465857109374463,0.8407358098991842,0.7400616192554598,0.8660835967836594,0.7322832602875475,0.8872777202122012,0.7994162325114652,0.8584000811016064,0.7928886479298458,0.893067558039037,0.7745087003993874,0.906881523244242,0.7583005422763716,0.913999923606053,0.8211071923644374,0.8560631163820804,0.8114573932910456,0.8914839177694988,0.7873504393067303,0.9036973503485257,0.7661092933415654,0.9072839677287995,0.8306487831697748,0.8516518774082793,0.8214211726166613,0.8818322513813612,0.8003622017844274,0.8929505447194164,0.7811381669751338,0.8984489979669092,0.8298200757730962,0.8479389181503867,0.8223898127526936,0.8722739358171119,0.8064687646631246,0.8827625878220984,0.7902910507543291,0.8885113777981527
0.5074750240194862,0.30438559413381017,0.5300456094485918,0.28052807671711183,0.5469038652003169,0.27834418524560056,0.5602093011565406,0.27724275003125953,0.4817792061886315,0.287939828529394,0.46503194814967186,0.2910912146076786,0.4535805754773693,0.29405889937328883,0.5846136347460866,0.28882789885970106,0.44102541006444695,0.31335824713247246,0.5416292160884744,0.3251080604291971,0.4781172832503379,0.3382326127320092,0.7243003150159799,0.4152474779884484,0.37332727101430974,0.4581548613059122,0.7821936055068246,0.59195280904413,0.3462272815881242,0.6206710822346122,0.8258013490166184,0.753188650126672,0.2593856662215471,0.6340407356863884,0.8526533058561829,0.8070333963284897,0.21212450660911375,0.6521247930534959,0.8291476841140224,0.8145320193722699,0.2111280796251495,0.6380606867642513,0.8120228927429749,0.8000312786071956,0.23271315473599063,0.6301164419430407,,,,,,,,,,,,,,,,,,,,,,,,,,,,,,,,,,,,,,,,,,,0.8314120725729761,0.7608481484660667,0.7927382552845452,0.7829019666311827,0.7856428858025188,0.8129563352234206,0.7824196105058839,0.8389355425407965,0.7770234925641233,0.8607129286171926,0.8402235868414326,0.8243744041974521,0.8374826482983725,0.8599713728708935,0.8206566291448267,0.8758061226547884,0.8054684863076376,0.8847859646378026,0.8620244498792686,0.8196345677372894,0.8561671005123468,0.856381770814661,0.8335376174293392,0.8713529098192195,0.8130699019047904,0.8774295744726561,0.8711733314935277,0.8143447349540112,0.865066230076187,0.8457680928519449,0.8452494263310817,0.8593997766812516,0.826916953625482,0.8671948051276352,0.8699424938135043,0.8109055182583677,0.8653005114196434,0.8364525751191729,0.8507619819693281,0.8488723206386481,0.8354948456276585,0.8564906986680452
0.5651598657247319,0.30826125823086814,0.5936745072247838,0.2925217234004114,0.6103738734883741,0.2956174179526255,0.6234185920685325,0.29865612477341297,0.5456582908200107,0.2848335962889351,0.5287472664429907,0.2827240316037677,0.516926690181506,0.28205905598732084,0.6432741848466059,0.31722011106677295,0.49895442459721506,0.29657607708570966,0.5918421738738302,0.33853428231917615,0.5273630757267334,0.3314596256268888,0.7378911128611382,0.4803156620657291,0.38972203860558413,0.4146099685094578,0.7397389364549449,0.6665061852441296,0.31407251335702346,0.5589151348795353,0.7303790227640262,0.8330387837283201,0.20829759973546486,0.5990969703963298,0.7396763703623409,0.8927583490506271,0.15672753249776028,0.6177030613857304,0.7147825467620904,0.892641601453606,0.15365662873505798,0.6119097305340756,0.7028292231438908,0.8735403726724176,0.17673840607672026,0.6071912336676599,,,,,,,,,,,,,,,,,,,,,,,,,,,,,,,,,,,,,,,,,,,0.7330188658927299,0.8421771347284541,0.6898318087476878,0.8518510799321742,0.6737680775581623,0.8782233068153367,0.6619488551622836,0.9019361768985306,0.649948637498545,0.9209412383441926,0.7224809776051748,0.9053464175406392,0.7083680389873579,0.9380511502722945,0.6875240481134282,0.9479043252484929,0.6703846291201279,0.9519089462980741,0.7448529285989169,0.9074950906312215,0.7281288356436573,0.9407523264556219,0.7022685393708841,0.948345195658214,0.6809599732244394,0.948190442408273,0.755336481350708,0.9052228551322417,0.7401147724409716,0.9334127050504409,0.7169766200852667,0.9405595190138558,0.6969133740670487,0.9423918009178767,0.7551340217133278,0.9015652143846709,0.7427089952929844,0.9241930797825795,0.7248574462909433,0.9314777598489485,0.7077803245683466,0.9339599036238475
0.504532538824163,0.30434554159809524,0.5266585044316524,0.28060252239432526,0.54353379048553,0.27837345307102823,0.556880238585326,0.2772348846792206,0.4787536643972754,0.288137803610885,0.4620587283405221,0.29136557845827693,0.4505778417150104,0.2943972401044487,0.5820061546911479,0.28878807980000754,0.43815545211634277,0.31375847502511234,0.5397513275010344,0.3248196720384856,0.4765577982449182,0.33786817957351245,0.7227898771592538,0.41437492782513097,0.37055575901998195,0.4598313592720274,0.7819493498870749,0.5907386741032691,0.3415570214596775,0.617859307108828,0.8237287726040643,0.7522101919546427,0.2636588958270385,0.7218780343383917,0.8512538755127914,0.8062092453654723,0.2296298314871985,0.7726527633540239,0.8274033493140838,0.8137900100533961,0.22453616697172996,0.7763710624697735,0.8100847386583474,0.7992964212110245,0.240732721000203,0.7592382037170256,,,,,,,,,,,,,,,,,,,,,,,,,,,,,,,,,,,,,,,,,,,0.828599356322034,0.7602442072775433,0.7909776106910971,0.782987766181401,0.7837920801362875,0.813105521545746,0.780112054329178,0.839262274240947,0.7742913111029157,0.8613101285691326,0.8390259195360356,0.8237438475177596,0.8355998192041041,0.8590710918742318,0.8188927796031957,0.8748406645270701,0.803829561897369,0.8840906232948349,0.8606546866003383,0.8188350453275248,0.8547253559914577,0.8552462957481342,0.8326753338924131,0.8704332796310268,0.8123383713634508,0.8770291130207282,0.8695632925242305,0.8133821927183471,0.8636996631127625,0.8445906510803141,0.8441933724895114,0.8585563373228262,0.8257058397329197,0.8666913490536868,0.8680057110222963,0.8099178414037472,0.8631473044768577,0.8351079051132269,0.8482679495004244,0.8475559110468849,0.8326420158880872,0.855287113540683
0.527200589686408,0.3034994228426965,0.5515108184565879,0.2825006598101745,0.5684491113228823,0.2821722197020354,0.5816899677221208,0.2825329379458338,0.5035179620602472,0.2846553839847926,0.48677644431418804,0.286027065062265,0.4746882172346175,0.2878258804636291,0.6056938250481527,0.29684090634230687,0.4602200249157541,0.30577048139521246,0.5600996214652709,0.3278453807130727,0.4966165730497918,0.3336821923614526,0.7321863936881161,0.43709291717890286,0.3770643005281805,0.44351086426846076,0.7713622820682748,0.6189155153931392,0.3261928578643779,0.5991760657052644,0.7943129283824597,0.7840195117639666,0.2632730570847979,0.718418296801699,0.8161004539780918,0.8408766363632452,0.23726509637048798,0.7749560288959574,0.7912702639198019,0.8456713973377152,0.2551756676267832,0.779231691117938,0.7755335415170408,0.8293212309182922,0.2786020093707369,0.7630422907819113,0.25488428635274574,0.7001798671550646,0.2768871336129156,0.7121107446251778,0.2843633297896593,0.7396082045939698,0.28597048882120185,0.7662129899303023,0.28912318645863844,0.7884216835407782,0.2336293033162875,0.7541517123828201,0.22289634167792755,0.7877439014428633,0.2156562355150793,0.8122564005562636,0.21095030082291955,0.831085950787737,0.2238714847106475,0.7570994484029802,0.20886512430016474,0.7892493700287195,0.2024803653686399,0.813187183390168,0.19825693823328105,0.8323941171958296,0.21994142820907925,0.7587149993123381,0.20576004362354255,0.786892368080516,0.19846882630456458,0.8081188960611181,0.19241165770276208,0.8260337757028,0.22111431513416474,0.75839087383483,0.2071525618262548,0.7809462248728947,0.1977385486433912,0.7974564888269203,0.18984759624195802,0.8112766991045026,0.7971762113323069,0.7927272829422417,0.7570765821320298,0.8115365486263839,0.7472672040176805,0.8404716387313667,0.7412847148243729,0.8658426993022317,0.7327844364300986,0.8871560049423697,0.8013538912452924,0.8573377890697358,0.7941336302224938,0.892300481080931,0.7758823513552168,0.9062602343314752,0.7600753169890309,0.9139795294556936,0.8235111625886251,0.8544536296875861,0.8138465918022235,0.8900115223476414,0.7901344661353353,0.9024234446124038,0.7691763543627723,0.9064550561788884,0.8331958134368436,0.8495366566974979,0.8236815033947351,0.8797900117961932,0.8030505973538995,0.8913848619680766,0.7840405414538321,0.8973359337179154,0.8321616031801538,0.8455204383446794,0.8242960427661906,0.8695578599951599,0.8082607816202996,0.8802107728011387,0.7920529805838394,0.8861932530000252
0.4901704987780788,0.3082561436107165,0.5100953836697313,0.28342949418188856,0.526606048710398,0.2800917431168137,0.5395149803856198,0.2781005175853789,0.46354449144231924,0.2941309574468273,0.44749688123750486,0.2984669368400703,0.43560219116149324,0.3025525063060944,0.5658717470351603,0.28783533580975773,0.42456368723425164,0.32295627072665056,0.5271412594751412,0.32628993974738674,0.46609053014962204,0.3433031489211989,0.7155236915284287,0.4026609420828432,0.3676811553159849,0.4736059783149605,0.7873196511859268,0.5743515079947683,0.3450936548621663,0.6392636536349048,0.8394995086813526,0.7326290896529387,0.3223776752531011,0.7769513036536948,0.871474246205863,0.7846995251746633,0.3162501429459176,0.8370807648156849,0.8478656894899179,0.7938563757107431,0.33970724012916553,0.8387134141910253,0.829328924991465,0.780604990244864,0.35306198994397375,0.8193122572293811,0.3036021059033866,0.7643408869768671,0.3342245387109376,0.7824385965839744,0.35227454838693195,0.8100244560521177,0.36279676825054363,0.8352589158747608,0.3730759794234155,0.8565765519800648,0.3068025670817679,0.8315382144452954,0.3062860512108808,0.8622336144680258,0.3058142007699289,0.8832089359760744,0.30707821729285223,0.9027846434413214,0.29639554829286363,0.8338288051503491,0.29665722802326844,0.8634571674985956,0.29639512851683125,0.8860174923577981,0.29631663137366426,0.9061893870527552,0.2932709361597673,0.8335073388363778,0.29299098378070515,0.861207029212683,0.2922377650128801,0.8836976440547586,0.29339516045305986,0.9032587092698088,0.29400535443737363,0.8315725899367918,0.2925788251743717,0.8557871242968607,0.29277184140958395,0.8736395263700275,0.2922610031409246,0.8896947565147857,0.8446475338798898,0.7404351256834993,0.8079357889849441,0.7666348923025048,0.8039825221628609,0.7970747472782161,0.8026734718616553,0.822939936703734,0.7979012740968592,0.8454894685259153,0.8594723309562227,0.804318367231515,0.8584854546889396,0.8397297291401791,0.8431189491467032,0.8566090279552037,0.8294870675211525,0.8668541777368786,0.880879282916128,0.7972663095747229,0.8778295518780022,0.8338007749710549,0.8568030828019815,0.8501833096458191,0.8374780453659667,0.85776188008081,0.8896944775491322,0.7903319315381127,0.8860138958423465,0.821387028881432,0.8679169465712151,0.8363543129866224,0.8506584184856508,0.8454710667197269,0.888054423147152,0.7864124896966129,0.8848538685227003,0.811082602150899,0.8711890103830624,0.8242216393090241,0.8566230450905418,0.8328706197956492
0.5548235309102504,0.30325842137877823,0.5811322162540133,0.28573601801369986,0.5977792608178589,0.28756716641634283,0.6104662079372714,0.2895561990899038,0.5337482604839254,0.28181790169140497,0.5173328549569943,0.28109040282676107,0.5043827547914035,0.2813996627796561,0.632833050190564,0.30687704990819376,0.4876460565330559,0.29767209205634937,0.5846429465707856,0.3317696568575285,0.5215678888514508,0.32952729573382217,0.7407787033141153,0.46134371196263985,0.38796728905544275,0.424534661941312,0.7578527914575554,0.6467702571868112,0.31496495253756784,0.5789124112583595,0.7594637956743955,0.8134616378796498,0.26341075236193556,0.7131028837435429,0.7743052379689682,0.8729498231637961,0.25199646919414553,0.7701240630199477,0.749072882342964,0.8743312579771014,0.27401279114918764,0.7801740204654384,0.735446014287492,0.8560566389985533,0.28772657695605364,0.7628525633894361,0.24752436404731737,0.7040622535379153,0.2744832974404077,0.7358423140789111,0.2856773900592594,0.7697460094648896,0.28900637969716675,0.7971530390824267,0.2933428645573034,0.8211713823482597,0.23817513844310234,0.7729541213658518,0.23041927332906392,0.8026193022614809,0.2254784656726483,0.8222276076730064,0.22336097522639325,0.8407729807182394,0.22724938811461237,0.7722775576707914,0.2187964921418888,0.8009055282755,0.21428082305575064,0.8223618889605688,0.21161705827598165,0.8401720897355966,0.2242924212188468,0.7707877517137607,0.21721769258914952,0.7971079274035594,0.21319710107900408,0.8182770686964805,0.2121701842851303,0.8357765196322384,0.22622832243025898,0.7693021384894726,0.22055274753590465,0.7928282825913602,0.21825676352493206,0.8101317838939495,0.21612152559633835,0.8248833544885754,0.7619369112823706,0.8224221778127248,0.7192636774418514,0.8359231052708398,0.7059362581875831,0.8638570826587457,0.6970847848880126,0.8882669250928956,0.6860735267528183,0.9080745620618056,0.7568479442814338,0.8875037421862628,0.7459470718453278,0.9209855031075531,0.7265159709832305,0.932650272252244,0.7102986742393893,0.9384577677275155,0.7797414602356405,0.8876584352475152,0.7658699468690996,0.9219708703753723,0.7405695990396364,0.9312258562123983,0.7194744758622093,0.9326060181514415,0.7903690985709952,0.8842327014366544,0.7776670829997241,0.9135130401170357,0.7551286825912655,0.9222150283047029,0.7354967009941212,0.9255156892776748,0.7902696003751177,0.8803151642316824,0.780022569243678,0.903950200165885,0.7625803738664538,0.9126963187088059,0.7457841517660104,0.9167242774409603
0.5874159561841802,0.3076439458211374,0.615869918360791,0.29409265238563687,0.6320656969136138,0.2982786072265512,0.6442174221686225,0.30202135642837136,0.5694940960807634,0.28344634485009457,0.5533279569005426,0.28038239512892094,0.5403284632280823,0.27884692175035763,0.6639357904569868,0.32239030244047895,0.5212593987590683,0.29258612288796093,0.6128822733342439,0.3401608895657142,0.5505990174325354,0.32894732198331145,0.7486985713219471,0.49024962733349176,0.40412214881038083,0.40608961367809016,0.7398667085136963,0.6768596828475824,0.3064563537052731,0.5663519842681494,0.7174696818729612,0.8438393402096689,0.23070029588690621,0.7279104147437916,0.7242129643133522,0.9041676794375124,0.20383678090958746,0.7801917982676013,0.6989070374907371,0.9015100218558609,0.22252096580562253,0.7932603205399454,0.6876888851898089,0.8819967742068118,0.2405796898828647,0.7800742632331226,0.22919305931261458,0.6849922449941613,0.2591822199003398,0.719615300891922,0.270042823845879,0.7535187362322374,0.27137792290262125,0.7804433034401517,0.27361139070419355,0.8031474795780229,0.2194890906916378,0.7561513292597168,0.2101277718063021,0.7860430844038772,0.20490336453033942,0.8055760863479557,0.20288428319999818,0.8239705247710186,0.20297513738467687,0.7522171245990263,0.19425741417440506,0.7814558049396743,0.19141692511028502,0.80324479330235,0.19020448664451411,0.8222653700477851,0.19572969792024741,0.7490638436975908,0.18806709013116768,0.7762400401845506,0.1849878267707471,0.7981785593300579,0.18477932636447225,0.8173887537860373,0.19482409154710179,0.7469181665980322,0.18766063520869758,0.7721241878290944,0.1853934985275158,0.7910024750791413,0.1846677431782971,0.8075594003109352,0.7192641766413661,0.8512667789113537,0.6750299186647087,0.858525785807766,0.6574465919698173,0.8839913246958029,0.6451560312367941,0.9072200306525184,0.6313497768607227,0.9253779037609027,0.7048268217907133,0.9143008496878868,0.6890931338985677,0.9464365609324188,0.6677641398552283,0.9551602939370403,0.6504259379530688,0.958399479501103,0.7279644477229763,0.9180734266827286,0.7083794732563867,0.9503239107103579,0.6816789047751111,0.9553602092843296,0.6607543775289233,0.9535029724567907,0.738941613992747,0.9163324302875042,0.7214464245620793,0.9435270873599606,0.6977513575839078,0.948437901952871,0.6782149597379319,0.9484192423917291,0.7393975405874517,0.9123566703612402,0.7251532281949643,0.9339210197333305,0.7061649153269195,0.9392557011900597,0.6890530290415389,0.9398295302870048
0.5849908391753653,0.3060620296461276,0.613361326373572,0.29225044755209806,0.6296338529715565,0.29628300649989947,0.6417986587075444,0.29989712799921964,0.5667763568932281,0.28200835269134683,0.5505259885431432,0.2790659636846208,0.5375194748804425,0.27764441492556213,0.6616592670712756,0.32003678334718993,0.5185267983826402,0.2915754146844024,0.6107998466342277,0.3383537177956748,0.5482526914105673,0.3277223759770992,0.7481618151063782,0.4868569143572422,0.40176410912307503,0.4075406122239378,0.7414373744553716,0.6739523539636183,0.30695518390959414,0.5705131434558398,0.720591850843356,0.8420788661049603,0.2532803460555918,0.7277209087848089,0.7281498159755561,0.9014338584401139,0.23651013825146422,0.7797296791655872,0.702734945021686,0.8992772441509488,0.25773293838725225,0.7910156294952868,0.6913293596784171,0.8797438607381222,0.27246372533472984,0.7774696410894408,0.23960556506663416,0.7100048890316857,0.27382650342658427,0.7374376301987903,0.2892050682158289,0.7686944785037144,0.29460792110659817,0.7959145436083164,0.29842742127908256,0.8182587432976285,0.23608119012769263,0.7795108769549703,0.22929221828939034,0.8132684281168805,0.2283160190341072,0.8364775825963839,0.22917163952002279,0.8559860007133921,0.2161170040957851,0.7763321529297039,0.2081181267105614,0.8097791406711999,0.20864533675280983,0.8355235236345098,0.21069492020654135,0.8566317727513525,0.20759207547756642,0.7744258515322717,0.20113555243012832,0.8049551671906192,0.20118682144721295,0.8292219369454681,0.20475445075400073,0.8487994263567041,0.20757228436438468,0.7734121041555866,0.20163822273090132,0.8000934932518857,0.2029759983817791,0.8202644867504675,0.2082883158034734,0.8371455359109152,0.7228673529551236,0.8486165076416943,0.6792373281153249,0.8564968229393215,0.6617184756118643,0.8819536838792328,0.6500036858019579,0.9052312329286736,0.6370190979202568,0.9236264237305702,0.7100199187169591,0.9118950072478014,0.694373167861005,0.9439647423214583,0.6729006389961746,0.9526865388472356,0.6553409214517746,0.9558119230887504,0.7328984001043046,0.9151262266444701,0.7139952683369086,0.9475852588688283,0.6874807218642964,0.9529923939590855,0.6664510931245592,0.9513677883393357,0.7437010271673695,0.9129771880281615,0.726922463196248,0.9405203966170177,0.703409551860014,0.9458292861976032,0.6837168008681486,0.9461186634306002,0.7440822095004009,0.9087505251775398,0.7307311542002841,0.9306563655771566,0.7120978782417698,0.9364813396399612,0.6949909184939542,0.9375332291273426
0.5741881132285644,0.3039723251832047,0.6018475888574523,0.2887688548255444,0.618306711812552,0.29198918568871357,0.6306551161945079,0.29500190917042624,0.554830455432389,0.2808371099736624,0.5384404665338317,0.27870047624581973,0.5254096688647791,0.27793139590618876,0.6514593948083401,0.3140963421248481,0.5071279095206019,0.2927560988946287,0.6015604081838114,0.33494386282504196,0.5385618140863425,0.32736878099114125,0.7461181092662093,0.4764297092284869,0.3960221222218645,0.4152534727606822,0.74872995976981,0.6639673016579315,0.3090171792621107,0.5843251676626984,0.7359991073069932,0.8335337514510656,0.2725374134202397,0.741441767215142,0.7464769000323813,0.8921039457198572,0.2586874061461455,0.7951273814481263,0.7206493832137032,0.8912015030760528,0.28372694826964917,0.8051679026671568,0.7084131187619163,0.8720152870842903,0.2995991163982885,0.7895886683068648,0.25707217557669254,0.7361563793076037,0.29740533463783997,0.7584627029482709,0.3136295933830863,0.7879198370045033,0.3211045514018659,0.8143896321955877,0.3279511739748914,0.8359659275905935,0.267848052035272,0.8043660233012593,0.2669907094091263,0.8392294420480029,0.2684321081535814,0.8586469362475297,0.2699907747752933,0.8735303043564726,0.24461964483761028,0.8008012960354618,0.24176248931355598,0.834874686393462,0.24573086367677954,0.8548513197144622,0.24969150110034916,0.8696377898422888,0.23224465361720192,0.7966254873179706,0.22955041149327943,0.8273486051590122,0.23261711104670296,0.8460113454713358,0.23700291054271005,0.8604443451359378,0.22941577788862816,0.7931302016233438,0.22702148254584426,0.8181472933805998,0.22856039997277927,0.8333005616221685,0.23285398981225025,0.8455466717896893,0.7386943378232412,0.8397934929163469,0.6966058420412313,0.8500276570315735,0.6801819183236912,0.8761433907268081,0.6689670075195615,0.8997040716072962,0.6568691454025529,0.9188271537765922,0.7288824575793946,0.9027974233024323,0.7154222451293517,0.9355318815328335,0.6950429466576975,0.9456073104368008,0.6781973179361632,0.9501247408498636,0.7510291843620739,0.9052119205480984,0.7345423496456063,0.9382412397311922,0.7084916343223914,0.9451737831027324,0.6877081914441224,0.9448378422472101,0.7615100063501964,0.9029713843226373,0.7475071822338055,0.9310809030690217,0.7243699064937316,0.9374449107855028,0.7048047177954783,0.9388760630485568,0.7617214092391873,0.8993260932367519,0.7505545384789979,0.9218356729637383,0.732674984971909,0.9284532317007126,0.7160621869308518,0.930361003352956
0.5093063332368056,0.3055766231325768,0.5313973748239688,0.2829915097939707,0.5480623191083179,0.28130664508479564,0.5608053931289543,0.28060511622767664,0.4841512275288049,0.28893931082212165,0.4678295056796582,0.2915864306092254,0.4551460041703169,0.2945464397453595,0.58616876369971,0.2928524311004099,0.44179780511384503,0.3137032238592088,0.5443997990441939,0.32732386316106854,0.4819728536731489,0.33818302263924566,0.7234033085638754,0.42012327196899746,0.3709682718733736,0.46407141952711073,0.7807702349111592,0.5992886742888082,0.33697284245484493,0.6519202718507987,0.8175856790340986,0.7649131540330474,0.35406414724189444,0.8100336933602098,0.8447245800573908,0.8179485303810321,0.3576683539337975,0.8641958933523421,0.8196558353266646,0.8245587997711434,0.3908944473752348,0.8642291861601238,0.8023327826868561,0.8089524307944271,0.40142427809350717,0.8454187484455526,0.33232043792861693,0.8147189860403532,0.37832998137027074,0.824228495055113,0.4017040858499601,0.8472084749772268,0.41817217508386517,0.8701542698147249,0.42876778699294077,0.8879355418040196,0.36825286180345806,0.873540571255992,0.3841930146107935,0.9054664721266659,0.39452871760142105,0.9202972638825062,0.40275949933755395,0.9326292924667763,0.3457962668895279,0.8779179962646224,0.36202277365008784,0.9102250603429767,0.3746398592856227,0.9255919384722464,0.385194487416641,0.9374747625296015,0.33503387271590324,0.8774844207514201,0.34798499266011695,0.905994206395326,0.360634652805228,0.9206830766664078,0.37238885008772377,0.9304617209866103,0.3343190024324394,0.875181882227831,0.3440869215673815,0.897595288104421,0.3554608693852992,0.909325285607749,0.36645493020764625,0.9171198508009304,0.8235147734543518,0.7705496759150506,0.7851496255657419,0.7919065593055672,0.7769549968178836,0.821768121510632,0.7733979381949174,0.8478723079657292,0.7678964319866147,0.8696736149279123,0.8325098515406293,0.8334443905789122,0.8286746733491301,0.8690108219502295,0.8117789317919181,0.8845529069624094,0.7968111103944594,0.8937167029647404,0.8540823432380005,0.8292263835091652,0.8480458105785866,0.8659863808998316,0.8250306158675085,0.8805607438045484,0.8043484284905498,0.886578633521439,0.8631285730143741,0.8241787824738924,0.8575328595096252,0.8557356878816763,0.8370311591541131,0.8691385376348579,0.8181466260718304,0.8766239027873901,0.8619502004942069,0.82082132550404,0.8571489179992314,0.8463381735492397,0.8418801936673916,0.8586393587803007,0.8260057307330855,0.8661523791918473
0.5327668681829639,0.30236174987272524,0.5571615893259406,0.28237127768590614,0.5739073073141117,0.28248894510692635,0.5866688779985888,0.2831526908289343,0.5095921017369989,0.28310035500634273,0.4930807042384232,0.2839522606634799,0.48016936862131354,0.28545671121732263,0.6104901445680505,0.298008461453353,0.46476482303927513,0.30272669333805136,0.5652307818638551,0.3279193709608189,0.502072534633564,0.3317315424653043,0.7320655425501092,0.43838714684001895,0.3781821632980821,0.4455122734360338,0.7713777477899934,0.6235346347112953,0.3252875040430141,0.6290200216871477,0.790113602630059,0.7919582310751812,0.3225796545471333,0.7879653355790721,0.8115323547871034,0.8475368459125692,0.3177928575864869,0.8421123916924458,0.7858073164891909,0.8514728030930068,0.35042079825329414,0.8461911407896299,0.7702560301712558,0.8335785245991757,0.3630503471251073,0.8288650831714008,0.29900078152879855,0.7905750738508285,0.34195765692669594,0.8036449925967393,0.36134280117290096,0.8279000037858959,0.37615976065864487,0.8526052188286639,0.3870146831448016,0.8719522498443459,0.3254110430281274,0.8519152933836196,0.33922400052459006,0.8842250986026088,0.34819648188123176,0.9011944198652391,0.35504124236688295,0.9149114385298536,0.30552579489979215,0.8533932125699506,0.3188597372277965,0.8855500645635804,0.3306172545660903,0.9028151061954337,0.34012659082957464,0.9163785706491511,0.2971871249608267,0.8514571226449568,0.3094771351036151,0.8794260620565058,0.32111636033494984,0.8962439221873932,0.33081865928828946,0.9082851231559428,0.29863448819823957,0.8485194418516854,0.30740722072297294,0.8718877324308205,0.3172716396188115,0.8858159379678698,0.32599640796478613,0.8954873962087486,0.7956593239407853,0.7983192420027179,0.7556022304452495,0.8153734740585508,0.7445774807370058,0.8442610751406956,0.7376621291491723,0.8699068968409024,0.7297625944447804,0.8908028232723786,0.7982652611935714,0.8614250633319396,0.7904646456185217,0.8964773922438647,0.771893041328697,0.9101595953505337,0.7558794873259089,0.9175598052093648,0.8199861587606257,0.8598302593143887,0.8095410026979323,0.8958069285205682,0.785075751582082,0.9081365782111461,0.763890378427212,0.9121571331033285,0.8292815595268413,0.8561604009590795,0.8196998138272615,0.8871208202884185,0.7975436921686652,0.8984060134928806,0.7777959476888989,0.903880993202477,0.8282244656789153,0.8531170309923266,0.8200203368838554,0.8783179937860192,0.8030902844216316,0.8889860724128553,0.7861891173369651,0.8946796569569642
0.5245193645739153,0.3029048326941076,0.5482140959504194,0.2820802465193838,0.5648889156351078,0.28156287059811147,0.5776651017441522,0.2817461856091816,0.5008081780930675,0.28453816056573605,0.48433765393209505,0.28597778094490395,0.47141885992569027,0.2879405116536894,0.6019601616732451,0.29563967538679015,0.45653382212345267,0.30550008010729246,0.5578461189364362,0.3272748609187256,0.494879971166578,0.33323705531482917,0.7269436494796463,0.43030487975012566,0.375152553840892,0.4519183838532973,0.7751258732968177,0.6146794681563721,0.33024370219984023,0.6367431150700111,0.8000271502986527,0.7825294784317365,0.3325765116710444,0.7952700883375192,0.8236071882961524,0.8369663079625413,0.329085237691036,0.8508893658810766,0.7980040364007436,0.8418242577838122,0.36077214560954496,0.8547864417825088,0.781766631041274,0.8243485552386516,0.37260384057081564,0.8360685864521238,0.31043894669631933,0.8014653427420317,0.35136069054582314,0.8120886902315437,0.3722906674915325,0.8339350734745025,0.38816121660273184,0.8575044666806708,0.40030296063156834,0.8767558395553616,0.3345647901229988,0.8601484805278867,0.3495712718361753,0.89355550224733,0.35952721684085026,0.9102485178651114,0.36783169476059946,0.9235692548764458,0.3151656019243531,0.8622196837419434,0.3289288320047327,0.8955516377500152,0.34222640999721926,0.9123439191950578,0.3537977783184279,0.9245297424701495,0.30719068859333076,0.8603054772371566,0.31877625202242194,0.8880425015862277,0.3317449316219899,0.9035893372596815,0.3437707278823354,0.9134819306252957,0.3079800213837452,0.857818176559666,0.31682037877437996,0.8799341458522811,0.3286113511928562,0.8923816473404358,0.339789534123076,0.9003820567028786,0.8061860373359944,0.7885758594305616,0.7661417556043002,0.8071588828982843,0.7566767039254969,0.8366293419608526,0.7511821132062941,0.8624411296893186,0.7437311399730822,0.8835490738827718,0.8111233956494887,0.8518455646182934,0.8044699824104158,0.8871472133856686,0.7862676955522232,0.9012703130982831,0.7704931521331253,0.9088332064968108,0.8325038530094118,0.8492578672475801,0.8229743469451256,0.8854787190204418,0.7988562557472376,0.8985296812589687,0.777700988080948,0.9031994041980772,0.8414960760268998,0.8451671213668972,0.8325109151859277,0.8763133926563258,0.810909214415867,0.8883770435517455,0.791367371794601,0.8946102169738295,0.8400369248310271,0.842192115539798,0.8326141344225206,0.867681002991618,0.8160794115385829,0.8790818670717937,0.7993552657316161,0.8855262231892385
0.5701484153377555,0.30279802490784263,0.5976272958012262,0.2872965965038057,0.6140556285736865,0.2902050803128793,0.6265351899976527,0.2930058112755807,0.5507481029802953,0.27994595406721545,0.5343213264137376,0.2779595578873793,0.5212748895489355,0.27721575377299357,0.6473827063895434,0.31154992492444455,0.5030965968297733,0.29122324624249285,0.5976706309621511,0.3335012770062027,0.5348839668124683,0.3263163137966485,0.7414438898095297,0.4684599098450571,0.3930221777982147,0.41795578005774753,0.7519248598540549,0.6593792805592659,0.3116329575190847,0.5894458837275723,0.7412878647873641,0.8288192473922357,0.2819499481226075,0.7445797809634068,0.7533391452609017,0.886937222722757,0.2691865072657208,0.7993082753949727,0.727220194613354,0.8864266479612497,0.29890468809306536,0.8097152778265638,0.7148664605557902,0.8659610311999142,0.31375495590213653,0.7934508698989184,0.2562784172448692,0.74684780948294,0.2941967947123698,0.764641941998079,0.3123245998326615,0.7898940483689116,0.3252431783949097,0.8165503140006818,0.33500534342353616,0.8384343287459055,0.2713125358169781,0.80744922808451,0.28005412128286244,0.8443046673051555,0.28702098031692486,0.8627687506809235,0.29316700031556225,0.8777640038774728,0.25045361351361417,0.8061540328730412,0.25960353113562645,0.8430128877380614,0.2704389965766704,0.8624245654516449,0.28064070726498924,0.8770812090162263,0.242157360093483,0.8032815157357382,0.2508116082413406,0.8339468400099377,0.26110816014883886,0.8524556149101841,0.27177450848071166,0.8651471532809372,0.24246265866465005,0.8013029164784375,0.2491268474498371,0.8255751536536549,0.2588910390776616,0.8406728669166903,0.268981234752177,0.8512857012317365,0.7459562111268165,0.8358592877962421,0.7037150560448484,0.8458846590435775,0.6880754969289249,0.872441731075092,0.6774761325724508,0.896576744480265,0.6666264912820216,0.9159730256288708,0.7382112181207166,0.8986897245530503,0.7246563128663702,0.9321387657311673,0.704089984006885,0.9423972841786954,0.6870808464351925,0.9466119784560472,0.759585770670119,0.9005158097507877,0.7429495299965523,0.9340584620201192,0.7169156548041853,0.942041211505775,0.6952171754809865,0.9422813632788439,0.7692320787355891,0.8983515690556738,0.7539554991523537,0.9269673407457583,0.7306693103943411,0.9345801773585597,0.7102684792466096,0.936792689138942,0.7685711759915673,0.8951780883285558,0.7560222740935993,0.9185660401855735,0.7376783490519379,0.926403644162652,0.7199820375232322,0.9293237267781566
0.567131373498095,0.3024005442049667,0.5945199622455266,0.28655451345703253,0.6109559561754445,0.28923929085948485,0.6235504772410947,0.29188613791815643,0.5475757984582283,0.27976644885814556,0.5311130858678458,0.27797021926467924,0.5180941788351696,0.27737059666415476,0.644441530899121,0.3101056425981455,0.5000468292417806,0.2914965453417887,0.5948531826015324,0.33275596887377845,0.5320844551539745,0.3263085738729725,0.7402559623034162,0.46541445890697913,0.39157851979921277,0.4198401826594743,0.753945992108484,0.6566650880758532,0.31240763444235375,0.5918035555121137,0.7451193620497707,0.8262582209141567,0.28546400009492884,0.7457925217171658,0.7580609349918617,0.8842506351411317,0.27545489364783676,0.80119929621428,0.7318179613937428,0.8840580018935364,0.3067404621811505,0.8103638601208899,0.7191728301576712,0.8637138142404073,0.3209793267043025,0.7937561433108238,0.2560843084378087,0.7495283314132701,0.2943596828382106,0.766538533089429,0.3147450296538058,0.791878106041078,0.3298223190795479,0.8184933088336211,0.3406816146707208,0.8400141608510483,0.27745900523476874,0.810925231535507,0.28820895961599186,0.846652410891245,0.29626442775172057,0.865104896609896,0.30279504245036204,0.8803306805254223,0.25705931911197366,0.8104765225652135,0.2677112098551267,0.8458523743184193,0.27788866286354985,0.8650865035992805,0.2869996636590325,0.8797270015975849,0.24850194517066404,0.8078461036052393,0.25800152423906564,0.8372214788628235,0.26800515613284787,0.8557488749405768,0.27833927012414644,0.8687559573002404,0.2480438505446776,0.8055635458597344,0.25530486740955877,0.8291360950147355,0.264988007820135,0.8439887974765157,0.2750029757446039,0.8547312591009724,0.7511046394569172,0.832599291737228,0.7077148923091927,0.8438621948178332,0.6928644756749383,0.871145930983748,0.6831407912414651,0.8952601437185614,0.6724236170117983,0.9149660245842766,0.743492200259726,0.896820997781199,0.7306805250833649,0.9301050425985813,0.7098086696053274,0.940449074438181,0.6928227457501266,0.9448043079323392,0.7651379898533679,0.8975512250425174,0.7495791857996225,0.9310069731802857,0.7235004926613384,0.9390842603841911,0.7017340578457614,0.9393295189804359,0.7751060453867513,0.8944571658400642,0.7604277150987815,0.9226970484070607,0.7376323634009669,0.9306769555623211,0.7174170379878961,0.9333863309143354,0.7744092353108419,0.8905757815426747,0.7623527016317692,0.9132209381026266,0.7445833475944788,0.9212048876149238,0.7272360328058474,0.924549299866704
0.5198673132416647,0.30335147735946255,0.5434428221705485,0.2820332468876423,0.5600428871593979,0.2811701540775855,0.573029479484893,0.28107949915173147,0.49616415471845676,0.28532145426887656,0.47967651727437455,0.2870451592028891,0.4668766266625162,0.2891956387014403,0.5971339193195623,0.2944693252092556,0.4522063961139379,0.3067705468175893,0.55326820289271,0.3271586349515937,0.4906042554341949,0.33410655548564605,0.7237929301094745,0.425661694817431,0.37345861123195245,0.4553114137646368,0.7783568888930747,0.6098930584440521,0.331730066362572,0.6400080064999473,0.8051345244451735,0.777565304664034,0.3386981182287007,0.7962875472938271,0.8303778358060536,0.8314838760502552,0.34199210037588257,0.8515968874700017,0.8044858105767729,0.836859193132987,0.3739603056686869,0.853813449707967,0.7877347934823655,0.8196280386711674,0.3839498003266635,0.8345425261593487,0.31212322103303697,0.8078496298426098,0.3524763332152402,0.8158499438161473,0.3781174440523132,0.8353957508539905,0.39815898071415934,0.857539757383551,0.41369960514072057,0.8761218219741647,0.3438352719334285,0.8636995262512507,0.3635302755031319,0.895468223647781,0.3762170339788717,0.9112304495926906,0.3867396209318542,0.9240641012322619,0.3244228392628487,0.8676980901283169,0.3417279300668138,0.899602079276339,0.3571137258096654,0.9158900543055717,0.3701976918772902,0.9279781102223579,0.3169458605900083,0.8669693577218982,0.33144877094306563,0.8933067574951692,0.3463628239916823,0.9089620305635902,0.3600165346369335,0.9193165453931434,0.3181359995219717,0.8650991505785652,0.32872116541847063,0.8861961236034657,0.34213512335306107,0.8985511327873655,0.3550305187119486,0.9069629120280788,0.8127390647696358,0.7820475577918098,0.7727164897923477,0.8022224595492256,0.7639235562239254,0.8320771156932982,0.7592692981297164,0.8577202906992611,0.7532032019440807,0.8789863649620282,0.8189501823526655,0.8466837227151025,0.8129102691040437,0.8817335446879453,0.7953007254850777,0.8964574022035333,0.7799588600682166,0.9048593430872762,0.840667769186661,0.8429134279965946,0.8326296648990559,0.8788913800320846,0.8094763754863916,0.8926113218602445,0.7887462800556898,0.8978453736218456,0.8499928367484906,0.8378937702373853,0.841730992344556,0.8685535847296395,0.8214200028384313,0.8812603663916281,0.8028713953514267,0.8882690209479438,0.8486397461854571,0.8341422538456047,0.8417745414849369,0.8589582711200909,0.8264963141703814,0.8704833696014659,0.8108461331688579,0.877251243976371
0.5604685245745518,0.30185215224822665,0.5876356454405745,0.2852363112191779,0.6041031275357389,0.28743733572744673,0.616933526732204,0.2897460963895848,0.5405688668772212,0.2797511843721783,0.5240292610373058,0.2784098452305248,0.5110769784908287,0.27816494358933735,0.6381274362872954,0.3073535581389707,0.49339786496442034,0.2927435533555247,0.5889172962150131,0.3314132118691771,0.5260213574033019,0.3266744982965397,0.7385209084244477,0.4594795753842109,0.3887879739994212,0.4243206151100628,0.7588446865861751,0.6508611513890088,0.3126841611141277,0.5978560354038882,0.7536735871235973,0.8207779722408354,0.2909564309786992,0.7527151750294806,0.7690527153500597,0.8783790546244155,0.2838093915468499,0.8071521379887545,0.7423773982459816,0.878930909525067,0.3143861932578357,0.8148868918856479,0.7289351143375358,0.8588833684000963,0.32781202543115884,0.7980785390216626,0.26317538715579175,0.7597362943914319,0.3022287083518066,0.7749351455103326,0.32377879193176784,0.7992693962051325,0.33984435064890384,0.8248604735417218,0.35135885998676575,0.8460574316068945,0.2853998123515879,0.8194979471148506,0.2982129794850662,0.8548425205105367,0.30720460180301656,0.8730331290308047,0.3146851331252666,0.8878978933931174,0.26548736492505415,0.8198801700155819,0.2764772269933047,0.8548539871953149,0.288293076198037,0.8740421347125678,0.2989354930394299,0.8886728993703235,0.2576101667189828,0.8176803385983153,0.26721614945605715,0.8468875412627457,0.2787238491614166,0.8651099229865309,0.28984105851160064,0.8775397736767914,0.2584327921744616,0.8157763552337789,0.26587526457888827,0.8387777267745611,0.2763616224459622,0.8534531272671545,0.28654256991923077,0.8637492108716323,0.7612130819538417,0.8267846502938918,0.7177282919892913,0.8390139519003301,0.7033756052283581,0.8665363538210049,0.6936957142412301,0.8907466367110954,0.6840610445601317,0.9107299862586112,0.7542802670897388,0.8914937291003089,0.7418957170030753,0.9249044115691989,0.7219035695368116,0.935918909914958,0.7055374033510814,0.9409955208416092,0.7763020321906988,0.892191472641162,0.7608796933659955,0.926172738757763,0.7352213942616759,0.9346550783048824,0.7143710475270432,0.9353269481772194,0.7865703277425059,0.8892462450550775,0.7719865033554626,0.9179836694992282,0.7494904668571534,0.9259577143862541,0.7305624080189278,0.9286593685687954,0.7864001340835278,0.8856217396219896,0.774747456595855,0.9088465766551326,0.7571795576364304,0.9168956105600286,0.7407725113788737,0.9201080464809668
0.5035182611494067,0.3059647240858185,0.5255151984842129,0.2829136994334276,0.5419897888314225,0.28080003510714563,0.554986890671072,0.27973055805135605,0.4786136337094043,0.28972230473213667,0.4622787936458558,0.29268389927361826,0.4496992739009492,0.29578294427634094,0.5799815988006871,0.2913062610278797,0.4363594297118384,0.31439995011624056,0.5386054523120868,0.3272185291184428,0.47659340927949634,0.3387904869032963,0.7161112660762501,0.4125260396599484,0.3691108657591793,0.4684728399251663,0.7852005802664855,0.5921662798188535,0.3389151636156442,0.655921012998423,0.8236142971230935,0.7580117650499105,0.3586135374465751,0.8103535235244619,0.8535014144810649,0.8098952962623266,0.3660554982875833,0.8647796808955732,0.8277473909063982,0.8173108706736129,0.39806938702390915,0.8641310388241761,0.8095720314714447,0.8013227903720559,0.4065371060393178,0.8443598920003736,0.33507127684835425,0.8250174701810962,0.37737715575105824,0.8294178163660152,0.404464439938117,0.8477248043885879,0.42732598772121544,0.8679457708297428,0.4433387317028955,0.8850443041154248,0.37230111412843114,0.8772298749026404,0.3939731016348176,0.9075207911382925,0.4071200817402844,0.9226090708699749,0.4179338735022046,0.9350274442951629,0.35303299384636877,0.8828236412295601,0.37267610289954645,0.9131285759764115,0.3884489499982453,0.9286834562691357,0.4018924828642028,0.9401966397211029,0.3444040312895576,0.8825299436436507,0.3607080522224668,0.9075992578148324,0.3758838178620154,0.9220676275317059,0.38925089193039386,0.9310464614829681,0.34456965147360386,0.880057959488067,0.35707105737732625,0.8997619145823659,0.3703376440493614,0.9108892059395655,0.38214702005904316,0.9180649422025837,0.8326090508525725,0.7609904803548286,0.7937287148662273,0.7841142894557641,0.7870346012696661,0.8149805434761032,0.7837576295764,0.8411860557204474,0.7785880354327624,0.862946068478722,0.8423532642475955,0.8255969779787224,0.8387066708505727,0.8611532290004109,0.82200555612732,0.8769439405572281,0.8071812058260202,0.8860944701340829,0.8641981404828567,0.8207887572928871,0.8575299334729365,0.8576347945187746,0.8350072499516843,0.8727111808892873,0.8149394418212613,0.8792750656928744,0.8734040096260292,0.8155231139427166,0.8664404528956671,0.8472693589089462,0.8463470869908276,0.8611555230889953,0.8282276064088434,0.8691090202080287,0.8721972318054603,0.8121260918076953,0.8661322086254291,0.8380552303860764,0.8506414460504921,0.8506481539555522,0.8350930139050795,0.8581885956537836
0.511490412410007,0.30443777793876636,0.5343358802747623,0.28220842238566046,0.5508813174460646,0.2807071926246001,0.5639092745521205,0.280118901417701,0.4871903954107014,0.2872800453207224,0.47074718946456584,0.28964133657584334,0.45806207491068274,0.2922794356826295,0.5884302391006685,0.29262177159909136,0.44402615473764384,0.3103742477763324,0.5457727522705567,0.3270133647261909,0.4833522006753447,0.33626887507336434,0.7200159657805716,0.4188100260171309,0.37118279673444593,0.4619385960348895,0.7824379497477548,0.6007994007042465,0.33402266459029417,0.6484737389068902,0.8146562828920374,0.7680372330117142,0.3488386296586451,0.8033345763167015,0.8426937259103523,0.8209963206698698,0.3544591163379076,0.8582807854813772,0.8166738691580221,0.8274387236968195,0.38736576374011017,0.8585035407761166,0.7990992520942963,0.8107762207917402,0.3966525121997956,0.8391212067269576,0.3243065241615498,0.8169353062673126,0.3672731448398764,0.8221564110750799,0.39396492124718907,0.8412842890741514,0.41518858947300685,0.8629445686701813,0.4311942190438021,0.880767408181651,0.36121104881942423,0.8692696177009857,0.3820853155489783,0.9008990785569109,0.39480555823417485,0.9168599352066688,0.4051499639991709,0.930022049850116,0.34129659661198974,0.8744147923437475,0.360294634057181,0.9059962079477977,0.37558125762416383,0.9224172668206124,0.3885462301123351,0.9346854589324674,0.3323971362415184,0.8741660562953042,0.34807734649138156,0.9005138733743494,0.3627107972128885,0.9159272210105331,0.37568586651347624,0.9256664898204523,0.33238512043722745,0.8719933399206979,0.3446066598924995,0.8924057738109793,0.3571375971405088,0.9043646189172376,0.36860305117672315,0.9121830526784684,0.8214763721869669,0.7717002717211134,0.782033862143936,0.793868417502869,0.7746996526601292,0.823886485966816,0.7708740494936142,0.8498724018377649,0.7640105193981335,0.8714448446310453,0.8295712949463486,0.836313470621727,0.8258636831396179,0.8721812115851864,0.8086733233965736,0.8871654632710958,0.7931223785116196,0.8951418502195054,0.8525514209013446,0.8316483068319358,0.84546324858321,0.8687619988917816,0.8222794018046526,0.8820686680961302,0.8018408391141005,0.886784101493683,0.8623853854777301,0.825876649473025,0.8547756503798812,0.8571558949738207,0.8348024472330683,0.8696394189308139,0.8166562999982324,0.8761522880746392,0.8614479967936323,0.8215043942385863,0.8552852412159804,0.8460299517956615,0.8394392133340336,0.8572776758736816,0.823701357235739,0.8633720144527361
0.5578180529058187,0.30153860632413476,0.5848277420389278,0.2845815296226384,0.6013276546682741,0.28658612723780363,0.6141900068146741,0.2887469003783851,0.5376515950744971,0.27963963830135063,0.5210671795711929,0.2784943787427639,0.508114127059314,0.27841341438225753,0.635520708982924,0.3061053752457158,0.4905815660795642,0.2931673778088011,0.5866035894871072,0.3307959753655332,0.5235774414401612,0.3267646649599477,0.7377675465668673,0.45706407612922706,0.3876290108803294,0.42619600758609216,0.7607049702517708,0.6480686779374363,0.3121523788628321,0.6012649834123561,0.7571725824384161,0.8183580128656346,0.29555159953401616,0.7560226290287826,0.7735065048286444,0.8760638896660806,0.2898939908697844,0.8111022605334886,0.7468466472761702,0.8768886111784207,0.323116667782513,0.818089544285297,0.7332174117582895,0.8569116276693731,0.3361823132228393,0.8011228505906467,0.2677276687567784,0.763668449954209,0.30858015517600357,0.7771509104271886,0.33111128313833194,0.8013128762402204,0.34718919844690055,0.8270373880965466,0.3584118459715815,0.8477452638954447,0.29295331595461893,0.8220471448496259,0.306706226288328,0.8578009781166416,0.31587510186108203,0.8760185013691781,0.3230142750649547,0.890649504921651,0.2723907835578895,0.8230036658176806,0.284308754614678,0.858663093408623,0.29623094213762685,0.8776471164350077,0.30664020866464403,0.892285889312775,0.2638483268130234,0.8212279658732238,0.27397874463840355,0.8509334921146724,0.2853289491867729,0.8690596476561361,0.296017304357671,0.8815128991782486,0.2641832213198976,0.8194948311487253,0.27227303380574963,0.8427763924418561,0.28255492927078574,0.857268250103131,0.29246638041880124,0.8675503889182543,0.7625861811308587,0.8229846433625727,0.7202708769671139,0.8366111358042607,0.7065257462518654,0.8645316991584662,0.6971322511128153,0.8889614443597904,0.6861679772495102,0.9090473525043764,0.7574291139047205,0.8882979151410827,0.7459915640854402,0.9219669309519514,0.7260146056476058,0.9332401031291645,0.7093837005497807,0.9383326941242789,0.7799028097204328,0.8885528092006794,0.7649962127636348,0.9228522746931355,0.7392908695251921,0.9312237942962525,0.7184112097178783,0.9317750794125381,0.7900412071211442,0.8849897233040878,0.7767228816528137,0.9140035098153552,0.7542915959822986,0.9220173976642807,0.7350804951081745,0.9246688815426234,0.7895293810923396,0.8807594752222659,0.7788159811897821,0.9039176097944538,0.7608674556926897,0.9117673456721493,0.7441590941501729,0.914741169517985
0.5845008289253061,0.30424924650994983,0.6133900998052384,0.2907152461165326,0.6295245032589356,0.294718171254623,0.6420232008698175,0.29843500783560495,0.5671627853632927,0.2800435776312826,0.5508387936233188,0.27687301294499134,0.5379870996862587,0.27520508232676805,0.6610534941488049,0.3182647046395743,0.5187947826780714,0.28767550089599536,0.6094997588220631,0.33680847291885546,0.547428041910686,0.3250945862298188,0.7442006674283647,0.4805421656118696,0.40040554769437176,0.40733247471957024,0.7437630215479811,0.6727906456894243,0.3042048918241055,0.5719224661777887,0.7195877714266667,0.8413518978071537,0.2693611984586563,0.7229034024278929,0.72879037110904,0.9007514179990992,0.25663940083053793,0.7768568633153465,0.702413747590694,0.8982581631381659,0.2888386046430757,0.7879063875205913,0.6913335156498132,0.8766971382657796,0.3042150732320912,0.772479432634757,0.24033824887408017,0.7271144185426401,0.27980587041275584,0.746201511556265,0.2984637207015674,0.7731114046572765,0.3106604312605157,0.8002994701515602,0.3200874946247493,0.8220440690523196,0.2583995905486168,0.7881708362520075,0.26807856039175204,0.8250197609781296,0.27478299340097384,0.8443007574578582,0.28011467437008813,0.8598870241112069,0.2377170888736312,0.7862736873297275,0.2450826968335209,0.8228853604478179,0.25454413799944603,0.8435195142112608,0.2630854758729952,0.8598465785202103,0.22930126448405408,0.7833932260502214,0.23525008987036117,0.8141834339184575,0.2438818323957701,0.8336622064230239,0.2523719969305594,0.8476033366687927,0.22979767131171341,0.7817453251016018,0.2346032093821131,0.8061037538406051,0.2421908717967925,0.8217321550020598,0.2496458642426101,0.8332205610348313,0.72411039787273,0.8464483572708313,0.6798620064109009,0.8543033371221966,0.6630039467942737,0.8807704184060436,0.6509673327626151,0.904124713012443,0.6387338381996231,0.9226257081646074,0.7100041113959569,0.910417332045169,0.696400970445549,0.9429157111858151,0.6754683379857438,0.9518292071011196,0.6582648153270652,0.9548137475620607,0.7326546911839378,0.9134650329257328,0.7149982827369004,0.9460808131576165,0.6885972541422655,0.9517283412200528,0.6673662499480677,0.9501466257224553,0.7434044735131824,0.9115426176169743,0.7272505731558268,0.9391783570549157,0.7038419368206423,0.9446022573624064,0.6840273463062453,0.9450590844732747,0.7435350433615677,0.907716240678873,0.730101600947391,0.9299211548952784,0.7113447185147485,0.9359175449335506,0.6940446961588332,0.937119836988848
0.5014345815883958,0.3063854569592329,0.5232555210814621,0.2830927673024331,0.5397262422927037,0.28083866158275617,0.5527127553636338,0.2796703567112934,0.47634686182170927,0.2902794693573246,0.4600036108983454,0.2933690478931349,0.44744711953505206,0.296577389525588,0.5777178364205736,0.29106088648962514,0.43421889770687006,0.3153042583256257,0.5367022881064939,0.32737619271998786,0.4746976789200271,0.3394729639851892,0.7150791552932937,0.4109939297585625,0.368645150657584,0.4703904463038236,0.785979452205194,0.589605755630411,0.34035650511647586,0.6588048501194361,0.8258716473168333,0.7551596399673561,0.36428307026122453,0.8114332533735449,0.8564222101713432,0.8069866459170083,0.3726329410499029,0.8660703638997764,0.8310278379589039,0.8142871138606613,0.40665449074575544,0.8643199768600436,0.8128033635811773,0.798326716923399,0.41502994357963696,0.8444280012214388,0.33812320056560874,0.8260866338184858,0.381485260695682,0.8290430372894173,0.40917926089111933,0.8477224752653888,0.4305574840277321,0.8684715726864667,0.4471990064807156,0.8855575753330234,0.37769630503807394,0.8771291787333464,0.4004882972421584,0.9081712894534875,0.414241127451649,0.9235942711353253,0.4250150545300837,0.9360096629876098,0.35763679716067903,0.8827387323470004,0.378509666014086,0.9146750053484701,0.394921337145027,0.930361635860034,0.4087500862780188,0.9421734150346652,0.3490700986451465,0.883004585997232,0.3670016970125849,0.9100561311063302,0.3826536352752231,0.9254011175453623,0.3960175178908669,0.9356123458924454,0.349337216150536,0.8812750387214838,0.3641027117719787,0.902828152114771,0.3776639638559654,0.9144835580456616,0.3896382083265021,0.9221463668675145,0.8328075501636992,0.7577145675288356,0.7944080766870338,0.7812574757006197,0.7876729153055604,0.81214678689045,0.785891106269667,0.8383103947892462,0.7810584514574423,0.8602039345591833,0.8425203228664283,0.8227602798480826,0.8412810319953707,0.8577453874077826,0.825226978285992,0.8736330164791883,0.810505689908797,0.8828696111663952,0.8644928404575654,0.8172737769303028,0.8603588087991546,0.8537524767408862,0.8385454764567528,0.8691511790628845,0.818319109198553,0.8760293146288435,0.874053612384121,0.8112856007101978,0.8694383972703631,0.8424957005534939,0.8501663972204271,0.856851373031793,0.8318630043802371,0.8653331871156434,0.8731091076165437,0.8072096881388457,0.8691639199545087,0.8323747136827597,0.8546373132261883,0.8451081936780589,0.8392255244220044,0.8530685835872067
0.49735954315064085,0.307251220943039,0.5187332930333848,0.28352543681486153,0.5351676033962857,0.2809665627398754,0.5481307040271242,0.27955562400510664,0.4719449303791335,0.29158514323434587,0.45565969006102236,0.29497674892206405,0.4431674948792588,0.29842840719780783,0.5733247334880918,0.2905001836304562,0.4302691423076234,0.3174521920097523,0.5330068722647913,0.3276013802587502,0.4712252952121631,0.3408519746001029,0.7129494259936864,0.40779731986509493,0.36770813882371467,0.4738460720952105,0.7873341734358569,0.5847418513372771,0.3429498625579289,0.6628217441296728,0.8303471052186918,0.7497598196957693,0.36980157408873515,0.8148648465531787,0.8618258532741137,0.800963256580052,0.37902865358818705,0.8693054723073532,0.8367104657156998,0.8085555463345093,0.41295054237729234,0.8668804851497318,0.8183011249038241,0.7929016322067437,0.42102282255579737,0.8468370820404592,0.342923195615014,0.828364309741157,0.3861411526627734,0.8317555605420905,0.41390290530837415,0.8502430500785176,0.4361562479579838,0.8706068294930969,0.45324851543516875,0.8874875836093665,0.38391794263591184,0.8797882967672992,0.4066719746116172,0.9098717632383895,0.42007179997015354,0.925522634413978,0.43086370381421385,0.938308146369382,0.3646490102753556,0.8856188240884073,0.3857663070041629,0.9161203317570485,0.40197694685545027,0.9320227675346064,0.415687114777055,0.9443983981832762,0.3561862561189777,0.8859855276715205,0.3745531049314479,0.9120186929279579,0.3899779358635178,0.9275633023914165,0.4031347779059762,0.938159031990776,0.35641266954733297,0.8840130161551762,0.3707159396045855,0.9052857240658656,0.38385732806361084,0.9173129348746267,0.39567894734876036,0.9255073623754035,0.8370934025379471,0.7520310358581457,0.7994137783933981,0.7762170280468279,0.7933326766353409,0.8068407250070204,0.7917637840268805,0.8332676367569423,0.7870564292193334,0.8554384215694516,0.8487769608760756,0.8164627475135561,0.847736528127789,0.8517917776900427,0.832005476909266,0.8681584245120738,0.8173562271907211,0.8778096596794616,0.8706541182148182,0.8106904566071346,0.8669213942553751,0.847302333461345,0.8456597984658096,0.8627662547247489,0.8255648838841755,0.8696511835669394,0.8799529759223976,0.8046678683051527,0.8754032682115009,0.8358624269901369,0.8568849792171875,0.850404046470989,0.8390881999782954,0.859018436460002,0.8789472962702565,0.8005353487978598,0.8746578984133545,0.8255953784535551,0.8603589558851135,0.8386001914650523,0.8450561601953144,0.846779987991814
0.49488051856166954,0.30777523409703567,0.5159727841087893,0.2837759422167103,0.5323804333571867,0.2810356230774306,0.5453317952939642,0.27947686930815874,0.4692722122006915,0.2923626829147964,0.45302415377485106,0.2959433184351894,0.4405760012304832,0.299545871904001,0.5706447147788981,0.29015718683438063,0.4278915964471975,0.3187586602904249,0.5307634331283776,0.32773861743940325,0.4691250916265708,0.3416634870383777,0.7117977689777044,0.40583755656003384,0.3671972115195192,0.4759720682700998,0.7882548055796861,0.5817671509247594,0.34464977447977807,0.6651896815497899,0.8332004470207616,0.7461962017755307,0.3730943611319485,0.8165305604555531,0.8652021597061526,0.7969122969181205,0.38273859243081754,0.8706288023118827,0.8405334898811668,0.8045740304925849,0.4164634489308918,0.8677522983338752,0.822060591343437,0.7891155702075985,0.4243670204476326,0.8477091021112886,0.34540051261819116,0.8306496308076099,0.38868300809712397,0.8334282155257595,0.41677065799244517,0.8516356757221759,0.439260863853553,0.871743405218959,0.4573869514658481,0.8880096131581889,0.38674307020660537,0.8824962193775872,0.4105523494506743,0.9120485656309367,0.4243674020280424,0.9271058440856486,0.4351570173723748,0.9395332580572132,0.36751899100414676,0.8883913955009834,0.38977126314909727,0.9182917571548029,0.40675976879323816,0.9335378108461012,0.4205649912493054,0.9452626710967815,0.35933734027715936,0.8884011607278722,0.37738571892127204,0.9140229603425444,0.39326765825667676,0.92913940942886,0.4063622507282566,0.9395382877254745,0.3597893044783726,0.8860591639886036,0.3738775642327168,0.9069711466531112,0.3871183715818872,0.9188321949419818,0.3985173474482874,0.9270504571116064,0.8388746733633508,0.7490361014806395,0.8021901735191558,0.7740506771759335,0.7968767631120361,0.8044515949577644,0.7954627634387863,0.8306277477823287,0.7910767457311014,0.8528700481401277,0.8519052186047366,0.8132517382872569,0.8506888748125947,0.8483595883198283,0.8356963679712557,0.8649188969949984,0.8216725874936587,0.8748405963820183,0.874046962780571,0.806879953297623,0.8708289876130342,0.8433662031380633,0.8499385943550001,0.8590834509457306,0.8301923271662874,0.866079225120655,0.8833613097528923,0.8002915796037003,0.8792680989361501,0.8311017845091043,0.8610554058189224,0.8456508384591713,0.8437329027681826,0.8542402303057597,0.8822425891483296,0.7958478079658757,0.8784839547942959,0.8201806850913709,0.8644585817756147,0.8328044434816269,0.8495878799983283,0.8406146635627143
0.5823776094341434,0.3036275591597337,0.6111738836797702,0.28974692681166825,0.6273427963326663,0.29363852763819664,0.6398692974180755,0.2972683420865657,0.5648334128978004,0.27940423236029266,0.5484814931536497,0.2763455671566509,0.5355948132289033,0.27480395421847126,0.6589813155305568,0.31700720369379376,0.5163881716387555,0.2875905777410026,0.6075969421561848,0.3360370434499026,0.5454165495545387,0.3247477151466077,0.7438723805603339,0.4786370915383021,0.3991365691662131,0.4086916930031133,0.745728977955372,0.6702485101929986,0.3045191696724407,0.574118452834117,0.7230482561329417,0.8387718593726837,0.2716828844393477,0.7242137466333295,0.7326418653672094,0.8978751283459673,0.25938157382537114,0.7776221800056227,0.7071996868875764,0.8951942549919916,0.29136674692397957,0.7880710922326379,0.6963534601238262,0.8737173171831524,0.3064942737325842,0.7727615314244202,0.24119425729815563,0.7263298275992163,0.2795742667606544,0.7457257486107082,0.29842905514173934,0.773652038953397,0.3115343595213608,0.8012241519236059,0.32190893133270604,0.8235914594390442,0.2596590566782205,0.7911731273201192,0.2694350785085838,0.8272686316137206,0.2760143105590736,0.8464761110906964,0.28123603548124965,0.8622943587559457,0.2393714819466904,0.7891526682870573,0.24800496635557256,0.8248316209879507,0.2571233253514301,0.8454703120464989,0.2648499895773223,0.8617114346034653,0.2313572943577003,0.7858439692859389,0.2377978106681503,0.8164975679026525,0.24608322429722262,0.8364920775089995,0.2538960999524243,0.8511435380635073,0.23239114110220377,0.7836566806540355,0.23702401548332241,0.8084557363316075,0.24408436850362308,0.824529098787953,0.2508346802880931,0.836650751407648,0.726696402499688,0.8446009711067195,0.6830147111453825,0.853056514145081,0.6664993502575228,0.8789215119621494,0.6549261708091847,0.9023675329639135,0.6426993740474201,0.9210068683427263,0.7141670776723945,0.9084939352565407,0.6989701187291429,0.9403401874729314,0.6784879637456145,0.9494299305360769,0.661872532102994,0.9528906650031379,0.736986681009979,0.9112781417149167,0.7191347109384049,0.9435898491040411,0.6934930608794302,0.9492615414700136,0.6730575012972537,0.9477887186917127,0.7480630021716572,0.9089306054667634,0.7319094460241201,0.935898879576649,0.7093452784583137,0.9417661009482322,0.6902400066953145,0.942626253335753,0.7486561279875108,0.9045827307706373,0.7356303946692613,0.9258452747421477,0.7176511945126383,0.9318032152134883,0.7010675869679696,0.9330342500102267
0.5617187146283427,0.30135976692262745,0.5890579541901714,0.28479058432380816,0.6054989805352395,0.287141262511727,0.618296914630931,0.28957837222705707,0.5420307606834941,0.27887033880287593,0.5255078084240168,0.27735316711936847,0.5124101988090117,0.2770211757775493,0.6391591531101525,0.3074570596917189,0.49442809781151925,0.2916229620803941,0.5898120692801119,0.33124688408012776,0.5268728907960649,0.32584732728894017,0.7390025751323265,0.4603111181707827,0.3891629677492513,0.42334046542102716,0.7590952191076947,0.6506018138158048,0.3106273984333735,0.5969605505285119,0.7525450718941615,0.8203951439614402,0.29207617847762013,0.7495098665901669,0.7677024154040784,0.8781966044695431,0.28488835371142185,0.8037946788200372,0.7420779110311694,0.8777537862867792,0.3175691041018731,0.8110780046345538,0.7292565236809295,0.8574935708160857,0.3311756826366883,0.7943356477129059,0.2624501185418912,0.7557893883272022,0.30297459478365707,0.7715016475963584,0.32395834058725537,0.7968964924766017,0.3395591431912671,0.8226638418017924,0.35209248300565454,0.8433590430887987,0.28678971074945525,0.8179325923051979,0.30023901154298177,0.8526682567158625,0.30854721205568114,0.8708513656487102,0.3151401174852015,0.8859134206733601,0.26603870283009756,0.8177399302498414,0.2787258422953474,0.852388772502422,0.28968070024108455,0.8717675478787082,0.2987097579531134,0.8871608429806945,0.2575809047667184,0.8151982835508487,0.26780392691604116,0.8452713145342479,0.27812374212893176,0.8643873700910206,0.28718909287663,0.8781680260209002,0.2587289392959096,0.8130529875182825,0.26637519170356844,0.8374975761211275,0.2752851304131504,0.8528406990945245,0.2833913569665429,0.8642349201032806,0.7562239701676033,0.8266837729259684,0.7137942863065763,0.8395981748612478,0.6998410595924255,0.8669351960485334,0.6905402833921086,0.8910458467569229,0.68002052140122,0.9105729506532874,0.7495964311128708,0.8916297137780596,0.737609412672328,0.9247292956059268,0.7182854878219836,0.935666125318195,0.7024986889949296,0.9410300660502414,0.7724880353185519,0.8922538139375218,0.7575309599797645,0.9259096220768874,0.7322624073414423,0.933934061581511,0.7119588862236421,0.934441016772071,0.7833706535830338,0.8888674822913372,0.7699302530092251,0.9173287409427728,0.7476518069505196,0.9250676357724958,0.7286177635638655,0.927655705831467,0.7839697168262774,0.8847049410561683,0.7728987094257372,0.9069469510552005,0.7554131358423147,0.9143239627460993,0.738989612914755,0.9170434511079996
0.5153902771021583,0.30346673358615406,0.5386482722267828,0.2815173345331113,0.555201964784989,0.28037166940855146,0.5682126401462415,0.2800798274126196,0.49146298740349165,0.2855881668524233,0.47501157281812445,0.28755033590465073,0.46205321167651553,0.28997815549849526,0.5923400132335962,0.29319967340408115,0.4475049851449918,0.3080797693328157,0.5490879364090177,0.3268014837361195,0.4864173315000039,0.3347049653721545,0.7221027925954255,0.42164758253016354,0.37226775660372835,0.4590223496268161,0.7818174649536378,0.6033785318908019,0.33193665712018583,0.6452618873868826,0.8109987500926141,0.7706791498528324,0.3458265354849416,0.7982744687019532,0.8381245984568428,0.8239120785867615,0.3501708685422572,0.8527252287141661,0.812809545492595,0.8287699257198164,0.383507470313477,0.8529727800041697,0.795997149517843,0.8116442881388164,0.39331131269702146,0.8337285792540231,0.31834973821939105,0.8104459030337879,0.3606199823290321,0.8171537114026017,0.3868372258478566,0.8378117355517445,0.4079950689502875,0.8598942807267003,0.42441032862680517,0.878131792687445,0.3552449942970737,0.8662554542851963,0.3752022711487368,0.8973455645105948,0.38734403183128485,0.9136034641804848,0.3970756871939831,0.9269459315048509,0.3351922606084279,0.8703152014312491,0.3538709156705866,0.9016333885092283,0.3686554862984322,0.9183925360227132,0.3808225737965668,0.931253453343251,0.3260312769747322,0.869566522919742,0.34124792652155556,0.8966682430903927,0.3550275986200587,0.9128907201060077,0.36687199013055427,0.9239873303445005,0.3258090843802455,0.8670758717322076,0.3380194682040949,0.8888845977742108,0.3497061336813872,0.9015972039733553,0.35980633581987864,0.9105213591105568,0.8157895964258755,0.776176166940161,0.7769297920590297,0.7976486267635897,0.7691837975393481,0.8273247929366682,0.7648053618430282,0.8530777460908778,0.758129119054757,0.8747080844738124,0.8225877321447932,0.8407342207522601,0.8186104617994288,0.8756602616425757,0.8015014092619864,0.8906156257833182,0.7864633249817026,0.8990404463491981,0.845296114989327,0.8366067491565542,0.8383742771642981,0.8728526237345965,0.8151119007855376,0.8860517993877712,0.7950836776475151,0.8907519795537157,0.8552723974452663,0.8310034289030566,0.8482198646621603,0.8617376724714245,0.8278098771609443,0.8737617300067202,0.809451918891933,0.8799611104565,0.8547010639565356,0.8266975743223717,0.8483866185204423,0.8505863117961832,0.8324074826271981,0.861342397503661,0.816582625501437,0.8671958009517793
0.5365773732149957,0.30114025408360656,0.5618619392342917,0.2815688845778713,0.5784431079943146,0.2820397464891578,0.591402515667283,0.28301684294824314,0.5144980167628528,0.28104268519856157,0.4979519954466308,0.2813882030602277,0.4847640130034332,0.2825479740125287,0.6141203971686292,0.29844915432560837,0.4685069365750129,0.2992049009253064,0.5678221169791701,0.32763884647783015,0.5046815332333277,0.32940672475666744,0.7308571381734101,0.43877002610785854,0.3789998809996714,0.44222231962025027,0.7727461392844237,0.6253383880731855,0.3208931750437273,0.6237230130717846,0.7855897699381991,0.7944772243126511,0.3198891271366012,0.7772475153752759,0.8074792841561926,0.8501504271284883,0.3189425829464215,0.8318010375444604,0.7818119436940879,0.8524176734167102,0.3519987644816107,0.8352732747488436,0.7667229876242171,0.8337130315411838,0.36364645175510646,0.8170753096068817,0.2914626258217586,0.7867753171719025,0.3331517058794478,0.7975729373667039,0.3572060451262363,0.8206873506563404,0.37592881678615586,0.8447536958267967,0.39068788023920564,0.8643487064389032,0.3233838419242824,0.8459959210053963,0.33987105365231707,0.8791086747904399,0.3501711277961529,0.8960975937508209,0.35852218908145406,0.9100191091625998,0.3027678015963838,0.8478876479891483,0.31786689498649284,0.8810356084616123,0.33096682048072423,0.898799236347681,0.34215627910875895,0.9122868906030352,0.29373081585018734,0.8461246435935961,0.305922261466377,0.8743953649644467,0.31806029071726427,0.8917527753243542,0.3289181059199701,0.9037018724838881,0.2938098242050867,0.8435707557137003,0.30357969831900317,0.8662766250434046,0.31349676519096903,0.8796568407295415,0.32232688398330533,0.8890525305318343,0.7896568062754313,0.8006355915186513,0.7487826098196096,0.818305914638283,0.7381083518789711,0.8471928023801268,0.7313914507329938,0.8722784931607037,0.7232414725291854,0.8932131981116839,0.790443529993456,0.8655514124367227,0.7826872070960033,0.8999834772572749,0.7643928743043692,0.9132494459525212,0.7489408966588169,0.9201767983189659,0.8130030656065221,0.8637673969850994,0.8024168722479088,0.8994152978653885,0.7778711581190892,0.9102632956199838,0.7575362711384525,0.912968671596075,0.8233223974699424,0.8594243487782941,0.8136968520410872,0.8896276282272645,0.7921265529988523,0.8998295456320737,0.7732624562585473,0.9044531359205545,0.8231127514402117,0.8554197919179594,0.8152195243018396,0.8790656110453932,0.7984129348631779,0.8885644261951307,0.7821960188795041,0.8932304692237352
0.4952770171135032,0.3072683392064631,0.5164015807104528,0.2832886054071012,0.5327686401214089,0.2806213824524657,0.545669324938657,0.27913556198049383,0.4697847119665495,0.291733371808801,0.45361313514247026,0.2951937243725452,0.44084124940829145,0.2988335726947118,0.5708886428853773,0.29003764020598427,0.42802438255743713,0.31834389814699043,0.53093599129464,0.3274078191425931,0.46927709594505,0.3410798483631552,0.7121032783760128,0.405693054915663,0.3671542034128795,0.47581903757783806,0.7884975009267559,0.5809819331094735,0.3445873408173664,0.6650005677645433,0.833211738146524,0.7446093736126015,0.3727050701391157,0.8161635098022775,0.8652858918614313,0.79509110458307,0.3820686136358046,0.8698753296920255,0.8405125716305494,0.8021771077885946,0.4151457422351933,0.8671119720326692,0.8221488576734397,0.7866896048810743,0.4231287758726133,0.8469784182432125,0.3474046100591144,0.8304731282077247,0.3908914756489328,0.8333406108126145,0.4182283641317559,0.8518043157598401,0.4407839488953763,0.8718147041517742,0.4584654605847953,0.8879175462133613,0.3886831164376633,0.8823638835212301,0.41135017240583605,0.911882751312326,0.4248000407503269,0.9268876459445377,0.4358757966073259,0.9391035382652992,0.3684910380136302,0.8882341858626537,0.38983135681714565,0.9183863559065485,0.4062656767588356,0.9335980321384882,0.420048472142188,0.9452600274027108,0.3593290303483176,0.8883039188786777,0.37728275786273646,0.9140889708691394,0.3930499668448355,0.9289656718349418,0.4061225911931917,0.938950343975832,0.3595155106666543,0.8857816400965741,0.3739393005909045,0.9066199539020351,0.3872879509411245,0.9180644198463936,0.3985571900850037,0.9258563762954424,0.839529363710732,0.749488890927224,0.8021341778649504,0.7740091832416025,0.79651841710135,0.8046770965062282,0.794746358716504,0.8310042769968744,0.7904287087752708,0.8532819469088295,0.8515902082700126,0.8132052434846372,0.8505202861620578,0.8485521338247437,0.8352038474539076,0.8651824580239067,0.8212617194120002,0.8751611804936626,0.8734817896759949,0.8073478717406843,0.8695653347224517,0.8443375088549474,0.8477083913926498,0.8599767560410185,0.8278772782904553,0.8670463652187428,0.8828445731208588,0.8014510593490728,0.8789585527607415,0.8333286295560919,0.8595875772910927,0.8476708099668971,0.8416245726114353,0.8559977777959612,0.881867455977313,0.7978387830356594,0.8784334819793532,0.8235519045263104,0.8636794376382573,0.8366152258770707,0.848386584336567,0.8446692225725358
0.5377982798424032,0.3007403491707501,0.5631816586139796,0.2813987263272909,0.5797534126141203,0.2819804867271054,0.5926884162865043,0.2830346512010776,0.5158032999905563,0.2805837559775266,0.49927827050466783,0.2808180171632151,0.4860048963221598,0.28188210214752296,0.6153180888598216,0.29868353493507144,0.46961583208127644,0.2985602694273397,0.5688290170640201,0.32749925404020996,0.5056881805718372,0.32885749539726783,0.7313557852836355,0.4396433447287276,0.3790911943563053,0.4413648791932359,0.7721058660220832,0.6264764844425776,0.3203517594497565,0.6225332078054298,0.784107713546511,0.7956543583101215,0.31851920599401373,0.7764136071910166,0.805841572775554,0.8514289693628188,0.3171421300809524,0.8307770571246487,0.7801590368203817,0.853560514410114,0.35013723388296747,0.8345364803104388,0.7651380946315371,0.8347892105645967,0.36191239425061283,0.8163211239857442,0.2910472375898155,0.7858976275484788,0.33254361516270764,0.7971227807858698,0.3555794381463474,0.8202356218279336,0.3739197692437226,0.8441330635879392,0.38879834945586433,0.8635043996151637,0.3207071651155542,0.8445701374877477,0.33761158228763966,0.8778370111586358,0.3477668766112171,0.8949437842096803,0.35607357632105785,0.9090290864120147,0.30020176064226595,0.8461939048383906,0.31525476752396486,0.8797100586609095,0.3282230526270917,0.8975191205328763,0.339248071006909,0.9112953930672786,0.29152677177836844,0.8441269583339868,0.30411351076221116,0.8723172894420074,0.3169311335078062,0.8894701650474676,0.3282684552380724,0.901086704697458,0.2920934906376279,0.841439061446019,0.30268951438302466,0.8641018341188393,0.31448874395706095,0.8774105337430532,0.32510565511940864,0.8864419873592888,0.7899085612457257,0.8017722650866955,0.7482012686347482,0.8182474510661295,0.7365472175552059,0.8472744161381103,0.7299852961556315,0.8729042489395864,0.721018748678505,0.8939631381281268,0.7893735419746735,0.8666728146669391,0.7805044243526427,0.9010413734364012,0.7624421501246317,0.914397839492459,0.7470768224679963,0.9214487718992237,0.8116395311311793,0.8653319670556492,0.800320608264717,0.9007011249211642,0.7763285950715739,0.9121954345422175,0.7555706439518415,0.9155089398082619,0.8217328131576449,0.8615047540749323,0.8117721650903164,0.891803382349297,0.7902264173806963,0.9025265155588108,0.771121062443298,0.9076277307103031,0.8213549825383525,0.857926601028042,0.8133454536695209,0.8825713534281827,0.796885313170165,0.8928602515984065,0.7805809108143242,0.8982177481202112
0.5044502072527155,0.30491947607277836,0.5265699305326896,0.2819317444134947,0.543030558671621,0.27997726448962523,0.5559476230738444,0.2790489823932922,0.47961620188926274,0.2883569231576375,0.46335122421355407,0.29108825236506486,0.4503215551074595,0.2941670393423341,0.5806995985501027,0.29107376516454875,0.4366416473416277,0.3131733964816946,0.5391322350876065,0.32664274528271103,0.4769656642422404,0.33762201052066854,0.7168761151391366,0.41259722716616937,0.36892333596760707,0.468250386865262,0.7856278078414393,0.5910400028514118,0.33861353207856987,0.6562412911502723,0.823238315575215,0.7564015851181906,0.3604004867064454,0.8087070100658864,0.8534453841472467,0.8081708451958987,0.36725870420762163,0.8625736638365644,0.8283382801359115,0.8142046523281644,0.4004137287511405,0.8612452709647709,0.8105333659273926,0.797955504819763,0.4092945879774117,0.8413982982106323,0.3348651019376133,0.8225941281823499,0.37822346008371294,0.8270923482074715,0.40426119417859324,0.8466901389339361,0.4255560015003507,0.867654664310851,0.44318795127196414,0.8841687076193154,0.373640851463415,0.8757454185624691,0.39499004862405823,0.9061676745879365,0.40757770700148976,0.9214669050729645,0.4181449817888696,0.9340095798538928,0.3533789265494377,0.8807610290592944,0.3731606076125048,0.9116262074148249,0.38886151523459467,0.9270329249546072,0.4021644851770002,0.9387946811815091,0.3443004928449125,0.8802686601840619,0.36109100861247106,0.9061039085274419,0.3764082486889198,0.9210104609070655,0.389409912602087,0.930818282730888,0.344465594049813,0.8775397456311554,0.3581418608074462,0.8981623506950756,0.37143767939005723,0.9095101855698662,0.382921995257932,0.9169564953373488,0.8300662236656191,0.7612099085476578,0.7912003913057347,0.7842193954155319,0.7844923027381159,0.8147503676961116,0.781888311436371,0.8410281987450532,0.7763739457840222,0.8633376490074445,0.8401930617522305,0.8258333783399063,0.8365492331176295,0.8613032524712991,0.8201542538985795,0.8772268682800997,0.8055339393692189,0.8863699583397242,0.8620791499543665,0.8208245424206446,0.856054247667462,0.8578147548863791,0.8336491413159013,0.8725713248540972,0.8133488034594976,0.8784705351862703,0.871274157047406,0.8152249606872046,0.865598077615336,0.8467506397241721,0.8457346289656749,0.8603442894659601,0.827529122190219,0.8677991967089802,0.8699763592678227,0.8114579000707192,0.8654076914670296,0.836756231176351,0.8504409420359315,0.8491483450602613,0.8349940280180059,0.8565478518927268
0.5295102756623309,0.30114212470688895,0.5541256317501468,0.28087490024567824,0.5707036985543915,0.2808338957390329,0.5836306331717729,0.28139880111834237,0.5067313455823715,0.2818409735571662,0.49028170084091083,0.2826725409066979,0.4769451866531075,0.28422280525239596,0.6068424844681394,0.29622496131491827,0.46114522915293493,0.3015760525543326,0.5614355309651438,0.32675133233948395,0.4984271677671407,0.3304893911195805,0.7281308811617886,0.43257634914934445,0.3759475111989937,0.44805481072259135,0.7758909721700326,0.6177049782385606,0.32439514703823424,0.6312918903531228,0.7941260329922907,0.786326607113579,0.32863995854201933,0.7854154211779618,0.8183727121791242,0.841225335297469,0.3294110182569246,0.8395770569092934,0.7926540890518956,0.8443538730672867,0.36234361342694593,0.8420972810727745,0.7767381982251634,0.8261641211770177,0.3733547701076453,0.8233600828516644,0.3014331667399131,0.7956590775578591,0.34431597010482334,0.8052620399353527,0.36808243655159134,0.8280942986875877,0.386840195791447,0.8516888376315047,0.4023804960711952,0.8702962746544551,0.33423600122923103,0.8529990010916242,0.3517008657458426,0.8860149689429784,0.3624026037073589,0.9027132302468348,0.37131080209517053,0.916449857117765,0.3132024471486813,0.8556326460980153,0.32885128017246956,0.8888078920622329,0.3426184444560169,0.9059939843358567,0.3545968918716569,0.9192374584133243,0.3039380013639444,0.8540140819801296,0.31720055251868207,0.8817664464231556,0.3307298221305646,0.8983967282113797,0.34251725527889687,0.9095650518596496,0.3042466215577768,0.851265126738655,0.3151949743391485,0.8733233740140806,0.32703344305022064,0.8860845765164884,0.33731688715954916,0.8946923164169993,0.8001288511999417,0.7922024868392,0.7587467798931421,0.810700145728322,0.7488059464275189,0.8400760562458482,0.7436523734036791,0.8659279017960763,0.7360307361928474,0.8873211018389935,0.802668109372181,0.8573470454113716,0.795382598125521,0.8921716588138779,0.7773395962128162,0.9059249565938847,0.7617581968402619,0.9133195706996567,0.8257028235214845,0.8547846602957134,0.8152816201817606,0.891069533008332,0.790962971851317,0.9027893309099524,0.7700242028791429,0.90606726673698,0.8357683810445629,0.8501181852833051,0.8260605591683272,0.8809242353199318,0.8045837029664225,0.8918086655269911,0.785630186642041,0.8968044606656118,0.8349232527151241,0.8460138363516233,0.8270740296441368,0.8705652046269255,0.8103598102317274,0.880910203435358,0.7939393716832714,0.8861891316582517
0.5588422587603772,0.30044624817573606,0.58591075054383,0.28363210526911453,0.6023389839534795,0.28579308803284753,0.6150064237058104,0.2880601802233407,0.5387790772322834,0.2782923000611013,0.5224420565249661,0.2769198749384,0.5088984620518886,0.27665724301597083,0.6360476971485446,0.3058356479666199,0.49089011062422927,0.2917332226559892,0.5869690195344388,0.33008842348966116,0.5240972381488413,0.3254265846200554,0.7381594152642865,0.4570379344185768,0.3868361862547505,0.4259685402265071,0.76090809896734,0.646862927978932,0.3116555106303129,0.600793773602917,0.7567543344796301,0.8164327893231901,0.2958037927368666,0.7545388049352175,0.7736125038093091,0.8740438637006316,0.28987947768032346,0.8085235227264175,0.747698624414384,0.8737654497244871,0.3221177649742214,0.8152615129978162,0.7342911772089271,0.8536056001208601,0.33536617727677065,0.797924099588579,0.26775901606918495,0.7607246413356732,0.30859280992232696,0.7759280642472693,0.32915830510035726,0.8014649632188929,0.34514479418740734,0.8273084261583968,0.35744520625630627,0.8478724328940737,0.2925988573556649,0.8211623785791056,0.3055223261886395,0.8565998426230932,0.3142078732055018,0.874588001396201,0.32144881840431017,0.8892066567554695,0.2712618462089721,0.8210588541732144,0.28279354942275364,0.856903960123996,0.29401393768630374,0.8758782288100211,0.30430871644721036,0.8905771023346588,0.2619431151276944,0.8183328634905276,0.27141164151715186,0.8484895208006498,0.282324068667273,0.866771546351723,0.2927954246815068,0.8791199600067724,0.2622922964499481,0.815576741430507,0.2704711731766037,0.8394933734524845,0.2802874495864528,0.8537529695971373,0.28958790774362175,0.8634744508404487,0.7619459919272105,0.8230480346825813,0.7192212780702296,0.8361897636972286,0.7051518280660332,0.8637723925081238,0.6959864843107142,0.8885365468552302,0.6853727172162645,0.9086205746797906,0.7555330739566888,0.8875372300999452,0.7437775256383281,0.9211016273991115,0.7243331259403739,0.932569929351875,0.7081249810038012,0.9381353672244606,0.7787053694123546,0.8880420757710454,0.7639451086024613,0.9226537857341239,0.7385866570504094,0.9311056835392936,0.7177075612064469,0.9319448780640256,0.7895496243978855,0.8846383615824405,0.776513466322464,0.9140696527194174,0.7539052866909658,0.9219985912691595,0.734505760899382,0.9243430184167728,0.7897965719097704,0.8804738586751748,0.7790513625434499,0.9036449640816209,0.760860578924474,0.9113607047152252,0.7439099997367467,0.9140410422230838
0.5545984788076875,0.3002621251256282,0.58134592311917,0.28293164504887575,0.5978160409820501,0.28477752595909356,0.6105207861193298,0.28680401558978413,0.5341227203590743,0.2784889529456649,0.5177890849748414,0.2774209800598495,0.5042194756537421,0.27740384844483834,0.6318794669386202,0.30417070220579345,0.4865002745170188,0.2928210251328395,0.5832702811816525,0.3293641745066452,0.5203311085527663,0.3259151058532046,0.7367017343817099,0.45330685704078133,0.38490442286327997,0.4291845581274003,0.7631923129705882,0.6427696252284951,0.31319908403932395,0.6053988974258706,0.7623880063832549,0.812413987902642,0.30067802327139304,0.7597657323659466,0.7804377480160407,0.8696970954671747,0.29625904297006367,0.8137612920407407,0.754511125186747,0.8700088362272913,0.32841550180964824,0.8198152560538513,0.7406676056380624,0.8500657370517508,0.3411239589055366,0.802186616395164,0.27324265707825945,0.7661746576065303,0.31350273611130214,0.7807986077404915,0.3346061134124835,0.8056120538938594,0.3505978148414509,0.8308712951024215,0.36375229587314384,0.8513648957257309,0.2973156187823486,0.8260021561321373,0.3118222501977862,0.8616361378647374,0.3211922477478488,0.8792874884818521,0.3289941627666332,0.8938139410949557,0.27636627317431856,0.826075105904249,0.28852802964655755,0.8620036222353664,0.3005361554543834,0.8807545863288461,0.31137181856768403,0.894948122692955,0.26764732850730905,0.8231979018513922,0.2779761398255988,0.8526560196713271,0.29038458646211307,0.8702416534972437,0.3018748058836517,0.8816164358595406,0.2681071735334703,0.8204221413796439,0.2770906701388908,0.843360262826671,0.288421646376592,0.8566562733108547,0.29886478181832726,0.8652975148207905,0.7670259220812954,0.8197312110493955,0.7247889960394502,0.833655709535233,0.7113130615747757,0.8609300169354122,0.7028381381464466,0.8859470801398314,0.6923138822175576,0.9059795605351639,0.76240110241405,0.8832320016537895,0.7518656249866459,0.9166257646227676,0.7327351882844895,0.9283562778694131,0.7167197232878565,0.9344698708615786,0.7856876407759846,0.8832582263039482,0.7722763955060924,0.9176558005791735,0.7475908574703909,0.9269381524365521,0.726826855683159,0.9287294906895665,0.7965311161772463,0.8792790337506045,0.7842388995913399,0.9084303298315239,0.762029812490542,0.9171723267882247,0.7424609470043058,0.9201580732406623,0.7966609530877011,0.8747454969165902,0.7860050635256515,0.8975158421967433,0.7681664453817137,0.9056405044017005,0.7512486543392994,0.9086580869968298
0.5093279587828028,0.30375934113895364,0.5319602222337495,0.2813074207696363,0.5484566616529543,0.2797356179075563,0.5613021658182354,0.27911219494649103,0.4848232030587054,0.28665096920658184,0.46862727587102737,0.2889584591462243,0.4553350548638162,0.291719779238238,0.5857627831652146,0.29173717283094697,0.44115607892065783,0.31045378178410304,0.5433149376091347,0.3263714584081604,0.48103145772710654,0.33589870759911655,0.7188235040291355,0.4161471559013193,0.3696444698240021,0.4648238412311405,0.7836314965548694,0.5962204107095075,0.33557323695138414,0.6519390207587393,0.8176419381965719,0.7624373244937885,0.35522053701847345,0.805645453084457,0.8471799116994584,0.8148059287649931,0.3623174769080232,0.8593426350395017,0.8218194401828958,0.8204645396405329,0.394820383503374,0.8587279614370766,0.8040374237263985,0.80379058733417,0.40348799093777243,0.8388445116714438,0.32927370247332555,0.8173153508733595,0.3724584320696952,0.8233683376814389,0.3983021947638108,0.8433772330604317,0.41914855199646095,0.8649741238066989,0.436421262543299,0.8820921736044999,0.36566704490967905,0.8706455082214812,0.38679272715467594,0.9026871416309528,0.3993104118778623,0.9183592599421542,0.40953993680480627,0.9311588609590475,0.34455367295025385,0.8752841007515864,0.36468151181251596,0.9080466710233944,0.38031861529455513,0.9242141379255453,0.39352696142054255,0.9361798883151571,0.3350908109678209,0.87473367439102,0.3521238725396284,0.9019929100632658,0.3675999827748183,0.9169101044006326,0.3809008841134943,0.9260127663625366,0.3349584785407873,0.8722047115410116,0.34900669371255866,0.8934000174180495,0.3624653807320932,0.9047469698188748,0.3742986984918241,0.9116703628231383,0.8235229977695491,0.7689036486877763,0.7857125728658008,0.7910234791543902,0.7786228498219887,0.8204700483681813,0.7750960112675804,0.8464421217818157,0.7681496312289098,0.8683476346801813,0.8324797829129975,0.8321314635612984,0.8292568262131488,0.8670762566412349,0.8127045891221152,0.882329068749037,0.7982220655325337,0.8912346736579486,0.8548378683942432,0.8271759349364867,0.8488810950031911,0.8635297996599045,0.826458113314932,0.8775544260034336,0.8066280572190545,0.8831094375334237,0.8644838903228925,0.8209043837479677,0.8581132234073958,0.8517885315629742,0.8384528085407759,0.8648605850314895,0.8203128077224885,0.8720032551311311,0.8636427024398474,0.8165184613371108,0.858083029076351,0.8409109772507143,0.8428186611198255,0.8525481942509191,0.8273960826904192,0.859325506820589
0.5706667145812061,0.30122586109817556,0.5986321590321786,0.28589384471139784,0.614919713925919,0.2889372778202158,0.6274361359488594,0.291885812483535,0.5518478260560095,0.2780176178332499,0.5356444437498575,0.2757709344626841,0.5221035276124731,0.27476026819356014,0.6474505303306282,0.3107816370764853,0.5033506064268954,0.28886201375113213,0.5970533256197118,0.33233863656007234,0.5345619434091645,0.32429978677743954,0.7409258976992283,0.467056950897101,0.39192406493098486,0.4175095995579397,0.7535731851330594,0.6580740133731063,0.3074947427363016,0.5878293188572545,0.740343790711931,0.8272208072503522,0.2839995288882732,0.7410833540252795,0.7543336200971142,0.8857185277925111,0.2759731631768783,0.7946514745536499,0.7283582619867537,0.8841563190757014,0.30739786422748894,0.8030224757377569,0.7157630241277367,0.8632038507543407,0.3212313562556989,0.7862958075712163,0.2561415701900442,0.7455241469668678,0.2958604189678647,0.7635388654991397,0.31502102228187717,0.7897460863586121,0.3290455025442154,0.8161420439287843,0.3406804505228762,0.8373021699156424,0.276591492333165,0.8070044331791001,0.28742902984891816,0.8433868171265593,0.29484130054024776,0.8618616250710965,0.3011519582498873,0.8768859612692377,0.2548608196656523,0.8053726139620037,0.2648821188427507,0.8422324377673769,0.27523424657854423,0.8619316180776591,0.28446440041368315,0.8771337963578671,0.2454248799799426,0.8019809685867817,0.25436883391073445,0.8326776593144256,0.26513664368418904,0.8512244326696539,0.2754947579583937,0.8636857242470994,0.2454048816473156,0.7993288347470444,0.2530785840940437,0.8234557451581653,0.2630430094134152,0.8382364131077905,0.2724643838335032,0.8482371799850708,0.7438454773683548,0.8354897489138218,0.7018560868493698,0.8461515410212788,0.6871395145149415,0.8722246797663199,0.6763106972555013,0.8961928501471494,0.6632053504085834,0.9155097746961232,0.735606520224223,0.898361669584216,0.7222277928339329,0.9313109293880468,0.7017953295256149,0.9414705871200806,0.685241885476904,0.945959188055499,0.757923529294025,0.8998829133695923,0.7414876436681404,0.9331537366671421,0.715741376846297,0.9403158765608903,0.6951055375187193,0.9401932444842552,0.7687139493557973,0.8966391651489549,0.7534852416518066,0.9245738402250395,0.7308905594513242,0.9316687439432705,0.7113489703702137,0.9336175243245759,0.7690153939799916,0.8922713034681442,0.7567373468526386,0.9143684997283102,0.7385453128600474,0.9214575849045548,0.7217140587973265,0.923840500554669
0.5242015212468024,0.3015246709203997,0.5483523625664202,0.2806613580454015,0.5649152160145426,0.28022191358247783,0.5777708626393182,0.2804869606719853,0.5009504849828683,0.28276992018250446,0.48466710923028355,0.2839697332137874,0.47120771850638354,0.28582413452808025,0.60129946802128,0.2947769685126567,0.45590376608195315,0.30354568903107815,0.5564731723040253,0.32641431766207163,0.4936956413697962,0.33165904363529025,0.7254356267163182,0.4279648556188875,0.3738248473879057,0.45274522560715824,0.7779118863473456,0.6122240490817908,0.32697727249205966,0.6368575973705959,0.8004487231828263,0.7802951288835107,0.33616495235175103,0.7917429685202166,0.8264722592858762,0.8345823864875361,0.3395625390787337,0.845789842235434,0.800687765021527,0.8385322201070153,0.3720426798953905,0.8473828394747889,0.7839248765812636,0.8206546886203143,0.3820744097804579,0.8281270642857048,0.31024401968733933,0.8020192188268824,0.3525930051927309,0.8112554479023957,0.3766982763569156,0.8325989041932689,0.39571863813059227,0.8553995087054185,0.4118989995042511,0.8736534347852571,0.34287746597334934,0.8578245758930071,0.3608590345312018,0.8911210950587541,0.3720075091017747,0.9077352334545941,0.3812810193535233,0.9211065102875413,0.3210744907235077,0.8606639999815451,0.33856260145229544,0.8946322278230079,0.3528817414675358,0.9117617496183453,0.3651129307365927,0.9245765288690528,0.3109825422957431,0.8593329845089235,0.3263082815078384,0.8877121803645418,0.34057051999341365,0.9037097467493611,0.3531762570767636,0.9138486469123994,0.31020447376635246,0.8567421382030849,0.3228394897487244,0.8790949955896065,0.3352721482448936,0.891609563087981,0.34636918299126396,0.8996543731068058,0.8067133445348583,0.7875713800690496,0.7671080133768536,0.8066860089698906,0.7576595549689841,0.8354437751473014,0.7519643523633968,0.8611680712358407,0.7438395866645907,0.8829162086386888,0.8110932188564659,0.851142585139792,0.8033455270092135,0.8862188127051656,0.7852158682407143,0.9001322808710386,0.7697413773945349,0.9074640792018868,0.8332577820843173,0.8479185415086326,0.8233784382162108,0.8839859594262931,0.7996079847546347,0.8959476842899754,0.779430677975484,0.8995813351485709,0.8429269489791629,0.8424869431812707,0.8334713859634093,0.8728933087380766,0.812886435696184,0.8841382923857429,0.7946039894506669,0.8896895307058392,0.84192554728556,0.838127536947938,0.834474219027738,0.8621886433641849,0.8181657577870985,0.8726242093758622,0.8023517959236386,0.8782234241822865
0.5016854373037782,0.3052513970296269,0.5235782825481938,0.28199028071150367,0.5400059931029901,0.2798422289309289,0.5528225707837349,0.2787847853704906,0.4766455503897405,0.2889843363401656,0.4605791143194703,0.291857353711574,0.4473772914032015,0.2950946867610976,0.5777069839565285,0.2905700753080527,0.4340262980104602,0.31430226883089585,0.5363098095084248,0.32667494608993186,0.4744201659959186,0.3383827925570493,0.7149239166062731,0.4102073772789193,0.3677641257465728,0.47125789519956585,0.786178686164366,0.5881444075273536,0.3401745996609926,0.6590608790810921,0.8259627679358659,0.7529079777974899,0.3653901563222516,0.8122779358302423,0.8574905291358574,0.8042420123002496,0.3743694302729819,0.8656774396417048,0.8322269092257548,0.8108616047859503,0.4069695554019652,0.8638786101064337,0.8136378046097148,0.7947907727969938,0.4149805192451091,0.8436634113430403,0.3408164517243344,0.8247669351260141,0.3839794163867869,0.8297184760307985,0.40995380111246393,0.8487159491330012,0.4313180898490471,0.869502540286395,0.44837997024101545,0.8860542258033887,0.37838075477697136,0.8769298145933372,0.3993592125992349,0.908153074301624,0.4123634200680244,0.9237639009361311,0.4231129357442667,0.9361823227708328,0.3571123055892357,0.8821119774853856,0.37795704718651635,0.9141652493372241,0.39412283700917594,0.9298719229262298,0.4077932037341748,0.9417101934479422,0.3469404912786648,0.8820338576675727,0.3657299998039878,0.909149645331851,0.38164132866748635,0.9240352528659864,0.39522910227256886,0.9332315370766011,0.3460663705738762,0.8795649467105038,0.3614430553685848,0.900919896895114,0.3752867612297023,0.9125381142488703,0.38724206168065645,0.9198595303721895,0.8320274062995618,0.7594159441267989,0.7950330718725215,0.7827036867889909,0.7886112167017264,0.8125880297135686,0.7852975548242997,0.8386692483941454,0.7800221340059248,0.8608469225491947,0.8434317262167514,0.8224800248112932,0.8397056377032708,0.8577514453743955,0.8233970637974473,0.8734088028492573,0.8088497506647019,0.8824632876744813,0.8653957766938631,0.8168608063458545,0.8592543784837147,0.8537669246833354,0.8369985036428871,0.8683626010437383,0.81721749313173,0.8743095145782611,0.8747035867614337,0.8104199140086749,0.8686919795226402,0.8418731456232984,0.849097067893416,0.8553161741888842,0.8311721807138441,0.8626884832458452,0.8735061592208313,0.8060438633323344,0.868458781972688,0.830897190623994,0.8529615850387089,0.8428990735475327,0.837465020717906,0.8499389087749842
0.531363575358201,0.3008285781646378,0.5562442830161312,0.28074565494805226,0.5728245108018797,0.28085149438108314,0.585656892014947,0.28155420007857823,0.5088018865239865,0.2812933106976963,0.4925285019056825,0.28195148605821896,0.47896911151900445,0.2833660697479685,0.6087455122049037,0.2966216134101738,0.46317685683333415,0.30058245156707986,0.562742271530386,0.3267572661771884,0.499840416499572,0.3299501674795488,0.7283520051027558,0.43378061140546686,0.3761115929749045,0.4471891450379468,0.7747620141387237,0.6197928298407964,0.32324510954452185,0.6293549512033138,0.7917918675438507,0.7883901910114475,0.32737943432831085,0.7846623155929231,0.8160787880743693,0.8435358730804041,0.3289241824933133,0.8388177559840837,0.7901265659832061,0.8466624100392995,0.3616079041436835,0.8414214313615516,0.7738420917158818,0.8282198392961091,0.3723685558593821,0.8224658019780728,0.3010576275188902,0.7929218862278729,0.34328978709351327,0.8040138446939848,0.36649805252577294,0.8266948591910066,0.38519121391771505,0.8502121800879789,0.3996093444024975,0.8690274844124926,0.3309967853424268,0.850412060586262,0.34793124303829437,0.8839173210347291,0.35874469385499186,0.9009719056108367,0.3676878172175907,0.9146926475572911,0.30936672333820797,0.8525774218307982,0.32561240958743337,0.8866345315946451,0.3393884872414883,0.9043041479391227,0.35146295317446463,0.9176107887972027,0.2994899848160205,0.8509459796435498,0.3140968135621919,0.8798438686500744,0.3275634570622016,0.8967560538568348,0.339628710279548,0.9076769746731588,0.29927021383604013,0.8481752903794308,0.31109547131676885,0.8709872037941133,0.32291372217911124,0.884220926512444,0.33350675058514057,0.8929524195075305,0.7964332353298779,0.7948589273972969,0.7561909488036647,0.8133794641267587,0.7463395291968052,0.8422885169254726,0.7399295731389847,0.8676199625195892,0.7319885467536811,0.8889566797921779,0.7989851681807383,0.8597238583990037,0.7916834296213615,0.8937924577230756,0.77343667561472,0.9073836927202723,0.7577811443590707,0.9144968191242417,0.8214481776530987,0.85689013160885,0.8112884286362718,0.8919433346515384,0.7875386859277353,0.9036740466796329,0.7669941647683431,0.9073365080218232,0.8317588467046455,0.8517791731584575,0.8221897930081213,0.8814032328572043,0.8015088117576097,0.8923216439771611,0.7828876647957566,0.897596531699872,0.8312027704820466,0.8474754036460627,0.8231785828654106,0.8712516232853946,0.8066970757558489,0.8812954619078972,0.7905267965587883,0.8863933131956873
0.49886563095942793,0.3059014825561339,0.5204924661432941,0.28231721401117393,0.5369123937241228,0.27995153958598473,0.5497051960087473,0.27874198349909174,0.4736649983089257,0.28992195145551725,0.45768541739593177,0.2929871086382425,0.4444652310257892,0.29640811655549726,0.5748039194450121,0.290206150945458,0.4314279026068357,0.31578422827343144,0.5337379691556307,0.3268679681680263,0.47202503344597535,0.3393929848935552,0.7134513421354522,0.4080206476377811,0.3671422682750136,0.4738230506556389,0.7870083378333195,0.5851172987209602,0.34195891577200543,0.6616667854366995,0.8289738669012414,0.7492026334475805,0.3691840927432666,0.814755709479609,0.8612216790787991,0.8001073275679171,0.37870779814494504,0.8680986327495089,0.8359383327029573,0.8070606031903973,0.4115031428181999,0.8657357227700129,0.8170026336201317,0.7912864352045399,0.4193644398917249,0.8453822950120304,0.34381185662642,0.8272695399225811,0.38708703782182685,0.8311444658858453,0.4133958483331634,0.850355865306919,0.43544438954051806,0.8709798586351791,0.4532698210481173,0.8873963072713035,0.38305084715342297,0.879469411253843,0.4044255743881102,0.9103220626502052,0.41736723771808126,0.9254176499618223,0.4279581445778881,0.9376363693222959,0.3625339667487323,0.8850517662527861,0.38345051745722747,0.9163313453219901,0.3995109641019613,0.9314364827643598,0.4131986651912041,0.9427690954866008,0.35305569608033494,0.8850121200413661,0.3709618535670376,0.9112678532511349,0.3864310288064351,0.9257245027030829,0.3996161900295002,0.9347510466027142,0.352783030014802,0.8824811105280352,0.3671897208947541,0.9030123452987298,0.3803777391731229,0.9141351905303001,0.39157801884479543,0.921212196240546,0.8356124785023824,0.7548700369598432,0.7978046620615544,0.7787801028873516,0.7919040515026629,0.8090168492142358,0.7898326818315495,0.834879901295964,0.7851160659566847,0.8572608925696662,0.8470622915430648,0.8191603764228701,0.8451995221801578,0.8538423221660234,0.8291872236271338,0.8698749959124981,0.8150861801350957,0.8792005381066448,0.8682660356721443,0.8131420532336961,0.8638707870963098,0.8491150168319868,0.8417657336336453,0.8641670839011626,0.8219667369442205,0.870503084701719,0.8773314696714851,0.8066605918291181,0.8726867029187797,0.8373545422789739,0.8537548431347501,0.8511061931317891,0.8362381066707032,0.8591982671251529,0.8760253482824424,0.8025695393546235,0.872547457891976,0.827292689812525,0.8583879389601186,0.8396689471674161,0.8436776231266212,0.8473447101025618
0.5719714112552866,0.30140692700007543,0.600182174817259,0.28618586382677746,0.6164730313249268,0.28933962014949377,0.6289563079807252,0.29240917816922546,0.5534533956007525,0.2780084461638749,0.537358035810886,0.27565352920953723,0.5237397452830976,0.27454853799203016,0.6489247492906316,0.31149340462251773,0.5050623027659255,0.28858068869555675,0.5979989740885937,0.3326367630463064,0.5355809880146155,0.32424269456118027,0.7413221832045942,0.46833223229928533,0.39245923422563855,0.4168365535006211,0.752580220110211,0.6598579510304925,0.30702709191426947,0.5858723607732279,0.7384075350535115,0.8283593852548456,0.2825052847719474,0.739529760470442,0.7521804592848353,0.8870422887314856,0.2739681185782072,0.7931294708066898,0.7259452012229815,0.8852451331796473,0.30580689942840095,0.8015834553789895,0.7131446890170119,0.8641389479502452,0.3200358306908898,0.7849371723302749,0.25391823351126125,0.7429892102189894,0.2939016900966138,0.7610673831083894,0.3124837418289865,0.7877846401598974,0.3263455893692193,0.8142313913330217,0.3376684662280456,0.8354215031527581,0.27422276608066093,0.8053828320533157,0.2848764620363432,0.8413761402612712,0.2925196515876224,0.859886699012346,0.2989363400010139,0.8749521386082513,0.2529570649893129,0.8037811568070492,0.2625495670646975,0.8402536345484117,0.2731373568559397,0.8599689388681608,0.28276391045785954,0.8752840361975525,0.24401109686915962,0.8005166883401851,0.2526152578048739,0.831442183862159,0.2630962951455775,0.8502445098497642,0.2729931482235767,0.8629999634824854,0.24461920900666656,0.7979622610271613,0.25185433562470966,0.822691715925731,0.2610948705094245,0.8376447132607825,0.26979720854421285,0.8479824452654147,0.7431770876401617,0.8365265142663139,0.6995246057969197,0.8462718212176441,0.6835973047590275,0.8727057797383598,0.6729830059057677,0.8965640559383347,0.6606811801261341,0.9157235405439317,0.732711612503078,0.9002052115677069,0.7189629593584842,0.9324269249331053,0.6984729532808971,0.9422960752185371,0.6819665530770312,0.9465029152220992,0.7548172422011835,0.9018845607752861,0.7381046954138168,0.93463565885503,0.7122134201608552,0.9420706130604496,0.6912073127469406,0.9418967905100375,0.7654564398904413,0.8990162171671865,0.7502143604625777,0.9268988607938042,0.7272590487116025,0.9342079803549175,0.7073675898203523,0.9363106635783098,0.7656052799549805,0.8949043875288036,0.7532811463150777,0.9175556828710697,0.735413438843113,0.9251883140028414,0.7184436619835911,0.9280752062032069
0.569674683266011,0.30122975495204946,0.5978279934355226,0.28570933336790044,0.6141643489414285,0.28870257193290483,0.6266813015836336,0.2916634864492224,0.5510013940491751,0.27800362956566427,0.5348724792352809,0.2758087845583481,0.5212557142455315,0.2748535275442734,0.6468323519780207,0.3105728774053112,0.5027382179230229,0.2891019952048437,0.5959927842252194,0.3321927482503872,0.5334138685742273,0.3244355471418155,0.7408751018843461,0.4664852928219928,0.3914176756048444,0.4184459169729432,0.7539561093594916,0.6579781542545876,0.3073634034235646,0.5882410118800853,0.741611381011553,0.826407717937843,0.28468088801933383,0.7422841524385522,0.7559401607659548,0.8849722164583229,0.2766918469661864,0.7959888401097195,0.7296513563540492,0.8833767386760685,0.30868996034951957,0.8040782846051764,0.7166265699783368,0.8624119798099934,0.32286791298376616,0.7872926331537857,0.25584014227345697,0.7457945396725594,0.29499453205209897,0.7634981314700118,0.3138713188448097,0.7898292694759483,0.3284867566524253,0.8162860039470703,0.34061700071786327,0.8377198891795605,0.2760579308137482,0.8079175816932687,0.2871151402857537,0.843363201246248,0.29511654696791045,0.8619111789382558,0.30182278979369614,0.8770517985808309,0.2554349361789117,0.8065348958558688,0.2653658682923076,0.8424288459936349,0.2762987753993177,0.8621941049074526,0.28623756849322163,0.877648928969186,0.24682187958671337,0.8033796782416145,0.2555756043024473,0.8339737684750295,0.26626400905694303,0.8530205494263366,0.27652211361208173,0.866072120789636,0.24755343751536218,0.800810207873693,0.2549631149854456,0.8254716536794532,0.26457876125859464,0.8405199486517831,0.273793495308941,0.8509923150565533,0.7456594634101422,0.8349861841062812,0.7028441390756037,0.8452512778580548,0.687316017156403,0.871510251223591,0.6764856358279165,0.8954065741868491,0.6645777931522909,0.9149440693075304,0.7358191371640384,0.8984501301281693,0.722657179105463,0.9311284865204332,0.7024542642945555,0.9412832183938071,0.6860450207722704,0.9456660872084526,0.7582792711219635,0.899852141906892,0.7422374427463683,0.9328653343180193,0.7167645708535266,0.9403360046609384,0.6959353492936464,0.9399897136448905,0.7691358490504183,0.896666346797069,0.7546130306640603,0.9243882068697792,0.7323615582852075,0.9316835554134044,0.7129074283386735,0.9337239412886544,0.769420772241929,0.8923267479291636,0.7576014423567905,0.9144620564891841,0.7400269639715671,0.9218610318078053,0.7233655373864871,0.9244885543403165
0.5726860317001164,0.3015522843875551,0.6010887240590932,0.2864218438716153,0.6173814980310032,0.2896440648705019,0.6298614124643911,0.2927897690919275,0.5543666808194178,0.2780663942763216,0.5382706553322695,0.27564618980099237,0.5246649929357509,0.27450752726079364,0.6497650334082021,0.3119920553541685,0.5059518883454546,0.28852523626690096,0.5985664263396395,0.33287687417461714,0.5360658186599743,0.3242596256321592,0.7416286635735249,0.4692940734745575,0.39282926858725997,0.41630969299422105,0.7519586531464467,0.6609033532671539,0.3060907572497408,0.5848140759504712,0.7374033200049565,0.8287128454689392,0.281601514524159,0.7386012494363591,0.7508893712589804,0.887715730157951,0.2728872808721303,0.7921834094874147,0.7246007408446133,0.8857141575003733,0.3050409288632149,0.8007111450979314,0.7118694855259821,0.8645126412036217,0.3195871798429916,0.7841562634072297,0.25262328660318245,0.7417047850462255,0.291949980609002,0.7596275066226338,0.3109862335622817,0.7865169865292065,0.3247580604353794,0.8132625603306902,0.3357775690567678,0.8348587468574882,0.27261264077833286,0.8037138965905002,0.2828383715217249,0.839506217821856,0.2904823587891847,0.8580530823875137,0.2970012202510246,0.8733990099529991,0.25177760349171696,0.8021387774136677,0.26113708686954445,0.8383128002228177,0.27168196689396634,0.8583529811682955,0.2813196442972233,0.8741273563450401,0.2432540116853698,0.7988947505885393,0.2515816414469501,0.8295997076198662,0.26190096116898226,0.84878927827876,0.27190273738904,0.8621068320801133,0.2441341530015244,0.7965100313492792,0.2511927442946233,0.8212697081839178,0.26060676512660896,0.8366596099014645,0.26967344334718946,0.8475041699397494,0.7402936061983441,0.8375161315209353,0.6973796500000505,0.8475907984018953,0.6822538402016902,0.8737877166539176,0.6712145447683769,0.8972936369621853,0.6583194487830692,0.9164015690501299,0.7303483395137629,0.9012516072634152,0.716555851293669,0.9337707007799273,0.6963099727797046,0.9435515557673788,0.6799370080857599,0.9474014147237348,0.7529014484682569,0.9027892498475831,0.7361350968423755,0.93555963674767,0.7104861100590067,0.9422123047544295,0.6898816682476627,0.9414099650517138,0.7639425724183189,0.8996601656829994,0.7484700495772406,0.9268344787275364,0.7263084173996652,0.933444830037494,0.7072886126594183,0.9349581044777082,0.7644080479811565,0.895173817059718,0.7518741553224061,0.916446692041086,0.7339882036533164,0.9231205434541774,0.7174256314952075,0.9250687621762937
0.4893825381656696,0.3085038012196944,0.5101251414350758,0.28386041540937973,0.5264779853662471,0.2807737832281777,0.5392338895264157,0.2790539835456759,0.4636360482930417,0.2935263398003751,0.4477980824680944,0.297275502153409,0.43474674608074354,0.30129333554669774,0.5648959274518262,0.2894668613794674,0.42261171234856937,0.32129163349262346,0.5250633897568677,0.3279232175508402,0.46384748174043433,0.3432429254648486,0.7086890320573093,0.4011668129803769,0.36526534469225036,0.48201722615166304,0.7896476251548965,0.5750979620195844,0.34749184304929104,0.6707190854548908,0.8385382646526247,0.7356224064389356,0.38226821820699164,0.8226150408148073,0.8730829113524277,0.7857119000262829,0.3942591133288185,0.8756438316891876,0.8479159880578393,0.7936725501732599,0.4274119979803602,0.8714575134680129,0.8281865436668594,0.7786773377791029,0.4347616864683865,0.8506503560529928,0.35670289895479784,0.836102201313591,0.399603845819715,0.8381638524171875,0.42678674441307296,0.8557355936128622,0.44935462993577213,0.8753753383307912,0.46781623504973874,0.891212762983395,0.3976917721580693,0.8863798730336232,0.42071078827433045,0.9153119968814319,0.43480190052395595,0.9298373940762157,0.4464132722797408,0.941766732828726,0.3776806196988125,0.8926375884358428,0.40005143307298374,0.9222494762777842,0.41744295371363394,0.9369782251436389,0.4322151366087722,0.9483231811279195,0.36842604226918574,0.8928076322179888,0.38776924097240606,0.9181855115617485,0.40450253299305106,0.9326628677861968,0.4184867664054571,0.9420677692300521,0.3682731984043631,0.8902122845868505,0.38425205603532564,0.9108113123639419,0.39866948937014157,0.9220271904427628,0.41091380597236254,0.9293989938503737,0.844077806800678,0.7428058962111687,0.8084595705160169,0.7687272682132497,0.8042214854559869,0.7990023649011365,0.8025900483413676,0.8250646577871066,0.7972944365267475,0.8477947758243818,0.8591530177405546,0.8059285031105764,0.858522103234099,0.8409493491899196,0.8435653413316607,0.8576276705301393,0.8298782453087592,0.8675832014974078,0.8809106283794987,0.7987839230553919,0.8778070573128312,0.8353499755911398,0.8565968015813772,0.8509017211024049,0.8372638949467043,0.8577625195248721,0.8899790685574129,0.7915794677778141,0.8862644604610693,0.8226366345818747,0.8677070851210664,0.8367300527096366,0.850418187726961,0.8448264252602744,0.8885157917232014,0.7870997022103392,0.8848801717963724,0.8114167337739232,0.8702513749842801,0.8238446072450759,0.8554938950731055,0.8313078564195759
