pose_0_x,pose_0_y,pose_1_x,pose_1_y,pose_2_x,pose_2_y,pose_3_x,pose_3_y,pose_4_x,pose_4_y,pose_5_x,pose_5_y,pose_6_x,pose_6_y,pose_7_x,pose_7_y,pose_8_x,pose_8_y,pose_9_x,pose_9_y,pose_10_x,pose_10_y,pose_11_x,pose_11_y,pose_12_x,pose_12_y,pose_13_x,pose_13_y,pose_15_x,pose_15_y,pose_17_x,pose_17_y,pose_19_x,pose_19_y,pose_21_x,pose_21_y,pose_14_x,pose_14_y,pose_16_x,pose_16_y,pose_18_x,pose_18_y,pose_20_x,pose_20_y,pose_22_x,pose_22_y,left_hand_0_x,left_hand_0_y,left_hand_1_x,left_hand_1_y,left_hand_2_x,left_hand_2_y,left_hand_3_x,left_hand_3_y,left_hand_4_x,left_hand_4_y,left_hand_5_x,left_hand_5_y,left_hand_6_x,left_hand_6_y,left_hand_7_x,left_hand_7_y,left_hand_8_x,left_hand_8_y,left_hand_9_x,left_hand_9_y,left_hand_10_x,left_hand_10_y,left_hand_11_x,left_hand_11_y,left_hand_12_x,left_hand_12_y,left_hand_13_x,left_hand_13_y,left_hand_14_x,left_hand_14_y,left_hand_15_x,left_hand_15_y,left_hand_16_x,left_hand_16_y,left_hand_17_x,left_hand_17_y,left_hand_18_x,left_hand_18_y,left_hand_19_x,left_hand_19_y,left_hand_20_x,left_hand_20_y,right_hand_0_x,right_hand_0_y,right_hand_1_x,right_hand_1_y,right_hand_2_x,right_hand_2_y,right_hand_3_x,right_hand_3_y,right_hand_4_x,right_hand_4_y,right_hand_5_x,right_hand_5_y,right_hand_6_x,right_hand_6_y,right_hand_7_x,right_hand_7_y,right_hand_8_x,right_hand_8_y,right_hand_9_x,right_hand_9_y,right_hand_10_x,right_hand_10_y,right_hand_11_x,right_hand_11_y,right_hand_12_x,right_hand_12_y,right_hand_13_x,right_hand_13_y,right_hand_14_x,right_hand_14_y,right_hand_15_x,right_hand_15_y,right_hand_16_x,right_hand_16_y,right_hand_17_x,right_hand_17_y,right_hand_18_x,right_hand_18_y,right_hand_19_x,right_hand_19_y,right_hand_20_x,right_hand_20_y
0.5743590920584416,0.3507753014564514,0.6114599601583791,0.33008357882499695,0.631734600800957,0.33015379309654236,0.6463463305560703,0.3308395445346832,0.5534265204363024,0.33116522431373596,0.5361616607613412,0.3316858410835266,0.5248885386888986,0.33229124546051025,0.682783855462103,0.34361931681632996,0.5151300039842965,0.34539586305618286,0.616712652953546,0.3765271008014679,0.5437778259279296,0.375221312046051,0.8180325939629758,0.48213762044906616,0.41013370489888185,0.47530561685562134,0.843715008157873,0.6815685033798218,0.32293738083480844,0.6643670797348022,0.8808228149941485,0.8499268293380737,0.2810597131714401,0.83726966381073,0.9121190832106012,0.8942134976387024,0.2504647603835016,0.8876118659973145,0.8618357262664346,0.8992737531661987,0.2913797651141881,0.8948554992675781,0.8439743087348209,0.8850167989730835,0.3135790377484958,0.8802447319030762,0.26626986605453246,0.8460832238197327,0.315920410244681,0.8583203554153442,0.3273605130070956,0.8851183652877808,0.31551942067171274,0.9099394679069519,0.3037344627133036,0.9263921976089478,0.2811972389256576,0.8983703851699829,0.27976470211501286,0.9320296049118042,0.2909849510165606,0.9465715885162354,0.3016687315181422,0.9544133543968201,0.24526527034920564,0.8968437314033508,0.2485682129270994,0.9317420125007629,0.26720487812290766,0.9449452757835388,0.2832319886630702,0.9504456520080566,0.22347840150914203,0.8928456902503967,0.22744964847742233,0.9241183996200562,0.24869382140165655,0.9356334805488586,0.2651434489442758,0.9400307536125183,0.21367849458912516,0.8883381485939026,0.2178575220170444,0.9111883044242859,0.23561275953584698,0.9213404655456543,0.2506643010937392,0.925744891166687,0.8834034004255833,0.846632719039917,0.835318235153269,0.855690062046051,0.8206790973896209,0.8817996382713318,0.8190981757023897,0.9066376090049744,0.8168768086511689,0.926490843296051,0.8710283723289977,0.9022784233093262,0.8611435179293639,0.9343491196632385,0.8352200520340874,0.9448965191841125,0.812056537904581,0.9477494359016418,0.9003633373321747,0.9015743136405945,0.8842820526080538,0.9342673420906067,0.8539518646519294,0.9409087896347046,0.8303639774079958,0.9409716129302979,0.9146320159627414,0.8984777927398682,0.8972045470017012,0.9273706674575806,0.8687556586288763,0.9343941807746887,0.8465119433883241,0.9354197978973389,0.9177951776971077,0.8948549628257751,0.9025850513202125,0.9187676310539246,0.8785187382057796,0.9266323447227478,0.8590405257200678,0.9287384152412415
0.5219592610988134,0.34745365381240845,0.556932459042194,0.32715585827827454,0.5764886017251281,0.32727867364883423,0.5906057336822282,0.3281792998313904,0.5023185118713972,0.328946053981781,0.48607851001821456,0.32961294054985046,0.4753552320504785,0.330429345369339,0.6239674403325514,0.341624915599823,0.4660931890952267,0.3442387878894806,0.5617052826491384,0.3749755024909973,0.49330381787228517,0.3742520213127136,0.7497034306700087,0.4821746349334717,0.36606370396270804,0.4761262536048889,0.7740457935380295,0.6811083555221558,0.2874378536900594,0.6651232242584229,0.8065103846763377,0.8491963148117065,0.24659253234886078,0.8364905118942261,0.838079811260613,0.8936754465103149,0.21370368913940305,0.8871609568595886,0.7921191431227793,0.8988812565803528,0.2541197834665983,0.8943685293197632,0.7744627782906964,0.8851971626281738,0.27541016521561845,0.8799234628677368,0.23405419688063805,0.8404631018638611,0.2810489865547663,0.8582196831703186,0.2919673928366597,0.8867424130439758,0.28267419958563,0.9127078652381897,0.2751640843821669,0.931286633014679,0.24408834771521393,0.898569643497467,0.24655855316400915,0.9356690645217896,0.25608823503841266,0.9495323300361633,0.26465710262269193,0.956159770488739,0.21095815474541077,0.8957651853561401,0.218894359172123,0.9342514872550964,0.23697473220560764,0.9470354318618774,0.2508011389074368,0.9519546031951904,0.19189557191593357,0.891212522983551,0.1972040960687441,0.9261171817779541,0.2168843196793276,0.9380272030830383,0.2316147190200579,0.9413319826126099,0.18407195402276072,0.8869134187698364,0.18811004685371788,0.9127481579780579,0.20353188196122024,0.923845112323761,0.21519174982413847,0.9271607398986816,0.8050389721663813,0.8426652550697327,0.7618770182855301,0.8559648990631104,0.7505153543501468,0.8823514580726624,0.7489292255108541,0.9079422354698181,0.7469676673239091,0.9286868572235107,0.804809474475776,0.9030409455299377,0.7916717884575274,0.9357602596282959,0.7657012861216699,0.9447488188743591,0.7447797329791298,0.9467187523841858,0.8306815834974124,0.9017469882965088,0.8120230115500224,0.9350467324256897,0.7824345226686458,0.9409016370773315,0.7601900249185726,0.9394709467887878,0.8421301951268562,0.8977823257446289,0.8243504647183838,0.926231861114502,0.7965748710257307,0.9325150847434998,0.7758337164645845,0.9329414367675781,0.843363005475625,0.8932472467422485,0.8285303921946258,0.9157701730728149,0.806334993553764,0.9219582676887512,0.7888650102408863,0.9226506352424622
0.5189984432305164,0.34639972448349,0.5560744878671895,0.32622525095939636,0.5771373383658023,0.32642126083374023,0.5923965931399969,0.3273780941963196,0.49824165956355937,0.3281877040863037,0.4810863286644264,0.32891857624053955,0.4697411515741683,0.3297295868396759,0.6272731729906919,0.3407764136791229,0.45994536485618637,0.34360170364379883,0.5612601815608158,0.3745848834514618,0.4888515470228283,0.37400108575820923,0.7592613181066157,0.48185697197914124,0.3529868872826305,0.476431280374527,0.7859533398844131,0.6796535849571228,0.27439833971318556,0.6652622818946838,0.8182217249105351,0.8479819297790527,0.22874747947516524,0.8348220586776733,0.852755704935533,0.8935028314590454,0.19288193362130865,0.8866266012191772,0.8052797744294136,0.8985945582389832,0.23566584655064587,0.8932716250419617,0.785855552321416,0.8853151202201843,0.2577806687329329,0.8784322738647461,0.21452958670874384,0.8357840776443481,0.26195964495918767,0.8541043400764465,0.2740014210937171,0.8819339275360107,0.2690349940353785,0.9084933996200562,0.265761479825906,0.9284343719482422,0.2264731632540276,0.8983282446861267,0.22833346176638059,0.9356712102890015,0.23912635200593374,0.9491239786148071,0.2490476693876506,0.9563672542572021,0.19189911367635495,0.8960620164871216,0.20059762299107878,0.9349690079689026,0.22146707866926288,0.9464313983917236,0.23801899712734575,0.9510352611541748,0.17170258270090896,0.8913342356681824,0.17820217659798587,0.9262377023696899,0.19969492498371413,0.9367644190788269,0.2167726061027495,0.9398183226585388,0.16266166240585214,0.8861307501792908,0.16649077684377872,0.9124097228050232,0.18158872334165305,0.923051655292511,0.1941741166079069,0.9262975454330444,0.8198270478460565,0.8397790789604187,0.7717990021668356,0.8551750779151917,0.7601663337616286,0.8818303942680359,0.7589339632521164,0.9080623984336853,0.7556315728697223,0.9296665191650391,0.818304816870666,0.9024288654327393,0.804788089772771,0.9363955855369568,0.7774480880480351,0.9456760883331299,0.7550247268766007,0.9482325315475464,0.8457654049441539,0.9007052183151245,0.8254919280667851,0.9348247051239014,0.794437372368989,0.9399309754371643,0.7712451702176985,0.9384551048278809,0.8574368038167278,0.8962985277175903,0.8385517867260427,0.9251933097839355,0.8107665906397127,0.9311779141426086,0.7895517711264142,0.9314557313919067,0.8577211019282501,0.8916396498680115,0.8437972242257136,0.9144960045814514,0.821690299213191,0.9208078980445862,0.8037061088439916,0.9215313792228699
0.5268001419817964,0.34619149565696716,0.5636910821155717,0.3259657025337219,0.5849953780230691,0.3261551558971405,0.6003734779763327,0.32701557874679565,0.5059531896312651,0.3279837965965271,0.4888364778129568,0.3287346065044403,0.47736757146012776,0.3295094966888428,0.6350446319959325,0.3401677906513214,0.4675633846822505,0.34312981367111206,0.5691642548973183,0.3744807541370392,0.49701753728868187,0.373989075422287,0.7662924948357536,0.481528103351593,0.36022730693792276,0.4764792025089264,0.7946520471746014,0.6788045763969421,0.2836986222273188,0.6652792096138,0.8242991426656517,0.8476611971855164,0.2371013554529866,0.8329248428344727,0.8596746565103527,0.8935002088546753,0.20049742943254042,0.8857739567756653,0.8128185095549518,0.8985034227371216,0.24342190650158751,0.8918043375015259,0.792970114639266,0.8854703903198242,0.26549735674977826,0.8762447237968445,0.22238079401525476,0.8341903686523438,0.26965802415788925,0.8533064723014832,0.28279998225573616,0.8823414444923401,0.276572045163303,0.9094544649124146,0.2710975694084598,0.9287956953048706,0.23338616768890796,0.8988436460494995,0.2358930193495613,0.9367467164993286,0.24718869885805136,0.9492160081863403,0.2566804121140639,0.9553101062774658,0.19801823166142773,0.896619439125061,0.2069457232777733,0.9361025094985962,0.22788883847172267,0.9469116926193237,0.24456824851661912,0.9505690932273865,0.17786518106245774,0.8918223977088928,0.1845702806184342,0.9267503023147583,0.20569696071958243,0.9368835091590881,0.22298323048429933,0.9394779205322266,0.1701375390800256,0.8863086700439453,0.1745214606416384,0.912714958190918,0.18978892789235646,0.9228296875953674,0.20322950685072352,0.9255378246307373,0.8242840556087417,0.8402547240257263,0.7773724980079625,0.8571795225143433,0.7659110666060571,0.8826788663864136,0.7651786585706097,0.9082832932472229,0.7613368081060188,0.9296524524688721,0.8251946966483209,0.9033795595169067,0.8119534725737596,0.936665952205658,0.7844930402492143,0.945412814617157,0.7625183303946632,0.9477593898773193,0.8527024474695385,0.9014846086502075,0.8326634755940672,0.9352278709411621,0.8017266424698091,0.9400216341018677,0.7793377243255482,0.938097357749939,0.864664494850729,0.8966376781463623,0.8459273302539935,0.924835205078125,0.8185262174941168,0.9304088950157166,0.7978507775496393,0.9302151203155518,0.8654318088496635,0.891693115234375,0.8523178646733972,0.9140045642852783,0.8309970415808303,0.9198189973831177,0.8137934763189926,0.9198784232139587
0.49759949007901133,0.3459888696670532,0.5401079864076828,0.32578936219215393,0.565015188886633,0.32598358392715454,0.582996615130603,0.3267536163330078,0.47328899500458177,0.3277274966239929,0.4534721623188759,0.3284446597099304,0.4397881136577067,0.32916074991226196,0.6229636138787669,0.33957353234291077,0.4282073499711332,0.3423076272010803,0.5465874578727377,0.3743136525154114,0.46308226482234544,0.37388700246810913,0.7742720924890123,0.4799920916557312,0.30226585226216013,0.4762260317802429,0.8102965729846608,0.6777983903884888,0.21470656476677122,0.665253758430481,0.8426625183629269,0.8478759527206421,0.16044154932721388,0.831756591796875,0.8839515295610556,0.8939398527145386,0.11727659114152818,0.884858250617981,0.8302400500303214,0.8987375497817993,0.16733248540777157,0.8906213045120239,0.8067808266923832,0.8865550756454468,0.19305213318109918,0.8749222755432129,0.14349205337790796,0.8325515985488892,0.19871226307407053,0.8534839153289795,0.21196754663115636,0.8827499747276306,0.20498133827477502,0.909675657749176,0.19930530309391514,0.9291875958442688,0.15272335889350538,0.8993510603904724,0.15666820912432017,0.9370631575584412,0.171485041158745,0.9489039778709412,0.18436820475984175,0.9544665813446045,0.11183128229224457,0.8969316482543945,0.12500273421918096,0.9358546137809753,0.15013924789757702,0.9466248750686646,0.17004878170354565,0.9503025412559509,0.08923997344190912,0.8919322490692139,0.09902351932283,0.927130401134491,0.1243583308824331,0.9376475214958191,0.14576507448240208,0.940625011920929,0.08139786925531448,0.8863468170166016,0.08678013496475911,0.9129303097724915,0.10459461548021468,0.9237405061721802,0.12037732502225763,0.9273566007614136,0.8424614500117744,0.8402992486953735,0.7884643928308308,0.8570570349693298,0.7760833818902154,0.8828902840614319,0.7746535802210761,0.9086498022079468,0.7694712467707919,0.9299829006195068,0.8447215156812716,0.9033288955688477,0.8286432229069138,0.9366918802261353,0.7967810645670826,0.9456453919410706,0.769703009537168,0.948399007320404,0.875743284850009,0.9012665152549744,0.8514561095585739,0.9344229102134705,0.8152335105646644,0.93975430727005,0.7872252951648464,0.9385444521903992,0.8886205088824456,0.8960966467857361,0.865360918832091,0.92356938123703,0.8332370208424447,0.929648756980896,0.8074292362482609,0.9299577474594116,0.8882659684551755,0.8907984495162964,0.8726213837816383,0.9120538234710693,0.8476559815023942,0.9180223941802979,0.8263009599852207,0.9183382391929626
0.5401166387179996,0.34600991010665894,0.575843769855316,0.3258034288883209,0.5968775728999245,0.3260413408279419,0.6120828300419622,0.3267727494239807,0.519523852669583,0.327653706073761,0.50272686777273,0.3283027112483978,0.4910502186728573,0.32892045378685,0.6456730232546167,0.339479923248291,0.4813367173303271,0.3417268991470337,0.5814716174505747,0.3743719458580017,0.5111476656529923,0.3738902807235718,0.7722195103979598,0.47702735662460327,0.37423095669783013,0.47413191199302673,0.8043749400057549,0.6761928796768188,0.30032077027757237,0.6638127565383911,0.8313643439297402,0.8480405807495117,0.25438860902996924,0.8308132886886597,0.8663074973041194,0.8944159746170044,0.21746917416325137,0.8844976425170898,0.8210167816042305,0.8989259004592896,0.25965221887059353,0.8903607130050659,0.8011459632066633,0.8872339129447937,0.2814685834602449,0.8744165301322937,0.24050051882835038,0.8316228985786438,0.2873387054738565,0.8532124757766724,0.29709995359111013,0.8827382326126099,0.29017498528253216,0.9097722768783569,0.28598780220002606,0.9297757744789124,0.2459280727499812,0.8989410996437073,0.25050587907527216,0.9367395639419556,0.26425860244982385,0.9487429857254028,0.27643969487587033,0.9546449780464172,0.2120006679408426,0.8963837027549744,0.22371826934149316,0.9355477690696716,0.2458959380915692,0.947068989276886,0.2637902389604819,0.9512354731559753,0.194048403296683,0.891185998916626,0.20167475351743203,0.9263114929199219,0.223203490996638,0.9372640252113342,0.24178858586298796,0.940739631652832,0.18828714460383025,0.8855076432228088,0.1912140117785331,0.9118722081184387,0.20572041596892535,0.9232646226882935,0.21951077027609803,0.9274644255638123,0.8317347186285834,0.8405545949935913,0.7860721445730097,0.8569203615188599,0.7755986062938512,0.8825749158859253,0.7747220348562031,0.9083864092826843,0.7703627812995348,0.9296920299530029,0.8314251738602495,0.9028212428092957,0.8189738535721738,0.9362740516662598,0.7919846519650304,0.9453737735748291,0.7690075956525477,0.9483637809753418,0.857904334708589,0.9011479616165161,0.8387957787329126,0.9344255328178406,0.8084008428456748,0.939498245716095,0.7851119488406483,0.9381833076477051,0.8690662223233432,0.8963508009910583,0.8508171757316355,0.9239434599876404,0.8239542872728778,0.9297860264778137,0.8024440280652455,0.9300585985183716,0.8690366166254568,0.8913812637329102,0.8561671748638146,0.912848711013794,0.8349263342508434,0.9185841083526611,0.8169612056274769,0.9187161326408386
0.5388807237229033,0.3460564613342285,0.5723635816378994,0.32582566142082214,0.5920999292877377,0.32608750462532043,0.6063062477327926,0.3268015682697296,0.5190296782764623,0.3274695575237274,0.5030257285016094,0.3280094265937805,0.4919050000743886,0.3285219073295593,0.6381462797952011,0.3394961655139923,0.48259750747076774,0.34126001596450806,0.577194936317741,0.3743729591369629,0.5111595470601932,0.3738624155521393,0.7563852477164935,0.4766329228878021,0.38162381549544755,0.47207173705101013,0.7866123916720611,0.675483763217926,0.31208383490379776,0.6611749529838562,0.8119843451629569,0.8479213714599609,0.26817491867467097,0.8291038274765015,0.8449536849295721,0.8944694399833679,0.2320209114779443,0.8832350969314575,0.8025441031283553,0.8989280462265015,0.27268309189326195,0.8887982368469238,0.7838103203695201,0.8873808979988098,0.2933302207719839,0.8723403811454773,0.25505997725489615,0.8309203386306763,0.29889425569645817,0.8523962497711182,0.3085586176705562,0.8820545673370361,0.3016523102496794,0.9088407158851624,0.29684088228595584,0.9279696941375732,0.2611253899680113,0.8986980319023132,0.264352453314074,0.9367411136627197,0.27665712106433227,0.9486697912216187,0.2875952673797541,0.9548600912094116,0.22868332954288575,0.8962680697441101,0.23862868363908493,0.9353318810462952,0.25964267702738947,0.9462189674377441,0.2767210009676771,0.949633777141571,0.21119461694991568,0.8911799788475037,0.21804869222096795,0.925778865814209,0.2384543328183139,0.9358763694763184,0.25615664582440867,0.9384017586708069,0.20510392241435735,0.885535717010498,0.2087005675494733,0.9105851650238037,0.22258788374088462,0.9209210276603699,0.23588651960908383,0.9240593910217285,0.8108117516734988,0.8410177230834961,0.7675157964870644,0.8580951690673828,0.757762320458748,0.8837822079658508,0.7573033385860585,0.9089176058769226,0.7533672559844378,0.9297423958778381,0.8112347574016181,0.9043099880218506,0.7992241278930247,0.9370706081390381,0.7742960920588058,0.9457423686981201,0.7534571327837707,0.9484103322029114,0.836140991437979,0.9020086526870728,0.8183434147451797,0.934728741645813,0.7899550585745501,0.9402579665184021,0.7678880161029722,0.9394958019256592,0.8471238854667887,0.8966844081878662,0.8295850700541056,0.9241917729377747,0.8044570043135919,0.9307963252067566,0.7840389532176111,0.9316726922988892,0.8475678031234656,0.8913818597793579,0.8353163368449483,0.9131582379341125,0.8154691369051266,0.9196670055389404,0.7984909391516489,0.9205695986747742
0.5399255142333622,0.34621521830558777,0.5748907205190841,0.3259347975254059,0.5954478076990707,0.32623982429504395,0.6102615101143879,0.3269648551940918,0.5194690629902431,0.3273703455924988,0.5028580212441537,0.32781982421875,0.4913208676689438,0.3282204270362854,0.6435467636365374,0.33963140845298767,0.48208628150939736,0.3410847783088684,0.5797166200681225,0.37450048327445984,0.5112326756358772,0.37388262152671814,0.7663072105720932,0.47671008110046387,0.37691369907417466,0.4721353054046631,0.7976943897104471,0.6752380132675171,0.30442037398446825,0.6609145402908325,0.8233648132913264,0.8479644060134888,0.25870179164497725,0.8284405469894409,0.8573783062489436,0.8948761820793152,0.22085118190869993,0.8827368021011353,0.8130122629716602,0.8993054628372192,0.26317754685425127,0.8878270983695984,0.7939953747755515,0.8880531191825867,0.2844631047407359,0.871374785900116,0.2445425036484074,0.8313440084457397,0.290157889550339,0.8527870774269104,0.3008623022231369,0.8829936385154724,0.29359272689127763,0.9099845886230469,0.287465894758491,0.9287418127059937,0.2529397400042966,0.8986752033233643,0.25318972746861323,0.9368071556091309,0.2660932468097664,0.9482083320617676,0.27751337724368125,0.9537119269371033,0.21866007061024678,0.8958812355995178,0.22649305521045882,0.935858964920044,0.24794511171934794,0.9464276432991028,0.2656368499509718,0.9496461749076843,0.19978566188811747,0.8906741738319397,0.20586237428478193,0.9264689087867737,0.22668615000133946,0.9360583424568176,0.24423430196191065,0.9382857084274292,0.19344493709108898,0.8851662874221802,0.19754246504978523,0.9120584726333618,0.212739036655644,0.9220981597900391,0.22637730405982998,0.9246941804885864,0.8244918961377807,0.840968668460846,0.7783816728279588,0.857616126537323,0.7668487812474488,0.8833555579185486,0.7663024529966143,0.9089034199714661,0.763259388780881,0.9301256537437439,0.8232119761790646,0.903245747089386,0.8102852471380921,0.9367989897727966,0.7843552713838604,0.9456913471221924,0.7628297532841555,0.9486157894134521,0.8492265310529222,0.9014532566070557,0.8301826832624327,0.9349508285522461,0.8005634720340121,0.940440833568573,0.777868647605477,0.9396445155143738,0.8603122105384096,0.8967223167419434,0.841772269284067,0.924288272857666,0.8155596803308974,0.9305946230888367,0.7947936562944595,0.9313769340515137,0.8603578700475202,0.891922652721405,0.846984589685897,0.9134066700935364,0.8264368194245567,0.9193848371505737,0.8093164858311878,0.9198576807975769
0.5054444497133355,0.34641844034194946,0.547984102931205,0.32607701420783997,0.5728837114993183,0.3263852298259735,0.590889123965792,0.3271254003047943,0.48085809361384957,0.32735729217529297,0.4607616628799224,0.3277947008609772,0.4468063974921676,0.3281668424606323,0.6314224563636417,0.3398584723472595,0.4356681227745616,0.3410889208316803,0.5536088780272163,0.3746253252029419,0.47062487276388115,0.3739296495914459,0.7799313449543552,0.4767494797706604,0.30815551525603374,0.47216373682022095,0.8179584174402921,0.6750550866127014,0.22034143391433703,0.660919725894928,0.8487528242520476,0.8480033874511719,0.1648745325782955,0.8283308148384094,0.8900393074868116,0.8949838876724243,0.1190113851459365,0.882449746131897,0.8359346100879442,0.899498462677002,0.17016368002934895,0.8874284029006958,0.8130552517877274,0.8884119987487793,0.19568314902797107,0.8711572885513306,0.14838436785346773,0.8313908576965332,0.20334882840079926,0.8531240820884705,0.21588200923637016,0.8834667205810547,0.2050167597025754,0.9105046391487122,0.19544118491183868,0.9288294315338135,0.15594391524053497,0.898517906665802,0.1574360473035926,0.9368906021118164,0.1733905487059817,0.9480817317962646,0.18732564041060484,0.9534773230552673,0.11497432694496368,0.8958559036254883,0.1258827657726057,0.9358669519424438,0.15250542302676542,0.9458620548248291,0.17338954802725492,0.9485819935798645,0.0928439766717324,0.8907265067100525,0.10082807201541805,0.9262795448303223,0.12688536580252865,0.9356380701065063,0.14814070258349984,0.9375272393226624,0.08580166010495677,0.8853172063827515,0.08936189489262486,0.9117650985717773,0.10779025422975415,0.9220176935195923,0.12375160027463435,0.9246850609779358,0.8510347720205682,0.8403711318969727,0.7955392112457921,0.8560389280319214,0.7818620945169297,0.8821237087249756,0.7807871254014869,0.9081952571868896,0.7753253408564915,0.9295908808708191,0.8496593591242008,0.9020956754684448,0.832273807088236,0.9356390833854675,0.8006711720824449,0.9451494216918945,0.7740272604121287,0.9485917687416077,0.8811224594883313,0.900770366191864,0.8571929489050957,0.9345575571060181,0.8205811563560007,0.9402599334716797,0.7923765060891197,0.9392806887626648,0.8939431553356771,0.8965490460395813,0.8719736941881355,0.9249570965766907,0.8386218727679549,0.9314061999320984,0.8122893723174086,0.932077944278717,0.8932379570233495,0.8918190002441406,0.8773117948425024,0.9140551090240479,0.8510798425904218,0.9203463196754456,0.8289134478694524,0.9210449457168579
0.49472528889037837,0.3464478850364685,0.531506301588133,0.3261088728904724,0.5530179932514822,0.3264169991016388,0.5686020236872137,0.3271509110927582,0.47350329729694646,0.327256977558136,0.45614498797330266,0.32769644260406494,0.4441382604785418,0.3280482888221741,0.603687659689233,0.3398756980895996,0.43452429990155833,0.341094046831131,0.5362831184783001,0.3746313750743866,0.4645423120297931,0.37393462657928467,0.731961731172722,0.4771095812320709,0.3242502017771717,0.4723028540611267,0.7649551619175622,0.6750824451446533,0.24830547546034445,0.6609524488449097,0.7910305204017257,0.848064124584198,0.20034134824272218,0.8283993005752563,0.8266869087802984,0.8950628042221069,0.1607506253683548,0.8824492692947388,0.7800266913102021,0.8996432423591614,0.20481421354908488,0.8874469995498657,0.7604049856074664,0.8886874914169312,0.22670609547732484,0.8712557554244995,0.18558592918906008,0.8312094807624817,0.23351119335849707,0.8529744744300842,0.2445315915644674,0.8829671740531921,0.23458680215540173,0.9097893238067627,0.2259512841070963,0.9280604124069214,0.19456066439983039,0.8989381194114685,0.19424284180372298,0.9368016123771667,0.20658966853280333,0.9479485750198364,0.21714398688897488,0.9531382322311401,0.15891965174437162,0.8960443735122681,0.16684017272459475,0.9355918765068054,0.18849190626651824,0.9457500576972961,0.205666467915965,0.9486656785011292,0.13897259989147398,0.8906680941581726,0.14482557903539583,0.9260970950126648,0.16620988914561421,0.9357655644416809,0.18402544030498352,0.93779456615448,0.1319202970491479,0.884975254535675,0.13505979832624915,0.911507785320282,0.1506564890874243,0.9217994213104248,0.1645149102469898,0.9245667457580566,0.7927831106993289,0.8403122425079346,0.7443919569308853,0.8561391234397888,0.7323580754594219,0.8825965523719788,0.7317294868420444,0.9085400104522705,0.7288095868657037,0.929827094078064,0.7911057213512183,0.9027462601661682,0.7782623400545365,0.9361910223960876,0.751267205467794,0.9456725120544434,0.7286750968511558,0.9492108821868896,0.8185575270213098,0.9010046124458313,0.7999015343397025,0.9345870614051819,0.7685342290022423,0.9403538703918457,0.7442880454072995,0.9394763112068176,0.8304128494765449,0.8963220119476318,0.81277155074729,0.9243339896202087,0.7846601628762215,0.9309624433517456,0.7625216813302574,0.9318364858627319,0.8305781947104798,0.8914235234260559,0.817786492447166,0.9134814739227295,0.7957129037168632,0.9199370741844177,0.7771027787716989,0.920863151550293
0.5319561536661078,0.34647253155708313,0.5726264159852367,0.3261340856552124,0.5964532782291752,0.32643386721611023,0.6138090847674765,0.32714205980300903,0.5084858163495365,0.32721370458602905,0.4893117748014588,0.32766422629356384,0.47605361175765465,0.3280163109302521,0.652658010528218,0.3398764431476593,0.4655561333034019,0.34112584590911865,0.5779946222699708,0.37463340163230896,0.49858023590057227,0.37394893169403076,0.7948891330558395,0.47745585441589355,0.3433197756933337,0.47271308302879333,0.831429740835548,0.6751955151557922,0.2591259794958786,0.6612076163291931,0.8596287144806927,0.8483573794364929,0.20581081836199852,0.8286283612251282,0.8990620332648986,0.8951705098152161,0.16169130851632124,0.8824566602706909,0.8472771226086577,0.8998110890388489,0.209676037164291,0.8874604105949402,0.8257878324585768,0.8890864253044128,0.23371667651804476,0.8714844584465027,0.18922233877912328,0.8306418061256409,0.2416341643073777,0.852151095867157,0.2528473729670161,0.8823904991149902,0.24260460440609877,0.9091456532478333,0.23486467070206293,0.9275723695755005,0.19733916807547727,0.899026095867157,0.19904134390204556,0.9366230964660645,0.2150130365092974,0.9478409290313721,0.22913120920498273,0.9530702233314514,0.1586280697743059,0.8962292075157166,0.1685315633788344,0.9355985522270203,0.19401264231804186,0.9461808800697327,0.2146876036494872,0.9495443105697632,0.13741426223510914,0.8906731009483337,0.14379504755987751,0.9259363412857056,0.16779111651136996,0.9356149435043335,0.18791478714989637,0.9376048445701599,0.13071796134794092,0.88493812084198,0.13325943154492695,0.911238968372345,0.15024531140260397,0.9218164682388306,0.16524225620473063,0.9247187972068787,0.8616387477249423,0.8402010798454285,0.8081008877426499,0.8558911085128784,0.7952167484868945,0.8821254968643188,0.7945371647245799,0.9083583950996399,0.7906091491355962,0.9297704696655273,0.8602717688927003,0.9026471972465515,0.8451911971502483,0.9363112449645996,0.8161711938098394,0.9456448554992676,0.7914876914976959,0.948754608631134,0.8913760128996806,0.9011189937591553,0.8693323496534316,0.9344226121902466,0.835467880545583,0.9398000836372375,0.8091096185649632,0.9386917352676392,0.9049583452094164,0.8965975046157837,0.8843937760340875,0.9242808222770691,0.8535472285968828,0.9304859042167664,0.8290462198733799,0.9308785796165466,0.9056419112069847,0.8917365670204163,0.8913256223074333,0.9134583473205566,0.8670321493058001,0.9197114706039429,0.8463707045997828,0.9203612804412842
0.5196531312633881,0.3465169668197632,0.5557588032233955,0.32615426182746887,0.5769309449126022,0.3264531195163727,0.5923859635420659,0.32715165615081787,0.49882427270267643,0.32720106840133667,0.48180526511806815,0.32765844464302063,0.47010347309290834,0.3280133605003357,0.6268995554171349,0.33988794684410095,0.46099521333069293,0.3412388563156128,0.5605613661591551,0.37464892864227295,0.49002307687618346,0.3740374445915222,0.7534836956655745,0.477987676858902,0.3521518118490414,0.47365689277648926,0.7856897338617604,0.6759999990463257,0.2771627109081013,0.661528468132019,0.8106909754126191,0.8488404154777527,0.2299063908084493,0.8288455009460449,0.8457646894519752,0.8952640295028687,0.19072043804412778,0.8825533986091614,0.7996609558896549,0.8999902009963989,0.23282011433895675,0.8878849148750305,0.7806184347182172,0.8895500302314758,0.2536686638974293,0.872330367565155,0.21412092730896168,0.8302393555641174,0.2610370760699202,0.8513988256454468,0.2710676499241493,0.8816894888877869,0.2628876557644971,0.9090055823326111,0.25480193353194885,0.9278429746627808,0.22175950405176814,0.8982073068618774,0.22302081618468123,0.9359555840492249,0.23669584003468508,0.9480128884315491,0.24954164842198528,0.954116940498352,0.18761096082948941,0.8959583640098572,0.1959818964518854,0.9352986216545105,0.21839606737982475,0.9467875957489014,0.2374181833722356,0.9508495926856995,0.16888551913581312,0.8909100294113159,0.1747778206575017,0.9259856343269348,0.19564112996213698,0.936595618724823,0.21389956512515207,0.9393652677536011,0.16287704412819837,0.8856115937232971,0.16586108050476916,0.9112967252731323,0.18084373624407704,0.9220548868179321,0.1946453912342584,0.9255224466323853,0.8107460013787282,0.8406032919883728,0.7635276009034344,0.8571755886077881,0.7517880252884432,0.883284866809845,0.7515877144476629,0.9087989330291748,0.7482736413046487,0.9294058084487915,0.8098838825648438,0.9034512042999268,0.7971222115323976,0.9366861581802368,0.771057043947079,0.9456013441085815,0.7489589152336338,0.948404848575592,0.8374975311692466,0.9015897512435913,0.8187517693181229,0.9346835613250732,0.7891980643091103,0.9401545524597168,0.7661876200413746,0.9393116235733032,0.8499550289996659,0.8970445394515991,0.8324902362705844,0.9252027273178101,0.8059251417991079,0.9317188858985901,0.7846095517013424,0.932607114315033,0.8508971361153357,0.8923121690750122,0.8383995080994969,0.9150157570838928,0.8172394734831795,0.9219084978103638,0.7992829159395508,0.923229992389679
0.4992727787017667,0.3466353118419647,0.5328169429753179,0.3261653184890747,0.5524914977303265,0.3264670968055725,0.5668801012094159,0.3271638751029968,0.4799182733827865,0.32719913125038147,0.4641161682669038,0.3276582956314087,0.4533162458986398,0.3280147612094879,0.5989588707708349,0.33986330032348633,0.4449996694950481,0.34128302335739136,0.5373346112661624,0.37468400597572327,0.4717429649735709,0.3742106556892395,0.7167468603385037,0.47800207138061523,0.34359974698593027,0.4737645983695984,0.7464618086678522,0.6764892339706421,0.2739197038046442,0.6615163087844849,0.7691650607322655,0.848898708820343,0.23002562051225206,0.8289043307304382,0.8019544683521947,0.895228385925293,0.19361692371604922,0.8825825452804565,0.7593449440977021,0.8999835848808289,0.2326019758074499,0.888133704662323,0.7415824058213859,0.8896063566207886,0.2517131651781747,0.8725975751876831,0.21429855809271078,0.8306829929351807,0.2587934728112956,0.8523409962654114,0.2689076291370614,0.8823791146278381,0.26037674886996537,0.9091291427612305,0.25300123221325005,0.9272102117538452,0.22295553663666598,0.8981447219848633,0.2238956482761975,0.9357962012290955,0.2350405711054474,0.9479586482048035,0.2453095217570419,0.9544771909713745,0.19046557291980465,0.8958922624588013,0.19804411096262112,0.9350724816322327,0.2180711720284286,0.9462210536003113,0.2346229614236385,0.9500958323478699,0.17232390231808944,0.8911145329475403,0.17832829773632441,0.9260815382003784,0.19793808095789364,0.9365514516830444,0.21427537686813028,0.9393194317817688,0.16618056176847315,0.8862219452857971,0.17083090188043426,0.9120688438415527,0.1855434420356658,0.9224546551704407,0.19796772511420793,0.9256771802902222,0.7699186164499173,0.8412819504737854,0.7267616550145338,0.8567993640899658,0.7159395785379794,0.8828831315040588,0.7153296926866438,0.9088845252990723,0.7121312841625188,0.929958701133728,0.7686176235513744,0.9037661552429199,0.7561329460349682,0.9378010034561157,0.7312501848063147,0.9460608959197998,0.710870364601083,0.9477748870849609,0.7942411726521031,0.902148425579071,0.7759113501478112,0.9360324740409851,0.7478658292311973,0.9402978420257568,0.7277559035834538,0.9384594559669495,0.8051419420382764,0.8975951075553894,0.7890708904722504,0.9261687994003296,0.7639368175900669,0.9316937923431396,0.7450902133756994,0.9318460822105408,0.8057925965054387,0.8928093314170837,0.7949782313019554,0.9155623316764832,0.7751584265017225,0.9212532043457031,0.7591618961729983,0.921394407749176
0.5496406038302127,0.34681886434555054,0.5839166025526499,0.32621514797210693,0.6040495754053242,0.3264985680580139,0.618825668754845,0.32719165086746216,0.529668070773766,0.32720112800598145,0.5134270359252354,0.3276617228984833,0.5023890244259662,0.32802778482437134,0.6516693523043295,0.3398680090904236,0.4937738581696687,0.3413284122943878,0.588665905920261,0.3747330904006958,0.5212040039738308,0.3744276165962219,0.7724540221357044,0.47803640365600586,0.38947754760284065,0.47378525137901306,0.8026213091329577,0.6766049265861511,0.3179043069606395,0.6615248918533325,0.826019119949376,0.8490548133850098,0.2729308948266596,0.8289276361465454,0.8596694456277818,0.8952411413192749,0.2354403759783291,0.8826677203178406,0.8159695628890447,0.900006115436554,0.2753152760311582,0.888500988483429,0.7976808531154647,0.8897262811660767,0.2947858955467885,0.8729586601257324,0.2589138500340034,0.8310683965682983,0.30307836603343485,0.8532594442367554,0.31229634096013525,0.8832130432128906,0.30285630593948487,0.9093631505966187,0.29457301363402566,0.9268082976341248,0.26519175839769216,0.8984890580177307,0.266077550177451,0.9355896711349487,0.27650049381024416,0.9481174945831299,0.28559740106778797,0.9546212553977966,0.23257234030018137,0.8956964612007141,0.2391494476410478,0.9343434572219849,0.2582553074258975,0.9462916851043701,0.2740135310259057,0.9509447813034058,0.21394262704217945,0.8904989361763,0.2188177331123511,0.924781322479248,0.23760975099138013,0.9358586072921753,0.2529420810389199,0.9391195178031921,0.20745572857400493,0.8852704763412476,0.2112284961655272,0.9108399152755737,0.22511253841031006,0.921487033367157,0.23634799431617587,0.9248324036598206,0.8279980395948615,0.8403756618499756,0.782631944005712,0.8565859198570251,0.7706808494211402,0.8829335570335388,0.7696649577338481,0.9090717434883118,0.7674599240274573,0.9303566813468933,0.8252555471653892,0.9034850597381592,0.8131875037420875,0.9372831583023071,0.7889498406994491,0.9461920857429504,0.7687765876311057,0.9488252401351929,0.8520040103180638,0.901600182056427,0.8335546337261067,0.9353559613227844,0.8054544158318175,0.9401707053184509,0.7840998043609297,0.9387311339378357,0.8638247941888207,0.8967865705490112,0.8468508669782219,0.9251201152801514,0.8212615140574402,0.9309861660003662,0.8014230862278787,0.9312711954116821,0.864712450793379,0.891795814037323,0.8523614080448535,0.914260745048523,0.8319464088190246,0.9201196432113647,0.8151121975255773,0.9203411936759949
0.43222074170009495,0.3469483256340027,0.47003457801980425,0.32624655961990356,0.49219642514357803,0.3265225887298584,0.5084523620358355,0.3272184133529663,0.41004923656411985,0.32719823718070984,0.39210050052588175,0.3276580572128296,0.3799357333725146,0.32802814245224,0.5446428653565825,0.33987295627593994,0.3703174621028927,0.34134775400161743,0.4752430366887238,0.37478822469711304,0.4006234101302129,0.3746285140514374,0.677526239040271,0.47812938690185547,0.25510267056277314,0.4738055169582367,0.7105644387193417,0.6766585111618042,0.17615675532389344,0.6615148186683655,0.7363485412044244,0.8491750955581665,0.1266755752495999,0.8289675712585449,0.77363490697628,0.8952504992485046,0.08523029057178265,0.8827250599861145,0.7250627604726231,0.9000159502029419,0.129045186428399,0.8887863159179688,0.7048371659431341,0.8898054361343384,0.15039586783850944,0.8732658624649048,0.10953278244435334,0.8309156894683838,0.1583193725892949,0.8529911637306213,0.16977119959012762,0.8831928968429565,0.16148487551431298,0.9097620248794556,0.15381423183112405,0.927478015422821,0.11794222829052689,0.8981285691261292,0.11980243298133023,0.9359749555587769,0.13069566917277167,0.9480873346328735,0.14015694408849894,0.9542961716651917,0.08085724995827638,0.8956263661384583,0.09019864032625297,0.9345583319664001,0.1109256108854444,0.9458157420158386,0.12779003831679991,0.9501492977142334,0.05991166850438752,0.8905826210975647,0.0662381672820631,0.9252665638923645,0.08718153097018722,0.935810923576355,0.10503771105816274,0.9386405348777771,0.05281626675903324,0.8851388692855835,0.057277052201909186,0.9103899598121643,0.07242745074564895,0.9208924770355225,0.08590322151451278,0.92415452003479,0.7387876543006573,0.8397007584571838,0.6894382166668728,0.8556291460990906,0.6761296904759616,0.8815723657608032,0.6748564783045046,0.9080181121826172,0.6718506187441325,0.9296107888221741,0.7379304520621678,0.9022985696792603,0.7219423640416266,0.9359647631645203,0.6938782552687237,0.9452677965164185,0.669813779741292,0.9485533237457275,0.766289666763444,0.9009830355644226,0.7434285080154643,0.9341384172439575,0.711007562627304,0.9398468136787415,0.6855571265785687,0.9391094446182251,0.7783446545114563,0.8966715931892395,0.7575586091109668,0.924250066280365,0.7279811971373654,0.9305335283279419,0.704307191466191,0.9312568306922913,0.7786114302707058,0.8919553160667419,0.7638842493986691,0.9136276841163635,0.7407681906694058,0.9198595881462097,0.7210061807255796,0.9206128120422363
0.5435856808682074,0.34708186984062195,0.5789844230099185,0.32629188895225525,0.5997024005468956,0.3265630304813385,0.6149027712322648,0.3272666335105896,0.5227297782355517,0.3271975815296173,0.505903184573639,0.32765620946884155,0.49450793176348673,0.32802918553352356,0.6487671511242605,0.3398865759372711,0.485433686617582,0.3413673937320709,0.583834146765231,0.3748561143875122,0.5138631410123868,0.37480881810188293,0.7730190020736006,0.47838419675827026,0.3773461074594804,0.47382301092147827,0.8037284249676769,0.6767956018447876,0.3034105508631574,0.6615244150161743,0.8279379811594543,0.8494553565979004,0.2571606179841188,0.8290363550186157,0.8629328979178015,0.895335853099823,0.21832108524810023,0.8828136324882507,0.8172546657328981,0.9001151919364929,0.2592557259835229,0.8892027139663696,0.7982959785710643,0.889997124671936,0.2791388496501308,0.873680591583252,0.24095756836964788,0.8312141299247742,0.28667035720652895,0.8532015085220337,0.2974458348721455,0.8832954168319702,0.2894319747465027,0.9098302721977234,0.281717650273146,0.9273426532745361,0.24969440457673142,0.8980252742767334,0.2506087069203583,0.9357179999351501,0.260647104432326,0.9480915665626526,0.2694742435530364,0.9545561075210571,0.21476881888117433,0.8955938816070557,0.22260121889490483,0.9344775080680847,0.2418336624131481,0.9459920525550842,0.2576386823793904,0.9506247043609619,0.19476622936778729,0.8906956911087036,0.20025472353828158,0.925524115562439,0.21977033729485934,0.93618243932724,0.23636826742979744,0.9391306042671204,0.1877721338644199,0.885339081287384,0.1919601722748824,0.9107561111450195,0.20615970660590388,0.9211317300796509,0.21875658616655388,0.9243282675743103,0.8301901435306196,0.8400925397872925,0.7841996786783069,0.855488657951355,0.7721871633255561,0.8812162280082703,0.771400082393355,0.9076257944107056,0.7682827809231361,0.9295703172683716,0.828826437204486,0.9024731516838074,0.8151946001551796,0.93576580286026,0.7889978103405066,0.9451500773429871,0.7670282220251591,0.9482016563415527,0.8556237053808161,0.9012317657470703,0.8355129734800474,0.9346766471862793,0.8051921663522745,0.9401720762252808,0.7821123429942288,0.9388650059700012,0.8670266970049353,0.8971599340438843,0.8490073209513443,0.9253916144371033,0.8212227677204483,0.9314598441123962,0.7995592478224238,0.9317802786827087,0.8673505881453338,0.8928340673446655,0.8546484138128311,0.9154313206672668,0.8327807366320606,0.9217496514320374,0.8144669506341355,0.9223533868789673
0.4510838361612022,0.34710925817489624,0.48739506328655596,0.3263128399848938,0.5086492060452991,0.32658910751342773,0.5242686976245156,0.32730579376220703,0.429697111758349,0.32716935873031616,0.41245607110699845,0.3276077210903168,0.40077744868243764,0.32797232270240784,0.5589412018896381,0.33992141485214233,0.391423504562285,0.3413395285606384,0.49239874949139273,0.3748774230480194,0.4206631153104465,0.37481385469436646,0.6860375380814961,0.4783729016780853,0.28059088308874425,0.4738306999206543,0.7177839036354718,0.6767133474349976,0.2045607714562216,0.6616941690444946,0.7424605762765222,0.8494865298271179,0.15712092964390678,0.8298238515853882,0.778456836128174,0.8953771591186523,0.11548663537647333,0.8840453028678894,0.7315043177269042,0.9001773595809937,0.15871221850141362,0.8906518220901489,0.7119440600357604,0.890093207359314,0.1792859701233233,0.8750922083854675,0.13828413495014405,0.8293738961219788,0.1850532716421123,0.852056086063385,0.19478270346522136,0.8811127543449402,0.18447595758143812,0.9044131636619568,0.17333947729952856,0.9185050129890442,0.15054426183967473,0.8963444232940674,0.15228460200407684,0.9342323541641235,0.1575988418190746,0.949651837348938,0.1627095894189091,0.9601882100105286,0.11262117165867373,0.8940160274505615,0.11924510172774916,0.9341858625411987,0.13479491924865553,0.9493309855461121,0.14733254020626016,0.9581139087677002,0.08862588623416642,0.8887307643890381,0.09286738254946303,0.9244674444198608,0.11161118118067963,0.9375938773155212,0.12557560045339647,0.9432677626609802,0.07760453902766024,0.882416844367981,0.07965615410132341,0.9084101915359497,0.09540934362087639,0.919796884059906,0.10753525735642774,0.9236963987350464,0.7430279295401,0.8399689793586731,0.6962907017464163,0.8563432693481445,0.685255375076399,0.8824151754379272,0.6843278531288475,0.9084548950195312,0.6803007372103678,0.9299060106277466,0.7432546235429826,0.9034406542778015,0.7300262041329576,0.9366595149040222,0.7020894656449992,0.9455340504646301,0.6784986572777563,0.9483888149261475,0.7705511919058311,0.9016769528388977,0.7497857464611809,0.9342367053031921,0.7180063385389063,0.9388542175292969,0.6937740548386582,0.9371779561042786,0.7821193868729271,0.8966444134712219,0.76260591058056,0.9232439398765564,0.7343555787219475,0.928645133972168,0.7119498304285611,0.9285100102424622,0.7819022414962266,0.891475260257721,0.7684231534751356,0.9119486212730408,0.7467411773073159,0.9170564413070679,0.7284094637214908,0.9166828393936157
0.5294958882979226,0.3471357226371765,0.5655656233447288,0.32632631063461304,0.5866363171125237,0.3265984356403351,0.602136596801739,0.32732659578323364,0.5082809998568983,0.3271104097366333,0.4911568427093801,0.32751038670539856,0.4795271502948257,0.3278506398200989,0.6365781251411877,0.33994048833847046,0.470212617555694,0.34119275212287903,0.5704381079340187,0.37488603591918945,0.49935633815268937,0.37479719519615173,0.7624531889781285,0.4782463610172272,0.3603056309258704,0.473356157541275,0.7940352994500084,0.6764534115791321,0.2846771951573138,0.6616562604904175,0.81774274451196,0.8495147824287415,0.23709639593775889,0.8310992121696472,0.8542504495733406,0.895399272441864,0.1937403813338077,0.8851513862609863,0.807457062353058,0.9003357887268066,0.23836721802238925,0.8914289474487305,0.7878411326218426,0.890264630317688,0.259157669613206,0.8757875561714172,0.21789208575246388,0.8275907039642334,0.2621287616532333,0.8505222797393799,0.2701145899069915,0.8788761496543884,0.25528367348102204,0.9005969762802124,0.24113224462514207,0.9140570163726807,0.2274930988778411,0.8941366672515869,0.23097408782618115,0.9330635070800781,0.2365400022128303,0.950371503829956,0.24007287397267268,0.9634613990783691,0.18896322544515265,0.8916568756103516,0.19580400141259713,0.9331129789352417,0.2070705311909227,0.951732337474823,0.21406421146256807,0.9646314382553101,0.1636455553992782,0.8863490223884583,0.16558681453727414,0.922269880771637,0.18648440652004356,0.9315739274024963,0.2012404133019418,0.9339298009872437,0.15129553730150697,0.8802056908607483,0.1520088066496509,0.9083148837089539,0.1690222611491049,0.9166694283485413,0.18072665867627913,0.9164898991584778,0.8188306473018981,0.8400759100914001,0.7727541428187341,0.856620728969574,0.7618270500282762,0.8827642798423767,0.7611130989086277,0.9089667201042175,0.756592135707125,0.930279552936554,0.8191012424120858,0.9033231735229492,0.8050392278890381,0.9367855191230774,0.7784429806076681,0.9458531737327576,0.7564505317656134,0.9488576650619507,0.8459997190014583,0.9011743664741516,0.8261291476132636,0.9344587326049805,0.7956772097646089,0.9401485919952393,0.7720252609031342,0.9393071532249451,0.8572874689178656,0.8959577679634094,0.8389591328502944,0.923609733581543,0.8116510479409402,0.9300985932350159,0.7896607807677003,0.9308691620826721,0.8567928436912564,0.8907296657562256,0.8441249837180267,0.9122743010520935,0.8230891966512688,0.9184761643409729,0.8050778161562002,0.9190319776535034
0.46516561073216933,0.34715789556503296,0.5000215171797102,0.32634371519088745,0.5203198765309095,0.32661357522010803,0.5351919320528356,0.3273393511772156,0.4447661007992803,0.32700827717781067,0.4282337715064096,0.3273721933364868,0.41701091269172674,0.3276899755001068,0.5683895988961734,0.3399443030357361,0.40802842606993295,0.34100696444511414,0.5044933374791376,0.37488222122192383,0.4361417259514543,0.3747154474258423,0.689260049162979,0.47796744108200073,0.3024481182087611,0.47171902656555176,0.7196519438866494,0.6762200593948364,0.22945673638889347,0.6597667932510376,0.7417034268778112,0.8495257496833801,0.18283045218173402,0.8316515684127808,0.7775255625276745,0.8954035639762878,0.1380760114912299,0.8859465718269348,0.732126701094304,0.9003723859786987,0.18375160162432838,0.8920000791549683,0.7131282399093529,0.8902872204780579,0.20436066354075672,0.8760124444961548,0.16429394370200198,0.825609028339386,0.20370740073439197,0.849873423576355,0.21022674109593603,0.8781715035438538,0.19596736347296315,0.9004759788513184,0.18183154507497995,0.913616955280304,0.17414579053732845,0.8875555992126465,0.1779231889630121,0.9287521839141846,0.18263326924435008,0.9494878053665161,0.18548070897308203,0.965140700340271,0.13366242741706974,0.8871383666992188,0.13787997687378079,0.9300183653831482,0.14527126937099616,0.9527462720870972,0.15019201714666733,0.9684402346611023,0.10555496756264568,0.8838405013084412,0.10852711483630216,0.9210102558135986,0.12973578020899681,0.9302757978439331,0.1458313542169332,0.9319228529930115,0.09190257545266313,0.8799015283584595,0.09794943137472857,0.9089094400405884,0.11614282185792792,0.9163811206817627,0.1286773737250471,0.9153478145599365,0.7436581954983331,0.8404495120048523,0.6994479436249535,0.8571335673332214,0.6878045700501292,0.8831131458282471,0.6872831671814261,0.908835232257843,0.6840890660689339,0.9296975135803223,0.742871563533821,0.9022836685180664,0.7302854521016271,0.9359884858131409,0.7052341637309494,0.945554256439209,0.6839422123538372,0.9489113092422485,0.7683643317057364,0.9004809260368347,0.7504910272020907,0.9342145919799805,0.7216703622407028,0.9402451515197754,0.6988427462101475,0.9397071003913879,0.7789725768821474,0.8960588574409485,0.7624015328029018,0.9245072603225708,0.7365813294038497,0.9313488602638245,0.7157374852744564,0.932550311088562,0.7787819557729626,0.8916253447532654,0.7667042547896376,0.9138374924659729,0.7463351589304515,0.9205434918403625,0.7288129122354595,0.9216703176498413
0.5251957706169099,0.34665119647979736,0.5668491803212331,0.32596561312675476,0.5910947468012512,0.3262670636177063,0.6087943105747383,0.3269408643245697,0.5007849531637757,0.32638952136039734,0.4810829870143702,0.3267122805118561,0.4677232257662309,0.32698673009872437,0.6483397636974623,0.339521586894989,0.4569948135832675,0.3405173122882843,0.5721809187209304,0.37443166971206665,0.4905121833020018,0.3741989731788635,0.7921516611918519,0.47785598039627075,0.33141380845844287,0.47085198760032654,0.8282629277798205,0.6761564016342163,0.2441003077787476,0.6579180955886841,0.8540417668327304,0.8495391011238098,0.18708672825202963,0.8315602540969849,0.8972483871265741,0.8953970670700073,0.12891770156753235,0.8859907388687134,0.8430196402989221,0.9003839492797852,0.18642787453782908,0.8920669555664062,0.8201720024436226,0.8902922868728638,0.21306232816315887,0.8758969306945801,0.16249795422694735,0.8205708265304565,0.20891963834338267,0.8452135324478149,0.20824686711169235,0.8712551593780518,0.18359325543841679,0.8919292092323303,0.16194944375183368,0.9057937264442444,0.17446451724254855,0.8788263201713562,0.17929239068672015,0.9207257032394409,0.18522834872564045,0.9435616731643677,0.18821091963668224,0.9616010785102844,0.12738306069938174,0.8791318535804749,0.1262812311686734,0.9252578616142273,0.13397365028427535,0.9501283764839172,0.13803852319797452,0.9680789113044739,0.09198033649058424,0.8766871094703674,0.09001130097190618,0.9170348048210144,0.11916994659657058,0.9244598746299744,0.13988198830604245,0.9239913821220398,0.07189470035060357,0.8734518885612488,0.07184780691737604,0.9058070778846741,0.09317992094399825,0.9121993780136108,0.1075825772913407,0.9099348187446594,0.8563011741524067,0.8408791422843933,0.8035273552205412,0.856473445892334,0.790315643519407,0.8821746706962585,0.7894988103440372,0.9078865647315979,0.7853659331559744,0.928722620010376,0.8557560453212899,0.9018007516860962,0.8399539552244442,0.9353566765785217,0.8112108413228105,0.9444896578788757,0.787187955122629,0.9475515484809875,0.8862741118326745,0.9005869030952454,0.8645546529653533,0.934249222278595,0.8306084986066528,0.9397469758987427,0.8045192520007403,0.9386289119720459,0.8991241244556751,0.8966333270072937,0.8792389631181878,0.9249682426452637,0.8483256547477533,0.9311787486076355,0.8243242703302106,0.9317617416381836,0.899095116596188,0.8924298882484436,0.8842000889734941,0.9145466089248657,0.8600528051872101,0.9208918213844299,0.8400000081334412,0.9217342138290405
0.5139432306394726,0.34631407260894775,0.5516247263849184,0.3256147503852844,0.5735257825131473,0.32595357298851013,0.5894566339888627,0.32657861709594727,0.49166508363363487,0.325816810131073,0.4738168700802316,0.32609614729881287,0.46166690295541535,0.32634156942367554,0.6250429052802027,0.3390370011329651,0.4518962165461683,0.3398807942867279,0.5563545638205017,0.3741210401058197,0.4825217972061205,0.37382984161376953,0.755073107966955,0.4773818552494049,0.3382799732258915,0.4697437286376953,0.7875619279050884,0.6751325130462646,0.25876013848661217,0.6542227864265442,0.8103325570120583,0.848109245300293,0.20591446017637163,0.8278356790542603,0.8499314855839496,0.8945921659469604,0.15027105762417964,0.8840166330337524,0.8005356935625271,0.8999452590942383,0.20383036096438648,0.8899857401847839,0.7798640385938119,0.889655590057373,0.22983422597744307,0.872489333152771,0.17921479882024502,0.8096237182617188,0.22665180536644883,0.8323679566383362,0.23780280003501064,0.8593082427978516,0.2232396281653918,0.8845058679580688,0.21228842798808087,0.9015883207321167,0.1995762028000232,0.8626635670661926,0.20215083852230864,0.9076405167579651,0.205747103990446,0.9312983751296997,0.20794275630585884,0.9500855803489685,0.15224830852511248,0.8641766905784607,0.1497331017591481,0.9129406809806824,0.15272266125712894,0.9406449198722839,0.15455988267973023,0.9604405760765076,0.11779147039890331,0.8635091185569763,0.11573915506623632,0.906592607498169,0.1367381822232095,0.9200586676597595,0.15543251554223425,0.924694836139679,0.09846708401973873,0.8625718951225281,0.09932063240490037,0.8958696722984314,0.11772224273966499,0.9067106246948242,0.13420631412484796,0.9086309671401978,0.812657997923151,0.8411000967025757,0.7642734178930347,0.8568729162216187,0.7520103942536933,0.8826947212219238,0.7523743258624025,0.9081115126609802,0.7492240251873246,0.9285417795181274,0.811833704149226,0.9022969007492065,0.7990841413043844,0.9353986978530884,0.7727696361842246,0.9443389177322388,0.7503984545622413,0.9475522637367249,0.8393624701947893,0.9008163213729858,0.819783883529837,0.9335121512413025,0.789099439903624,0.9393355250358582,0.7650105491976887,0.938906729221344,0.8509513996724315,0.8965632915496826,0.8323669745482221,0.9237996935844421,0.805005458565448,0.9305213093757629,0.7830932241335302,0.9317775964736938,0.8510770494657961,0.8921953439712524,0.8369204353312952,0.913435697555542,0.815488726460488,0.9199243187904358,0.7973565273943789,0.9210681319236755
0.501934208550419,0.3461776673793793,0.5398254523505033,0.3254811763763428,0.5618603556874676,0.325830340385437,0.5778798849006926,0.32644373178482056,0.479418404799301,0.325553297996521,0.46143208739616176,0.32581138610839844,0.4491271706367061,0.3260628283023834,0.6137149361847016,0.33883899450302124,0.4393432989627357,0.33960220217704773,0.5446094218542404,0.37393051385879517,0.47058053574203484,0.3735857605934143,0.7444950281679793,0.4766320288181305,0.3253261080230899,0.46833962202072144,0.7766842230974764,0.6737021207809448,0.24442393000714546,0.6457670331001282,0.7994553302275286,0.8463041186332703,0.1897849771231201,0.8056719899177551,0.8386588597851233,0.8936122059822083,0.1338236996631501,0.8653568029403687,0.789523497425021,0.8990729451179504,0.1847224883583863,0.8741148114204407,0.7689354677701513,0.8882989883422852,0.2118367128661267,0.853530764579773,,,,,,,,,,,,,,,,,,,,,,,,,,,,,,,,,,,,,,,,,,,0.8022686243967357,0.8406592011451721,0.75353160520505,0.8561684489250183,0.7410612886591024,0.8819555044174194,0.7410443849293056,0.907562792301178,0.7380663328873961,0.9281643033027649,0.800548794706489,0.9021706581115723,0.788010292651319,0.9345623254776001,0.7620109297488641,0.9433194398880005,0.739983586729868,0.9464452862739563,0.8286398693547187,0.900554895401001,0.8104707135071326,0.9326657652854919,0.7807873360415529,0.9389320015907288,0.7569726910606319,0.9389124512672424,0.8412355730609308,0.8960467576980591,0.8242990343371718,0.9230392575263977,0.7975402160976892,0.930170476436615,0.7756742074111833,0.9317185282707214,0.8420247704035501,0.8913758397102356,0.828543867581274,0.9127205610275269,0.8075435866258766,0.9193745851516724,0.7895222849211959,0.9205787181854248
0.547963786475827,0.34600070118904114,0.5894305089305005,0.3253612518310547,0.6135630794298685,0.32573041319847107,0.6311247738685556,0.32635563611984253,0.5232987446561659,0.3253136873245239,0.5036410067946497,0.3255592882633209,0.4901180349418449,0.3258225619792938,0.6703961182433666,0.3387582004070282,0.4796339837212053,0.3393557369709015,0.5946410596563841,0.37371256947517395,0.5137651997343153,0.3733292520046234,0.8131334085227978,0.476421594619751,0.354836751593801,0.4670817255973816,0.8471785527574622,0.6726022958755493,0.26470531947072545,0.6366668939590454,0.8717998544642588,0.8438429832458496,0.20481837571090558,0.7770655751228333,0.9126530416327576,0.8923646807670593,0.1443168990147518,0.8316819071769714,0.860572260448456,0.8978312611579895,0.1999239822766669,0.8392011523246765,0.8387986826550683,0.8862546682357788,0.22953009190860568,0.8229875564575195,,,,,,,,,,,,,,,,,,,,,,,,,,,,,,,,,,,,,,,,,,,0.8775276965786006,0.8406624794006348,0.8240815822469376,0.8555452823638916,0.8106918651565809,0.8812680244445801,0.8109266063705235,0.9068313837051392,0.8067518121276258,0.9274498224258423,0.8747028990570869,0.9022164344787598,0.8606235905272381,0.933897078037262,0.8331785867579261,0.9430117011070251,0.8100988306030906,0.9463931322097778,0.9051895229825243,0.9009396433830261,0.8851178189902204,0.93266361951828,0.8527843294405539,0.9388724565505981,0.8270783668312001,0.9386589527130127,0.9189440279193478,0.8968304395675659,0.9017277160534416,0.924095630645752,0.8725419496886027,0.9310647249221802,0.8489395030973883,0.9326193332672119,0.9202041187557916,0.8924450874328613,0.9072105665874987,0.9144848585128784,0.8843652386583204,0.9212204217910767,0.8647589482461934,0.922424852848053
0.5553260737972916,0.34593886137008667,0.5947586285771215,0.32532408833503723,0.6176967581912051,0.32569417357444763,0.6344073870877777,0.3263258934020996,0.53191398483454,0.3251897394657135,0.5132650738673022,0.3254085183143616,0.5004470049145815,0.3256625533103943,0.6716715806374172,0.3387014865875244,0.490733721231296,0.3391246199607849,0.599706837088315,0.37363678216934204,0.5229404140190249,0.3731572926044464,0.8070486701204533,0.4763732850551605,0.37278576977437655,0.46592584252357483,0.838133424759228,0.6720780730247498,0.2858848898214542,0.6284323930740356,0.8597337100898571,0.8425959348678589,0.2307995122857567,0.7542415857315063,0.8943905134294003,0.892116367816925,0.17336924309925003,0.7995613813400269,0.8484144850329475,0.8974528312683105,0.22456113070257697,0.8035668134689331,0.8290432705830093,0.8853902816772461,0.252843922933374,0.7923132181167603,,,,,,,,,,,,,,,,,,,,,,,,,,,,,,,,,,,,,,,,,,,0.8681096330837177,0.8403173089027405,0.8164730249707506,0.8555129170417786,0.8042964992977667,0.8813411593437195,0.8045856141284587,0.9064845442771912,0.8003604158912399,0.9268332719802856,0.8661991390699911,0.9023831486701965,0.8534516748456098,0.9337905049324036,0.8266706838741134,0.9426057934761047,0.8041310357405204,0.9456873536109924,0.8956839414612021,0.9005120396614075,0.8766380741946443,0.9319441914558411,0.8452862268533003,0.9381747245788574,0.8203441579791316,0.9377415180206299,0.9089202076510098,0.8957737684249878,0.8919869767026022,0.9227496385574341,0.8639116649103262,0.9298967123031616,0.8411667497108868,0.931591808795929,0.9097313064374752,0.8908762335777283,0.8965710017098746,0.9127561450004578,0.8749830666267738,0.9197449684143066,0.8562100207920605,0.9212519526481628
0.4827140070799094,0.34553462266921997,0.520964631884084,0.3251267075538635,0.5433129536403318,0.3255208432674408,0.5596163642257944,0.32614898681640625,0.45996000655333563,0.32491087913513184,0.4418351773786925,0.3251191973686218,0.4292446236484583,0.3253549039363861,0.5956899938330291,0.33851322531700134,0.4196517465195232,0.3387824594974518,0.5257666030914129,0.3733481168746948,0.4513120322658548,0.3728007376194,0.7267515189265706,0.4752691686153412,0.30553835723300243,0.464949369430542,0.7580326100290596,0.6705860495567322,0.22071655695568354,0.612816333770752,0.7775884890244424,0.8412105441093445,0.18141226299334592,0.7082319259643555,0.8104875788569439,0.8917214274406433,0.1490373411874649,0.749508261680603,0.7659988175975309,0.8970847129821777,0.18889932555021846,0.7503024339675903,0.7477086621703053,0.8846084475517273,0.20822885596323096,0.7393445372581482,,,,,,,,,,,,,,,,,,,,,,,,,,,,,,,,,,,,,,,,,,,0.7881877266801234,0.8404750227928162,0.7368109883167436,0.8561677932739258,0.7235594923724333,0.8822858333587646,0.7244179408667504,0.9074048399925232,0.721416600023294,0.9273406863212585,0.783521151034488,0.9027107954025269,0.7714250885973628,0.9339460134506226,0.7459575897746198,0.942908525466919,0.7241748673771078,0.945999026298523,0.8131828647812025,0.9006549715995789,0.7950257104603994,0.9320236444473267,0.7652330272662805,0.9388701319694519,0.7414234347614018,0.9391168355941772,0.8267265568278386,0.8956658840179443,0.8109621889153775,0.9227614402770996,0.7841568426293416,0.9301290512084961,0.7624817981597787,0.9319520592689514,0.8288852670936173,0.8905624151229858,0.8161771673773469,0.9126445651054382,0.7950968910852768,0.919601559638977,0.777141814277505,0.9209040403366089
0.5193054717110857,0.3454728126525879,0.5572046639305656,0.3250907063484192,0.5792503193799089,0.32548046112060547,0.5952977089657069,0.32612234354019165,0.49701486851295396,0.32484087347984314,0.47912351399295794,0.32506123185157776,0.4666978134722731,0.3253140151500702,0.6306417964704472,0.33854833245277405,0.45711953654092335,0.3387763798236847,0.5616968645683349,0.3733358085155487,0.488282110678211,0.3728038966655731,0.7586437344423542,0.47515201568603516,0.344838761150106,0.46504583954811096,0.7909331541580831,0.6706100106239319,0.2605941372049814,0.6196075081825256,0.8098931339613106,0.8411122560501099,0.23976989055649564,0.6955902576446533,0.8427622502203639,0.8916820287704468,0.2374409355247479,0.726671040058136,0.7986394301828182,0.8969070315361023,0.26424303870820004,0.7189127802848816,0.7804522120101052,0.8843749165534973,0.2780871159534501,0.7133988738059998,,,,,,,,,,,,,,,,,,,,,,,,,,,,,,,,,,,,,,,,,,,0.8190030705105303,0.8403477072715759,0.7692506415340884,0.8556496500968933,0.7556918294130303,0.8816333413124084,0.7552602974340218,0.9068909883499146,0.7526193303158918,0.9268062710762024,0.8139785802610833,0.9023852944374084,0.8023209150000841,0.9343105554580688,0.7774035596021485,0.9426960945129395,0.7566436918532857,0.94479900598526,0.8436557491420512,0.9006451964378357,0.82587757688107,0.9326131343841553,0.7969115835864832,0.9382127523422241,0.774955227901133,0.9373013973236084,0.8578816240550882,0.895872175693512,0.8420072482862972,0.9233489632606506,0.8154822106897657,0.929793655872345,0.7950077870942929,0.9306563138961792,0.8608802915109459,0.8908874988555908,0.8479088383828892,0.9129678606987,0.8268718334354266,0.9192608594894409,0.8100061371911272,0.9199479222297668
0.46147299360820443,0.3456139862537384,0.498364848429893,0.32511189579963684,0.5197877829310422,0.32548969984054565,0.5353248439911132,0.326139360666275,0.4398570284086265,0.32484421133995056,0.4224187295788389,0.3250660300254822,0.4104043572092369,0.325325071811676,0.5692751860322836,0.3386460840702057,0.4010553227166078,0.33879750967025757,0.5024758674606612,0.3735203444957733,0.4312700102085891,0.37304842472076416,0.6928292113478628,0.4751601219177246,0.2923891460023503,0.46745118498802185,0.725146606757381,0.6716113686561584,0.20450589484526122,0.6490910649299622,0.7431862597691213,0.8412526845932007,0.2348354005252608,0.5739830732345581,0.7750106246290004,0.8916756510734558,0.27009684402313916,0.5475558042526245,0.732001384556999,0.8968802690505981,0.2709068227832606,0.5249211192131042,0.7144107241449864,0.8843662142753601,0.26975902293576665,0.541987955570221,,,,,,,,,,,,,,,,,,,,,,,,,,,,,,,,,,,,,,,,,,,0.751056202612833,0.8411627411842346,0.7034601391616514,0.8562557101249695,0.689732245993367,0.881938636302948,0.6894969833177361,0.9069270491600037,0.6875031199861791,0.9269682765007019,0.7466035768980516,0.9033268094062805,0.7360855223785943,0.935340404510498,0.7120774074045696,0.9435259103775024,0.6922008717660038,0.9455926418304443,0.774535723266943,0.901784360408783,0.7579718972611456,0.933846116065979,0.7299768196893839,0.9388810396194458,0.7089646745191118,0.9373089671134949,0.7876083261837066,0.897235631942749,0.7732216002789714,0.9249374866485596,0.7476076977244229,0.93071448802948,0.7279975430604789,0.9308986663818359,0.7899699133430728,0.8925422430038452,0.778656466766146,0.9148107767105103,0.7583979678995629,0.9206581711769104,0.7419277746326939,0.9209224581718445
0.47320636940787203,0.3457483649253845,0.5132219161776235,0.32512593269348145,0.5364124247617352,0.32549068331718445,0.5532692030516871,0.32614195346832275,0.44981007664035183,0.32487088441848755,0.4309223829555192,0.325125515460968,0.41801450235906146,0.32541218400001526,0.5898823159380884,0.33872541785240173,0.40788925865641545,0.33893510699272156,0.5176197257492875,0.37376660108566284,0.44046099882976836,0.3733840584754944,0.7237890775799268,0.47593674063682556,0.29226675264989,0.4687557816505432,0.7594192250083732,0.6721173524856567,0.17649607601422912,0.648798942565918,0.7774758093267354,0.8413165807723999,0.2600911620723018,0.5567618608474731,0.810750194178963,0.8916606903076172,0.3345533715753493,0.5399438142776489,0.7645645065152392,0.8967997431755066,0.3305170005612032,0.5188290476799011,0.7461759297313928,0.8842629194259644,0.31639269174900564,0.5241439342498779,,,,,,,,,,,,,,,,,,,,,,,,,,,,,,,,,,,,,,,,,,,0.7854775497946703,0.8402693271636963,0.7342334522365939,0.8560855388641357,0.71991934211342,0.8819543719291687,0.7201469382168535,0.9072522521018982,0.7177893705162188,0.9272892475128174,0.7837493688070333,0.9021913409233093,0.7713632067735187,0.9346756339073181,0.7449581476723411,0.9431490302085876,0.7229215648710698,0.9458276629447937,0.8134045544189725,0.9005278944969177,0.7939832208287004,0.9329164028167725,0.7631272514126255,0.938141405582428,0.739765556863076,0.9374102354049683,0.8269667550094221,0.8960731625556946,0.8100192692175731,0.9236335754394531,0.7820377347932084,0.9297592043876648,0.7604188878671748,0.9306114912033081,0.8289893217038794,0.8912577629089355,0.8164051976927584,0.9133816957473755,0.7945778588966926,0.9194051027297974,0.7765915992170318,0.9198371767997742
0.5646730622896268,0.3468090295791626,0.6021261925470934,0.32541322708129883,0.6239814427271128,0.3256647288799286,0.6403764341590898,0.3262740969657898,0.5420701356620793,0.325225830078125,0.524757203778845,0.3255704641342163,0.5130607562653509,0.32590097188949585,0.6746635379762905,0.33894863724708557,0.5034496980261909,0.3397538661956787,0.6063284425315498,0.37478727102279663,0.5338520597487553,0.3748263418674469,0.8008106708508744,0.47688621282577515,0.3954788752103448,0.4749462604522705,0.8343873688871993,0.6729715466499329,0.276776858569435,0.6499769687652588,0.8509919812982223,0.8415824770927429,0.3548196189528556,0.556593656539917,0.8814140391890269,0.8916948437690735,0.4051921625740698,0.5333340167999268,0.8384538320026381,0.8968803286552429,0.40612979919356734,0.5149960517883301,0.8215562877106407,0.8843109011650085,0.3999826144774168,0.5250067114830017,,,,,,,,,,,,,,,,,,,,,,,,,,,,,,,,,,,,,,,,,,,0.8576533173361217,0.8403016328811646,0.8099007530636708,0.8560969233512878,0.7971624595809409,0.8818694949150085,0.7968179711231363,0.9071578979492188,0.7935940938188828,0.9276533126831055,0.8563017429331033,0.9022674560546875,0.8451385771309775,0.9347978830337524,0.8194771927234641,0.9435880780220032,0.797840828147408,0.9464056491851807,0.8842347992258847,0.9004459381103516,0.8665332127912513,0.9330873489379883,0.836255923505071,0.9381548166275024,0.813194221138296,0.9367942214012146,0.8970994735080595,0.8958861231803894,0.8820255044335719,0.92375248670578,0.855003776054416,0.929710328578949,0.8343201119536391,0.9298719167709351,0.8994791383875929,0.8910759687423706,0.8888851458780991,0.9135887622833252,0.8680341527501889,0.9194237589836121,0.8507485550465772,0.9192318916320801
0.5227955295641807,0.347432941198349,0.5554709402748704,0.32556360960006714,0.5745970051557905,0.3257540762424469,0.5890989452698209,0.3263440728187561,0.5027336394678048,0.3253990113735199,0.4877890329960428,0.32576677203178406,0.4777643416061108,0.3260876536369324,0.618939364237817,0.33913999795913696,0.46925130610738913,0.3403763473033905,0.5588241363905749,0.37544992566108704,0.4958071184657868,0.37565556168556213,0.729275204634093,0.4787638187408447,0.3741891535773212,0.4832688271999359,0.7586158868223478,0.6743565797805786,0.26786266473854714,0.6547415256500244,0.772416181921193,0.8416515588760376,0.3366712805003861,0.5532478094100952,0.7990275514707138,0.8916766047477722,0.37179176350122856,0.5254440903663635,0.7614046169350789,0.8968807458877563,0.3748182561567374,0.5089718103408813,0.7468332534938418,0.8843346834182739,0.3726281787121122,0.5169425010681152,,,,,,,,,,,,,,,,,,,,,,,,,,,,,,,,,,,,,,,,,,,0.778251014926433,0.8397154808044434,0.7374743219294979,0.8556845188140869,0.7260956903654573,0.8810794949531555,0.7255315949496399,0.906391978263855,0.7228914702864278,0.9268711805343628,0.777536893476999,0.900847852230072,0.7671515590198428,0.9337740540504456,0.744906509105752,0.9430435299873352,0.7257895236101516,0.9464914202690125,0.8017989257516432,0.8993092179298401,0.7865886082890954,0.9320623874664307,0.7605497341309259,0.9376047253608704,0.7403516841370169,0.9369065761566162,0.8131746543829625,0.8951887488365173,0.800728299458226,0.9232819676399231,0.7776470196268295,0.9293266534805298,0.7595314841555436,0.9299073815345764,0.8152803923673558,0.8908920884132385,0.8063819153442272,0.9139566421508789,0.7884863851144985,0.9201474189758301,0.7733766820647796,0.9204060435295105
0.5315936193537648,0.3478441834449768,0.566240334146809,0.3256612718105316,0.5865491450237402,0.3258128762245178,0.601999898170958,0.3263934552669525,0.5099576273913443,0.3255162835121155,0.4942068882297866,0.3258979916572571,0.4836536474234238,0.32620346546173096,0.63354970429992,0.33927613496780396,0.47441619334182217,0.34061259031295776,0.5693868148285414,0.37583357095718384,0.5028380837388585,0.37618404626846313,0.7504950707838074,0.4792259633541107,0.37425940237580435,0.48239630460739136,0.7817147023909834,0.674842894077301,0.2555159206387514,0.6546283960342407,0.7962931975790204,0.8421847224235535,0.3412358273654354,0.5350167155265808,0.8246330682242645,0.8917525410652161,0.36986032783196915,0.5042757391929626,0.7846858801780666,0.8968929052352905,0.37340515274536046,0.4899464547634125,0.7692186248532427,0.8843878507614136,0.37663470093619356,0.4989425241947174,,,,,,,,,,,,,,,,,,,,,,,,,,,,,,,,,,,,,,,,,,,0.8032484070461785,0.8396434783935547,0.7591587140270216,0.8551980257034302,0.7473173538373206,0.8803858757019043,0.7465974790816694,0.9056204557418823,0.7433729404804668,0.9264448881149292,0.8012217169877187,0.9011454582214355,0.7893227956308916,0.9332556128501892,0.7649125387705213,0.9425232410430908,0.7441488047672816,0.9461010098457336,0.8270839035381007,0.8997331261634827,0.8098275371244796,0.9319458603858948,0.7813168165531469,0.9375311732292175,0.758866324253167,0.9366637468338013,0.839182357177332,0.8954768776893616,0.8256241156682766,0.9235706329345703,0.8002491362662658,0.9299288392066956,0.7798937001891141,0.9304617047309875,0.8415153197939816,0.8909029960632324,0.8322562884603117,0.9141737818717957,0.8125631659716851,0.9204201698303223,0.7956232222651782,0.9204786419868469
0.5604472262932024,0.34843558073043823,0.5995551475651588,0.3258134722709656,0.622474323466531,0.3259287476539612,0.6399635031273596,0.3265264630317688,0.5355677620072938,0.32562869787216187,0.5178591848293547,0.3260250985622406,0.505916272493112,0.32629555463790894,0.6753980113763788,0.3395090699195862,0.4948862487824232,0.3407037556171417,0.602702848395464,0.3764202892780304,0.527699580703661,0.3769432604312897,0.8071841405039258,0.4796850085258484,0.3832256141460132,0.4816051423549652,0.8421966906873881,0.6749074459075928,0.24810085444043659,0.6541629433631897,0.8586330428822306,0.8422297239303589,0.3544570685609233,0.5299416184425354,0.8903516764548832,0.8917310833930969,0.38827286473486233,0.5009112358093262,0.8457019555627451,0.8967501521110535,0.38806819956533295,0.48311710357666016,0.8283010222946956,0.8843029141426086,0.3925274854853049,0.4911845624446869,0.36736205119434395,0.5297034382820129,0.41261472756517864,0.5227919816970825,0.4395343819904246,0.4989825487136841,0.42857746616998804,0.47730904817581177,0.40988654787075535,0.4629894196987152,0.43347521481558904,0.4682338535785675,0.45357929386412693,0.4522800147533417,0.4601571947511614,0.448570191860199,0.4600784376148442,0.4574500322341919,0.39045155371073315,0.4644804298877716,0.4046849953256617,0.44496312737464905,0.4154520890936807,0.45860999822616577,0.42094426396411544,0.47655603289604187,0.3489596136761925,0.4672314524650574,0.37138257900327176,0.4650155007839203,0.3831895771253636,0.4878407120704651,0.38836052035681123,0.5040476322174072,0.30972726129809974,0.4754331409931183,0.33380412648784014,0.4748547673225403,0.34706323931086147,0.4917411208152771,0.3540169073691571,0.5031781196594238,0.8667604987340207,0.8395350575447083,0.8170388625708676,0.8551024198532104,0.8042584956594677,0.8803789019584656,0.8043056096331859,0.9057250022888184,0.8006818952063494,0.9265143275260925,0.8666002521462961,0.9009303450584412,0.8521499237902858,0.9333309531211853,0.824472236543384,0.9426395893096924,0.8014024140802799,0.9458627700805664,0.8957531680028638,0.8991715908050537,0.8755272424705721,0.9319266080856323,0.8429787974203795,0.9375927448272705,0.8176946920388778,0.9363530278205872,0.9089878376827805,0.8947207927703857,0.8924545252254115,0.9230344295501709,0.8628548389284134,0.9295620322227478,0.8396544561118084,0.9299113154411316,0.9111303419452941,0.890148937702179,0.899818557471719,0.9135041832923889,0.8768452521930187,0.9200044870376587,0.8572754515141525,0.9203070998191833
0.5376757548643043,0.34855493903160095,0.5778894771037424,0.3258780539035797,0.6014300886338629,0.3259781002998352,0.6194634055141937,0.32659652829170227,0.5118928442959372,0.32569563388824463,0.4936562097521439,0.32611995935440063,0.48131480102233243,0.32636764645576477,0.6555194920999264,0.3397417664527893,0.46902923920437334,0.34071576595306396,0.5810617486306612,0.37653952836990356,0.5034379936483737,0.3770594000816345,0.7905350165458087,0.47977548837661743,0.3541474749682259,0.4803965091705322,0.8266909598380602,0.6748319864273071,0.2159812665584982,0.6528781056404114,0.8437132655043678,0.8422891497612,0.33724680326890116,0.5250695943832397,0.87645397285156,0.8916956186294556,0.3823115051254292,0.4977818429470062,0.8307791662467316,0.8966029286384583,0.37648172491127446,0.4758969247341156,0.8128850872512503,0.8841671943664551,0.37631888867100927,0.48367610573768616,0.35034825356470356,0.5200186967849731,0.39340311156567487,0.510738730430603,0.4252108112659422,0.4839644134044647,0.418514796886425,0.4617706537246704,0.4029182568093921,0.44644156098365784,0.41699179241462486,0.4562123417854309,0.43986208924460424,0.4372625946998596,0.44773722466587407,0.43695980310440063,0.4463573279056956,0.4470970332622528,0.3766558291765534,0.45449209213256836,0.3961766771166041,0.4303402900695801,0.40367268333261525,0.4455867409706116,0.40246188282659845,0.4630400240421295,0.3355831950910379,0.4588182270526886,0.3586475144123305,0.44889742136001587,0.3725847334725323,0.47145605087280273,0.37493701905796645,0.48712968826293945,0.29315794273014145,0.4678686559200287,0.3195058100677977,0.4580681622028351,0.3354600814844068,0.4734281003475189,0.33836981182245435,0.48472532629966736,0.8548727836105208,0.8392476439476013,0.8031061108764044,0.8551135063171387,0.7898341226262702,0.8802930116653442,0.7899685801368713,0.9054771661758423,0.7865172258086033,0.9263587594032288,0.8529792242555262,0.9004040956497192,0.8388620203109306,0.932836651802063,0.8101915360597617,0.9423720240592957,0.7857877255225316,0.9462807774543762,0.8817176201726026,0.8989198803901672,0.8611793871861977,0.9311723113059998,0.8278623032867899,0.9375868439674377,0.8011315127960589,0.9373376369476318,0.8945725017998394,0.8948609232902527,0.876857269504407,0.9226837158203125,0.8473915737909923,0.9295989871025085,0.8235064717991737,0.9307510852813721,0.8962888079128677,0.8909351229667664,0.884673636674006,0.9140589237213135,0.8617286749510066,0.9210287928581238,0.8415676362564742,0.9220641255378723
0.4876362068926566,0.3486538529396057,0.5284780098626818,0.32588744163513184,0.552250595268747,0.3259832561016083,0.5705074391570754,0.3266095519065857,0.4614368765944505,0.32572489976882935,0.44286969587199293,0.32618051767349243,0.4303721441272944,0.32648125290870667,0.6068066271556104,0.33979249000549316,0.4177417500800223,0.34078478813171387,0.5316174996284518,0.3765468895435333,0.4527731529334865,0.37724247574806213,0.7434165480104674,0.4798005521297455,0.301577631436839,0.4776237905025482,0.7800150058535046,0.6745017766952515,0.16240816181431472,0.6504525542259216,0.7971871310501786,0.8421775102615356,0.29916598837429353,0.5180225372314453,0.830537043167161,0.891396701335907,0.3430925609947099,0.4866403639316559,0.7843134553663448,0.8962403535842896,0.33733030996843677,0.4653082489967346,0.766168818456181,0.8838003873825073,0.3367053708979261,0.4759400486946106,0.3077749534928313,0.5090135335922241,0.35835347856604316,0.497534841299057,0.3819183657813619,0.469959020614624,0.36084362808625653,0.4439414441585541,0.34039594294926423,0.42470863461494446,0.3791260643880977,0.4458940029144287,0.4037029663215477,0.42436009645462036,0.40504291746147913,0.43075183033943176,0.3961983561158431,0.44549280405044556,0.34022236797653493,0.4442424476146698,0.3599677603967682,0.4165058732032776,0.363320558702193,0.4318588078022003,0.36087613736828644,0.45024123787879944,0.3001295850128058,0.4475872218608856,0.3230706859690334,0.4360457956790924,0.33217113302275103,0.4579748511314392,0.3327640623628469,0.47351545095443726,0.2581211753132945,0.4544299840927124,0.2846009462028175,0.4441893398761749,0.2960445593207623,0.4589191973209381,0.2963294958766152,0.4695168137550354,0.8105810321005852,0.8387876749038696,0.7572656558633871,0.8543036580085754,0.7433778904008669,0.8798699975013733,0.7436584847003731,0.9050880670547485,0.7404013313157194,0.9259071350097656,0.8082621135032149,0.900221049785614,0.7915919992526855,0.932189404964447,0.7627840872744361,0.9421206712722778,0.7389248873037192,0.9464813470840454,0.8370769423499812,0.8986639380455017,0.8157969657951576,0.931033194065094,0.7821784486174318,0.938828706741333,0.7551570100689334,0.939730703830719,0.8498145862863141,0.8946556448936462,0.8319396303942187,0.9228557348251343,0.8014570676939098,0.930969774723053,0.7766797687087036,0.9332413077354431,0.8510145092658238,0.8907595872879028,0.8388509654164016,0.914298415184021,0.8150894469999636,0.9219565391540527,0.7938974683834951,0.9238649010658264
0.48440848635579076,0.34865421056747437,0.5189068269556321,0.3258989751338959,0.538918357736214,0.3259876072406769,0.5543465800591441,0.3266187608242035,0.46231770584082427,0.3257920742034912,0.4466379561446507,0.32631421089172363,0.43611296176054687,0.3267359733581543,0.5849138978790593,0.3398596942424774,0.42536830229803185,0.3411298096179962,0.5215667289276822,0.37646549940109253,0.45492043489501066,0.3772367537021637,0.6999028130628152,0.47979801893234253,0.32858757035133,0.47467583417892456,0.730859674178045,0.6739792823791504,0.21101508656717205,0.6466056704521179,0.745160172226505,0.8419140577316284,0.3334488554524015,0.5087398290634155,0.7734075389881044,0.8909798860549927,0.36498630397865417,0.4745960235595703,0.7345721663458051,0.8958226442337036,0.3666373413254202,0.45511358976364136,0.7192204394611296,0.8833165168762207,0.36721877148279675,0.4682613015174866,0.3438379083669972,0.5019965171813965,0.3877230819870154,0.4873756766319275,0.4019113651171546,0.4590112864971161,0.37981977426915575,0.43355002999305725,0.35804664430287303,0.4151654839515686,0.4036804193667531,0.43604010343551636,0.4238488306223992,0.4172216057777405,0.42270113974201184,0.42360565066337585,0.4144767456634112,0.43788567185401917,0.3698774093353164,0.4348028898239136,0.3849553408950193,0.40971264243125916,0.3855068859701625,0.4262952208518982,0.38327117713389053,0.4441826045513153,0.3355852498722279,0.43830427527427673,0.35371330737904255,0.427602082490921,0.36072074330965004,0.4489218592643738,0.3615687730346719,0.4636496901512146,0.3006533811000758,0.44541826844215393,0.3233280875981585,0.43649721145629883,0.3330627155558229,0.4519253373146057,0.33460205659740894,0.46229761838912964,0.756302251421409,0.8392326831817627,0.7120002424895465,0.854485809803009,0.7001901247427677,0.8801180124282837,0.7006062469615434,0.9054883718490601,0.6968924582609316,0.9256533980369568,0.7547890679301075,0.900492787361145,0.7406730016798119,0.9319419264793396,0.7170128978010623,0.9414577484130859,0.6973835200785397,0.9454252123832703,0.7790466141469531,0.8990350365638733,0.76050411991407,0.9306096434593201,0.7327817193041525,0.9384722113609314,0.7104095911603517,0.9398521780967712,0.790110253104325,0.8950698971748352,0.773894127767374,0.9227774143218994,0.7492902776258203,0.9314749836921692,0.728819255602571,0.9346627593040466,0.7916165649715122,0.8912777304649353,0.7802411098632894,0.9146317839622498,0.7611241219237866,0.9228264093399048,0.7437014431149778,0.9254781007766724
0.47537957871121056,0.34887322783470154,0.5157130344474372,0.3260166049003601,0.5389511352637517,0.3260694146156311,0.5569527597944868,0.3267250955104828,0.4497695661595837,0.3261098265647888,0.4313598407310619,0.3266891837120056,0.4191322658681139,0.3272515833377838,0.5925117901597732,0.34001249074935913,0.4065534869738916,0.341633677482605,0.5186880680798305,0.3765064477920532,0.4409406156775926,0.3774777054786682,0.7263519591383291,0.4798034727573395,0.2948131414602878,0.4737485945224762,0.7626126419636872,0.6731893420219421,0.1566932778325577,0.6422670483589172,0.7792885619486589,0.8418008089065552,0.3053023394847004,0.5018974542617798,0.8122326032618064,0.8907763361930847,0.3388085490406794,0.46762484312057495,0.7671084767013855,0.8957074284553528,0.3425950619531653,0.4491330087184906,0.7491086656165951,0.8832035064697266,0.3440404539312734,0.4625980854034424,0.3232657305301031,0.4955374002456665,0.37378905236950893,0.4776649475097656,0.38534965692607603,0.4480621814727783,0.3571807588062219,0.4241923987865448,0.3313772364602548,0.40650975704193115,0.3880691080206497,0.42950499057769775,0.41241703775507027,0.41147780418395996,0.4084497847301041,0.4220917224884033,0.39659124611688584,0.4370206892490387,0.35047217999497515,0.42823320627212524,0.37099317208439436,0.4042145311832428,0.3701383212221263,0.42242661118507385,0.36516611690285117,0.4394747316837311,0.31093656491413263,0.4312630593776703,0.33389078587986665,0.42047634720802307,0.3411901324876965,0.4424576163291931,0.33926013486101314,0.4566700756549835,0.26991437752018965,0.4376485049724579,0.2999179540142632,0.42982497811317444,0.3108505395721348,0.4453068971633911,0.3091585945058064,0.4544895589351654,0.791902514138182,0.8398810625076294,0.7409096986997394,0.854199230670929,0.72769738490874,0.8796171545982361,0.7279867050971544,0.9054120779037476,0.723757144672324,0.9262755513191223,0.7907248321176481,0.8999003171920776,0.7751030531482332,0.9322347044944763,0.7472408918538864,0.941863477230072,0.7241344169890522,0.9456632733345032,0.819294464011139,0.8987269401550293,0.7974917812202372,0.9312443733215332,0.7641436437024308,0.9388361573219299,0.7376192010332304,0.9396194219589233,0.8319025225013421,0.8950878381729126,0.8136610697444314,0.9230632185935974,0.7837329401576787,0.9307727217674255,0.7596246875289385,0.9328756928443909,0.8333056763009902,0.8915475010871887,0.8208585611383719,0.9147529006004333,0.798014582574021,0.9219014644622803,0.7777435815640922,0.9235554933547974
0.4776971498673735,0.3491193652153015,0.5123760083535638,0.3261384963989258,0.5322670595080278,0.32616034150123596,0.5477253844757396,0.32684141397476196,0.4557424765171867,0.32635506987571716,0.4398890146706285,0.3269560933113098,0.4294336831358921,0.327603280544281,0.578158668116893,0.34015724062919617,0.4184121021468942,0.341991126537323,0.514765104099759,0.3766152858734131,0.4479551208529775,0.377704381942749,0.6929368103859468,0.47988539934158325,0.3231524580324705,0.4736691415309906,0.7240816968260523,0.6727476716041565,0.204488203692789,0.6392236948013306,0.7384392764023608,0.8416961431503296,0.338668295748026,0.49923792481422424,0.7666147553701427,0.8906285166740417,0.3624512264486761,0.46297889947891235,0.7280924252505991,0.8956246376037598,0.36529579075624413,0.44583702087402344,0.7126058461329606,0.8831217885017395,0.3676714722615338,0.4604058861732483,0.35327893141484606,0.4900692105293274,0.3977818096729651,0.4732281267642975,0.41023900605278224,0.443634569644928,0.38541601806028414,0.4196091890335083,0.3618925265551176,0.40217623114585876,0.4111115473410521,0.42572981119155884,0.43232150351014803,0.40743008255958557,0.42655266708673306,0.42017415165901184,0.41496334617226216,0.4363696873188019,0.3794053364819935,0.4241069555282593,0.3997453758882142,0.398968905210495,0.3976192187046953,0.41684433817863464,0.3925250797169683,0.4350023567676544,0.3448078058814862,0.42622488737106323,0.3660975670635054,0.4148525595664978,0.3734663271280578,0.43782520294189453,0.37327334350768804,0.4535260796546936,0.30799138486685257,0.4315188527107239,0.33462150440046523,0.4230303168296814,0.3452816461206209,0.43880611658096313,0.345183923051609,0.44876331090927124,0.7493547747229419,0.8392948508262634,0.7050481202400006,0.8539671897888184,0.6947144241167598,0.880041241645813,0.6945909094154754,0.9057037830352783,0.6907482802223722,0.9264280200004578,0.7489866283336469,0.9005676507949829,0.7352462334451829,0.9328844547271729,0.7106597443521272,0.9424283504486084,0.6899780306213937,0.9461537599563599,0.7734983994568282,0.898919939994812,0.7539724489461396,0.9308142066001892,0.7253259810754541,0.9381183385848999,0.7021526531003975,0.9385666847229004,0.7841876701687086,0.8946689963340759,0.767356880427387,0.9220869541168213,0.7420216563612784,0.9293229579925537,0.7213168079252151,0.9312035441398621,0.7852606798349548,0.8906877040863037,0.7741299704320206,0.9131504893302917,0.7548333580786484,0.9196516275405884,0.7375630089360616,0.9209280014038086
0.5052892198307816,0.3496153652667999,0.5376758750249514,0.32652604579925537,0.5562038922043728,0.3265345096588135,0.5706322248367334,0.3272383213043213,0.48479856840740465,0.32686471939086914,0.4699399409550536,0.327440083026886,0.46018612804389475,0.3281683623790741,0.5990072501933159,0.34040823578834534,0.4498986648879577,0.3426972031593323,0.5398586158040236,0.3769248425960541,0.4774702817362951,0.3779790997505188,0.7060877036727737,0.48030734062194824,0.3620956914911867,0.47365468740463257,0.7351746658699647,0.6724749803543091,0.25340817908669594,0.636496901512146,0.7486830203151578,0.8412917852401733,0.38089479743105903,0.4979340434074402,0.7749194532016762,0.8901809453964233,0.40042785388890817,0.46005377173423767,0.7394076420239489,0.8953628540039062,0.4022709853128635,0.44380298256874084,0.7247970313048069,0.8827875256538391,0.404933914548819,0.45841366052627563,0.3929650963067306,0.4869897663593292,0.43390678662964843,0.470971941947937,0.44622715846114025,0.44178804755210876,0.42398022078056924,0.41703417897224426,0.404349735657224,0.3985348045825958,0.44849695607694845,0.42352911829948425,0.4691350809955534,0.4043081998825073,0.4615096096799697,0.41910603642463684,0.44854669852100215,0.4366513788700104,0.418212304685788,0.4220162034034729,0.4351188391433295,0.39655715227127075,0.4322146363747875,0.4184805452823639,0.4282765467341235,0.43861860036849976,0.38634684144645715,0.4236312508583069,0.40479853648071656,0.41006988286972046,0.4092554897064978,0.43407586216926575,0.4077369995465916,0.45047321915626526,0.3528403916090063,0.42798560857772827,0.37626772202275727,0.41688093543052673,0.38520457954729037,0.4329293370246887,0.38449621085768404,0.4433884918689728,0.7590611386974006,0.838921844959259,0.7171791498697444,0.8537971377372742,0.7068598757404673,0.8797755241394043,0.7071374657929981,0.9054797291755676,0.7041748723500076,0.9267112612724304,0.757407754286477,0.9004339575767517,0.7457561083821876,0.9330505132675171,0.7232996779038025,0.942969799041748,0.7039878165695114,0.9468563199043274,0.7802895809368667,0.8989154100418091,0.7629975349782671,0.9311602711677551,0.7363984811865253,0.9388151168823242,0.7143273505392238,0.93951016664505,0.7900430309852119,0.8949052691459656,0.7748716157873947,0.9226853251457214,0.7512490651798378,0.9306318759918213,0.731459011134139,0.9331289529800415,0.7906290544294435,0.8911081552505493,0.7803340921086886,0.9142817258834839,0.7617582979921214,0.9218316674232483,0.7448958816050203,0.9240105152130127
0.4971157801358921,0.3498392105102539,0.5299080639323598,0.32692432403564453,0.5486643561557022,0.32693541049957275,0.5633151544005451,0.3276488482952118,0.476297577968717,0.3274027705192566,0.46121740796246274,0.32795336842536926,0.4513411526073414,0.32870811223983765,0.5920256637062967,0.3407217562198639,0.4410038995070976,0.34324342012405396,0.5322504093189643,0.3769810199737549,0.4688750637858493,0.37804272770881653,0.700442232657328,0.4802457392215729,0.3545390116568879,0.47341030836105347,0.7300168790645197,0.6719374656677246,0.2486290470776273,0.6336438655853271,0.744041347992417,0.8408589363098145,0.38072345680437975,0.497605562210083,0.7705549546622356,0.8898196220397949,0.3963065167260405,0.45991843938827515,0.7348193092073199,0.8952010273933411,0.3968954280913279,0.44413384795188904,0.719902325599575,0.8825977444648743,0.40086525518039995,0.4589853286743164,0.3877364267563217,0.4843423366546631,0.42996967959722004,0.4691337049007416,0.44420158678455585,0.44052770733833313,0.4210369634014802,0.4155774414539337,0.40036273300899006,0.39693543314933777,0.4443491747085411,0.4214172661304474,0.4625420218383634,0.4018705189228058,0.4557845726734209,0.41808903217315674,0.44462449238069296,0.4353874623775482,0.4138154519581098,0.4200344979763031,0.4294807333083529,0.39329132437705994,0.428870308919262,0.41495391726493835,0.4261509646454344,0.4344538152217865,0.3816305280174277,0.421685129404068,0.39946387474520045,0.40688973665237427,0.4056403190407834,0.4317943751811981,0.40416091558762995,0.44857919216156006,0.3478501773926519,0.4259040355682373,0.3704621428394423,0.4139500856399536,0.3790450119130444,0.4304286241531372,0.37654340273056136,0.4411904811859131,0.7545034808248534,0.8393186330795288,0.7119125356565557,0.8541351556777954,0.7014952063010432,0.8803762793540955,0.7011316913603637,0.9063163995742798,0.6980945549827723,0.9273945093154907,0.7528418295760313,0.9009204506874084,0.7395643712866441,0.9336743354797363,0.7162845214512875,0.9431635737419128,0.6968185446050943,0.946587860584259,0.7761574118697281,0.8994113206863403,0.7578987998551732,0.9322040677070618,0.7301659992551576,0.9391236901283264,0.7078923582852769,0.9392316937446594,0.7860032057637943,0.8952484726905823,0.7702533432943239,0.9234638810157776,0.74540402337197,0.9307183027267456,0.7251967359192146,0.9324474334716797,0.7864676664315519,0.8911576271057129,0.7759080814400056,0.913953423500061,0.7567163803246403,0.9208799600601196,0.7396821106562352,0.9224551320075989
0.5217289534071041,0.34993964433670044,0.5572731522767613,0.32706886529922485,0.5776343537319607,0.32711780071258545,0.5936488480014941,0.32786184549331665,0.49913779207119896,0.3275219798088074,0.48240658591922086,0.3280584514141083,0.47167966091209335,0.3288361132144928,0.6249520582845854,0.34092578291893005,0.4605774683334127,0.3434273600578308,0.5598312078224597,0.3770204186439514,0.4908307189601232,0.37806713581085205,0.7433192186621724,0.4802461266517639,0.36798654318690316,0.4733986258506775,0.7755653987029351,0.6717667579650879,0.2556629738763006,0.6331048607826233,0.7912659488794439,0.8407694101333618,0.3963823916289778,0.49728673696517944,0.8199673441460702,0.8898324966430664,0.4127352857813907,0.4582745432853699,0.7812710582605802,0.8952662348747253,0.41360217829401313,0.4431890547275543,0.7649372001470559,0.8826257586479187,0.4180589532616539,0.4585886597633362,0.40711058793571475,0.48357659578323364,0.45219558927689757,0.46839141845703125,0.469356595062623,0.43944981694221497,0.4413754913904997,0.4147803485393524,0.41842973782932114,0.3964115083217621,0.4678870396246232,0.4206433594226837,0.4863922105605548,0.40067392587661743,0.4798470917976487,0.41836243867874146,0.4685663485343483,0.43454858660697937,0.43461920307141605,0.4193788766860962,0.45258229854493565,0.39281365275382996,0.4522658453079452,0.415742963552475,0.4480292393595067,0.43278080224990845,0.4001923761926926,0.4211141765117645,0.4181003374094662,0.40374863147735596,0.42525220063860114,0.4292824864387512,0.42246638173129686,0.44438207149505615,0.3635645282270045,0.4257456064224243,0.3870790210871404,0.41232120990753174,0.3970936503052032,0.4293905794620514,0.393635983009566,0.43912824988365173,0.8029876658309535,0.8397722840309143,0.7571654110820576,0.8539659976959229,0.7452588204031341,0.879970133304596,0.7446057069564138,0.9063316583633423,0.7404823470389735,0.9278130531311035,0.8009048086971604,0.9002055525779724,0.7864390919044464,0.9339643716812134,0.760663693054691,0.9437349438667297,0.7391668864957383,0.9475571513175964,0.8262929295395788,0.8992136120796204,0.8052938702329724,0.9325332641601562,0.7746226965872869,0.9398620128631592,0.75029604400824,0.9405293464660645,0.8371837518305646,0.8957111835479736,0.8186930335638771,0.9243481755256653,0.7911106495955758,0.931693434715271,0.7687771271620982,0.9335360527038574,0.8378605515963238,0.8922781944274902,0.8250338745526989,0.9156864881515503,0.8035257601182728,0.9225463271141052,0.7847145405289964,0.9238874912261963
0.5275532404058045,0.3500751554965973,0.5636065008692871,0.3273490071296692,0.5841775712979247,0.3273531496524811,0.6004361715606242,0.3280957341194153,0.5050014416117881,0.3279808461666107,0.4878374140020775,0.32848405838012695,0.4770354031029708,0.3292618989944458,0.6321476428705436,0.34132376313209534,0.46607044107125245,0.343818724155426,0.5660978682691395,0.37709298729896545,0.496190644688218,0.3780766427516937,0.752637212313877,0.48025718331336975,0.3734331633236344,0.47341132164001465,0.7849635000795773,0.6717653870582581,0.26369602718574947,0.632722020149231,0.8012289550129947,0.8407740592956543,0.4065266991335562,0.49763888120651245,0.8304387429829713,0.8901737928390503,0.42240561171970575,0.4583650529384613,0.7911692167242067,0.8956594467163086,0.42297088451584214,0.44359201192855835,0.7744567150975308,0.8829364776611328,0.42771384157647263,0.4593246877193451,0.4147510823706074,0.4828961193561554,0.46106836388387823,0.4682285189628601,0.4805985423837916,0.43845802545547485,0.44882337693061697,0.414154052734375,0.42378706540746613,0.396495521068573,0.4760858954724815,0.4201541543006897,0.4946537392848194,0.40146616101264954,0.48776788320850784,0.42035096883773804,0.47654766952757954,0.435918927192688,0.4413680063064871,0.418707937002182,0.462125102996886,0.3931199014186859,0.46106999271652405,0.41719838976860046,0.4550221031684747,0.43347400426864624,0.4064683326304133,0.42022454738616943,0.4254653738449324,0.4025126099586487,0.4323507209110422,0.42858460545539856,0.42844820756165614,0.4429481625556946,0.36963649016221506,0.4246843755245209,0.3943223990624278,0.4112076163291931,0.4048046497527462,0.4289974570274353,0.40040405295386505,0.43829694390296936,0.8114638606792385,0.8396776914596558,0.765660407997706,0.8545137643814087,0.7535121669168054,0.8814453482627869,0.753381520965003,0.9075257182121277,0.7492905720389004,0.9285725355148315,0.8112357562407927,0.9012542366981506,0.7972816148318345,0.9343216419219971,0.7711152327925992,0.9440149068832397,0.7490830316126085,0.9480270743370056,0.8361749486174349,0.8999016880989075,0.8161884255045762,0.9325705170631409,0.7850327254670258,0.9397515058517456,0.7598150027079437,0.9400405883789062,0.846688927610334,0.8960754871368408,0.8292122998686742,0.923857569694519,0.8012982482684703,0.9311395883560181,0.7786831286053465,0.9329875111579895,0.8471253868913945,0.8922863006591797,0.8355439117032224,0.9150145649909973,0.8143804212676843,0.9218482375144958,0.7957181390959005,0.9234505891799927
0.5350223657878657,0.3505895733833313,0.5727014895400554,0.32812613248825073,0.594133981710268,0.3280344009399414,0.6112497459806618,0.32872506976127625,0.5118535633450267,0.32914072275161743,0.493727578957164,0.3295944035053253,0.4824436772523716,0.330318808555603,0.6443101315540639,0.3419833183288574,0.47172750226196375,0.3447214663028717,0.5751962736029781,0.37755924463272095,0.5020867158628748,0.3784012496471405,0.7712736034355615,0.48101791739463806,0.3751618128552803,0.4734322428703308,0.8044569117425647,0.6717589497566223,0.26052818788200954,0.6324898600578308,0.8218555618180473,0.8408235311508179,0.4117633898105794,0.4991762638092041,0.8522360327337916,0.8904557228088379,0.429191188712422,0.4606185555458069,0.8115319006577211,0.8959870338439941,0.4297373381858303,0.44610103964805603,0.7939923408899324,0.8831779360771179,0.4345164304569471,0.46117037534713745,0.4203279548474296,0.4841180443763733,0.4677323356831845,0.469753623008728,0.49031446467450485,0.43825048208236694,0.45706560705554095,0.4138120710849762,0.42958779048766393,0.3967551290988922,0.4818523826454545,0.4195057451725006,0.5027291631053187,0.4009725749492645,0.4965718290102636,0.4215383529663086,0.4847786759805527,0.4362240731716156,0.44521017506999744,0.4182264804840088,0.4692401120476787,0.3939591646194458,0.46803413267805805,0.42018282413482666,0.46025338669149773,0.43422195315361023,0.4092915337879033,0.4200209677219391,0.4308329430361244,0.40283432602882385,0.4369653939867259,0.43014660477638245,0.4306879809460073,0.44241443276405334,0.3713461248427103,0.42468780279159546,0.39884121742230805,0.4115407466888428,0.40875121407976694,0.4299444556236267,0.4018498739655478,0.43775591254234314,0.8327546634675387,0.8404149413108826,0.7849313215738828,0.8559472560882568,0.771412451381613,0.8821314573287964,0.7714523355074372,0.9079946875572205,0.7661252097534035,0.9287165403366089,0.8317818747087979,0.9016274213790894,0.8166020190768979,0.9340441823005676,0.7899327625143675,0.9440270662307739,0.7673486073241417,0.9484708905220032,0.8586306453848868,0.900213360786438,0.837253038321869,0.9325917959213257,0.8053139583322467,0.9399344325065613,0.7792148101564986,0.9407599568367004,0.8704606610157384,0.8964965343475342,0.8517721398264771,0.9245915412902832,0.8229974848643744,0.9323998689651489,0.799180334319121,0.9345991611480713,0.8715151375829855,0.8928194642066956,0.8586747951926174,0.9160400629043579,0.8362414318577807,0.9235393404960632,0.8161527005827635,0.9256337881088257
0.5036791010220154,0.350605845451355,0.5399616391013528,0.3281295597553253,0.5605201225989732,0.3280237317085266,0.5770910192016759,0.32870855927467346,0.4812802898890851,0.3292403817176819,0.46388472347653187,0.32973676919937134,0.4531182729713477,0.33051884174346924,0.6084026157667054,0.34199652075767517,0.44275539081991694,0.34493014216423035,0.5423954656621088,0.37757354974746704,0.47186027248840223,0.37842902541160583,0.7308594649772718,0.48120278120040894,0.35039557855949177,0.4728271961212158,0.7620037125148722,0.6718621850013733,0.2402765756238972,0.632672131061554,0.7789084202839877,0.8409296870231628,0.3872537072398971,0.4997937083244324,0.8077916480633097,0.8910126686096191,0.40397598887801156,0.46133893728256226,0.7689060923967082,0.8966299891471863,0.40525556423816694,0.4473004937171936,0.7521494949979753,0.883757472038269,0.41036103990742395,0.46201053261756897,0.3961707906698472,0.48532211780548096,0.44133111619878435,0.47095969319343567,0.46255735847360685,0.43895310163497925,0.4308275598954747,0.414672315120697,0.4051264537471724,0.3976725935935974,0.4535600116393476,0.4198886454105377,0.4739785714291584,0.4016105532646179,0.4688897078627057,0.4227292537689209,0.4573797719515196,0.43709784746170044,0.4189431182826692,0.4185403883457184,0.44279475502245536,0.39508694410324097,0.441204018262339,0.4219803512096405,0.43214663590254465,0.435251921415329,0.3850065024747107,0.420448362827301,0.4062100608719872,0.40391165018081665,0.41073312372136545,0.4312977194786072,0.40270657862388437,0.4422561228275299,0.3487047257383268,0.42522507905960083,0.3757490244371953,0.4127960205078125,0.3841652887842439,0.4315570294857025,0.37583232372887526,0.43848246335983276,0.788259294497023,0.8410724401473999,0.741707952663656,0.8561351895332336,0.7304307567472006,0.8825796842575073,0.7317161992155332,0.9085653424263,0.7282903538174974,0.9293192028999329,0.7875555826266881,0.9022596478462219,0.7742055919689447,0.9345212578773499,0.7490210301179027,0.9445507526397705,0.7279043526771818,0.9487500190734863,0.8133540759485147,0.9006580114364624,0.793915118557748,0.9328575730323792,0.7639886370778771,0.9405232667922974,0.7396522134693949,0.9416517615318298,0.8248078308877939,0.8967214226722717,0.8074431009042655,0.9246273636817932,0.7804639543950402,0.9327250719070435,0.7581182542355521,0.9352371692657471,0.8257949377275299,0.892884373664856,0.8140214936147762,0.9157735705375671,0.7931161685128142,0.9232925772666931,0.7744846889404948,0.9254106283187866
0.5553291150245587,0.35090211033821106,0.5918151889923915,0.32818320393562317,0.6124447616823205,0.32803410291671753,0.6292693468313817,0.32871121168136597,0.532794650621132,0.3295399844646454,0.5153800687094048,0.33009272813796997,0.5045972038784001,0.3309299349784851,0.6604313705838031,0.34199851751327515,0.4944217037691088,0.3451588451862335,0.5943375510447997,0.3776658773422241,0.5233164038421144,0.3786463141441345,0.7835751331406221,0.48108911514282227,0.40181961709412417,0.4726303219795227,0.8148315673370954,0.6717320680618286,0.2909757266630844,0.6325037479400635,0.8320172827115543,0.8409503102302551,0.4391447313399562,0.500464916229248,0.8608526850782268,0.8912679553031921,0.4566532783634521,0.46182793378829956,0.821569650320859,0.896916389465332,0.45867460734085863,0.4473607540130615,0.8047716480834759,0.8839972615242004,0.4639486433152266,0.46234130859375,0.448617668387904,0.4867693781852722,0.49439128414852895,0.4718153476715088,0.5152897690248905,0.44043242931365967,0.48482164148245377,0.41613826155662537,0.45957448686001756,0.3989619016647339,0.5055645683666383,0.4217912554740906,0.5266081630546852,0.4031029939651489,0.5216252716245835,0.42381414771080017,0.5101820475301571,0.4371788501739502,0.47103165328054314,0.4203483760356903,0.4963538635208741,0.39731279015541077,0.4941618352536594,0.42407581210136414,0.48397002913153475,0.4362376630306244,0.4372650522849571,0.4221201539039612,0.45931191209453914,0.40642768144607544,0.46308600042621445,0.433343768119812,0.45375303474052947,0.4432990252971649,0.4007276965918899,0.42667198181152344,0.42704169608337966,0.414458304643631,0.43599280646433036,0.43257132172584534,0.42787371381383504,0.43880465626716614,0.8413603540144364,0.8419207334518433,0.7944854315172992,0.8567571043968201,0.783756554661558,0.8829803466796875,0.7842115472297361,0.9086180925369263,0.7804395142778296,0.9297527074813843,0.8410951415115878,0.9036076068878174,0.8262117940416047,0.9352189302444458,0.8005329068987086,0.9447975158691406,0.7792413648978721,0.9487177133560181,0.8667576541289916,0.9019437432289124,0.8468901477447159,0.9336606860160828,0.8166289284323496,0.9408414363861084,0.7921050276942638,0.9410711526870728,0.8780254515601414,0.8976748585700989,0.8609085228952822,0.925445020198822,0.8335464167469655,0.9330905675888062,0.8110739905562303,0.9351179003715515,0.878666524510065,0.8936837911605835,0.8669307856181929,0.9166229367256165,0.8456793920355091,0.9238530993461609,0.8267252279078788,0.9257250428199768
0.5115477701651799,0.35131165385246277,0.5459244619271416,0.32859212160110474,0.5654652331005046,0.32832908630371094,0.5815455003072582,0.3289157748222351,0.4903481300969267,0.3301693797111511,0.4740049768781752,0.3307591378688812,0.46387241228077336,0.33163103461265564,0.6109677443587399,0.3420873284339905,0.45499761315246623,0.3454264998435974,0.5485355818713005,0.3778761029243469,0.4813938250890795,0.3788340091705322,0.7278164990506066,0.48102274537086487,0.36622989973254155,0.47223132848739624,0.7576560596189712,0.6711457371711731,0.2616611481736063,0.6318303346633911,0.7737582908529292,0.8409571647644043,0.40359977504205874,0.5016043782234192,0.8010354682238903,0.8913313746452332,0.42333364120606587,0.4636465013027191,0.7639981399830664,0.8970549702644348,0.42465736373910273,0.44949111342430115,0.7481332242146419,0.884070873260498,0.4285092887644856,0.4638289511203766,0.41203318170058584,0.4881057143211365,0.45523808026095663,0.47275233268737793,0.4749008882481946,0.44125252962112427,0.44548218573364373,0.4172186553478241,0.42031712900239687,0.40044939517974854,0.46540550787787077,0.4229196012020111,0.4868001924066385,0.405424028635025,0.4811270401373413,0.42647138237953186,0.4694436722581876,0.4393475353717804,0.43255053980543023,0.4216081202030182,0.45732287583132336,0.3995751440525055,0.45513167169720764,0.426368772983551,0.44533737261345163,0.4379522204399109,0.40056464540112924,0.4234599173069,0.4216962814620767,0.4088664650917053,0.4252023705324844,0.43588095903396606,0.41605617270707956,0.4453749656677246,0.36632363674213414,0.4280570149421692,0.3918396955235123,0.417042076587677,0.40009713003508846,0.4351244568824768,0.3917238320308928,0.4407833218574524,0.7826275339921063,0.8425747156143188,0.7383278456437902,0.8567495346069336,0.727820592937334,0.8829564452171326,0.7286634787268836,0.9086076617240906,0.7250276524366136,0.9292659163475037,0.7825672953731168,0.9033024311065674,0.7694911612363563,0.935695230960846,0.7459189513537288,0.9452667832374573,0.7263505626905379,0.9491303563117981,0.8071585581392319,0.9021588563919067,0.7882039275735121,0.9341644048690796,0.759402264764047,0.9403643608093262,0.7370446395928892,0.9400877952575684,0.8177110385466769,0.8983191847801208,0.8010415765628169,0.9259148836135864,0.7751056344625602,0.9324228167533875,0.7549750836711299,0.9335874915122986,0.8184515771680406,0.8945619463920593,0.8068701015807699,0.9172519445419312,0.7865394052159981,0.9235974550247192,0.769377442160594,0.9245532155036926
0.5671807065210047,0.3516691029071808,0.6037862734702928,0.3289717137813568,0.624798609389273,0.3286256492137909,0.6422245428652612,0.3291380703449249,0.5441726115932815,0.3306799829006195,0.5265195285377255,0.3312739431858063,0.5155894064980692,0.3321508467197418,0.6737870032569667,0.34212741255760193,0.5064846549717179,0.3456028699874878,0.6069969582303241,0.3780568242073059,0.5346122278291809,0.37906020879745483,0.7998045383348473,0.48063454031944275,0.409875184921772,0.4721648693084717,0.832120679277508,0.6702208518981934,0.2975004465383213,0.6314188838005066,0.84944754396389,0.8409568667411804,0.4516925981163214,0.5021423101425171,0.8788835334806796,0.8913434743881226,0.4763542016592335,0.46479517221450806,0.8391261477164591,0.8971301913261414,0.47700765574704956,0.4506100118160248,0.822014961117364,0.8841041326522827,0.48013828562822775,0.4646450877189636,0.4591135310295307,0.48730525374412537,0.5039568572720521,0.47364017367362976,0.5266452238185891,0.44200536608695984,0.49635353815588173,0.41786593198776245,0.46879445316512075,0.40087634325027466,0.5178884058104082,0.4232545495033264,0.5385137279592275,0.4050411581993103,0.5334138603175153,0.4262130558490753,0.522276058662254,0.4392493963241577,0.48256890891315957,0.4218708276748657,0.5064924429573031,0.39910784363746643,0.5048140969826804,0.42591601610183716,0.49602658308536873,0.43802061676979065,0.4477245492986393,0.4238975942134857,0.4684714271684165,0.4082195460796356,0.47284087297288074,0.43533891439437866,0.46508610910999315,0.4453641176223755,0.4105414084994665,0.42843616008758545,0.43648750344869125,0.41775885224342346,0.44573991097201565,0.4356672465801239,0.4387375998245179,0.4411959648132324,0.8602341144854628,0.8424715399742126,0.8121912943270617,0.8566771745681763,0.7998046084968796,0.8827720880508423,0.8005215943049423,0.9083108305931091,0.7966419145669408,0.9288025498390198,0.8591314479858528,0.9033491611480713,0.8450347731044812,0.9354491233825684,0.8195866531794981,0.9450126886367798,0.797950015497122,0.9488973021507263,0.8852226730988879,0.9023234844207764,0.8649920825437823,0.9339983463287354,0.8345837174213618,0.940615713596344,0.8103367714893365,0.9408617615699768,0.8963995550061397,0.8986506462097168,0.8783992049717202,0.9262661337852478,0.8509375750438224,0.9333130121231079,0.8289548982181479,0.9349891543388367,0.8971023680836779,0.8950233459472656,0.8847161733877219,0.9180201888084412,0.8630101454554022,0.9249991774559021,0.8441035826118097,0.9265161156654358
0.4658264325561297,0.35283225774765015,0.5000618744478225,0.3300105035305023,0.5199090759453301,0.32965153455734253,0.5355380406942938,0.32996219396591187,0.44401409149525367,0.33185458183288574,0.4267140616602372,0.33236920833587646,0.41590005950967224,0.33317962288856506,0.5652463446342754,0.3425484299659729,0.40691190548454303,0.3460659980773926,0.5029280201788014,0.3790350556373596,0.4353459088520103,0.3799852430820465,0.6840891346028231,0.48071902990341187,0.3138914210441151,0.47197872400283813,0.7144550005099426,0.670264720916748,0.20840541670967203,0.6315594911575317,0.7317879749308758,0.8409610986709595,0.356281395935257,0.50047767162323,0.7607310735442859,0.8915585279464722,0.3816922764428865,0.4627578854560852,0.7226772510891218,0.8974520564079285,0.38208136164325973,0.4486425817012787,0.7062466458307767,0.8844693899154663,0.3832036384101258,0.46203508973121643,0.36359898353103254,0.49131059646606445,0.4079018055197031,0.47707852721214294,0.42945610836071446,0.44596803188323975,0.4016603190804623,0.421489417552948,0.3761594476605455,0.40467652678489685,0.41764133545895027,0.4269212782382965,0.4398014397017389,0.4091114401817322,0.43359708656468676,0.4299408197402954,0.4204469442666655,0.4413199722766876,0.38379541093677,0.42602163553237915,0.40800366446142766,0.4049343466758728,0.40608985329428077,0.4321705400943756,0.39424240175683933,0.4418506920337677,0.35134868386832424,0.4282451868057251,0.3721512783574183,0.4130007326602936,0.3760943230956505,0.4396219849586487,0.36467880799092006,0.44737163186073303,0.31613816866732297,0.4330110251903534,0.34164731778844387,0.4207178056240082,0.3496824723741422,0.4384811222553253,0.33962602948076326,0.4435548484325409,0.7408958398075552,0.8429233431816101,0.6953209445796261,0.8571192026138306,0.68438773023421,0.8831310272216797,0.6852981443915427,0.9088812470436096,0.6811138162985335,0.929949164390564,0.7406201823843244,0.9032043218612671,0.7272614353672034,0.9359063506126404,0.7024736097831382,0.9457598924636841,0.6816983749249316,0.949609100818634,0.766246150148141,0.9021909236907959,0.7461236901527616,0.9351435899734497,0.7156316308570043,0.9413253664970398,0.6918439111485395,0.9406763911247253,0.7766523840940086,0.8986523151397705,0.7588788631013609,0.9267556071281433,0.7313141180916652,0.9331351518630981,0.7097233468240639,0.9338146448135376,0.7767112255844956,0.8948984742164612,0.7644477281411527,0.917324960231781,0.7430649964483921,0.9235109090805054,0.7248679496993572,0.9242047071456909
0.5751795730179302,0.3536878228187561,0.610243925100454,0.33080345392227173,0.6308571836152079,0.33039745688438416,0.6467167956496334,0.33053404092788696,0.5525103419037483,0.33261024951934814,0.5343248210855692,0.33305823802948,0.522934761132272,0.33375614881515503,0.6772941304078623,0.3427945673465729,0.513133211550059,0.3464500606060028,0.6132649643415213,0.3798293471336365,0.5438908826948303,0.3806026875972748,0.8003652571871008,0.4807562232017517,0.41621516684587806,0.47192344069480896,0.8314226622190364,0.6702488660812378,0.30760505471928506,0.6318084001541138,0.8499101905063304,0.8408684730529785,0.4606945940272112,0.500776469707489,0.8810860973853921,0.8915579915046692,0.49130527465405016,0.46353879570961,0.8413941792761682,0.8975101709365845,0.4906132445357601,0.4494295120239258,0.8240552921489253,0.8845062255859375,0.4900764380579207,0.46247369050979614,0.46848288679209993,0.49169760942459106,0.5130728582837318,0.4790080189704895,0.5368704405614656,0.44698765873908997,0.5076528456025867,0.4226893484592438,0.4777878998555697,0.4073600172996521,0.5247312009072089,0.42753270268440247,0.5454883840490831,0.41041526198387146,0.5394984257107569,0.4320838153362274,0.528132341712576,0.44346997141838074,0.48884477670845866,0.4266456663608551,0.5126957192656105,0.40558692812919617,0.5110171268217836,0.43242886662483215,0.5015467967919305,0.44204476475715637,0.45484366866999004,0.42936524748802185,0.475935378392516,0.4147697687149048,0.48040506826648965,0.4411715865135193,0.471138947233661,0.4489894509315491,0.4192968693871749,0.4345201253890991,0.4444091676519931,0.4241594076156616,0.4537173843991207,0.44151395559310913,0.44610636212996196,0.44590145349502563,0.8581138942521769,0.8430086970329285,0.8108889790725561,0.8583245873451233,0.7997970683886999,0.8842943906784058,0.7998541835231577,0.9096351265907288,0.7958936037650789,0.930424690246582,0.8593234398499369,0.9033954739570618,0.8450372154218027,0.9369827508926392,0.8182221765169844,0.9465307593345642,0.7958021093156697,0.9499873518943787,0.8851586338304362,0.9021322727203369,0.8636810696923113,0.9355026483535767,0.8318100668041472,0.9412246942520142,0.8072777730742311,0.94023197889328,0.8956743637308527,0.8984549045562744,0.8762219410429761,0.9269099235534668,0.8477735057476534,0.9333875179290771,0.8253446198042272,0.9341036081314087,0.8954184135203448,0.8948044180870056,0.8823798344117499,0.917597770690918,0.8601247741429163,0.9241290092468262,0.8412046452171891,0.9251456260681152
0.5444646283948983,0.3540879786014557,0.5797779250701223,0.3311992883682251,0.6007982446321385,0.3308505415916443,0.6159903503858681,0.3308943510055542,0.5211708460132173,0.33287787437438965,0.5023109922852984,0.3332640826702118,0.4900890879914942,0.3338557183742523,0.6472562685553471,0.342994749546051,0.47931784440764996,0.3465306758880615,0.5825375524148853,0.3801822066307068,0.5124625965087454,0.38084930181503296,0.7720239783484661,0.4807438850402832,0.3796229258010074,0.47155722975730896,0.8030683985412622,0.6701740622520447,0.2700833599671489,0.6320450901985168,0.8226503511281485,0.8408300280570984,0.4250934466927436,0.5013446807861328,0.8550012089588683,0.891588032245636,0.45717742510277876,0.4643523097038269,0.8140362365075191,0.8976044654846191,0.45543122300750155,0.4501388669013977,0.7963471678349122,0.8845675587654114,0.4544462489729084,0.46327027678489685,0.4330810725864277,0.4934536814689636,0.47754329647235005,0.4804210960865021,0.5002783461684782,0.44889187812805176,0.47331541081434164,0.42470890283584595,0.44443981619532735,0.40864256024360657,0.4900224559487147,0.42844900488853455,0.5117293630385175,0.41140082478523254,0.5055874833672783,0.4327830970287323,0.494066919083057,0.44391897320747375,0.4533140311200065,0.4273402988910675,0.47825201272283097,0.40713584423065186,0.4763277973472129,0.43364667892456055,0.4671990669865926,0.44266629219055176,0.4182487517637421,0.4298323690891266,0.4390360523632916,0.41705402731895447,0.44357683113520613,0.44275230169296265,0.4345700194991444,0.4499053955078125,0.38212038046927793,0.4346902072429657,0.4064818561584808,0.4256550669670105,0.41621512214813555,0.44245484471321106,0.4091243768977473,0.44641587138175964,0.8309897183378021,0.8424639105796814,0.7830771699594011,0.8583595752716064,0.7712704777782468,0.8846204280853271,0.7711077789790086,0.9100795388221741,0.7667524248532896,0.9311155080795288,0.8307398393961397,0.9034383893013,0.8179707936524797,0.9368447065353394,0.790455096855422,0.9465819597244263,0.7671066951661385,0.9501816630363464,0.8571993287465025,0.9017264246940613,0.8370869190641727,0.9349890947341919,0.8046292111153004,0.9404700398445129,0.7796683631656919,0.9393764138221741,0.8682730333321256,0.8976781964302063,0.8501402662070195,0.9257769584655762,0.821357331223668,0.9321300983428955,0.7988637304796045,0.9327757358551025,0.8686216836519092,0.893626868724823,0.8571664517870711,0.916335940361023,0.8348189006127898,0.9227958917617798,0.8160246603039073,0.9235432147979736
0.46669134732005824,0.3543952703475952,0.5001929227872829,0.33151036500930786,0.520287663811039,0.33119991421699524,0.5342924301250082,0.3311868906021118,0.44427605318630825,0.33309295773506165,0.42606128919525377,0.3334300220012665,0.41413387450504024,0.33392876386642456,0.564252879147937,0.34308096766471863,0.4034248509160245,0.34655478596687317,0.5025324781116903,0.38041791319847107,0.43610788753234114,0.38097941875457764,0.6832427985814786,0.48060983419418335,0.30755213250093544,0.4711504578590393,0.7123339130814014,0.6699666976928711,0.20376492463701695,0.6322706937789917,0.7311620860115863,0.8402552604675293,0.3511487183073397,0.501572847366333,0.7623532473595465,0.8912324905395508,0.380813122230096,0.46494579315185547,0.7235195699531513,0.8974980115890503,0.37894976374180195,0.4507240653038025,0.7064976145767522,0.8842787742614746,0.3782701492075773,0.46374836564064026,0.35875709081090107,0.4944843351840973,0.40315354898196976,0.4813570976257324,0.42463306798790057,0.4499303102493286,0.39697766143351865,0.4256633520126343,0.3680863051946558,0.41010937094688416,0.41361779316234887,0.4302714169025421,0.4341297100099588,0.4131163954734802,0.428423439025492,0.4340790808200836,0.417772731419579,0.445732057094574,0.37898592166569467,0.42913490533828735,0.4024707450301316,0.4083315432071686,0.40047474034193026,0.43490445613861084,0.3920389993365938,0.44506195187568665,0.34582682250453256,0.4315308928489685,0.36560205102904364,0.41800686717033386,0.3698165810364219,0.44383612275123596,0.3617641744554186,0.45187386870384216,0.3111508027535433,0.43641966581344604,0.33436791647534286,0.42647868394851685,0.343168157554684,0.44359758496284485,0.3361743354660306,0.4481116235256195,0.7395191659067273,0.8427660465240479,0.6936631966628755,0.8582316040992737,0.6827927213969794,0.8842170834541321,0.6817461895459273,0.9101405739784241,0.6766520517335455,0.9313400983810425,0.7399779720236425,0.9031316637992859,0.7261694723977669,0.9369009137153625,0.6997640489653655,0.9467827081680298,0.6778349563671903,0.9506598114967346,0.7655078163890785,0.9018266797065735,0.7447839207750261,0.9350460767745972,0.7134671299459086,0.9404803514480591,0.6898236750212182,0.9395180940628052,0.776108567643318,0.8982523083686829,0.7565355481955068,0.9258700609207153,0.7286018229883204,0.9316652417182922,0.7072814055620809,0.9319481253623962,0.7762609210867955,0.8946821689605713,0.7626385491582839,0.9165195226669312,0.7411510062490937,0.9220908880233765,0.7237321530302995,0.9222716689109802
0.5901104105446584,0.35456281900405884,0.6251420037472527,0.3318488299846649,0.6464068387115008,0.33154043555259705,0.6609957470199062,0.3314771354198456,0.5664454392345791,0.333373486995697,0.5472841013245796,0.3336774706840515,0.5344782912659464,0.3341032862663269,0.6929168299030918,0.34317219257354736,0.5232843336544492,0.3466792404651642,0.6279097387657128,0.3804818093776703,0.5580540402858138,0.3810049593448639,0.8190712615772036,0.48058438301086426,0.4215185809607827,0.4708397388458252,0.848576604852359,0.6695447564125061,0.31247429653274866,0.6323343515396118,0.8683538815376716,0.8396388292312622,0.4667124015239123,0.5018426775932312,0.9015353533869563,0.89076167345047,0.4988228512710608,0.46505069732666016,0.8607734621417092,0.8972939252853394,0.4965826838247311,0.4510588049888611,0.8426233220080959,0.8838478922843933,0.4956924113303886,0.46401262283325195,0.4746103827675877,0.4953816831111908,0.5209253331816888,0.48221510648727417,0.5442669978066088,0.4508751630783081,0.5163623364613331,0.42682018876075745,0.48636361094304736,0.4112786650657654,0.5318370490571783,0.43064549565315247,0.554457594734779,0.41407856345176697,0.548039724758535,0.4353121817111969,0.536461430429504,0.4462842047214508,0.49508672106138363,0.4294310212135315,0.5208420685006804,0.4093759059906006,0.5185121468347457,0.43591436743736267,0.5094292396748799,0.44517412781715393,0.46012034240239,0.4319525361061096,0.48186451667378927,0.4188880920410156,0.48625435264569344,0.44466927647590637,0.4776351106068604,0.45215338468551636,0.42399829394382954,0.4370283782482147,0.4485632188632066,0.42789554595947266,0.45822217009389893,0.4446057379245758,0.45139333146850397,0.4485781192779541,0.8777471872294227,0.8428158164024353,0.8288191868643908,0.8578310012817383,0.8178857682696604,0.8842335343360901,0.8180568367624989,0.91018146276474,0.8132565640708369,0.9314969182014465,0.8775878921071527,0.9040029048919678,0.8641309295473797,0.9373080730438232,0.835940090188587,0.9467975497245789,0.812803785771384,0.9501574635505676,0.9044528087986096,0.9023053646087646,0.8835418841906068,0.9354255199432373,0.8501406191160705,0.9412192702293396,0.8249741175149956,0.9404882788658142,0.9156292836640518,0.8980695605278015,0.8963626591961673,0.925788402557373,0.8668117118410388,0.9320090413093567,0.8440144946809919,0.9326317310333252,0.9158612758033862,0.8940190076828003,0.9030740478115539,0.9162535667419434,0.8802593124434924,0.9222658276557922,0.8613441869186041,0.922762930393219
0.45725301090456194,0.3548310399055481,0.4925529059668621,0.3322884440422058,0.5140571917466161,0.33195260167121887,0.5289310007601654,0.33182770013809204,0.4334573535784059,0.33374688029289246,0.4141504319692254,0.3340614438056946,0.4013291591408427,0.33442097902297974,0.56131190049966,0.3432655334472656,0.39019123836556086,0.34682637453079224,0.49555891993568796,0.3805704712867737,0.4250991552847291,0.3810456693172455,0.6898718432162073,0.48058056831359863,0.28670696571924537,0.4703933298587799,0.7186348746520906,0.6693216562271118,0.17744032554866285,0.6327726244926453,0.7383321257809612,0.8391936421394348,0.33181140358872996,0.5019877552986145,0.7721240321488827,0.8902729749679565,0.3668876951368123,0.4657488465309143,0.7309576897667786,0.8970555067062378,0.36471638638454884,0.45193877816200256,0.7125272265548086,0.8833886384963989,0.36230373349624706,0.46406954526901245,0.3408360041493352,0.4963706135749817,0.38827216899990824,0.48318204283714294,0.41135633779196384,0.45172375440597534,0.38215789056921856,0.4277077317237854,0.35230866716260295,0.412232369184494,0.39843948064359097,0.43170735239982605,0.42192867320775357,0.4149927496910095,0.41516748927431807,0.436270534992218,0.40317303694168866,0.4469817280769348,0.3615346506606003,0.43055611848831177,0.3883929844264875,0.41011762619018555,0.3856304649721024,0.4367992877960205,0.37562952093749147,0.4459521472454071,0.32648584811642967,0.4330955147743225,0.34893099612654854,0.41947028040885925,0.35325759331197704,0.4454539120197296,0.34387144246263496,0.4529097080230713,0.29002209658342765,0.43819960951805115,0.3155297418350775,0.428691029548645,0.32470881124426076,0.4456992447376251,0.31676398735882055,0.44972577691078186,0.7498963590745346,0.8426976203918457,0.7004780112521961,0.8575037717819214,0.6881392833373298,0.883752703666687,0.6871532631605128,0.9096362590789795,0.6825057936777944,0.9307923913002014,0.7477126498068167,0.9042630791664124,0.734281673022051,0.9373205304145813,0.7063177938798092,0.9468915462493896,0.6828082085604631,0.9501873850822449,0.7743268081051025,0.9028697609901428,0.7543022693833745,0.9355953931808472,0.7217616682078557,0.9413753747940063,0.6967101898946518,0.9406068921089172,0.7856461849779135,0.8988226056098938,0.7669831941813554,0.9265347123146057,0.7381076262757423,0.933182418346405,0.7153301731231604,0.9341044425964355,0.7858037360355351,0.8947540521621704,0.7731949922725975,0.9173498153686523,0.7503004868556405,0.924124002456665,0.7311785336287132,0.9250457286834717
0.4596680571644955,0.35497573018074036,0.49553328706293187,0.33264994621276855,0.5175574686684445,0.3323424160480499,0.5327011659682903,0.33218392729759216,0.4355643658018662,0.3339860439300537,0.41598916579334644,0.3342849612236023,0.40279526966215556,0.33459001779556274,0.5659951353775072,0.3433661460876465,0.39185842740846166,0.34693974256515503,0.4988858002410072,0.3806558847427368,0.42715482805129057,0.38107168674468994,0.6975151789401121,0.480581670999527,0.2851530202792735,0.4703609049320221,0.72616796716907,0.669107973575592,0.1735582508359776,0.6332118511199951,0.7463439477869577,0.8390310406684875,0.33048474456660026,0.502123236656189,0.7816601853527398,0.8902262449264526,0.3674504478955865,0.46594056487083435,0.7394330127065728,0.897057056427002,0.36604392953932635,0.45206108689308167,0.7204208226349345,0.8833745121955872,0.36232132233006437,0.4643593430519104,0.340409171759902,0.4967476725578308,0.38821908403631894,0.4838416874408722,0.4125167160903306,0.45231273770332336,0.3823197954270605,0.42850157618522644,0.3508160900146291,0.41348686814308167,0.4001862750999383,0.43211477994918823,0.4233977441235379,0.4155319929122925,0.41679164618573156,0.4367329180240631,0.40463973750191845,0.44735801219940186,0.36233826789339896,0.4308589994907379,0.38875808470851886,0.41052690148353577,0.38623700211850404,0.43724626302719116,0.3759757864288633,0.446262925863266,0.32645620223009447,0.43349096179008484,0.34879971437576773,0.41990047693252563,0.3534089076027775,0.445700079202652,0.3435039513375405,0.45291757583618164,0.2892147217526716,0.4387415945529938,0.3149626085521115,0.42965027689933777,0.32450958521696904,0.4463348686695099,0.3162259863075043,0.4499567747116089,0.757769576214158,0.8426503539085388,0.7065586930364368,0.8579254746437073,0.6936326319646035,0.883625864982605,0.6931460783599165,0.9094187021255493,0.6893808693456405,0.9306714534759521,0.7540679771114923,0.9033645987510681,0.7408390186699892,0.9371875524520874,0.7121264268762608,0.9467910528182983,0.6882950357106281,0.9501231908798218,0.7825632411404672,0.9020487070083618,0.7617216622184695,0.9357216954231262,0.7278066726825541,0.9412196278572083,0.7025058852388277,0.9403052926063538,0.794898000870543,0.8980548977851868,0.7756172437497701,0.9262997508049011,0.7450115067961169,0.9326587915420532,0.7214100336193997,0.9332499504089355,0.7956182788109853,0.8938594460487366,0.7824463423731007,0.916736364364624,0.7581353515056611,0.92327880859375,0.7380390845744748,0.9238519668579102
0.6006755195194995,0.35516542196273804,0.6345308184793785,0.33305275440216064,0.6554536928009074,0.3327891528606415,0.6696089086191961,0.332607626914978,0.5780411278578791,0.3342442214488983,0.5597900425067203,0.33452150225639343,0.5467126449058602,0.3347781300544739,0.7013170046675177,0.34360334277153015,0.5366429483873008,0.3471522033214569,0.6377038444977722,0.3808056712150574,0.5700725286668866,0.38113993406295776,0.8264709086285152,0.4805391728878021,0.4344587209129975,0.4704985022544861,0.8534915687885332,0.6688342690467834,0.3275364912598612,0.6340029835700989,0.8721136246170758,0.8385716676712036,0.47474513897732873,0.5022267699241638,0.9057012114860894,0.8894683718681335,0.5109028943458761,0.465989351272583,0.8656891617231619,0.8966225385665894,0.509547083502981,0.45244914293289185,0.8475929813764156,0.8826228976249695,0.5064384589352406,0.46449360251426697,0.4860544240238866,0.49745258688926697,0.5313255073989365,0.4844559133052826,0.5534782821514498,0.4522446095943451,0.5242014105638334,0.42842939496040344,0.4951788340981964,0.4130573868751526,0.542743243373218,0.43240606784820557,0.5647705956035985,0.4159863591194153,0.5585424734959298,0.4374596178531647,0.5470110592034495,0.44794991612434387,0.5065296246251266,0.43126094341278076,0.5314830260985866,0.410940945148468,0.5292903448898957,0.43778157234191895,0.5196597143219759,0.44667544960975647,0.4721563261184337,0.43393993377685547,0.4931237726560803,0.4203311800956726,0.4978527488740262,0.4460139274597168,0.4883917645516588,0.45288920402526855,0.4367502695002077,0.4391276240348816,0.46136465727672155,0.42991772294044495,0.47062076274173437,0.44652342796325684,0.46258943486504056,0.44996342062950134,0.8841689628322418,0.8426226377487183,0.8347024455604058,0.857917308807373,0.8221593569646419,0.8843007683753967,0.8216153598625319,0.9097962379455566,0.818335695078446,0.9308885931968689,0.8813536994179649,0.9040181636810303,0.8666084157628454,0.9370698928833008,0.8397872328233578,0.9468869566917419,0.8175003580805229,0.9508963823318481,0.9077256055707515,0.9026914834976196,0.8863432784757301,0.9358778595924377,0.8541734993006466,0.9418238997459412,0.8291322776672048,0.9411060810089111,0.9188632928126463,0.8988507390022278,0.8995822372915411,0.9273567199707031,0.8704372353409768,0.9339101314544678,0.8474142743207064,0.9347251057624817,0.9187128833640424,0.8950002193450928,0.9052132520098725,0.9181026220321655,0.8821343230622485,0.924873948097229,0.8625482667315553,0.9259978532791138
0.5914532201472079,0.355263888835907,0.6257809451686358,0.33319514989852905,0.6469150567357299,0.33296114206314087,0.6610537878174046,0.3327646851539612,0.5687669395157102,0.33432164788246155,0.550406579539862,0.3345874547958374,0.5370217410019018,0.3348027169704437,0.6928847200864183,0.3436926007270813,0.5273145630298209,0.34717249870300293,0.6285077019607322,0.38088491559028625,0.5607047912021482,0.3811621069908142,0.8191608744054546,0.48042696714401245,0.4237813512397555,0.4705601632595062,0.8466014622175821,0.6684185862541199,0.3159592642438206,0.6342815160751343,0.8650342901494763,0.8382221460342407,0.4622168168583187,0.5023984909057617,0.8987689351606158,0.8887870907783508,0.4990194601761001,0.4665956497192383,0.8586220403249756,0.896129310131073,0.4976679363239815,0.45362406969070435,0.8403204591294451,0.8819376230239868,0.4947716524974154,0.4650471806526184,0.47516430740058985,0.4975822865962982,0.521375118988656,0.484443724155426,0.5439961996285407,0.4526554346084595,0.5143482322302331,0.4290771782398224,0.4847340643946771,0.41377881169319153,0.5322997868474132,0.43278688192367554,0.5547670759486396,0.4161064028739929,0.5488453078792269,0.4373818635940552,0.5374021448490719,0.4479772448539734,0.49583891426488835,0.43160444498062134,0.5216432574823021,0.4109625220298767,0.5194473443448635,0.43773743510246277,0.5093384172902631,0.44687554240226746,0.460961646457009,0.43422502279281616,0.4826495698576246,0.4205564558506012,0.4872257766282643,0.4464570879936218,0.47757416683085346,0.4535876214504242,0.4246939394340516,0.4394073486328125,0.4500930054308715,0.4301048815250397,0.45937380791667437,0.4469594359397888,0.45109065703413875,0.45064184069633484,0.8775621439491912,0.8425628542900085,0.8278833490410009,0.857720673084259,0.8147249464046487,0.8841265439987183,0.8139566590575911,0.9097720384597778,0.8099036751633687,0.9304155111312866,0.874408976389436,0.9034920930862427,0.8603118067742764,0.9361783862113953,0.8342009742023491,0.946465015411377,0.8119881697004212,0.9509186148643494,0.9012876729318521,0.9024489521980286,0.8803506431575878,0.9353866577148438,0.8484471018070052,0.9423487186431885,0.822919893835327,0.9425684213638306,0.9129935411230188,0.8989574313163757,0.893344634559678,0.9272195100784302,0.8644951200889631,0.9345694184303284,0.8411157014513903,0.9360727667808533,0.9132726168446952,0.8952844738960266,0.8992009909491935,0.9183284640312195,0.8763936246189861,0.9256945848464966,0.8564831418988175,0.9274199604988098
0.4997949360724796,0.3552895486354828,0.5349536172398306,0.3332466185092926,0.5564381914153982,0.33304455876350403,0.5708184638302638,0.33286887407302856,0.47694247653719873,0.33432817459106445,0.45829658811521895,0.33458876609802246,0.4446079536343367,0.3347969949245453,0.6029846260797562,0.34381699562072754,0.43530194617425183,0.34715551137924194,0.5371396447579085,0.38090604543685913,0.468386468681413,0.38116687536239624,0.7321326377224492,0.48017197847366333,0.3289604742559997,0.47053319215774536,0.7596535993734203,0.6683579087257385,0.2208186724634205,0.6343547701835632,0.7774486228274311,0.8381081819534302,0.3670343981677595,0.502931535243988,0.8115817495663115,0.8886658549308777,0.4043033769223905,0.4673093259334564,0.7711944668520693,0.896102786064148,0.40317616602935863,0.4545345902442932,0.7525727429664125,0.8818928599357605,0.40022672615095695,0.4656316637992859,0.38127939233017394,0.4980891942977905,0.4282976107989336,0.48477402329444885,0.4513910684330788,0.45304977893829346,0.42143531399277595,0.4292711615562439,0.3911786175815099,0.4137924313545227,0.4386997604624922,0.4334733188152313,0.4620383514956165,0.41655439138412476,0.45645249597793786,0.4379445016384125,0.44459515218354656,0.4479568898677826,0.4019399989680847,0.43221089243888855,0.42861459054251594,0.41161221265792847,0.4271325708996342,0.438504159450531,0.41671348448517065,0.44698384404182434,0.36659249640157876,0.4347129166126251,0.3893201417916555,0.42076215147972107,0.39482163718699226,0.4470626413822174,0.38485498856421935,0.45416396856307983,0.329634672011238,0.4398070275783539,0.3563602176749099,0.4304044246673584,0.3665224839726786,0.44753482937812805,0.35803958103109623,0.45139017701148987,0.7895455623145609,0.8431381583213806,0.7392179530617546,0.8586903214454651,0.7267909087480695,0.8847584128379822,0.7255430549690798,0.9104771018028259,0.7218694701018794,0.9312929511070251,0.7875225734984003,0.9037870168685913,0.7720139035391655,0.9364210367202759,0.7443122832118749,0.9460777044296265,0.7212296852354225,0.9496822357177734,0.8151027238797101,0.902262270450592,0.7939243776674263,0.9354605674743652,0.761223718888313,0.9412258863449097,0.7359123020273772,0.9405454397201538,0.8272400814305705,0.8983428478240967,0.8078149586304365,0.926672101020813,0.7781937679489868,0.9332930445671082,0.7546816741066981,0.9340322613716125,0.8274758294962455,0.8943000435829163,0.8141481527766883,0.9173349738121033,0.790751775419351,0.9243521094322205,0.7707437550986873,0.9255791902542114
0.5217176915589113,0.35534796118736267,0.5516116774873998,0.3332754075527191,0.5699455081196811,0.3330700695514679,0.5824781311827003,0.33289656043052673,0.5021532887158979,0.33434802293777466,0.48623880334418434,0.3346088230609894,0.47468528186043396,0.33481740951538086,0.6098351752399868,0.34384262561798096,0.4670638298620594,0.3471595048904419,0.553559008564411,0.38093888759613037,0.49512599290173087,0.3812127113342285,0.7211601304382558,0.4802682399749756,0.3768754910590601,0.4705164432525635,0.7437616523268743,0.6684585809707642,0.28502977406518126,0.6343819499015808,0.7585784567216542,0.8381322026252747,0.407040142678204,0.5033974051475525,0.7876746652780259,0.88872891664505,0.438712696723287,0.46778544783592224,0.7533083226940708,0.8962345123291016,0.4377898904136167,0.45506200194358826,0.7373745808389757,0.8820855021476746,0.43540893527143315,0.4659997820854187,0.4203865441146825,0.49845367670059204,0.4603625736453051,0.4854976534843445,0.48072112983325993,0.453689306974411,0.455523115321802,0.4298335313796997,0.43080832490846876,0.4141555726528168,0.4703366335224483,0.43392032384872437,0.49022231558819485,0.4169483482837677,0.48510666339698905,0.43833062052726746,0.4749301493915353,0.4472563564777374,0.4388395069623334,0.43273600935935974,0.46168122814365775,0.4120216965675354,0.459876769731225,0.43899595737457275,0.4506030070375976,0.44677865505218506,0.4089083901113439,0.4353196322917938,0.427996878334773,0.4209757447242737,0.4321408919857239,0.44740742444992065,0.4231164193648357,0.45412248373031616,0.37755742240994106,0.4403110146522522,0.3995058823167035,0.4306488037109375,0.4077163922915641,0.447725772857666,0.40026987638464234,0.4513724148273468,0.767888582535415,0.8440196514129639,0.7265342556185183,0.8596302270889282,0.7154909234520456,0.8852666020393372,0.7142448723455809,0.9108536839485168,0.7113970626517517,0.9316389560699463,0.7668885967317454,0.9037684202194214,0.7548703398308841,0.9368257522583008,0.732128586517832,0.9465509653091431,0.7130677391796395,0.950064480304718,0.7903867889374382,0.902273952960968,0.7735295343944946,0.9355851411819458,0.746419599851223,0.9413794279098511,0.7257038005776328,0.9407585859298706,0.8010072769839808,0.8984012603759766,0.785789311208134,0.9265952110290527,0.7610230780361661,0.9332248568534851,0.7416994580156578,0.9339723587036133,0.8019434430548488,0.8943861126899719,0.7911370239869482,0.9171119332313538,0.7714684457186876,0.9238408207893372,0.7550859387357294,0.9247868657112122
0.4782174338649976,0.35535165667533875,0.5115993329850698,0.33327966928482056,0.532252331263165,0.3330748975276947,0.5466432527165246,0.3329019248485565,0.45600988126843894,0.3343505561351776,0.43813950473350166,0.33461183309555054,0.4251175140017449,0.3348274230957031,0.5772906162361119,0.34385448694229126,0.4166236234903064,0.34717699885368347,0.5140770858121446,0.3809453845024109,0.44854956567091203,0.38121798634529114,0.7031383568550987,0.48028868436813354,0.31661567144944747,0.47047120332717896,0.7284122671519425,0.6685816049575806,0.21253699185078487,0.634414553642273,0.744803752290317,0.8381317853927612,0.34688309208236634,0.504757285118103,0.7775527712559569,0.8887244462966919,0.38051993783351296,0.46923065185546875,0.7389891398883234,0.896214485168457,0.38011279925376207,0.456521600484848,0.720894546123285,0.8820899128913879,0.3781635089773611,0.4671732485294342,0.36407593209550415,0.4985261559486389,0.40849152230735153,0.48558589816093445,0.4314266722874983,0.4543108642101288,0.4040548827618581,0.43066519498825073,0.3769348872455465,0.41479337215423584,0.42065239692795375,0.43408793210983276,0.44280933435560355,0.41704168915748596,0.43686695416241506,0.4380914568901062,0.4251450907809724,0.4475347399711609,0.3856600277586729,0.4327310025691986,0.41154277513861254,0.4117925763130188,0.4092455532117319,0.438658207654953,0.3987436851575465,0.44672340154647827,0.35201240766287845,0.4352058172225952,0.3733248235487832,0.42055681347846985,0.3775546718942653,0.4464951753616333,0.3673371633927174,0.453034371137619,0.31642422762782535,0.4401465356349945,0.3408635246226968,0.4304356873035431,0.3496184244993364,0.4473547637462616,0.34110295065440704,0.45091551542282104,0.7564872299036892,0.8439147472381592,0.70890730820807,0.8593486547470093,0.6972620084975982,0.885421633720398,0.6958360534310098,0.9112105369567871,0.6924791695113756,0.9320529699325562,0.7546568385045608,0.9035821557044983,0.7422888608861921,0.9374592304229736,0.7151389674295874,0.9470800161361694,0.6923259728810438,0.9504607319831848,0.7813439548042295,0.9020755887031555,0.7615821437985569,0.9358384013175964,0.7294394675339724,0.9408087730407715,0.7053435984442294,0.9395462274551392,0.7929198968362924,0.8982104659080505,0.774304115801532,0.9265709519386292,0.7452789320690665,0.9326079487800598,0.7228012240398243,0.932910144329071,0.7934534174394376,0.8941759467124939,0.7804637150974297,0.9167450070381165,0.7573421793481321,0.9231429100036621,0.7381368234027013,0.9238510727882385
0.5581911398289537,0.3553946316242218,0.5907193575355705,0.33331480622291565,0.6109033403315278,0.3331037163734436,0.6252853306728545,0.33292970061302185,0.5364181756231439,0.33436182141304016,0.5189123953647606,0.3346187174320221,0.5064127269380537,0.33483049273490906,0.6552394201917916,0.3438880145549774,0.4983510328740073,0.34719449281692505,0.5934949221359773,0.3809804618358612,0.5294159042003181,0.38123056292533875,0.7790494534674264,0.4806661605834961,0.4015140539518507,0.4704706072807312,0.8039579371424307,0.6688295602798462,0.3005015917716695,0.6344320774078369,0.8190808554939498,0.8383476138114929,0.429373672604494,0.5054971575737,0.8510532415911635,0.888979434967041,0.4622734730307172,0.4703691601753235,0.8137484519301129,0.8963354229927063,0.46187148161669533,0.45748549699783325,0.7959202784901351,0.8824002146720886,0.4600228567391422,0.4678522050380707,0.4464473917588371,0.4987473487854004,0.48997125098420885,0.4859582483768463,0.5124734814489526,0.4540531635284424,0.48483363934691676,0.42999526858329773,0.458148738730931,0.4140280783176422,0.5027810067328973,0.43457356095314026,0.5242462566475049,0.4170065224170685,0.5177885618881003,0.4385703206062317,0.5061488459153901,0.44738534092903137,0.46862841555737594,0.43310409784317017,0.49380566191836145,0.41178497672080994,0.49109244022657217,0.4390750229358673,0.4805556411592243,0.4464670419692993,0.4357989246431009,0.4355001449584961,0.45651456803495166,0.4201831519603729,0.4606511335881949,0.4467211067676544,0.4504058105014306,0.4529651403427124,0.4010581269382582,0.44027554988861084,0.424586998319028,0.43030601739883423,0.433455455047174,0.44745898246765137,0.4253541991699918,0.4508017301559448,0.8314117336313656,0.844426155090332,0.7836003840951838,0.8596155643463135,0.7716089171600946,0.8850252032279968,0.7705889885311301,0.9107956886291504,0.767370345183779,0.9320319294929504,0.8290434489135745,0.9040215611457825,0.8162482703539592,0.9376957416534424,0.7896889708670805,0.9474517703056335,0.7674210602415776,0.9507948160171509,0.855784929363428,0.9026758670806885,0.8351676989480408,0.936244785785675,0.8034964843571664,0.9410132169723511,0.7796772218098835,0.9393851161003113,0.8672890435773182,0.8988729119300842,0.8473962655584268,0.926976203918457,0.8187729038996697,0.9328190684318542,0.7969629882145813,0.9327732920646667,0.8677518523801708,0.8948594331741333,0.8538213480948352,0.9170269966125488,0.8310736106457479,0.9229861497879028,0.8127282520976308,0.92311030626297
0.5196601283558685,0.3554626703262329,0.5512744959662483,0.33337101340293884,0.5708810943272421,0.33314409852027893,0.5851749880047561,0.3329678773880005,0.4985483097816857,0.33438539505004883,0.4815404544545219,0.3346404433250427,0.46964829908207345,0.3348469138145447,0.6144715444207363,0.3439368009567261,0.46188820343442966,0.34724804759025574,0.5540645783194887,0.3810326159000397,0.49167965970824085,0.3812345862388611,0.735342789485303,0.4807127118110657,0.3682728804502553,0.4703625738620758,0.7602757949151915,0.6689525246620178,0.27099154353751265,0.6344591379165649,0.7733682265484961,0.8383591771125793,0.39617202412290886,0.5055131912231445,0.8042144700534104,0.8889856338500977,0.4293890438119994,0.4704608917236328,0.76818865898484,0.8963273763656616,0.4289591644080358,0.4575715959072113,0.7508388698524088,0.882419764995575,0.42649816987373645,0.4678865075111389,0.4114876677897685,0.49878373742103577,0.45357184364042635,0.4858698844909668,0.4753222724271634,0.4543081223964691,0.450136629266189,0.4301815629005432,0.42571169906472267,0.4134732782840729,0.46663160035466483,0.4341014325618744,0.48719008630244465,0.41687458753585815,0.48082849036620123,0.4386574625968933,0.4697342683751809,0.44709375500679016,0.43347278286516083,0.43260031938552856,0.45751720836395404,0.411700963973999,0.4544797584278643,0.4390146732330322,0.44448630571131026,0.446076363325119,0.40130109707877426,0.4349961280822754,0.4212015062039513,0.41987520456314087,0.42492282375057605,0.44606703519821167,0.41508523566811556,0.4517925977706909,0.3674044917745909,0.4397611618041992,0.3904213042441253,0.4303398132324219,0.39831572279494615,0.44718870520591736,0.38996550229852356,0.4500734210014343,0.7847134722877048,0.8439384698867798,0.7387298478800295,0.8590829968452454,0.7271551530619754,0.8851839900016785,0.7263188464137006,0.9113003015518188,0.723393123620224,0.9324125051498413,0.7838826334182253,0.9040193557739258,0.7707780804439768,0.9376866817474365,0.7445765503335698,0.9474021792411804,0.7223752603652027,0.9507122039794922,0.8095851463674915,0.902825117111206,0.7884915098047246,0.9360679388046265,0.7577187189908561,0.9408062696456909,0.7345103695713524,0.9394776225090027,0.8205112835681949,0.8992951512336731,0.8003685793778461,0.9268306493759155,0.7725132767508347,0.9325304627418518,0.7510318890315695,0.9325770139694214,0.8206196509913073,0.8954392671585083,0.806327931249941,0.9170577526092529,0.7841355346567229,0.9230868220329285,0.7661080044610815,0.9235247373580933
0.4923790255579089,0.355474591255188,0.524755884412726,0.33341968059539795,0.5449310251539641,0.33318281173706055,0.5600196976964937,0.33300092816352844,0.47069928754750573,0.33441680669784546,0.4532783882128866,0.33468466997146606,0.4413363377255953,0.33490875363349915,0.5900863195089251,0.34395408630371094,0.4333706940139875,0.34737128019332886,0.5279459134930304,0.38105764985084534,0.4636607828693503,0.38123589754104614,0.7127986865449977,0.48100510239601135,0.33771396947906945,0.470254123210907,0.7385107317667785,0.6693726181983948,0.2387277341743017,0.6342077255249023,0.7516249066306998,0.8383188247680664,0.3682023028313789,0.5057141780853271,0.7830734141534591,0.8889611959457397,0.40468104136753996,0.4709950387477875,0.7465919816203971,0.896308422088623,0.4038450267792613,0.4579651355743408,0.7288417748396014,0.8824222683906555,0.4004315643309867,0.4680311679840088,0.3818593854207585,0.49820011854171753,0.4253207281993809,0.4855392575263977,0.44814379849453534,0.4532300531864166,0.42013808431130945,0.4291014075279236,0.39174291920109394,0.41360801458358765,0.43834179179541405,0.4340888559818268,0.45899255768951,0.41656798124313354,0.4526281247109265,0.4382501244544983,0.4408959702571783,0.4471132159233093,0.40406330787815853,0.4325234293937683,0.42775923316921177,0.411024272441864,0.4254049829524572,0.43824318051338196,0.4151973613449408,0.44605356454849243,0.3710231196364119,0.43499985337257385,0.3911312472047396,0.41954314708709717,0.39562224106346056,0.44597327709198,0.38497721538411817,0.4522460699081421,0.3365312374896421,0.4397641122341156,0.3608730485376914,0.430409699678421,0.3688582574017921,0.4473339319229126,0.35895963723881147,0.4501786231994629,0.7654658545085673,0.843404233455658,0.71757507570041,0.8585821986198425,0.7053590794032562,0.8847912549972534,0.7039744996960272,0.9107698202133179,0.6997627722910481,0.9320297837257385,0.7624508005269778,0.9043136239051819,0.7489419551170714,0.937483549118042,0.7226557518057816,0.9471893310546875,0.7002566492729096,0.9505367279052734,0.7890438500852827,0.9031268358230591,0.7673078748895727,0.9361067414283752,0.7361044537348749,0.9412700533866882,0.7119025284759058,0.9400613903999329,0.8003123676723822,0.8995211720466614,0.7794380673854323,0.9270728230476379,0.7511825523395683,0.9329838156700134,0.7288869666376144,0.9332185983657837,0.800828941578134,0.8956535458564758,0.7855452236599777,0.9173697829246521,0.7627953627306058,0.9234471917152405,0.7439049217614948,0.9240728616714478
0.5021488044382653,0.3555915057659149,0.5378895521007769,0.3336712718009949,0.5602052090196571,0.33343592286109924,0.5772307858380293,0.333246648311615,0.4781389369130531,0.3345962464809418,0.45888020093788817,0.33491602540016174,0.4458752562561488,0.3351897895336151,0.610477984307694,0.3440811336040497,0.4371025245767695,0.3477008044719696,0.541608803433598,0.38117361068725586,0.4703555682331171,0.38124698400497437,0.7458174367646189,0.4810406565666199,0.3314286231419122,0.4701670706272125,0.7745623522688782,0.6695287823677063,0.22227914392098458,0.63408362865448,0.788840170119428,0.8382374048233032,0.36906700879951765,0.5063546895980835,0.8234183585503366,0.8888828158378601,0.41154535795255587,0.4721905589103699,0.783262745109245,0.8962639570236206,0.4092448860726883,0.45872458815574646,0.7638538958047448,0.8824232816696167,0.40506818372857195,0.4685579836368561,0.38009609422997925,0.4977565407752991,0.4279179120039289,0.4852587580680847,0.45407311196373595,0.4532642066478729,0.423701782572569,0.42897552251815796,0.3928714757200814,0.4133555591106415,0.44255217455067314,0.4334506690502167,0.46574907713060637,0.4164014756679535,0.45805841236685213,0.4382714331150055,0.44552394936735723,0.4463738203048706,0.40429360341686055,0.43207502365112305,0.43097393941592205,0.4107073247432709,0.4279348891066514,0.4380715489387512,0.41686429168159433,0.4453530013561249,0.3677306204174518,0.4346229135990143,0.38987490539810526,0.419382244348526,0.3947610719296752,0.44591647386550903,0.3833655640321209,0.45192718505859375,0.32969170916535506,0.43943601846694946,0.3562398769305028,0.42994189262390137,0.36528413056197584,0.44691264629364014,0.3548994676556869,0.44976675510406494,0.8052660382302277,0.8425750136375427,0.7528001637909449,0.8571521043777466,0.7391534027192228,0.8836240172386169,0.7379746109946659,0.9097240567207336,0.7339551330031743,0.9313144087791443,0.8016163334497871,0.9037153720855713,0.7879703169878334,0.9371645450592041,0.758917877649172,0.9470949769020081,0.7341271378597043,0.9505545496940613,0.8299880505380601,0.9026225209236145,0.8077538539278569,0.9357671737670898,0.7737508765431362,0.9419549703598022,0.7472144736123313,0.9415847659111023,0.8417250364754615,0.8991629481315613,0.8206364219941387,0.9270362257957458,0.7899292363668772,0.9337918758392334,0.7653152669364581,0.9349096417427063,0.8414877293422315,0.8955864906311035,0.8267575610573009,0.9183530211448669,0.8019519290724627,0.9251759052276611,0.7806799172051515,0.9263980388641357
0.556410670217052,0.35565000772476196,0.5887420864599332,0.3338579535484314,0.6089921463058108,0.3336508572101593,0.624744825544673,0.3334696590900421,0.5346034742700977,0.33470454812049866,0.5171472069957381,0.33505675196647644,0.5055758503058327,0.33535701036453247,0.6548020683749227,0.3441827893257141,0.49758505608635073,0.34798040986061096,0.5924128017574682,0.38123759627342224,0.5275257854163422,0.3812527060508728,0.7771805315123904,0.4810692369937897,0.4015149835311058,0.4702030122280121,0.8035052920388847,0.6697786450386047,0.30252292655208884,0.6340748071670532,0.8162226798376458,0.8382136225700378,0.4378196721446147,0.5063825249671936,0.8473145031458554,0.8888667821884155,0.4751452039838803,0.4722285866737366,0.811142259194865,0.8962543606758118,0.4731317345909462,0.4587635099887848,0.7935697146874839,0.8824262619018555,0.46971986692767553,0.468578964471817,0.44571508190531056,0.49783188104629517,0.48907150372897745,0.48569416999816895,0.5126093909387488,0.45342665910720825,0.4848100528342463,0.42879459261894226,0.4567543985301604,0.41269928216934204,0.5022337489823749,0.4333958923816681,0.5233521921812785,0.4162853956222534,0.5166704534641192,0.4383251667022705,0.5051923548278678,0.4469241499900818,0.4674329688367134,0.4320025146007538,0.49174645388033056,0.4109245240688324,0.48910157717298963,0.43829259276390076,0.47889213234154965,0.4457602798938751,0.43418375563582995,0.4345261752605438,0.4546180364215714,0.41939812898635864,0.45892947471313994,0.4460281729698181,0.4484559506157611,0.4522257447242737,0.3996378403338679,0.439312219619751,0.42407604072611027,0.42977404594421387,0.432439833407746,0.44686976075172424,0.4231444390109801,0.4499255120754242,0.8309560347115599,0.842791736125946,0.7835256569218799,0.8575835824012756,0.7721975879810655,0.8841565847396851,0.7712552867353496,0.9106942415237427,0.7665235290293209,0.9325065612792969,0.827856411078095,0.904302179813385,0.8145200706235585,0.9378626942634583,0.7880581400898076,0.9476573467254639,0.7661820891195257,0.9506643414497375,0.8536869005449768,0.902918815612793,0.8336879590194703,0.9365793466567993,0.8025398366039517,0.9423447847366333,0.7787799932013361,0.9415464401245117,0.8647555480596657,0.899165689945221,0.8463294712827215,0.9275315999984741,0.81812631871788,0.934050977230072,0.7960790752582266,0.9349219799041748,0.8650485194334322,0.895344614982605,0.8521263216927337,0.9182658791542053,0.8295601678759046,0.9249570369720459,0.8105954693037339,0.9260430932044983
0.48613938879876684,0.35569292306900024,0.5225243018250199,0.33400312066078186,0.5453621534530797,0.33382245898246765,0.5634024564230212,0.33365944027900696,0.4616100640152997,0.3347846269607544,0.4419588487070219,0.33515435457229614,0.4291435987310707,0.3354673385620117,0.5971764389684664,0.3442979156970978,0.4201936339579538,0.348102867603302,0.5268548257464389,0.38130682706832886,0.45358996867318596,0.3812597393989563,0.7345497322479184,0.48115652799606323,0.3115815783832469,0.4702388346195221,0.76467909782861,0.6699438095092773,0.20007252542635934,0.6340786218643188,0.7788230692808366,0.838239312171936,0.3538811373975407,0.5064924359321594,0.8135231212187438,0.888940155506134,0.3953774062646348,0.472515732049942,0.7732186204389044,0.8963268399238586,0.39268040491087136,0.4589034616947174,0.753617565639369,0.882543683052063,0.3891095846945857,0.46866703033447266,0.361299420635903,0.4977265000343323,0.4103194238108744,0.48530784249305725,0.43652144955935585,0.45308300852775574,0.4045385771798652,0.4286840558052063,0.37218026099251544,0.41310393810272217,0.42432723988217397,0.43344101309776306,0.4484794488408239,0.41647103428840637,0.44147799183003317,0.4383845031261444,0.42838340102092687,0.44690635800361633,0.3854675897564255,0.4319804906845093,0.412876127741701,0.4110616147518158,0.410270365313309,0.43832677602767944,0.39874435441319134,0.44577959179878235,0.3484025458320893,0.4344787001609802,0.371063163662593,0.419665664434433,0.37625675233746314,0.4461333751678467,0.3646106222190618,0.4522426724433899,0.30974923779912167,0.4392649531364441,0.3365414475334188,0.43023258447647095,0.3462365238636715,0.4471600353717804,0.33603395238625705,0.4500083029270172,0.7957780052426737,0.8426119089126587,0.7420055598670665,0.8577002286911011,0.728394733822154,0.8844665288925171,0.7272475021866008,0.9107794165611267,0.722453981569336,0.9323388338088989,0.7921686526355814,0.9038994908332825,0.77989817618488,0.9381130337715149,0.7494581194530694,0.9478175044059753,0.7240300095538651,0.9506620168685913,0.820908648124882,0.9027221202850342,0.7988045839391054,0.9364960193634033,0.7629020478052575,0.9417198896408081,0.7360578155433329,0.9401193857192993,0.8330301630647728,0.8990470170974731,0.8117163548940001,0.9271017909049988,0.779336454487737,0.9333849549293518,0.754356141130214,0.933760404586792,0.833389798712301,0.8951830267906189,0.8183268259392987,0.9174839854240417,0.7925523805274601,0.9238465428352356,0.7713126731082384,0.9244306087493896
0.46192627414839216,0.3557066321372986,0.4944950143863367,0.33407288789749146,0.5149457849075928,0.33390751481056213,0.5311853980763626,0.3337518870830536,0.44018572980060344,0.3348243534564972,0.42259064951069,0.335195392370224,0.4112376198458701,0.3355026841163635,0.5614084533608593,0.3443412184715271,0.4031149629325868,0.3481653034687042,0.49851126353415043,0.38135355710983276,0.43283520662640856,0.3812633454799652,0.6833616754987947,0.48127228021621704,0.3056478305213512,0.47024789452552795,0.7103859831095325,0.6700447797775269,0.20602170969951403,0.6340571045875549,0.7233008912132229,0.8384214639663696,0.34477975844027736,0.5064850449562073,0.7538623212569459,0.8895109295845032,0.3808946810852054,0.47267431020736694,0.718082753379911,0.8968569040298462,0.3786452286645661,0.4589415192604065,0.7008240119000105,0.8833404779434204,0.37592336816150146,0.4686821401119232,0.35070895153628306,0.4975765645503998,0.39452570039213564,0.4850824475288391,0.41736681101958123,0.45258641242980957,0.38784405439943537,0.42849841713905334,0.3587867497019032,0.41307270526885986,0.4067268386341814,0.43349453806877136,0.42833094045220194,0.4164760112762451,0.42184522063878077,0.4384988248348236,0.4102496415577006,0.44734686613082886,0.3719432910447081,0.4321080446243286,0.3961659628757126,0.41128477454185486,0.3939824412770926,0.43857401609420776,0.38406027671927684,0.44613438844680786,0.33865606432944173,0.4345793128013611,0.35897860398275605,0.41956403851509094,0.3639609788971848,0.44606202840805054,0.3536452653564665,0.45213693380355835,0.3039985419962626,0.4392800033092499,0.32850166583137896,0.4302743673324585,0.33718176563922364,0.4472852945327759,0.3275777860109369,0.45005160570144653,0.7378175484278748,0.8421820402145386,0.6907306579458554,0.8575828075408936,0.6779815439730895,0.8842326998710632,0.6762099966977511,0.9100715517997742,0.6723195692113101,0.9313715100288391,0.7355467864054712,0.9032776951789856,0.724358295369561,0.9372425675392151,0.6975865133262279,0.946959376335144,0.67488228635088,0.9502041935920715,0.7605088131932324,0.9022329449653625,0.7413337005839644,0.9357060194015503,0.7098130670009511,0.9412732124328613,0.6855784170020759,0.9398790001869202,0.7710819725119539,0.8986919522285461,0.7521742478993467,0.9264843463897705,0.7239266062713987,0.9328426718711853,0.7016844040374891,0.9333311915397644,0.7709361985482921,0.8950793147087097,0.7571853296976809,0.9173944592475891,0.7346494757222608,0.9238192439079285,0.7157481304171882,0.9244809746742249
0.5351366666959144,0.35572201013565063,0.5702859000947073,0.3341273367404938,0.5923077791856449,0.33397626876831055,0.609779545566426,0.3338187336921692,0.5119051363265683,0.3348529636859894,0.4929055220688631,0.3352195620536804,0.4806508061303902,0.3355206549167633,0.6422060040295674,0.34437206387519836,0.4715668394638188,0.3482639193534851,0.5747516865045569,0.38139641284942627,0.503746164870081,0.38126659393310547,0.7731171047775096,0.48150163888931274,0.36600295311710374,0.47040224075317383,0.8020098235902612,0.6702505350112915,0.2588533815739732,0.6340956091880798,0.8164006109417119,0.8384879231452942,0.4090224098132301,0.5064441561698914,0.8490294086817599,0.8900596499443054,0.44749913417730297,0.4727359414100647,0.8111972982329028,0.8973473310470581,0.44530792914770323,0.4589584767818451,0.7927751437569798,0.8839499354362488,0.4425652418057834,0.46872085332870483,0.4152607657462157,0.4974477291107178,0.46289924303914487,0.4849277436733246,0.48692175264391035,0.4526572525501251,0.4551391408289541,0.42875590920448303,0.4243727193911386,0.41335007548332214,0.47493897806297014,0.4334772825241089,0.4983003592431011,0.41662463545799255,0.4912883423876709,0.4382011294364929,0.47867454547891286,0.44769182801246643,0.43750120633127687,0.4320918321609497,0.4638890175085204,0.4113898277282715,0.4615459301434023,0.43838995695114136,0.4509321791640678,0.44627845287323,0.40168474290813055,0.43458089232444763,0.4237188982715566,0.4200069308280945,0.42876535967741164,0.44632789492607117,0.4179499636151505,0.4526236057281494,0.364310142828617,0.4394587278366089,0.39026152521159363,0.43047335743904114,0.3996285403393777,0.44746896624565125,0.3899324041920243,0.4504092335700989,0.8327635668538105,0.8416299223899841,0.7815184595425918,0.8573431372642517,0.7680329742141084,0.8844769597053528,0.7666692118721405,0.9107046723365784,0.7627606805456026,0.9322693943977356,0.8287295690995193,0.9027073383331299,0.8177485164317156,0.9365847110748291,0.7882314614752693,0.9467721581459045,0.7630792790458962,0.9501850008964539,0.8566029188574323,0.9015882611274719,0.8366476917814727,0.9355002045631409,0.8027535610985154,0.9410163164138794,0.7766798544289581,0.9396211504936218,0.8681795899600739,0.8981635570526123,0.8487349973611904,0.9266980290412903,0.8176742011393306,0.9329776763916016,0.7930740125336314,0.9332740902900696,0.8679367682131759,0.8945191502571106,0.8534427286413319,0.9172828793525696,0.8283705612022848,0.9237593412399292,0.8072835787197775,0.924474835395813
0.5795870304205314,0.3557402789592743,0.6132047404547044,0.3341805338859558,0.6341911399212861,0.33404117822647095,0.6507251954163825,0.33388128876686096,0.5576004233461086,0.33489638566970825,0.5394136027462403,0.3352636694908142,0.527637494744234,0.33555933833122253,0.6816730166432388,0.3444294333457947,0.5186361831821321,0.3484101891517639,0.6174928660418009,0.3814515471458435,0.5494877288576488,0.38127443194389343,0.8059487423039323,0.4820650517940521,0.41738381932188967,0.4707886576652527,0.8332227775970327,0.670547366142273,0.31572386807690966,0.634265661239624,0.8476829059587215,0.8390911221504211,0.4590137366728967,0.5063351988792419,0.878310087135347,0.8912100791931152,0.4953990381436742,0.47275257110595703,0.8435832242743552,0.8984845280647278,0.4934957338420329,0.458939790725708,0.8268141534059241,0.8854058980941772,0.49105379463186777,0.4687453806400299,0.46486994247090796,0.49747389554977417,0.5103700256040645,0.4849209487438202,0.5332137496169298,0.452434241771698,0.5027893179292964,0.4285828173160553,0.4729572628173119,0.4133946895599365,0.5214325946319358,0.43326449394226074,0.5433925049066921,0.4165506362915039,0.5371854119673025,0.43819189071655273,0.5253542744473398,0.4474734365940094,0.48552362393486737,0.4319896101951599,0.5105390125172071,0.41133320331573486,0.5090083844007396,0.4385530948638916,0.49902249347466915,0.44653451442718506,0.45135962150074077,0.4345521330833435,0.47205061583203056,0.42018237709999084,0.47773898334061354,0.44641342759132385,0.4676693821105043,0.4526708722114563,0.41599993658663936,0.439460426568985,0.44064515507190966,0.4304392337799072,0.4499321606778994,0.4472667872905731,0.44065702418362573,0.4501493275165558,0.8627998382444068,0.8411270380020142,0.8140331736876605,0.8570146560668945,0.8015180481491259,0.8845146894454956,0.8006918744374152,0.9106970429420471,0.7965713086855132,0.9319993257522583,0.860921385983133,0.9036155939102173,0.8477637273000845,0.9365227222442627,0.8200541199717488,0.9464682936668396,0.7966202470171051,0.9500457644462585,0.8873812210965765,0.9022375345230103,0.8668872679424856,0.9349854588508606,0.8347163364936244,0.9410947561264038,0.8094813519411471,0.9403825998306274,0.8986007686987574,0.8984565138816833,0.8786299614364348,0.9260753393173218,0.8494712086617998,0.932784378528595,0.8259944537551496,0.9336822032928467,0.8984236718060551,0.8945174813270569,0.8841526138691224,0.9169690012931824,0.8609944802195078,0.9238486289978027,0.8410035546387924,0.9251900911331177
0.5278631896566612,0.3558339476585388,0.5603512232837751,0.3342953026294708,0.5806314658278565,0.33416128158569336,0.5965300470190271,0.3339761197566986,0.5067366281561264,0.33500683307647705,0.48914604806254725,0.3353826701641083,0.4776666616830145,0.3356790542602539,0.6265704013816059,0.34448057413101196,0.4686971067469839,0.3486699163913727,0.5645607553877937,0.3815619945526123,0.49871267422866516,0.3813380300998688,0.7466339493293271,0.482837438583374,0.37027711342484126,0.47142282128334045,0.7723397945873238,0.6709505319595337,0.2722542483111631,0.6348690390586853,0.7866706476018882,0.8392739295959473,0.41062965104409027,0.5064389109611511,0.8162749950120167,0.891617476940155,0.4458442079378038,0.4730166792869568,0.78375635614526,0.8987579345703125,0.44401441819273946,0.4590389132499695,0.7676367445860315,0.8857694864273071,0.44160238898756865,0.46884769201278687,0.4160809487064529,0.49750587344169617,0.4600146693173609,0.48506441712379456,0.48122847256694357,0.4525951147079468,0.4517514227744504,0.42878633737564087,0.4234293003768312,0.41327133774757385,0.470767568024888,0.43380534648895264,0.49223462122448236,0.416618287563324,0.4866991759691676,0.4380412697792053,0.47532156041948026,0.4481290578842163,0.43639896013418156,0.43243131041526794,0.46062455438954036,0.4107877314090729,0.45915553651881535,0.43778252601623535,0.4495098748437297,0.44649913907051086,0.4033415008890534,0.43494877219200134,0.42308403291510216,0.4200960099697113,0.42841603740712064,0.4463018476963043,0.41868306671872413,0.45301371812820435,0.3690665584845066,0.4398350417613983,0.3926892295189014,0.4304777681827545,0.40167512967082925,0.4472195506095886,0.3926060908898936,0.45021292567253113,0.8009117700896756,0.8409013748168945,0.7540649687788725,0.8571646213531494,0.742628160677788,0.8846181631088257,0.742224844157132,0.9106423854827881,0.7384517225911414,0.9319101572036743,0.800379507976942,0.90436190366745,0.7859167497427301,0.9370165467262268,0.7598001888951527,0.9464753866195679,0.7378476895098387,0.9496782422065735,0.8255333826931602,0.9026851654052734,0.8047726715188176,0.9355328679084778,0.7734425249141476,0.9419428110122681,0.7484537166992117,0.9411643147468567,0.8359668770480632,0.8986308574676514,0.81639882852011,0.92677241563797,0.7880375246893218,0.9336906671524048,0.7652859258601463,0.9348021149635315,0.8355429103986811,0.8946399092674255,0.8214617423281919,0.9174565672874451,0.798936016894007,0.9244722723960876,0.7793771163058153,0.9262362718582153
0.608492764208347,0.35588914155960083,0.6433096492415223,0.33437082171440125,0.6650501920213323,0.3342439532279968,0.682064689456245,0.3340500295162201,0.585951734811817,0.335070937871933,0.5671108955977444,0.33545276522636414,0.5548079755812871,0.33574822545051575,0.71443743065727,0.3445456326007843,0.5450367627428342,0.34880149364471436,0.6478068710134899,0.3816189467906952,0.5772463618777863,0.381384015083313,0.8428637432225509,0.4836072027683258,0.4394629358811193,0.47183957695961,0.8697409037473816,0.6712934970855713,0.334653677749087,0.635276734828949,0.8852852151246998,0.8392958641052246,0.48239341246901013,0.506440281867981,0.9169502515855403,0.891634464263916,0.518550200242069,0.4730244576931,0.8828553232797907,0.8987828493118286,0.5170915669317081,0.45900946855545044,0.8658144092826682,0.8857706785202026,0.5151227052801352,0.46886903047561646,0.48741522253903136,0.4977564811706543,0.5342228874741594,0.48512008786201477,0.5571981346132812,0.45288360118865967,0.5257877264598453,0.42881616950035095,0.4963563650902786,0.41252732276916504,0.5469222358730988,0.4340032935142517,0.5692327861628276,0.4163914918899536,0.5626635557811215,0.43800437450408936,0.5502670261211929,0.4479615390300751,0.5097323229845124,0.4328037202358246,0.5349232502815225,0.4114179015159607,0.5329226815573244,0.43847039341926575,0.5224581239355285,0.44665035605430603,0.47424829379100336,0.43534255027770996,0.49502675545229163,0.4204179048538208,0.5001193575902514,0.4468305706977844,0.48932441299149804,0.4532109200954437,0.43726615040328576,0.4400942921638489,0.46238175090914424,0.43069908022880554,0.47184704988004394,0.4478135406970978,0.46227003836268715,0.4508860409259796,0.9007191815704984,0.84162437915802,0.8510361782094369,0.8574514389038086,0.8390031102140284,0.8838501572608948,0.8386987079208795,0.9095523953437805,0.83293334720337,0.9310325980186462,0.9009730540907008,0.9045649766921997,0.8842633188476048,0.9369975328445435,0.856226780754614,0.9463841319084167,0.8331048749084004,0.9500255584716797,0.9268368839267278,0.9033770561218262,0.9043493354722195,0.936227560043335,0.8704149219722683,0.9427112340927124,0.8437860915281574,0.9419091939926147,0.9371697186361418,0.8996933698654175,0.916991639932327,0.927986741065979,0.8862141855657922,0.9350772500038147,0.8617515852026263,0.9362225532531738,0.9364215612857069,0.896056592464447,0.9228591398917326,0.9191847443580627,0.8987637081493641,0.9262601137161255,0.8778710146509449,0.9278581142425537
0.5571612714832338,0.35590845346450806,0.5904176520761529,0.334428608417511,0.6111482276832789,0.33431893587112427,0.6273815064697911,0.33412978053092957,0.5357777983567553,0.3351018726825714,0.5178256179663385,0.3354813754558563,0.5061438442441484,0.3357689678668976,0.6582232558884827,0.3446362614631653,0.4968186557007106,0.3488328456878662,0.5945943595616633,0.3816344141960144,0.5273446815052889,0.38139742612838745,0.780831886401587,0.48441481590270996,0.39607205225316716,0.4720323085784912,0.8057083304175245,0.6723237633705139,0.29654129653729083,0.6354960203170776,0.8207839787960487,0.8396116495132446,0.4368988093940859,0.5064528584480286,0.8507962255828265,0.8917438387870789,0.4702841315932464,0.4729999005794525,0.8185660323998775,0.8987870216369629,0.46899399595237623,0.4589502215385437,0.8023171284811712,0.8857671618461609,0.46767315829737044,0.4688815176486969,0.4420355716028679,0.4974087178707123,0.4869709504010743,0.48463791608810425,0.5096656325375004,0.45243921875953674,0.47917195349781494,0.4287402331829071,0.45007716924282376,0.4135894477367401,0.49802059158222245,0.4335419833660126,0.5191552618910239,0.4160514771938324,0.5130658806030187,0.4377596080303192,0.5015435106417201,0.4472120702266693,0.46254013104343306,0.4324791431427002,0.48695984833346273,0.41122761368751526,0.4851107715602488,0.4385039806365967,0.4748980001237813,0.4464467465877533,0.4287975210078976,0.43513503670692444,0.44922642191362866,0.42009076476097107,0.45429759968596467,0.4466248154640198,0.4442187041080104,0.45302557945251465,0.3935797066056589,0.44006821513175964,0.41778875873619564,0.4303473234176636,0.42709071517518704,0.44748812913894653,0.41845981704515955,0.4507855474948883,0.8352886245366758,0.8419928550720215,0.7867189976120894,0.858449399471283,0.775975965384608,0.8849883675575256,0.7760368896939083,0.910558819770813,0.7706952189532837,0.9318869709968567,0.8348065755022341,0.9050878286361694,0.8210877779671718,0.9378095865249634,0.7938373418269674,0.9468264579772949,0.7719731217603968,0.9494426846504211,0.8596719174505603,0.9034889936447144,0.8387787171123097,0.9359283447265625,0.8064228375589929,0.9410108327865601,0.782600061996928,0.9391152858734131,0.869983613791949,0.8993232846260071,0.850433969228539,0.9262900948524475,0.8215851094773997,0.9320907592773438,0.7997730417160906,0.9321600198745728,0.869997251516978,0.8952357769012451,0.8563364314461092,0.9171282649040222,0.8336870484867894,0.9230309128761292,0.8150984866158744,0.9234153628349304
0.49705448133652963,0.35593417286872864,0.5313280801071069,0.3345234990119934,0.5526734590447687,0.3344438970088959,0.5694641471068365,0.3342744708061218,0.4750561327653195,0.335138201713562,0.4565594212202055,0.335508793592453,0.4445849578219771,0.3357838988304138,0.6011805109259177,0.34479179978370667,0.4349514142106657,0.3488457202911377,0.5355787719296078,0.38165754079818726,0.46628604953925107,0.38140425086021423,0.7274065515659525,0.4846782088279724,0.3310172372517423,0.4720965027809143,0.7530295205237995,0.6724217534065247,0.22852031359585456,0.6355674266815186,0.7685787261546911,0.8395306468009949,0.37286239627466833,0.5068486928939819,0.799463010819161,0.8916648626327515,0.4068952173465521,0.47340112924575806,0.7662658341485633,0.8986017107963562,0.4053642086458138,0.45912784337997437,0.749510163162746,0.8854095339775085,0.40434077105334615,0.469177782535553,0.3770656809062375,0.4979226887226105,0.4229086816335378,0.4856339693069458,0.4464261429834133,0.4526810050010681,0.4155633203979356,0.42828911542892456,0.3855820315273786,0.41253402829170227,0.43519911060587646,0.4333968758583069,0.45644318005882184,0.4163524806499481,0.44973345641600293,0.4387909471988678,0.43826426966036347,0.4474928081035614,0.39804931085457057,0.4323897659778595,0.4231925952870479,0.4114948511123657,0.420778887988812,0.43913131952285767,0.41030458155277066,0.4464227259159088,0.3628968258294746,0.43508148193359375,0.3837053350970836,0.42090490460395813,0.38848749577041725,0.44756075739860535,0.37778642552607694,0.453279048204422,0.3269646813657268,0.4397829473018646,0.35214506554330405,0.4308498203754425,0.3611017770779772,0.4479990601539612,0.3514815413676198,0.4507749080657959,0.7834336617697634,0.8417489528656006,0.7336307662705174,0.8577156066894531,0.7217291256830799,0.8843913078308105,0.7214744046929358,0.9103863835334778,0.7168472087017991,0.9318848252296448,0.7818273239957202,0.9048691391944885,0.7682810104076186,0.9380655288696289,0.7401564384661895,0.9471068978309631,0.717339212742906,0.9496481418609619,0.8088494934257582,0.9031621813774109,0.787754387744765,0.9361720085144043,0.7548734237445818,0.9413769245147705,0.7301390836955327,0.939683198928833,0.8206075357609913,0.8989015221595764,0.8007380983477064,0.926565408706665,0.7708924653481476,0.9327335953712463,0.7480892182157867,0.9330311417579651,0.8213583555309975,0.8946573138237,0.807320037901789,0.9173004031181335,0.7837027143455502,0.9235507845878601,0.764232302164054,0.9241253137588501
0.5156659111093654,0.3559452295303345,0.554893348649795,0.3345451056957245,0.5793259051693849,0.3344859182834625,0.5986362136887826,0.33433428406715393,0.4904468103470919,0.33515048027038574,0.46925717088487484,0.33552008867263794,0.45558861798275047,0.33578604459762573,0.6349074748636037,0.3448463976383209,0.44452860831181407,0.348817378282547,0.5597846504289359,0.381673127412796,0.4803781539186572,0.3813919425010681,0.7795472157596481,0.4849678575992584,0.32516428862998836,0.4720805287361145,0.8088569939453927,0.6725311875343323,0.2076329326223546,0.6356473565101624,0.826738737438007,0.8396091461181641,0.3725394182184962,0.5071370601654053,0.8620175124876722,0.8920029401779175,0.41170179592650624,0.473626047372818,0.8241227495493779,0.8987852334976196,0.409957723080564,0.45925551652908325,0.8048874540457176,0.8855336904525757,0.4088141994215638,0.4693816304206848,0.3758042646472443,0.4980851411819458,0.42871951409491743,0.4855499267578125,0.4560099694098753,0.45319095253944397,0.42139607509786536,0.42887091636657715,0.386819889594198,0.41332122683525085,0.44203157310186253,0.4336354732513428,0.46576166145573894,0.41638410091400146,0.45805559134227436,0.4386160671710968,0.4449702707065226,0.447327196598053,0.3998372372707055,0.43263518810272217,0.42843204512144695,0.41142353415489197,0.4256504945249444,0.438977986574173,0.4138465450911365,0.44660279154777527,0.36003243417764763,0.43538200855255127,0.3834222935944496,0.42115870118141174,0.3890502523194002,0.4476703703403473,0.3773103107555473,0.45385926961898804,0.3190254807482414,0.4401603043079376,0.34717886896484296,0.4311163127422333,0.35772463083102074,0.4481552243232727,0.34763890024258537,0.4512675404548645,0.8439303935539127,0.8414067625999451,0.7873604646642067,0.8573896884918213,0.7727309845108615,0.884074866771698,0.7718028299364191,0.9098557233810425,0.7670776573064787,0.9309898614883423,0.8424643624793554,0.9040966629981995,0.8263616493545805,0.9375367760658264,0.7945812159406863,0.9468355178833008,0.7686484800265376,0.9500727653503418,0.8730347962985122,0.9027298092842102,0.848484581823278,0.935651421546936,0.8111007489619698,0.9409555792808533,0.7828979589696317,0.939581573009491,0.8860766223323666,0.8989443778991699,0.8625912366317695,0.9268243908882141,0.8286270909819641,0.9327648878097534,0.8030320350189182,0.9329554438591003,0.8866416880161793,0.895229697227478,0.8695613780811307,0.9180243611335754,0.8427924129278985,0.9240736365318298,0.821191658442538,0.924612820148468
0.4994495314808824,0.3559422791004181,0.5331308208221264,0.3345603346824646,0.5540431275542009,0.3344985544681549,0.5706564969785171,0.3343563377857208,0.47788635008160096,0.335136741399765,0.4596979805496407,0.33549296855926514,0.44799056418252936,0.3357231616973877,0.601653231929503,0.34492379426956177,0.43835163014488837,0.34880098700523376,0.5372348912927468,0.3816860616207123,0.4691085289886275,0.3813767731189728,0.7251864540050961,0.48495835065841675,0.33595427730701083,0.47208935022354126,0.7507928446869031,0.6726852655410767,0.23512897520335202,0.6356908679008484,0.7665234145972478,0.8397911787033081,0.37655497019666423,0.5062485933303833,0.7964165981080029,0.8920625448226929,0.4101256753837133,0.4725983142852783,0.7638864665639258,0.8987800478935242,0.4086211132531686,0.4587705731391907,0.7473742086003325,0.8855314254760742,0.40766704299783646,0.46910518407821655,0.3764523666999732,0.4985789954662323,0.4220187634825777,0.48595356941223145,0.4449423346996709,0.45338675379753113,0.4137718990031878,0.4291659891605377,0.3841126875513396,0.4133317172527313,0.43291125062301133,0.43378737568855286,0.4541778638497468,0.41680407524108887,0.4471766412126673,0.43937644362449646,0.43570201715509277,0.4483276903629303,0.3963992914621665,0.43270987272262573,0.4218484978896582,0.4111667275428772,0.4195337255299163,0.4388590455055237,0.40956040194286314,0.44678938388824463,0.36221993969565924,0.4355826675891876,0.3824236334384119,0.4214114844799042,0.38789867677266443,0.4481671452522278,0.37821220577510906,0.4543464481830597,0.32758114494650525,0.4405837655067444,0.3515755816065742,0.43180280923843384,0.3603726603730896,0.4489775002002716,0.3510657910846314,0.4518216848373413,0.7823376079188287,0.841507613658905,0.7336358883910408,0.857381284236908,0.7199478810225344,0.8842515349388123,0.7184790930567134,0.9101616144180298,0.7136473254157838,0.9312291741371155,0.7792152277182061,0.9038054347038269,0.765411951896535,0.9368335008621216,0.7388097833493104,0.9464117884635925,0.7166235554885529,0.9499701261520386,0.8054916466452292,0.9022483229637146,0.7852377094587131,0.9349170923233032,0.7543657503528747,0.94132399559021,0.730020303556679,0.9409822821617126,0.8168284135190522,0.8982073664665222,0.7977253565416158,0.9259622097015381,0.7698281701710893,0.9328457117080688,0.7477297295428744,0.9341433048248291,0.8174046863878534,0.8941169381141663,0.8032184778000401,0.9167141318321228,0.7811137220428439,0.9234347939491272,0.762568825311526,0.924733579158783
0.5504005858183624,0.3558995723724365,0.581217109643122,0.33453458547592163,0.6002786025017699,0.3344930112361908,0.6154830461437087,0.3343694508075714,0.5306905889246093,0.3350500464439392,0.5140380879391089,0.3353715240955353,0.5033702884715937,0.33553189039230347,0.6437075187997111,0.3449409604072571,0.4944714388975101,0.3486800789833069,0.584846919394886,0.3816644847393036,0.5225580782992523,0.3813055157661438,0.7562617295411732,0.48497432470321655,0.4009196133993371,0.4721265435218811,0.7799658165786119,0.6728000640869141,0.30872200200125255,0.6356980800628662,0.7943734959041328,0.8399842381477356,0.4375538478437842,0.5060757398605347,0.8214884568183229,0.8925283551216125,0.46728066810882235,0.4725651144981384,0.7916741319280808,0.8988975286483765,0.46663301978718347,0.4587767720222473,0.7765745924184944,0.8856704831123352,0.4660427359608794,0.46911534667015076,0.4357652165406274,0.4994821548461914,0.4774946542013658,0.4862711727619171,0.4988635308823085,0.4538383483886719,0.47125447467404696,0.4294497072696686,0.4437419239289315,0.4140586256980896,0.48653317522900763,0.434082567691803,0.5059438625680968,0.4171124994754791,0.4995835345314884,0.43996021151542664,0.4891687727052732,0.44883260130882263,0.4530139279605134,0.4332786798477173,0.4762805235650231,0.4118789732456207,0.4734015231472265,0.43985193967819214,0.4632303227279991,0.44772085547447205,0.4217437809193302,0.4362180531024933,0.4402313435868081,0.42262592911720276,0.44421047459137875,0.4492177367210388,0.434438638816192,0.4550130069255829,0.38997557694765733,0.4414063096046448,0.4124159653538894,0.4326009452342987,0.4198041003428222,0.4499012529850006,0.41042199451190714,0.4528941214084625,0.8078323474609617,0.8417984247207642,0.7637423132775598,0.8573192954063416,0.7517398226542249,0.8843101859092712,0.7512937740866328,0.9101560115814209,0.7481171755411049,0.9311686754226685,0.8051123829755352,0.9043549299240112,0.7930766779924705,0.9371201395988464,0.7685316464692787,0.9465379118919373,0.7485336227613807,0.9495813250541687,0.8297295479746286,0.902509868144989,0.8118039988959748,0.9355971217155457,0.7832574610457227,0.9417216181755066,0.7613109460819226,0.9410383105278015,0.8406756444772459,0.8982612490653992,0.8243625131138697,0.9266738891601562,0.7984281198522877,0.9333161115646362,0.7782759409480866,0.9342859387397766,0.8416185139447651,0.8939990401268005,0.82911983628333,0.9172039031982422,0.8084702026173748,0.9238190054893494,0.7913578348764558,0.9249559044837952
0.5354842529455358,0.3558409810066223,0.5744275303786762,0.33435842394828796,0.598502963253069,0.3343159854412079,0.617737069211468,0.3342386782169342,0.5105570502682796,0.3348959982395172,0.48951615745233,0.3352057635784149,0.47607254825795287,0.33532992005348206,0.6533793982389465,0.3449346721172333,0.46477626563495683,0.3485155701637268,0.5790206313571982,0.38159242272377014,0.5002780614558222,0.38119274377822876,0.7953070434921049,0.48500552773475647,0.34654650793309566,0.4722060263156891,0.8255376626088379,0.6728664636611938,0.22977206389948987,0.6355942487716675,0.8441872881975271,0.8400973081588745,0.3895721368480532,0.50603187084198,0.8783076614205849,0.892590343952179,0.4201215889251302,0.4725036025047302,0.8404528455119049,0.898899257183075,0.4204301291997804,0.4587246775627136,0.8212752892507809,0.8856754302978516,0.4221915401316847,0.46912068128585815,0.3839633840827803,0.4995810091495514,0.43517017624861,0.4858071804046631,0.46334053610407216,0.454004168510437,0.4296819720589728,0.4297707974910736,0.3909953309290461,0.41560453176498413,0.44459779575181063,0.43585073947906494,0.47191414304021145,0.4185307025909424,0.4641224197725556,0.44112876057624817,0.4502505627644668,0.4478178918361664,0.40285126331813276,0.43469059467315674,0.4343244538992086,0.4141988158226013,0.4303040587783577,0.4421849548816681,0.41626539618305214,0.44841697812080383,0.36365355229661583,0.4375826120376587,0.3886062664166229,0.42361268401145935,0.39420945232076177,0.4498691260814667,0.380487540119045,0.45460695028305054,0.3242742975231533,0.44271954894065857,0.35292204575787695,0.4351098835468292,0.3620706413652458,0.45175454020500183,0.3483336706039148,0.45387133955955505,0.8609476252456725,0.8422078490257263,0.8042520681991561,0.8578020334243774,0.7897524374624664,0.8844318985939026,0.7890161700157933,0.9099836945533752,0.7847159099625364,0.9305785894393921,0.8585083788843219,0.903978168964386,0.8444510532869411,0.9371024966239929,0.813953705428104,0.9467580914497375,0.7881619972512892,0.9501472115516663,0.889249467152235,0.902370035648346,0.8661489959141461,0.9353339672088623,0.8294371086604464,0.9415895938873291,0.8009260488937109,0.9408650994300842,0.9027990469549616,0.8984097838401794,0.8809951337194072,0.9262396693229675,0.8479162040713758,0.9327948093414307,0.822297829527568,0.9334405064582825,0.9038633186655736,0.8943937420845032,0.8874517314501973,0.9169174432754517,0.8613944159133773,0.9235935807228088,0.8397785744755588,0.9246698617935181
0.533624284714326,0.3557837903499603,0.5740518303574077,0.3342074751853943,0.5989730909163445,0.3341692388057709,0.6189882250427516,0.33413076400756836,0.5077169783482481,0.33475634455680847,0.4858715424041692,0.3350531756877899,0.4719662935140449,0.33514589071273804,0.6559089250362626,0.3449243903160095,0.4601940834487158,0.34836092591285706,0.5788013729817232,0.38153645396232605,0.4970363668694826,0.38109907507896423,0.8029378795648601,0.4850681722164154,0.33748856180788483,0.4722546637058258,0.8345268343987368,0.6729727387428284,0.21606446753172848,0.6355161666870117,0.8544113989058739,0.8401827812194824,0.3798868277102403,0.505939781665802,0.8896427557540758,0.8926714062690735,0.40825409562383663,0.472383588552475,0.850185132107735,0.8989057540893555,0.4092713917026807,0.4586118757724762,0.8301440669048084,0.8856786489486694,0.41212792418485633,0.46910396218299866,0.3755881284339387,0.4993346631526947,0.4301336076620599,0.4873727560043335,0.4599004056958894,0.4548107385635376,0.4231323832266297,0.43091094493865967,0.3822217466147342,0.4173848628997803,0.4394814282976601,0.4357178807258606,0.4654661123311729,0.4182194769382477,0.45828403525950384,0.4409293532371521,0.4438091753664092,0.449099063873291,0.39578993306631666,0.4346831142902374,0.4270262418820123,0.413863867521286,0.4250174561322067,0.4420606791973114,0.4111461586675896,0.4486396908760071,0.3554970711075296,0.4373922049999237,0.38139257550929406,0.42289090156555176,0.3875477985732737,0.449860543012619,0.37304542846758937,0.4551370441913605,0.314219784033884,0.44222161173820496,0.34522013667573664,0.43405136466026306,0.35483287816520265,0.4516873359680176,0.34055985679559425,0.4543966054916382,0.8710165133575349,0.8420536518096924,0.811941531649603,0.8576995134353638,0.7971944785654779,0.8846224546432495,0.7968344355414948,0.9103464484214783,0.7927913485274877,0.931023120880127,0.8685731742949648,0.9040734767913818,0.854023928781726,0.9372774362564087,0.8221766605317506,0.9470423460006714,0.7952045177798763,0.9504497647285461,0.9009246856258508,0.9023931622505188,0.8766802926540141,0.9353033900260925,0.8385793962291646,0.9412887096405029,0.8090237037541801,0.940466582775116,0.915185032350686,0.8983348608016968,0.8924198743144103,0.9260207414627075,0.8580534684705001,0.9324326515197754,0.831520907333087,0.9329685568809509,0.9163518476816412,0.8941484093666077,0.8993150472958694,0.9165210723876953,0.8722835622727292,0.9230262041091919,0.8500148347494384,0.9239421486854553
0.46860567119944047,0.35566598176956177,0.5025356094148383,0.33384400606155396,0.5233754772052419,0.3337012529373169,0.5401556359099529,0.33370429277420044,0.4467047170012137,0.3346388638019562,0.42855963871816044,0.33496713638305664,0.4170414477056728,0.33507779240608215,0.5710395926951072,0.34480607509613037,0.4069396380582484,0.348400741815567,0.5065461516313258,0.3813796639442444,0.43766642776503856,0.381012886762619,0.6942085112049946,0.48506730794906616,0.30476090443605836,0.47362446784973145,0.7204974172366478,0.6730020046234131,0.19869061659343448,0.6356649994850159,0.7393013454756402,0.8403452038764954,0.33083394913530345,0.505881130695343,0.7684633491513364,0.8928085565567017,0.3563227982408326,0.4721091389656067,0.7339845083918994,0.8989378213882446,0.3608316852730534,0.45841652154922485,0.7170937763886932,0.8857495188713074,0.36372512423144227,0.4690937101840973,0.3175097971236835,0.5050129890441895,0.3627139001223744,0.49118077754974365,0.3916956832301146,0.4644184708595276,0.3828349719296045,0.44395729899406433,0.3507656902474687,0.4332822263240814,0.3633871106985268,0.4395952820777893,0.38853516455293924,0.422070175409317,0.38577688232764806,0.44431155920028687,0.37389772860708553,0.45228809118270874,0.33100196491465206,0.4382722079753876,0.35816047082745783,0.41883111000061035,0.35532096243069355,0.4459800720214844,0.33990461061704436,0.45110753178596497,0.2981256372394118,0.44100475311279297,0.32417288150234136,0.4269803464412689,0.32628924748124294,0.45245859026908875,0.3113937028578014,0.45644184947013855,0.2635674479682874,0.446378618478775,0.29425957051199586,0.43741732835769653,0.2996417084305083,0.4550117552280426,0.28549413305987464,0.45935145020484924,0.7523079643546005,0.8415248394012451,0.7038731738371106,0.8567408323287964,0.6910231656928741,0.8835210204124451,0.6898551917631722,0.9093255400657654,0.6856997915713607,0.9303288459777832,0.7503415677582177,0.9041962027549744,0.7370543430557177,0.9371408820152283,0.7105148042141421,0.9463920593261719,0.6886657290603666,0.9491143226623535,0.77715475812783,0.902619481086731,0.7562118276780744,0.9355182647705078,0.7246560164043908,0.9406647086143494,0.7008287223518775,0.9390553832054138,0.7884869912785717,0.898438572883606,0.7690715022930598,0.9261149168014526,0.7404440057697117,0.9317907094955444,0.7185963910179918,0.9318255186080933,0.7889651686373469,0.8941420316696167,0.7747950265778065,0.9163329601287842,0.7520596264621942,0.9221880435943604,0.7333887338961712,0.9226862192153931
0.5662702481499452,0.3551788628101349,0.5979323238472737,0.333234965801239,0.6172713963567402,0.33303263783454895,0.6330279438835783,0.33315446972846985,0.5457203681417433,0.33423060178756714,0.5289656114716856,0.33454596996307373,0.5183676319876585,0.3346474766731262,0.6616723525729943,0.3447023332118988,0.5086040929592914,0.3482985496520996,0.6017357957966392,0.380954772233963,0.537203619773654,0.38054409623146057,0.776301114484648,0.4849141538143158,0.4138942113705187,0.4747301936149597,0.8013551026056294,0.67303866147995,0.30905244873194254,0.6369198560714722,0.8197226944713675,0.8404321670532227,0.42652103281712295,0.505455493927002,0.846662562677503,0.8929270505905151,0.4552764974511554,0.4720982015132904,0.8136083398795654,0.8989776372909546,0.4628382682442091,0.4585493505001068,0.7978273289803118,0.8858791589736938,0.46505052078198617,0.46926170587539673,0.409956805693074,0.5099780559539795,0.4508426406366751,0.49766379594802856,0.4806015242062007,0.4717862904071808,0.47388995268146106,0.45026591420173645,0.4419913006405747,0.4400835931301117,0.4560187795938004,0.4442461431026459,0.4749456960523986,0.42549705505371094,0.4732331952653957,0.4473588168621063,0.4642142358657075,0.45588356256484985,0.4248201165371634,0.4428143799304962,0.44339289655698455,0.4235480725765228,0.4438922600002601,0.45025551319122314,0.43336721760806446,0.45558544993400574,0.3936758165303386,0.44604936242103577,0.41157261791291083,0.43216320872306824,0.41616137706039785,0.4567010998725891,0.40531268036806983,0.4608810842037201,0.36052280183295055,0.4521164000034332,0.38369084515086127,0.44249099493026733,0.3897685370429983,0.4596056342124939,0.37850761958188545,0.4643772542476654,0.8301909468918842,0.8412795066833496,0.7849063969624315,0.8569997549057007,0.7732993680841806,0.8839260935783386,0.7728523614353076,0.9098487496376038,0.7689673449112236,0.9307385087013245,0.8298496246005629,0.9043173789978027,0.8156795073594965,0.9370577335357666,0.7905109038084942,0.9464184045791626,0.769492660238993,0.9497917890548706,0.8546521836161626,0.9028910994529724,0.8337880981236289,0.9353176355361938,0.8042617783868418,0.941119909286499,0.78128517066577,0.9402086138725281,0.8649592884247358,0.8987372517585754,0.8454003044351953,0.9258880615234375,0.8186887610382713,0.9321905970573425,0.7976918096632798,0.9329426884651184,0.8649607122188976,0.8944145441055298,0.8508656030429886,0.9161587357521057,0.8299318810723622,0.9224071502685547,0.8123257602114945,0.923515796661377
0.5144048867278196,0.3546043038368225,0.5513563097763472,0.33250856399536133,0.5739118640557749,0.3322676718235016,0.5923223989950495,0.33248835802078247,0.49041378606661157,0.33368977904319763,0.47086371821585277,0.33402127027511597,0.45851098056345635,0.33415478467941284,0.6256576166641367,0.344509094953537,0.4470404680298924,0.34808677434921265,0.5557991173837226,0.38050583004951477,0.480412314486604,0.3801977038383484,0.7592003610504234,0.48464521765708923,0.336285511988899,0.4756825864315033,0.7890565991279329,0.6732661128044128,0.20718255427904947,0.6401793956756592,0.812449706509946,0.8409563302993774,0.3272629353177427,0.5054553747177124,0.8426525208893278,0.8933348655700684,0.3597958692529467,0.4721241593360901,0.8041223593325544,0.899185061454773,0.3685563801652237,0.45861053466796875,0.7857918790631392,0.8863192796707153,0.37227990411623985,0.46940621733665466,0.3133186957238871,0.5158627033233643,0.35889816186305656,0.5011138916015625,0.3917020733034072,0.4751402735710144,0.37408075657170864,0.45456933975219727,0.3361272152077431,0.4457987844944,0.3655610138551974,0.45183053612709045,0.3800836106771503,0.43073561787605286,0.3811091412073584,0.4514150321483612,0.37350685521674504,0.4625534117221832,0.32671501396884667,0.45155465602874756,0.3389325272001268,0.430530309677124,0.3459655187554571,0.4559371769428253,0.34031335697029097,0.4638521075248718,0.289162841041643,0.4558519721031189,0.3028041945473184,0.4406975507736206,0.31427988042511384,0.46381837129592896,0.30796386906630246,0.4701758921146393,0.24858898194361503,0.46314242482185364,0.26916858305807484,0.4510897696018219,0.2824485954619179,0.46697619557380676,0.2766641924249369,0.4732110798358917,0.8235875012623161,0.8412527441978455,0.7702633877620758,0.8564374446868896,0.755893272429223,0.883152425289154,0.7556143649803638,0.9090617895126343,0.7515848207253192,0.9300980567932129,0.8213407594003852,0.903862476348877,0.8059446603976836,0.936846137046814,0.7756288632012173,0.9456825852394104,0.7506458398664875,0.9482541084289551,0.8506805693340282,0.9023743867874146,0.8275149380516533,0.9353443384170532,0.7927000684090897,0.9406371116638184,0.7663311930065111,0.9391122460365295,0.8628490301992011,0.8981420993804932,0.8412937816766485,0.925883948802948,0.8098965667276193,0.9321125745773315,0.7854255156636224,0.9325206279754639,0.8627636133769266,0.8938560485839844,0.8471660938039279,0.9161287546157837,0.8222554217651654,0.9225121736526489,0.8012394849383352,0.923380434513092
0.5427342721303122,0.353567510843277,0.57303187821326,0.33124470710754395,0.5914777731354636,0.33088743686676025,0.6066087256302315,0.33119145035743713,0.5230739212956533,0.3326707184314728,0.5070620737109308,0.33299094438552856,0.4969868786577076,0.33315110206604004,0.6338606015169995,0.3439275324344635,0.48754239260915183,0.3471721112728119,0.5766297688212366,0.3796359598636627,0.514871888984109,0.3794902265071869,0.7432616833226372,0.48462343215942383,0.3954652509131768,0.4780610203742981,0.7680820486913866,0.6749685406684875,0.2860004392527485,0.6474490165710449,0.7889822236331263,0.8423096537590027,0.3647258360650525,0.5071048736572266,0.8128092076245336,0.8942869305610657,0.3872249188151126,0.4754776358604431,0.7808501085409152,0.899705708026886,0.39480867872472053,0.4631332457065582,0.7658106671677349,0.8874775767326355,0.3988925558807092,0.4727056920528412,0.362028114187581,0.5262652635574341,0.3963725660497289,0.510863721370697,0.4211162390349706,0.48213469982147217,0.39976837733173864,0.46389392018318176,0.3655300078346766,0.45817941427230835,0.3988135122986753,0.45856258273124695,0.4091200219753301,0.4405728578567505,0.40836525631158005,0.4624961316585541,0.401710250756665,0.47233259677886963,0.3670961535477431,0.45981472730636597,0.37214095935404706,0.4430484473705292,0.3773785015658584,0.46815866231918335,0.3743559430498914,0.4734742343425751,0.3373954425222367,0.4660913646221161,0.3401889138660075,0.45477625727653503,0.3505317124357057,0.4768718481063843,0.34815087643329234,0.480093389749527,0.3064601047758655,0.4749723970890045,0.3116809411034113,0.4666360914707184,0.32324410451870317,0.48158109188079834,0.32224413359812304,0.4854345917701721,0.7959275403323882,0.8414191007614136,0.75272779421027,0.856427013874054,0.7416693650575548,0.8823646903038025,0.7414704412875046,0.9081906080245972,0.7382901359125197,0.9295083284378052,0.7931589421940792,0.9035483598709106,0.7812202985615093,0.9367274641990662,0.7571424788115381,0.9455000758171082,0.737566028640079,0.9477892518043518,0.8176986487071685,0.90235435962677,0.7995589045825412,0.9356602430343628,0.7717355637066028,0.940514326095581,0.7509033260275427,0.9383496046066284,0.8282669767144507,0.8982730507850647,0.8117344005298085,0.9263344407081604,0.7862800777900067,0.9323108792304993,0.7667448354664026,0.9321863055229187,0.828886579399764,0.8938878178596497,0.8168559296564429,0.9162264466285706,0.7966325286483916,0.9222615361213684,0.7798012265036245,0.9224207997322083
0.5463259097722137,0.3521955609321594,0.5850419957970631,0.32989972829818726,0.6085118581757699,0.3295363187789917,0.6278725485959414,0.32996058464050293,0.521063949916658,0.3314998745918274,0.5006082600415668,0.33190637826919556,0.4877448219081995,0.33222195506095886,0.6625515353746463,0.3433643579483032,0.47558116871805656,0.3463861346244812,0.5895274157640332,0.37854400277137756,0.5105759477760526,0.3784782588481903,0.8021973153118231,0.48469018936157227,0.35161499702653,0.47975754737854004,0.8345416045662283,0.6765031218528748,0.2169183680610483,0.6526373624801636,0.8630307149515981,0.8435355424880981,0.3025110361928725,0.5177685022354126,0.8933436126796817,0.8952933549880981,0.3403410704070578,0.49096807837486267,0.852057091300421,0.900367259979248,0.3479525652468819,0.4798184335231781,0.832722400795136,0.8885550498962402,0.35118232367089447,0.4901494085788727,0.2841659229952165,0.5395476818084717,0.3378590663740998,0.5217916369438171,0.3563502611604119,0.4878621995449066,0.3487429547567246,0.46120014786720276,0.35116963982183885,0.4436621069908142,0.30118962410527766,0.4688464403152466,0.3157670414301885,0.45291057229042053,0.33267401951809916,0.47162917256355286,0.3357156144243459,0.4822428822517395,0.2645499750519943,0.47444742918014526,0.28005078449086374,0.45927950739860535,0.3001764176956698,0.47841131687164307,0.30037106143538306,0.48805737495422363,0.232568104064063,0.4826754629611969,0.24838968448932963,0.46973496675491333,0.2712931201508643,0.4868582785129547,0.2714308643807954,0.4959520101547241,0.20187279421398496,0.49305063486099243,0.2218323519746142,0.48127228021621704,0.24022452580848594,0.4923821687698364,0.24035124575839673,0.4997463822364807,0.8717338901082714,0.8414344787597656,0.8166580886416804,0.8565791249275208,0.8010367233664599,0.8823867440223694,0.799961559712867,0.9082122445106506,0.796177979393641,0.9294832944869995,0.8702224968796816,0.9027061462402344,0.8527519765636362,0.9356973171234131,0.8215052156312522,0.9446572661399841,0.7956389355655514,0.9477894306182861,0.9004041305997813,0.9015651941299438,0.8755892270315005,0.9344176054000854,0.8396250225755901,0.9398387670516968,0.8118446271953964,0.9384711384773254,0.9130855298153939,0.8976154923439026,0.8901724923615835,0.9250560998916626,0.8578485130710867,0.9312286972999573,0.8327831726326673,0.9315935373306274,0.9133535897281456,0.8934499621391296,0.8970843603123771,0.9156395196914673,0.8718405766891131,0.9217591285705566,0.8504756010368633,0.9221686720848083
0.5191009367165387,0.35060739517211914,0.5506265239678257,0.3285400867462158,0.5699102830903656,0.32824355363845825,0.5857772033804126,0.3287920355796814,0.49729042307728005,0.3299406170845032,0.48008476422492985,0.3304532766342163,0.46928658941495666,0.3309802711009979,0.6143400241786994,0.34268835186958313,0.45888758323711465,0.3455980718135834,0.5545989020334872,0.37719830870628357,0.4888022774654944,0.3772001266479492,0.7302897114514029,0.4847537577152252,0.35371574456647964,0.4802624583244324,0.7582325008156733,0.67723548412323,0.23181067540072306,0.6316453218460083,0.7819283933774761,0.8437156677246094,0.28479591113543445,0.5506766438484192,0.8065389324578198,0.8953920602798462,0.35148547685294546,0.6061176657676697,0.7723700844125186,0.900486171245575,0.35438243761831906,0.5889840722084045,0.7562740263538791,0.8886748552322388,0.3555149915934923,0.5910406112670898,0.28261168113350343,0.5558990836143494,0.3178265243752433,0.5329844355583191,0.32954059351619747,0.4948316216468811,0.3362613441553606,0.4647858142852783,0.3510974071840966,0.44405078887939453,0.28585333366685023,0.48672008514404297,0.2932650111889249,0.4702954888343811,0.30556489543330295,0.48589202761650085,0.3088828615485083,0.49565455317497253,0.25532704715700916,0.4944203495979309,0.26642676569426604,0.4781019389629364,0.28184939908132395,0.4959043562412262,0.2846146499599356,0.5061159729957581,0.2281316974443158,0.5039194822311401,0.2436933634069284,0.4904376268386841,0.25971882155119796,0.506090521812439,0.261499055857085,0.5153883695602417,0.20230598607040112,0.5152928829193115,0.22268296023908385,0.5026182532310486,0.23642965017050552,0.5129925608634949,0.23642692468543913,0.5202229022979736,0.788268725408278,0.8410357236862183,0.7433382174854591,0.8556078672409058,0.7312771251374992,0.8816996216773987,0.7306148651035388,0.9071329236030579,0.727317356544916,0.9281623363494873,0.7871248754468054,0.902413547039032,0.7738431598351418,0.9351500868797302,0.7486236226097253,0.9443661570549011,0.7273101980419706,0.9472548961639404,0.8113196959616028,0.9013153314590454,0.7919179857263109,0.9339264035224915,0.7625132199026996,0.9401609897613525,0.739352704552008,0.9394204616546631,0.8212677164538829,0.897843062877655,0.803321086872342,0.9255040287971497,0.7769020078460244,0.9321457147598267,0.755965751006853,0.9331738352775574,0.821036411432105,0.8942758440971375,0.8081739608002909,0.9169520139694214,0.7874089169627594,0.9236699938774109,0.7695458251403614,0.9249714612960815
0.6049008014235613,0.34948408603668213,0.639454394590568,0.3275648355484009,0.6608050352198005,0.327319860458374,0.6783478057491713,0.32790592312812805,0.5801068685425369,0.3287115693092346,0.5609123543562298,0.3292666971683502,0.5486271878791816,0.32992124557495117,0.7101550053218878,0.34199872612953186,0.536783612929954,0.3447797894477844,0.6439656880671105,0.3761730194091797,0.5707141320710712,0.3762674033641815,0.8394765523058991,0.4851681590080261,0.41928489375440947,0.47964391112327576,0.872523815079924,0.6781390905380249,0.2483734671159434,0.6039514541625977,0.8981849491201727,0.8437106013298035,0.3424438991281092,0.6114177107810974,0.9248857861649117,0.8952115774154663,0.39801720503249466,0.6318339705467224,0.8867230702429292,0.9003280401229858,0.4096909906601598,0.6138561964035034,0.8687951213476303,0.8884931802749634,0.4092191215028898,0.6142536401748657,,,,,,,,,,,,,,,,,,,,,,,,,,,,,,,,,,,,,,,,,,,0.9062875506689883,0.8406831622123718,0.8556866672707777,0.8554334044456482,0.8424257253749051,0.881062388420105,0.8421464820563249,0.9067853689193726,0.8371394565450647,0.9281697869300842,0.9032130883294509,0.9013736248016357,0.8875882186815127,0.934330403804779,0.8590054033665526,0.9435304999351501,0.8355217660573276,0.946492612361908,0.9310608830321546,0.9007114171981812,0.9084656338916235,0.9340241551399231,0.8747750631311083,0.9394540786743164,0.8496437509505025,0.9379976987838745,0.942561690290119,0.8975017666816711,0.9223059561883201,0.9258501529693604,0.8915650716769712,0.9318004846572876,0.8682481446083478,0.9320296049118042,0.9426451187218713,0.8940871953964233,0.9283262925815482,0.9170822501182556,0.9041509617278748,0.9231995344161987,0.8842040887710427,0.9236530661582947
0.5929389278360784,0.3491135239601135,0.6264866816074187,0.327309250831604,0.6474449077707309,0.3270968794822693,0.6643079454123624,0.32768887281417847,0.5681274848344026,0.32828202843666077,0.5492300953428728,0.32879844307899475,0.5367627803938658,0.3294309079647064,0.6957074698162754,0.34170106053352356,0.5247850016553512,0.3442949652671814,0.6309935034370746,0.37579017877578735,0.5590056647500111,0.37592336535453796,0.8222649386093859,0.4851709306240082,0.40996113886275853,0.4772917628288269,0.8548418468526423,0.6784278154373169,0.2490356265186047,0.6105097532272339,0.8804709275435465,0.8435519337654114,0.3032656627538584,0.5951995849609375,0.9064535481320262,0.8947499394416809,0.3322543827919102,0.5999426245689392,0.8689659786496767,0.8999606966972351,0.3353372665752281,0.581324577331543,0.8513243449772346,0.8878749012947083,0.346371586679133,0.5857640504837036,,,,,,,,,,,,,,,,,,,,,,,,,,,,,,,,,,,,,,,,,,,0.8878865333396392,0.8404402732849121,0.838107192039708,0.8556870222091675,0.8253256314315883,0.8815805912017822,0.8254092715094185,0.9072167873382568,0.8199253978991392,0.9282879829406738,0.8862743509938878,0.9019081592559814,0.8707348327891893,0.9347682595252991,0.8431410401751391,0.943583607673645,0.8204552386682755,0.946222722530365,0.9138173389359859,0.9005969166755676,0.8913233539320321,0.9334204196929932,0.8587494766493182,0.9392386674880981,0.8336301746553875,0.938201904296875,0.9253780719369848,0.896648645401001,0.9050450174684463,0.9245173335075378,0.8751974891937959,0.9308966398239136,0.8521918491839614,0.9314539432525635,0.9257394778988256,0.8925146460533142,0.9109952981736491,0.915023684501648,0.8876104994330815,0.921481192111969,0.868243455388904,0.9222061634063721
0.6091155628384956,0.3482412099838257,0.6412633743672567,0.3265913128852844,0.661464951007791,0.32649463415145874,0.6770860765485118,0.32717737555503845,0.584133885066846,0.3268970251083374,0.5657404505036897,0.3273525536060333,0.5537020454674245,0.32805851101875305,0.707238357611737,0.3411162197589874,0.5419490180522375,0.3431415557861328,0.6455212819050506,0.37525448203086853,0.5756462648430067,0.37535202503204346,0.8275123995601945,0.48483848571777344,0.4317161188040088,0.4764544367790222,0.8584928610967754,0.6783894896507263,0.28164198897731474,0.6152704358100891,0.8833704188139327,0.8430060148239136,0.3387362866691545,0.5773780345916748,0.9083498797913416,0.8945176005363464,0.3653552748120093,0.589904248714447,0.8727556459665169,0.8999282717704773,0.3673291568962885,0.5796036124229431,0.8559232501977223,0.8876851201057434,0.3704465930720705,0.5802527666091919,,,,,,,,,,,,,,,,,,,,,,,,,,,,,,,,,,,,,,,,,,,0.8897103117926493,0.8390365242958069,0.8427877744741886,0.8549559116363525,0.8306919059747158,0.8821482062339783,0.8305243994599041,0.9078797698020935,0.8261656277841589,0.9286658763885498,0.8901309484998191,0.9026743173599243,0.8744095130197074,0.9344459176063538,0.8478819676392807,0.9432100057601929,0.8258917844206144,0.9459841251373291,0.9156411931482318,0.9007067084312439,0.8937012341740809,0.9315222501754761,0.8628363923121157,0.93767911195755,0.8382780529656169,0.9373564124107361,0.9265206650829493,0.8959721922874451,0.906199658652698,0.9222087264060974,0.8784153294874436,0.9289554953575134,0.8561689679843382,0.9304051995277405,0.9268457718133095,0.8912030458450317,0.91327019315818,0.9129495024681091,0.8918584546866922,0.919900119304657,0.873494600471685,0.9214446544647217
0.5857117441110453,0.34733569622039795,0.6190335281220711,0.32572871446609497,0.6400436591899868,0.3258284330368042,0.6555903428576264,0.32660621404647827,0.5581875390552611,0.3253764510154724,0.5385251373989047,0.3256930112838745,0.5252968233065798,0.32645541429519653,0.6870060565721897,0.34043240547180176,0.5122623098810146,0.34177830815315247,0.623065658661048,0.37466228008270264,0.5493121377992395,0.3747493028640747,0.8114947587421903,0.4841526448726654,0.39471343935737063,0.4760776162147522,0.8438204771641484,0.678360104560852,0.25357930413143903,0.6405320763587952,0.8706855853577538,0.8424888849258423,0.2673022318623904,0.6015413999557495,0.8970742669122409,0.8939139246940613,0.27930928893773643,0.6015456914901733,0.8598126695717421,0.8995374441146851,0.27062954342242457,0.5822330713272095,0.8421246485820013,0.8870196342468262,0.28813343922914386,0.587556004524231,,,,,,,,,,,,,,,,,,,,,,,,,,,,,,,,,,,,,,,,,,,0.8778509721720118,0.8388780355453491,0.8282523328370892,0.8553297519683838,0.8164149240931561,0.8825058937072754,0.8168599235971239,0.908185601234436,0.8117330811837464,0.9285486936569214,0.8779910120682253,0.9022590517997742,0.8614856552825069,0.9340168237686157,0.8340911599072155,0.9426352977752686,0.8116607696737017,0.9454765915870667,0.905117140078773,0.9005835056304932,0.8820900707653925,0.9320088028907776,0.8497703904272712,0.9378503561019897,0.8244057096930965,0.9372062683105469,0.9166968026656752,0.8962491154670715,0.8953257687795179,0.923442006111145,0.8659095337908914,0.9298726320266724,0.8427892015440327,0.9308207035064697,0.9171692281649014,0.8919525742530823,0.9024625656305489,0.914161205291748,0.8795596044018128,0.9209760427474976,0.8601484015826644,0.9224501252174377
0.5664163744960095,0.34725865721702576,0.6012600970365739,0.3254554271697998,0.6231004262084813,0.32559627294540405,0.6387514927891154,0.3263425827026367,0.5366465476286395,0.3251097798347473,0.5158788560429302,0.3254372179508209,0.500582025668457,0.32621997594833374,0.67171079770598,0.33986911177635193,0.48574922965674944,0.34134021401405334,0.6052418062610643,0.37440672516822815,0.527727630232034,0.3745276629924774,0.8018985724409672,0.4826946258544922,0.36032411415948595,0.4747970998287201,0.8365872949096462,0.6776872873306274,0.22677690990037191,0.643235981464386,0.8660741655141825,0.8420893549919128,0.1852655764659296,0.6651922464370728,0.8945254100152888,0.8935664296150208,0.1943574394811281,0.6697909235954285,0.8548191976822269,0.8991392850875854,0.1975779020913537,0.6539376378059387,0.8359211654880488,0.8863771557807922,0.22250285632295105,0.6520005464553833,,,,,,,,,,,,,,,,,,,,,,,,,,,,,,,,,,,,,,,,,,,0.873422374305959,0.8391652703285217,0.8206633942044721,0.8558564186096191,0.8067544171655772,0.8825058937072754,0.8072148585555897,0.9077126979827881,0.8033049315179296,0.92796790599823,0.8733569281140912,0.9026338458061218,0.8555550230484109,0.9339174032211304,0.8265847678380052,0.942264974117279,0.8026622143704008,0.9449418783187866,0.90218385075553,0.9007170796394348,0.878178002134639,0.9314582943916321,0.8444327247695098,0.9373807311058044,0.8171265181872819,0.9369130730628967,0.9151924983639119,0.8961246609687805,0.8921134821768524,0.9226369857788086,0.861667249213129,0.9290373921394348,0.837073543888896,0.9300583600997925,0.9161868632318548,0.8916951417922974,0.9003225363329737,0.9133519530296326,0.8763199329777952,0.9200326204299927,0.8557013690783964,0.9214352965354919
0.5058490869071331,0.3472873270511627,0.5380119792633685,0.32533133029937744,0.557960434681624,0.3254580795764923,0.5719980236409804,0.32613545656204224,0.47849591354116494,0.32504475116729736,0.459582149080442,0.3253679871559143,0.4449927793774869,0.3261389136314392,0.6023462130408189,0.33930885791778564,0.43095653942850537,0.3410045802593231,0.5412516631789144,0.3742341101169586,0.4705917777525626,0.3743671774864197,0.7207352215391389,0.47994595766067505,0.31593242430868373,0.47206640243530273,0.7522417138471765,0.6755316257476807,0.21626895782351802,0.6348977088928223,0.779460412178933,0.840391993522644,0.10255654229162847,0.7099659442901611,0.806156688492881,0.8925722241401672,0.038342476938361465,0.7461017370223999,0.769593111292151,0.8982771039009094,0.041448573326521174,0.7419132590293884,0.7520758565716124,0.8851046562194824,0.07660225718413714,0.7302159667015076,,,,,,,,,,,,,,,,,,,,,,,,,,,,,,,,,,,,,,,,,,,0.7870106812460407,0.8390832543373108,0.7387663782119606,0.8552843332290649,0.7267970351589323,0.8817121982574463,0.7268594446389071,0.906933069229126,0.7234049130710253,0.9275667071342468,0.7874042372727753,0.9019313454627991,0.7712843442989735,0.9332456588745117,0.7455931517148566,0.9418885707855225,0.7241205275746257,0.9450100660324097,0.8134142933091859,0.9003668427467346,0.79123762775436,0.9309090375900269,0.7605036923878521,0.937237560749054,0.7352281370002902,0.9371113777160645,0.8247613165761185,0.8962391018867493,0.8036035088570568,0.9227517247200012,0.7753849098353305,0.9293560981750488,0.7523839989414532,0.930761992931366,0.8254165096150335,0.8923807144165039,0.8114049778560761,0.9140703678131104,0.7895108944745145,0.9210391044616699,0.7701292364153465,0.9229357838630676
0.5659246515332188,0.3470795154571533,0.596109224633954,0.32498008012771606,0.6146432974308174,0.3251057267189026,0.6276328172029502,0.3257119059562683,0.5404920048901268,0.32460474967956543,0.5229422719896086,0.3248629570007324,0.509285357211555,0.32566237449645996,0.6562575139080271,0.33846738934516907,0.4960742866168309,0.34030967950820923,0.5988346466994238,0.3737696409225464,0.5330827241812626,0.3739780783653259,0.7655686741742426,0.4785480499267578,0.3891198918124086,0.4698486328125,0.7942903179506816,0.6737180352210999,0.29957159360338814,0.6325657963752747,0.819373571842382,0.8387705087661743,0.17054777955364306,0.7438986897468567,0.8448608049073861,0.8916902542114258,0.09983235036832966,0.782965898513794,0.8107076138949211,0.8974736928939819,0.1045974773559692,0.7887477278709412,0.7941275499637935,0.8837552070617676,0.1373784162767848,0.7792884707450867,,,,,,,,,,,,,,,,,,,,,,,,,,,,,,,,,,,,,,,,,,,0.827874382733719,0.8396226763725281,0.7827869234278948,0.8550950288772583,0.7708134644752522,0.8813743591308594,0.7705965065779914,0.9069922566413879,0.767407033841012,0.927600622177124,0.8272891317016927,0.9008870720863342,0.8113233963154746,0.9332963824272156,0.7871075775012784,0.9421353936195374,0.7667721527813149,0.9450028538703918,0.8521147191780961,0.899713397026062,0.8302782339408058,0.9310973286628723,0.8016541980882944,0.9373149871826172,0.7785182123661614,0.9372783303260803,0.8625400649107466,0.8959976434707642,0.841747462385955,0.9229929447174072,0.8154122893941295,0.9295182228088379,0.794163632513871,0.9307716488838196,0.8629948636463389,0.8924133777618408,0.8492008880461961,0.9144638180732727,0.8284458880323826,0.9214281439781189,0.8101705390149212,0.9231170415878296
0.5120799022526504,0.3468421697616577,0.5465186070648923,0.324537456035614,0.5676444025774322,0.32458600401878357,0.5824354336457849,0.3250780999660492,0.4829949256502162,0.32427313923835754,0.46296468098944216,0.32457560300827026,0.44735072236575796,0.32542333006858826,0.6151053141240794,0.3373580276966095,0.4322275838094741,0.3400138020515442,0.549559321173621,0.37327122688293457,0.4745312612458898,0.373691201210022,0.7398366433502465,0.4767951965332031,0.3096645967897117,0.4699863791465759,0.7724268844604839,0.6729487180709839,0.20544776487463756,0.6393275856971741,0.800607293719384,0.8384597897529602,0.03172093764378235,0.7825212478637695,0.8304323502881046,0.8913496136665344,-0.051883876478105224,0.8280207514762878,0.7914338198573884,0.8973137736320496,-0.043803962483674005,0.8355594873428345,0.7723649846673021,0.8835428953170776,-0.007871849673367614,0.8217141032218933,,,,,,,,,,,,,,,,,,,,,,,,,,,,,,,,,,,,,,,,,,,0.8107858843450579,0.8393869996070862,0.7589811170680989,0.8542799353599548,0.7457841566492838,0.8804408311843872,0.7455521833999572,0.90633225440979,0.7418498208921567,0.9273637533187866,0.808230781662596,0.9000159502029419,0.7932226483927908,0.932651698589325,0.7657067560599635,0.9416363835334778,0.7423854805658375,0.9446488618850708,0.8369943322658006,0.8988580703735352,0.8139057848965279,0.9303787350654602,0.7814160932064346,0.9364315867424011,0.7555034810045695,0.9363040924072266,0.8498294053571599,0.8949899673461914,0.8275552931935444,0.9216446280479431,0.7973470618075177,0.927824079990387,0.7732665325087297,0.928621232509613,0.8510045955769829,0.8911165595054626,0.8357719623255646,0.9128220081329346,0.8120241066713527,0.9191092848777771,0.7917476971013518,0.9199850559234619
0.5597061146052069,0.3466646075248718,0.5971760769857654,0.32429075241088867,0.6202092383826321,0.3242669999599457,0.6363166877325958,0.32466909289360046,0.5279851867902936,0.3241252601146698,0.5061414552876057,0.3244643807411194,0.48912920167249485,0.3253093361854553,0.6718303476974536,0.33667561411857605,0.4726467491090244,0.33982232213020325,0.6004611808278256,0.3729119896888733,0.5187758055469655,0.3733717203140259,0.8071831420619682,0.4760621190071106,0.3370347516676882,0.4716484546661377,0.8426553361164252,0.6721985936164856,0.22378810055432138,0.6482678651809692,0.8735126376188813,0.8383504748344421,0.038688205090529976,0.810145378112793,0.9067806388051813,0.8908599615097046,-0.06262505682176493,0.8577308654785156,0.8642291278333483,0.8971314430236816,-0.041018581904629946,0.8651586771011353,0.8432406307326794,0.8834342956542969,0.0016796949420373494,0.8530890345573425,,,,,,,,,,,,,,,,,,,,,,,,,,,,,,,,,,,,,,,,,,,0.886136868221536,0.839074432849884,0.8298301110314104,0.8541470170021057,0.8157862489129464,0.880720317363739,0.8156415295947019,0.9065623879432678,0.8118865610417297,0.9280021786689758,0.884736077367397,0.9008188843727112,0.865670150493412,0.9332488179206848,0.8347815027372599,0.9422162175178528,0.8090507535026445,0.9449812173843384,0.9148456761045286,0.8991641998291016,0.8886087794874004,0.93043452501297,0.8525846116375471,0.9362250566482544,0.8238218322521279,0.9355873465538025,0.9274835641300535,0.89484703540802,0.9026649003769949,0.9213313460350037,0.869442149688156,0.9271827936172485,0.8427121049223312,0.9277023077011108,0.9273700265182414,0.8907302021980286,0.9106845226316173,0.9123162031173706,0.8842212912535506,0.9184740781784058,0.86140023127933,0.9192534685134888
0.5579817474573403,0.3465278744697571,0.589354454503456,0.3241526782512665,0.6086629376844843,0.3241012990474701,0.6221616526374321,0.3244670033454895,0.531390654378804,0.32397493720054626,0.5130683191558051,0.3243124485015869,0.4987927979985258,0.3251292407512665,0.6518848708209669,0.3363347351551056,0.4849373053780319,0.33963319659233093,0.5920738280255455,0.37267640233039856,0.523611142341711,0.37310466170310974,0.7648250573324089,0.47520899772644043,0.3689781831579073,0.4731985628604889,0.7948609431171012,0.6716562509536743,0.27602640942784873,0.6547280550003052,0.8209200253401937,0.8385031819343567,0.11884684402263918,0.831991970539093,0.849569151336386,0.8908659815788269,0.037240962243846244,0.8804153203964233,0.8134318673616246,0.897135853767395,0.064702892876213,0.8886091113090515,0.7956176773443896,0.8835185766220093,0.10035139661962604,0.874777615070343,,,,,,,,,,,,,,,,,,,,,,,,,,,,,,,,,,,,,,,,,,,0.8315545864280496,0.8388031125068665,0.7840382848423147,0.8541163206100464,0.772890129455271,0.880828857421875,0.7728492267666572,0.9063715934753418,0.768908911438239,0.9273994565010071,0.8312776483255463,0.9002187252044678,0.8166413144125524,0.9326269626617432,0.790766328776155,0.9415608048439026,0.7693808443142857,0.9442777037620544,0.8559012737986527,0.8986486196517944,0.8346467055306939,0.9299685955047607,0.8044800415038232,0.9360798001289368,0.7807656558980138,0.9355993270874023,0.8660176192042902,0.894590437412262,0.8450793052825275,0.9209321141242981,0.8176631918692361,0.9270728230476379,0.7960940246758683,0.9279101490974426,0.8657030202788812,0.8907962441444397,0.8517087827036712,0.9124839901924133,0.8298666090321695,0.9188019037246704,0.8113511413840127,0.9196035265922546
0.5237229952661611,0.34624630212783813,0.5525316554013544,0.32384225726127625,0.5702520868155789,0.3237479329109192,0.5826599416694829,0.32408303022384644,0.49930297707241855,0.3237018883228302,0.48243041985638646,0.32402104139328003,0.46935043407438154,0.32485300302505493,0.6097652536993143,0.33585476875305176,0.4565032527107031,0.3392934501171112,0.5549527960195869,0.3723929822444916,0.4920461416321675,0.3727843165397644,0.7131183192328358,0.474618524312973,0.34794454485525717,0.47344130277633667,0.7411400928343764,0.6711674332618713,0.26404625932085724,0.6563555002212524,0.7649862063385446,0.8386982083320618,0.13611928148681052,0.8361644744873047,0.791856687360989,0.891009509563446,0.0686462548806059,0.8868377804756165,0.758376549448587,0.8973099589347839,0.09063022594361211,0.8975078463554382,0.7418651684016834,0.8837588429450989,0.12519648893063326,0.8808009028434753,0.12641171406149793,0.8211515545845032,0.16052079122264878,0.8446465134620667,0.15550401750152798,0.8760725259780884,0.129914657419869,0.901051938533783,0.11040859521788031,0.9194579124450684,0.09067778745562605,0.8705042004585266,0.06482870731968059,0.9101696014404297,0.07066354221398648,0.9341704249382019,0.08480150248194185,0.9476557970046997,0.06026031642819845,0.8660072088241577,0.04483860698676981,0.9077162146568298,0.055588529912812525,0.9324843883514404,0.07388727543109068,0.9462917447090149,0.044487658759306145,0.8639946579933167,0.034172518350378815,0.902956485748291,0.045289230147283976,0.925448477268219,0.06249159890018767,0.9390813112258911,0.04045343241253974,0.8633722066879272,0.03370538957193038,0.8943098187446594,0.04105982585799036,0.9140363335609436,0.052770130340538124,0.9270293116569519,0.7751359976626792,0.8391339778900146,0.7318675612498118,0.8547185063362122,0.7218741339378775,0.8808497190475464,0.7211745173956432,0.906058132648468,0.7171560446122769,0.9268304109573364,0.7750648770528368,0.9005770087242126,0.7606138404404861,0.9330838322639465,0.7354167520038528,0.9419772028923035,0.7144891167395488,0.9446585178375244,0.7975714151880055,0.8987346887588501,0.7772998248011347,0.9301698207855225,0.7494016098013772,0.9360805749893188,0.7275081148570139,0.9356433153152466,0.8064925868942034,0.8944676518440247,0.7866821721804159,0.9208767414093018,0.7615876798149711,0.9270444512367249,0.7413398385186533,0.9279205799102783,0.8057048137278369,0.8905524611473083,0.792781065296216,0.9121525883674622,0.7724596968155463,0.9185447692871094,0.7547910700841811,0.9195316433906555
0.5554265384910934,0.3459611237049103,0.5867206149476815,0.3235603868961334,0.6059545658168768,0.32343024015426636,0.6194673306519988,0.3237597346305847,0.5288652011578973,0.32347503304481506,0.5104704016055795,0.32377371191978455,0.4963132577236529,0.32461926341056824,0.6488994089746215,0.33550378680229187,0.48237266125255457,0.33907660841941833,0.5893352830338188,0.37214547395706177,0.521030828873279,0.3725462555885315,0.7613016535560226,0.474317729473114,0.36326360451872397,0.47353559732437134,0.7919137862680103,0.6707141399383545,0.2727060917032315,0.6568899750709534,0.8174209728692888,0.838826060295105,0.14678967189054562,0.8357623815536499,0.847030004310466,0.8910809755325317,0.08619599115090593,0.8890489339828491,0.810467719787364,0.8973655700683594,0.10627310092607524,0.9019343256950378,0.7922962444274366,0.8838450312614441,0.1387903004548491,0.8848475217819214,0.12058440798856213,0.8214403986930847,0.17038037090611102,0.8443005084991455,0.1729082136284786,0.8785905838012695,0.14870500707939416,0.9061667323112488,0.13130200842863243,0.9263980984687805,0.11578806343822474,0.8869985342025757,0.09125504778646895,0.9260269403457642,0.09981895608620082,0.946856677532196,0.11536365459293584,0.9575614929199219,0.0770805835516667,0.8821208477020264,0.06160224246438965,0.9220079779624939,0.0792211693276643,0.9432854056358337,0.10150420750105016,0.9541124701499939,0.05451077055852394,0.8767690062522888,0.044404508055154904,0.9138453602790833,0.06465441716018014,0.9326198697090149,0.08675390603295806,0.9424545764923096,0.044650226586615785,0.8716596364974976,0.0388077464825535,0.902074933052063,0.05337603804584937,0.9185927510261536,0.07078106629108906,0.9276522994041443,0.8285605569612464,0.8390808701515198,0.7820038612304558,0.8544676303863525,0.7710625581990247,0.8810409307479858,0.770204349333998,0.9061615467071533,0.7661464675744867,0.926888644695282,0.8281030382060414,0.9015707969665527,0.8124951126713313,0.9331995844841003,0.786491397820983,0.9422943592071533,0.7643119893656464,0.9455004334449768,0.8523796713553503,0.8998598456382751,0.831288331939648,0.9309982657432556,0.8019400517890313,0.9374348521232605,0.7780165680788904,0.9376165270805359,0.8621676831246006,0.8956415057182312,0.8415985342881473,0.9220004081726074,0.8150957455956549,0.9284027814865112,0.7932402466590409,0.9297889471054077,0.86159678227788,0.8917139172554016,0.8484433588650792,0.9132446646690369,0.8270953961475852,0.9196074604988098,0.8082467930299543,0.9208565950393677
0.5615413915875268,0.34585344791412354,0.5914895999580329,0.3234648108482361,0.6098539096796045,0.3233181834220886,0.6228713760863783,0.3236609399318695,0.5363272602110413,0.32342061400413513,0.5187321036367925,0.32371774315834045,0.5054662600803144,0.324543297290802,0.6509466129751719,0.33547574281692505,0.4920971199443578,0.3390422761440277,0.5939541016616958,0.37207478284835815,0.5288257393875011,0.372389018535614,0.7580711958977966,0.474393755197525,0.3779746853384231,0.4735921025276184,0.7876922110419341,0.670685887336731,0.2922542875865612,0.6581107974052429,0.8107274138091652,0.8392072916030884,0.17908064451640482,0.8396453857421875,0.8398736317313847,0.8912110328674316,0.1268195884563536,0.8920241594314575,0.8048584508546933,0.8974215388298035,0.13796567281165106,0.9063034057617188,0.7866880188501887,0.8839426040649414,0.16909307455867909,0.8911822438240051,0.1670318293304233,0.8276705145835876,0.21526975890254765,0.8499126434326172,0.2209242798621534,0.8822275400161743,0.20072142539006912,0.9107685685157776,0.19157363171696834,0.9327083826065063,0.16353021620465755,0.8951351642608643,0.14578863541812756,0.9334861040115356,0.15849714608155296,0.9515166878700256,0.1733460129957155,0.9617017507553101,0.1281961497421108,0.8914960026741028,0.1206592026487685,0.9312085509300232,0.14268580542287726,0.9484884142875671,0.1629381452487092,0.9557917714118958,0.10969365790525634,0.8866485357284546,0.10551137537727948,0.9224817752838135,0.12575018046728506,0.9369387626647949,0.14395158178257886,0.9431368708610535,0.10235969907755178,0.8822606801986694,0.09678507566260615,0.9091927409172058,0.11003843317949621,0.9225584864616394,0.12303856332657957,0.9298123121261597,0.8212678597009305,0.8396052718162537,0.7773599968969983,0.8549395799636841,0.7669252726947627,0.8808882236480713,0.7658894229853218,0.9060391783714294,0.7628613125970547,0.9270729422569275,0.8211207800535004,0.9016909599304199,0.8071364812584728,0.9333661794662476,0.7817144458527323,0.9427599310874939,0.7598151777421908,0.9463977217674255,0.8438689677689951,0.9001262784004211,0.8239940766595795,0.9309211373329163,0.7958680435467403,0.9375209212303162,0.7727973817379497,0.9380380511283875,0.8529339635969015,0.8960039615631104,0.8338701079408283,0.9218104481697083,0.8087748725003671,0.9282370209693909,0.7877390091115709,0.9297546744346619,0.8522101665618879,0.8921219706535339,0.839993117559043,0.9132751226425171,0.8195640560311686,0.9196844696998596,0.8012407765499228,0.9208250045776367
0.5502317721465175,0.3458681106567383,0.5829168646571562,0.3234718441963196,0.60292944324138,0.3233204782009125,0.6176078847169674,0.32366347312927246,0.5232178924638708,0.32343411445617676,0.5044105723145144,0.3237258791923523,0.4911425673274599,0.3245452046394348,0.6477180366082673,0.3355042040348053,0.4768172712148487,0.33904343843460083,0.5858106663888587,0.3721136152744293,0.5156678323756435,0.3723861277103424,0.7623815193835826,0.4745042324066162,0.35452847881662825,0.47369813919067383,0.7951926372831396,0.6708265542984009,0.26354264892435253,0.6597023010253906,0.8195470436916038,0.8399693369865417,0.15067629382114586,0.8400651216506958,0.8506883955146611,0.8920583724975586,0.09731125781102651,0.8937320709228516,0.8130607447823822,0.8980149030685425,0.12719995102503637,0.9064854383468628,0.7934298290249775,0.8847290873527527,0.15571634238619447,0.8892685174942017,0.14252886143391214,0.8289265036582947,0.19714514951972048,0.8502725958824158,0.2098196150111703,0.8828722834587097,0.19248038163637685,0.9121249914169312,0.18360726594451093,0.9318655133247375,0.13949533819471333,0.8981093168258667,0.12948711491923356,0.9372761845588684,0.14811963813546708,0.9533820748329163,0.1652468893514731,0.9622835516929626,0.10371676896047131,0.8937517404556274,0.10292081173291692,0.934285044670105,0.1323924502244754,0.9504780173301697,0.15658649424840781,0.9569864273071289,0.08749973822572783,0.8880517482757568,0.08963687775557795,0.9244195818901062,0.11785365992971641,0.9366307258605957,0.14010464844559964,0.9403476119041443,0.08200887813762474,0.8835676908493042,0.08161483781725123,0.9129704833030701,0.102452102072876,0.9248425364494324,0.11926576667661265,0.928987443447113,0.8308961503810406,0.8401057124137878,0.7837971853195415,0.8557232618331909,0.7720807624435418,0.8815083503723145,0.7711949980610496,0.9067639112472534,0.7677838733601043,0.9282230138778687,0.8304677203200527,0.9022794961929321,0.8141954655693225,0.9339972734451294,0.7868104720600453,0.9430590271949768,0.7635037923503004,0.9461321234703064,0.8551803004482496,0.9006113409996033,0.833208772529026,0.9317464232444763,0.802793965512283,0.9380670785903931,0.7783417347087376,0.9379280805587769,0.865320632369423,0.896436870098114,0.8442468946929066,0.9227522611618042,0.8170761162141233,0.9291938543319702,0.7946408542466145,0.9305390119552612,0.8648948043951482,0.8926200270652771,0.8520920454797396,0.9144325256347656,0.8299527181308514,0.9210706949234009,0.810122848229892,0.9223227500915527
0.5895187215280293,0.3458045423030853,0.6233734712206838,0.3233700096607208,0.6437937696751547,0.32318514585494995,0.6590067634899344,0.3235444128513336,0.5625603370501386,0.32336050271987915,0.5438200385913079,0.32364755868911743,0.5313998454716513,0.324409544467926,0.68919598202441,0.33550310134887695,0.5173930676326705,0.3389627933502197,0.6265632868401496,0.37209606170654297,0.5546611272374504,0.3723442256450653,0.8040191599529526,0.4749574661254883,0.396122304119455,0.4737284779548645,0.8367593179013528,0.6718522906303406,0.30558748433683813,0.6608720421791077,0.8602236900968268,0.8407062292098999,0.20049471902571372,0.8391112089157104,0.89175422557251,0.892731785774231,0.15542023275111275,0.8934941291809082,0.8539647963466072,0.8985263705253601,0.20266766019654542,0.9016320109367371,0.8340851124649211,0.8854893445968628,0.22600592176899287,0.8860223889350891,0.19995031165223626,0.8281996250152588,0.2496158602503051,0.850598931312561,0.2618457460833616,0.880622923374176,0.25285559685296016,0.9082416892051697,0.2508562465508615,0.9280350804328918,0.2066183888956873,0.8995136022567749,0.2004763695964374,0.936348557472229,0.2157477479589145,0.9516028165817261,0.23082430630433792,0.9601413011550903,0.16987580777944705,0.8965865969657898,0.17264472787761712,0.9341941475868225,0.19907403421816255,0.9481519460678101,0.22135250650451033,0.9533185958862305,0.1486394777204212,0.8908700942993164,0.15212831002041052,0.9250173568725586,0.1772668525363863,0.9361317157745361,0.19757687882257452,0.9389339089393616,0.13806955676453198,0.8852376937866211,0.13824579908189727,0.9113449454307556,0.15802910017191066,0.9215893149375916,0.17464095263099697,0.9248253107070923,0.8720445153514892,0.8399466276168823,0.8244815304002906,0.8551492691040039,0.812457790308578,0.8817724585533142,0.8111605822346836,0.9074990749359131,0.8072353847031665,0.9289532899856567,0.8719965434464336,0.9019274711608887,0.8566585276829003,0.9344682693481445,0.8289738218723907,0.9435386657714844,0.8054317674997696,0.9461228251457214,0.8970136461031987,0.900734543800354,0.8736246382622262,0.9318331480026245,0.8426237603795496,0.9379478096961975,0.8180487297146136,0.9375985264778137,0.9067764555598655,0.8970414400100708,0.8845013370926486,0.9230157136917114,0.8566895724589392,0.928784966468811,0.8344069386273871,0.9295653104782104,0.9059373335251686,0.8936645984649658,0.8912279393578968,0.914909839630127,0.868910678660763,0.9209715127944946,0.8495020746724989,0.9219743609428406
0.5183923012082812,0.345807284116745,0.5497738274807956,0.3233286738395691,0.5686133449812034,0.3231181502342224,0.5828154368653419,0.3234793543815613,0.4936389782781202,0.3233574628829956,0.4763932830341246,0.32364803552627563,0.4653630485727547,0.3243963122367859,0.6104271857230201,0.3354983329772949,0.4524582255176006,0.3389662802219391,0.5529425403205857,0.37209683656692505,0.48653042384200007,0.37234264612197876,0.7156311987010198,0.4751124382019043,0.342682694815556,0.4737485945224762,0.7452760808922485,0.6735117435455322,0.2600542527047342,0.6641068458557129,0.7667280409210542,0.8428476452827454,0.17172094345053612,0.8418243527412415,0.795717373823996,0.8941165208816528,0.1367160233095961,0.895174503326416,0.7610161947287203,0.8996598124504089,0.1827016507299936,0.9019217491149902,0.7427203050326276,0.8871709108352661,0.20101510837691042,0.8876067996025085,0.17640221674680753,0.8313282132148743,0.22055447207174708,0.8538853526115417,0.23365089007552384,0.8818922638893127,0.22964542937520224,0.907522976398468,0.22704447420095056,0.9258429408073425,0.17775283117989268,0.8995038270950317,0.18036723105075683,0.9366776943206787,0.19966773478954808,0.950043797492981,0.2154614027993998,0.9570410847663879,0.14672433247809458,0.8967937231063843,0.15512072199426347,0.9358586072921753,0.1813544215367476,0.9489367604255676,0.2030067845552741,0.9530828595161438,0.13164114769591048,0.8914830088615417,0.1393397927542331,0.926108717918396,0.16249764091753913,0.9388872981071472,0.1824003162529352,0.9428120255470276,0.12737388441883252,0.8862783312797546,0.131993613733952,0.9120357632637024,0.14910802263859246,0.9238659143447876,0.1650211848016297,0.929069459438324,0.7765067313569545,0.8404446840286255,0.7327294515084183,0.8563575744628906,0.7223436640321661,0.8828719854354858,0.720943169453773,0.9083982706069946,0.7172251172201761,0.9296767115592957,0.778169574000988,0.9026873111724854,0.7629341978201576,0.9348584413528442,0.7372522602838769,0.943458616733551,0.7156988393226403,0.9458172917366028,0.8005381478804645,0.9014487266540527,0.7775771730729237,0.9314681887626648,0.7484388896170584,0.9368362426757812,0.7254264463289296,0.9358102083206177,0.8092277858031754,0.8976001143455505,0.787098585281047,0.9225606918334961,0.7609841713224692,0.9281011819839478,0.7399207919045864,0.9284544587135315,0.80795455057267,0.8939206004142761,0.7934836931066083,0.9141819477081299,0.7729699097831836,0.9199256300926208,0.7553563304182771,0.9204707145690918
0.5997018903833269,0.34596672654151917,0.6350220862866338,0.3233562409877777,0.6561481740386662,0.3231274485588074,0.6721510678055531,0.32348495721817017,0.5720505521823369,0.3234594464302063,0.5525602448190923,0.3237355947494507,0.5403392072716904,0.32442325353622437,0.7026457779505837,0.33552828431129456,0.525618690974328,0.338969349861145,0.6385953027241735,0.37218570709228516,0.5640658280609139,0.3723934292793274,0.8209751089771679,0.475247323513031,0.4034694648275257,0.4737638831138611,0.8536026531091501,0.6739435195922852,0.3113960185171147,0.665408730506897,0.8768200191433708,0.843582808971405,0.22571023666942483,0.8418475985527039,0.9105170305580385,0.894628643989563,0.18544222046765385,0.8950532674789429,0.8704500104723107,0.9000714421272278,0.2362357440452837,0.9016313552856445,0.8495148349390518,0.8875731229782104,0.2562458924613766,0.8875449299812317,0.22373088605835567,0.8299965858459473,0.2732586113854599,0.8492780327796936,0.286703604392581,0.8775520920753479,0.28488204344804324,0.9052445292472839,0.28491225925409724,0.9264153242111206,0.22961159245442028,0.8984578847885132,0.2307311741945338,0.9358469843864441,0.2547693371693366,0.94831383228302,0.2749222750062001,0.9528704285621643,0.1979706553958853,0.8968614935874939,0.20767637063231364,0.9349146485328674,0.23836292602575837,0.9464094638824463,0.2629888617883977,0.949386715888977,0.18358882885806868,0.8927790522575378,0.19427786762132432,0.9272767305374146,0.22209637961388495,0.9380531311035156,0.24520355843612385,0.9409229755401611,0.18053710421812597,0.8887482285499573,0.1880792852038508,0.9158746004104614,0.20860941821581355,0.9272015690803528,0.2267271313204368,0.9318395256996155,0.8873249280956252,0.8401713371276855,0.839559408673613,0.8557358384132385,0.8276154091579652,0.882444441318512,0.826153854111686,0.9080749750137329,0.8217770120675273,0.9297757148742676,0.8909889354943485,0.9037551879882812,0.8731733804502653,0.9358189702033997,0.843593613525131,0.9445998072624207,0.8184307371471912,0.9476253986358643,0.9150228460071355,0.9022318720817566,0.890001933677592,0.9317317008972168,0.857346829285456,0.9373281002044678,0.8306723731181975,0.936787486076355,0.9237741616355958,0.8980731964111328,0.9003411939828805,0.9224292635917664,0.8713159337503189,0.9281477928161621,0.8468839066670296,0.928966760635376,0.9216539594345481,0.8941728472709656,0.906888765371702,0.9136879444122314,0.8840357115263887,0.9192772507667542,0.8636922920998167,0.9201127290725708
0.5491958812212955,0.34605586528778076,0.5895452053165348,0.32335853576660156,0.6135532721163617,0.3231251537799835,0.6319789608301187,0.3234793543815613,0.5180493707683629,0.3234716057777405,0.495798432354896,0.3237418234348297,0.48208856584883136,0.32442110776901245,0.6658791063093356,0.3355288505554199,0.464537139538062,0.3389386534690857,0.593488499401145,0.3722219467163086,0.5086050044710821,0.3724232614040375,0.8019817948084703,0.47525182366371155,0.3260589657969492,0.4737655222415924,0.8386293774740734,0.6741599440574646,0.22337103405238404,0.6666487455368042,0.8641876382031379,0.8441497087478638,0.13966423164717626,0.8420068621635437,0.9036901416470434,0.894915759563446,0.09359950017200265,0.8948857188224792,0.8565868030734276,0.9003520011901855,0.14885112254948168,0.9016638994216919,0.8324782660268323,0.8878844976425171,0.17078717399839127,0.887316882610321,0.1320436816780534,0.8314079642295837,0.18966436719366883,0.8500121235847473,0.20339523295991438,0.8778838515281677,0.20072143589758001,0.9051602482795715,0.203468016803454,0.9260534644126892,0.13899419214635567,0.8984352946281433,0.14241246395118098,0.9346830248832703,0.16823248147778197,0.9467415809631348,0.19012064238090037,0.9527749419212341,0.10565576668316219,0.8975727558135986,0.11710941559002369,0.9346315264701843,0.15128750564598442,0.946108341217041,0.17877712745801677,0.9499048590660095,0.09202708372470951,0.8942534923553467,0.10276765484119521,0.9277004599571228,0.1325085400580385,0.9388032555580139,0.15749853634145045,0.9423961043357849,0.09199209854949551,0.891582727432251,0.09851693566506287,0.9172812104225159,0.12042646280572457,0.9288827776908875,0.13990925019946174,0.9341884255409241,0.8747885540456051,0.840201199054718,0.821092018628862,0.8569535613059998,0.8081871373548194,0.8842602968215942,0.8061597913039568,0.9099553227424622,0.8000927584479642,0.9314199686050415,0.8818615941776813,0.9042099714279175,0.8606470406108511,0.9366216063499451,0.827482399316378,0.9453853368759155,0.7991259769743931,0.948516845703125,0.9080866119989361,0.9026744961738586,0.8782402615656698,0.9315850138664246,0.8409118951175808,0.9377861022949219,0.8097323567020336,0.9378460049629211,0.9169856499357134,0.8985148668289185,0.8886955281705327,0.9222897887229919,0.8555417330958812,0.9284520149230957,0.8269775200162617,0.9298185110092163,0.913860226066071,0.8948339819908142,0.8952924763378086,0.913771390914917,0.8692210181550805,0.9196861386299133,0.845545269744524,0.9211334586143494
0.47981041003709957,0.3463563024997711,0.5129029442588612,0.3234439492225647,0.5325360702627902,0.32316356897354126,0.5480878266272189,0.3234991431236267,0.454539842861386,0.32372134923934937,0.4366043731139874,0.32397758960723877,0.4257494336506765,0.3245573937892914,0.5754855159807003,0.3355794847011566,0.4116850302893747,0.33903583884239197,0.5164971456486815,0.37239041924476624,0.44726729223532186,0.3725762963294983,0.6875950015990069,0.47526612877845764,0.29953609207272525,0.47405561804771423,0.7169643917924617,0.6745460033416748,0.21782017150106955,0.667671263217926,0.7382093339587977,0.845598578453064,0.16000577312503791,0.8399277925491333,0.7706077811728759,0.8955257534980774,0.12504806671509422,0.8957724571228027,0.7312459005792953,0.9009042978286743,0.16625489547777375,0.9022259712219238,0.7116784072410703,0.8887755274772644,0.18344116403258784,0.8865199089050293,0.14555158871013366,0.8319920301437378,0.19430761741652527,0.850318968296051,0.2063887064732449,0.8788983225822449,0.2043870760759081,0.9061293601989746,0.20693550156835983,0.9272034168243408,0.1529970140522333,0.9001469612121582,0.15824127308435132,0.9343465566635132,0.18026315603302334,0.9455392360687256,0.19987750140561342,0.9512237906455994,0.12730529287780942,0.8987186551094055,0.1382672587128233,0.9328102469444275,0.16538517970387623,0.9448410272598267,0.18932719970965797,0.9493154287338257,0.11752433344020308,0.8950761556625366,0.1267996426287375,0.9255234003067017,0.15033424570537496,0.9376658797264099,0.17232538615416082,0.9430143237113953,0.11721450279510108,0.8925390839576721,0.12258355679977372,0.9167060852050781,0.1396195471225485,0.9283830523490906,0.1560693395238567,0.934572160243988,0.7467887643479663,0.8409056663513184,0.7030223279854829,0.8579171299934387,0.693180812625273,0.884392261505127,0.6912040682235268,0.9099951982498169,0.6854913054384215,0.9311323761940002,0.7520467438589865,0.9035608172416687,0.7326419053879412,0.9364440441131592,0.7044559604194617,0.9451064467430115,0.6807512864489587,0.9481222629547119,0.7736718776752907,0.9025056958198547,0.7473846346263857,0.9324833154678345,0.7156818671237086,0.937800943851471,0.6900460398953812,0.9369694590568542,0.780656348016399,0.8988994359970093,0.7553233999450718,0.9232363700866699,0.7270629960777856,0.9286983013153076,0.7032160405751596,0.9291908740997314,0.7776631931920809,0.8955746293067932,0.7613332019735455,0.9146129488945007,0.738952529331113,0.9200893044471741,0.7189730566312188,0.920882523059845
0.5404844344967114,0.3465927243232727,0.5768729139197145,0.3235962986946106,0.5984852521711675,0.3232659697532654,0.6159921881833388,0.3235716223716736,0.5129668321738815,0.32403329014778137,0.4934682202135794,0.3242747187614441,0.4818569031773474,0.32474690675735474,0.6458298348162693,0.33567187190055847,0.466421632137877,0.3390771448612213,0.5811314048542522,0.37256526947021484,0.5049993669264551,0.3726603090763092,0.7694595803441812,0.475004106760025,0.3443134910646579,0.4740374982357025,0.8004076457841965,0.6743136048316956,0.25781921221957027,0.6669648885726929,0.8250622501913456,0.845953106880188,0.20040030925989663,0.8375784158706665,0.8604698306602847,0.8956411480903625,0.1640654398880388,0.8949693441390991,0.8165669516571267,0.9010642766952515,0.2050492271309966,0.9009619951248169,0.795596556148641,0.8891089558601379,0.22341823887261017,0.8843992948532104,0.18227886101114396,0.8319872617721558,0.2353992241343591,0.8497189283370972,0.24867457395189793,0.8786465525627136,0.24756284979355078,0.9054344892501831,0.2515592189426777,0.9261892437934875,0.18966531803771988,0.8999708890914917,0.19620830059034045,0.9348026514053345,0.22158023177585165,0.9453026056289673,0.24443892666444966,0.9506988525390625,0.16123538396185108,0.8979768753051758,0.17458577334709047,0.9319794178009033,0.20545406732107965,0.9432887434959412,0.23254006975295047,0.9469893574714661,0.1511703642750227,0.8934949636459351,0.16293228621313643,0.9227707386016846,0.18952084103481923,0.9343920946121216,0.21420017459643645,0.9389573931694031,0.15166191967465195,0.890304446220398,0.1602191317444344,0.9121931195259094,0.17997834258034118,0.9228262901306152,0.19825440243415557,0.9280977845191956,0.8333072113612714,0.8414676785469055,0.7858795213524733,0.8577461838722229,0.7743605216582881,0.8835365772247314,0.7714915771424126,0.9092719554901123,0.7659426014461145,0.9312368631362915,0.8370661878794557,0.9037322998046875,0.8169560188527909,0.9367180466651917,0.7867755724744914,0.9455231428146362,0.7614693802289373,0.9486236572265625,0.8607161069317619,0.9024707078933716,0.8343651985593227,0.9333006143569946,0.800355214175163,0.9393154978752136,0.7719341637398288,0.9387238621711731,0.8688103000308982,0.8987271189689636,0.8436100587961298,0.9241462349891663,0.8132810199324778,0.9305446743965149,0.7871454945183093,0.9316204786300659,0.8656198765069371,0.8953455090522766,0.8490113847607648,0.9154665470123291,0.8245756442485858,0.9218329787254333,0.8023217983712528,0.9231594800949097
0.5764282402697389,0.3467731177806854,0.6129541146737537,0.32364338636398315,0.6345803003616313,0.32329684495925903,0.6520159599145438,0.3235950469970703,0.5489220641684598,0.3241439461708069,0.5292175019627108,0.32437169551849365,0.5175699251552901,0.32478994131088257,0.6818929048112247,0.33570605516433716,0.5017408391590465,0.3390792906284332,0.6171746972958605,0.3727261424064636,0.5407743661191803,0.37271255254745483,0.8052366164099136,0.47438257932662964,0.3806982956710775,0.47366252541542053,0.8350073858604512,0.6742765307426453,0.2960946076249532,0.6664941906929016,0.8613455596288824,0.8461757898330688,0.24291993801633782,0.8375028371810913,0.8970131945807829,0.8957827687263489,0.20813469634417023,0.8958578109741211,0.8516439049817492,0.9011682271957397,0.24844573264572548,0.9008560180664062,0.8311405282581019,0.889372706413269,0.26662835022305825,0.8842777013778687,0.22421520666598457,0.831220269203186,0.27645910291435966,0.8492875695228577,0.29094672805557675,0.8776834607124329,0.29182314625051653,0.9046734571456909,0.29622609570303876,0.9253632426261902,0.23158889585241627,0.8991459012031555,0.24296552972394173,0.9331343770027161,0.26773156815169386,0.9433481693267822,0.28900659991690675,0.9488223791122437,0.20319835288279067,0.898666262626648,0.22028347412783528,0.9321902394294739,0.2509537835408305,0.9433069229125977,0.27781070330721686,0.9469574093818665,0.19282504438594905,0.8952490091323853,0.20750255047936708,0.9245806932449341,0.23421054578386233,0.9361296892166138,0.2591876314490374,0.9405354857444763,0.1938009024769017,0.8924111127853394,0.20261804540514794,0.9143997430801392,0.22229316673855218,0.9254282712936401,0.24121305546041333,0.9311269521713257,0.8693657167773033,0.8417008519172668,0.8211829227060091,0.8577619194984436,0.8087279489861688,0.8843085765838623,0.8066848321132452,0.9098866581916809,0.8009991586998455,0.9315716028213501,0.8714714815089679,0.9045982360839844,0.8524515915952496,0.9373006820678711,0.8228150985957011,0.9462127089500427,0.7975513537109928,0.9494537115097046,0.8954279502661939,0.9034234285354614,0.8685889557541872,0.9334542751312256,0.8348765133971625,0.939337432384491,0.8068580733596129,0.9387757778167725,0.9040049128920711,0.8996428847312927,0.8781101990532006,0.9247281551361084,0.8473046173417509,0.9307124614715576,0.8212136310205826,0.9313705563545227,0.9020324830828826,0.8962259292602539,0.8848202554886009,0.9165482521057129,0.8598086229695305,0.9226503968238831,0.8374358775962188,0.9237259030342102
0.49146222694550606,0.346855491399765,0.5297465031440184,0.32369059324264526,0.5524202626659397,0.3233277201652527,0.5707141051239911,0.32361653447151184,0.46251053797798664,0.3242320716381073,0.4414971673477069,0.32444873452186584,0.4291217100433818,0.32482653856277466,0.6018047488337126,0.3357141613960266,0.4121128426439415,0.3390820622444153,0.5339840521126875,0.3728342354297638,0.4535249825160291,0.37276405096054077,0.7321860760445649,0.4737841486930847,0.2856565946622653,0.47358888387680054,0.763927370941784,0.674042820930481,0.19819741705349128,0.6661000847816467,0.7916830458362248,0.8462303280830383,0.14392335740387435,0.835165798664093,0.8290817558605714,0.8958320617675781,0.10750745264122478,0.8928719758987427,0.7799161625465661,0.9012683629989624,0.14985093621005072,0.8976335525512695,0.7591700945001746,0.889571487903595,0.16894058275009038,0.8811699748039246,0.12403926103355599,0.832716703414917,0.1793412358785716,0.8505226969718933,0.19526262008136572,0.8784560561180115,0.19579268564482025,0.9053881764411926,0.19815099101601563,0.9265035390853882,0.13318147099255032,0.899922251701355,0.14184353196166194,0.9343270063400269,0.16894447383950903,0.943517804145813,0.1935018258235484,0.94732666015625,0.10187391812170603,0.899020254611969,0.1188578367713443,0.9328675270080566,0.15297200955111107,0.9421380162239075,0.18237376786138954,0.9435964822769165,0.08944619814577724,0.8951399922370911,0.10535430686702534,0.9247352480888367,0.1356389609959862,0.9333161115646362,0.1630668688288077,0.9347348809242249,0.08845839550453277,0.8918895125389099,0.10045136253379659,0.913467526435852,0.12381184211620916,0.9224094152450562,0.14486343697783696,0.9261061549186707,0.8000408007240355,0.8420320749282837,0.7491946382605214,0.8581551313400269,0.7359442580560286,0.8845998644828796,0.7334090988559613,0.909857988357544,0.7279840046558895,0.9308332204818726,0.8028880863321766,0.9040906429290771,0.7820340596283848,0.9374248385429382,0.7496083907687062,0.9459301829338074,0.7228808790312445,0.9485144019126892,0.8277374226143578,0.9027007818222046,0.8005005596424057,0.9338536262512207,0.7647063517842267,0.9391008615493774,0.7364130961830423,0.9379593133926392,0.8359567004963865,0.8990921974182129,0.8102222558152652,0.9252199530601501,0.7775494646295659,0.9311050176620483,0.750955699553887,0.9315586686134338,0.8328551970462259,0.8959265351295471,0.816144188726991,0.9171168804168701,0.7899051994512493,0.9233304262161255,0.7666335091886597,0.9243479371070862
0.5739275947358328,0.34698063135147095,0.6064510863855738,0.323916494846344,0.6259624852228087,0.323539674282074,0.6418662345889845,0.3237905502319336,0.5489311035738039,0.32445448637008667,0.5307867198694389,0.3246525228023529,0.520068789888395,0.32496440410614014,0.6682778113121173,0.3358107805252075,0.5052427782080285,0.33917322754859924,0.610069060148333,0.37296855449676514,0.5410890149097811,0.37283268570899963,0.7813443247450935,0.4733007550239563,0.39713718557665456,0.4735918939113617,0.8091304132205472,0.6736013889312744,0.3223212851347864,0.6658086776733398,0.8329768308950466,0.8462820053100586,0.27753897940772454,0.8335634469985962,0.8648278626280698,0.8959027528762817,0.24690022995171013,0.8907078504562378,0.8213333972109043,0.9013736844062805,0.2829789276162631,0.8951646089553833,0.8042217714756427,0.8897120356559753,0.29945971940070587,0.8788295984268188,0.25599497742206534,0.8320078253746033,0.3052813047231376,0.8506289124488831,0.3195774237759946,0.8797206878662109,0.3214037054899673,0.906582772731781,0.3250100397646315,0.9278830885887146,0.26702802845932977,0.9012821316719055,0.2771689489020165,0.9352053999900818,0.2999352286572858,0.9442517161369324,0.320687712572578,0.9485562443733215,0.2396867394046348,0.8997334837913513,0.2563354488887978,0.9331974983215332,0.28461864872161774,0.9437721371650696,0.3097110505807454,0.9464485049247742,0.22893477871687265,0.8952555060386658,0.24318180806428963,0.924884557723999,0.2681928650263921,0.9350852966308594,0.29207341204733933,0.9379972815513611,0.2280386696532004,0.891725480556488,0.23798513830889967,0.9133231043815613,0.25693900895437716,0.9233300089836121,0.2746988127929154,0.9281525611877441,0.8408899072844847,0.8421793580055237,0.7978001935578528,0.8578931093215942,0.7863302342781991,0.8843972682952881,0.7836321088740403,0.9098924398422241,0.7783588946884665,0.9309797883033752,0.8423157774560268,0.9038219451904297,0.8263102318888849,0.9374696612358093,0.7978636517839072,0.9464777708053589,0.7738004239837069,0.9494752883911133,0.862656341860433,0.9024130702018738,0.8397854053520388,0.933742105960846,0.808440526951597,0.9395356774330139,0.783737127306174,0.9390043616294861,0.869064439015175,0.899110734462738,0.8472615734990876,0.9253302812576294,0.8193500152875595,0.9317863583564758,0.7960863611356449,0.9328595995903015,0.8661915897699524,0.8962959051132202,0.8521837617668597,0.9175594449043274,0.8294027846918773,0.9242255687713623,0.8087991152486692,0.925662636756897
0.5313682955355447,0.3470650017261505,0.5686346631200518,0.32407277822494507,0.5911916121406099,0.32368233799934387,0.6097008403718652,0.32389795780181885,0.5025040864157907,0.32459765672683716,0.481554115066502,0.32478126883506775,0.46914298379657643,0.3250499665737152,0.6401637457309859,0.33583807945251465,0.4519569992233828,0.3392239212989807,0.5726769136057127,0.37307676672935486,0.4933764289305205,0.37288451194763184,0.7714087142615721,0.4730142056941986,0.32786008405940775,0.47359877824783325,0.8037347898458612,0.6734119653701782,0.24187264702875916,0.6657431721687317,0.8311093289168904,0.8463605642318726,0.1910208183376296,0.8326071500778198,0.8675534034969937,0.8959982991218567,0.15601425598055355,0.8896039724349976,0.816505669556686,0.901504635810852,0.1974091452977419,0.8938406109809875,0.7973198711319338,0.8898566961288452,0.2165166120133986,0.8774873614311218,0.16658920765543303,0.8316059708595276,0.2227107052060011,0.8504963517189026,0.2388330576148085,0.8795534372329712,0.23992305360369154,0.906823456287384,0.24513177036456377,0.9279817342758179,0.1787272036254572,0.9012387990951538,0.19068845940315995,0.9349997043609619,0.21550225057000982,0.9440861344337463,0.23806277048322308,0.948798656463623,0.14695820628948558,0.9000800251960754,0.16629062024830862,0.9339362382888794,0.1979758535597625,0.9441042542457581,0.22563796345419262,0.9463048577308655,0.13397130656713246,0.8956178426742554,0.15056862568729817,0.9256929159164429,0.17905019846376194,0.9355579018592834,0.20518742322977213,0.937893271446228,0.13266181464461527,0.8918356895446777,0.14382072123327544,0.9136765599250793,0.16548768224186017,0.9236186146736145,0.18491212266299348,0.9282205104827881,0.8403028579751827,0.8420258164405823,0.7909854874438466,0.8574698567390442,0.7778525799989383,0.8840956091880798,0.774428701754139,0.9096620082855225,0.7685045908391998,0.9306951761245728,0.8423726081392751,0.9033545255661011,0.8253885309539778,0.9373478293418884,0.7921321238683559,0.9466034173965454,0.7639353677693622,0.9496852159500122,0.8660305317442198,0.9021066427230835,0.8406770419395816,0.9339321255683899,0.803936811198417,0.9401249885559082,0.7751007893377071,0.9399144053459167,0.8737125855156589,0.8990488052368164,0.8495483549180737,0.9256805181503296,0.8170424431015547,0.9323641061782837,0.7899272875948825,0.9335830211639404,0.8706442010311485,0.8963662385940552,0.8548113948331683,0.9181228876113892,0.8281375104869486,0.9251348972320557,0.8039283018371961,0.9267067313194275
