pose_0_x,pose_0_y,pose_1_x,pose_1_y,pose_2_x,pose_2_y,pose_3_x,pose_3_y,pose_4_x,pose_4_y,pose_5_x,pose_5_y,pose_6_x,pose_6_y,pose_7_x,pose_7_y,pose_8_x,pose_8_y,pose_9_x,pose_9_y,pose_10_x,pose_10_y,pose_11_x,pose_11_y,pose_12_x,pose_12_y,pose_13_x,pose_13_y,pose_15_x,pose_15_y,pose_17_x,pose_17_y,pose_19_x,pose_19_y,pose_21_x,pose_21_y,pose_14_x,pose_14_y,pose_16_x,pose_16_y,pose_18_x,pose_18_y,pose_20_x,pose_20_y,pose_22_x,pose_22_y,right_hand_0_x,right_hand_0_y,right_hand_1_x,right_hand_1_y,right_hand_2_x,right_hand_2_y,right_hand_3_x,right_hand_3_y,right_hand_4_x,right_hand_4_y,right_hand_5_x,right_hand_5_y,right_hand_6_x,right_hand_6_y,right_hand_7_x,right_hand_7_y,right_hand_8_x,right_hand_8_y,right_hand_9_x,right_hand_9_y,right_hand_10_x,right_hand_10_y,right_hand_11_x,right_hand_11_y,right_hand_12_x,right_hand_12_y,right_hand_13_x,right_hand_13_y,right_hand_14_x,right_hand_14_y,right_hand_15_x,right_hand_15_y,right_hand_16_x,right_hand_16_y,right_hand_17_x,right_hand_17_y,right_hand_18_x,right_hand_18_y,right_hand_19_x,right_hand_19_y,right_hand_20_x,right_hand_20_y,left_hand_0_x,left_hand_0_y,left_hand_1_x,left_hand_1_y,left_hand_2_x,left_hand_2_y,left_hand_3_x,left_hand_3_y,left_hand_4_x,left_hand_4_y,left_hand_5_x,left_hand_5_y,left_hand_6_x,left_hand_6_y,left_hand_7_x,left_hand_7_y,left_hand_8_x,left_hand_8_y,left_hand_9_x,left_hand_9_y,left_hand_10_x,left_hand_10_y,left_hand_11_x,left_hand_11_y,left_hand_12_x,left_hand_12_y,left_hand_13_x,left_hand_13_y,left_hand_14_x,left_hand_14_y,left_hand_15_x,left_hand_15_y,left_hand_16_x,left_hand_16_y,left_hand_17_x,left_hand_17_y,left_hand_18_x,left_hand_18_y,left_hand_19_x,left_hand_19_y,left_hand_20_x,left_hand_20_y
0.0010592486479256583,-0.3523217353668934,0.060718735264883535,-0.4126022915231551,0.09805626190463053,-0.41103165527897384,0.12831280609880594,-0.4088964928621134,-0.05484082252085923,-0.41025206606060416,-0.09279741822017279,-0.40846281485042507,-0.1269193939457407,-0.4061387131888423,0.17292429283465133,-0.37629857237666076,-0.16877030701174112,-0.3714747208654057,0.07918519638389025,-0.28768938936599675,-0.07649384736494291,-0.289823176845964,0.4997193761287235,0.016749481231354744,-0.4997193761287232,-0.016749481231355084,0.6186704350394192,0.5089234955670372,-0.6940275994470865,0.4983005039750445,0.6663673343999078,0.9836204578987826,-0.7609377347842908,1.007772599362416,0.6769527261126,1.1550326945768326,-0.8342768435198844,1.1693943687372264,0.6030060012977496,1.1501548767925251,-0.7397316802337055,1.1696980006344457,0.5757649356006634,1.0978236328616107,-0.6940930740070865,1.1130487673908511,0.6606732774636859,1.033881963493332,0.5626728615072907,1.0648237724910845,0.5352919275550965,1.1369921476028868,0.5189103142676683,1.2048668239537867,0.48768057080860133,1.2578995148563146,0.6691823350646753,1.198537072810399,0.6463250242733474,1.2931448763293698,0.5773247707065458,1.3154912673401076,0.5246720755476674,1.3103483158915863,0.7132716469814494,1.1990485493346208,0.6876289308373044,1.301385560597973,0.6081184900833836,1.3206646965564248,0.5498935652655587,1.315388376229276,0.726651768597299,1.1954666095720297,0.6971456479979222,1.2852994864175238,0.6256237116868486,1.30723156311115,0.5714543581443173,1.3086873921247602,0.7172919471315418,1.1906935161477434,0.6941538862919165,1.264318636897752,0.6391524179852988,1.2862234440096656,0.5933066445750265,1.28912043604336,-0.7853477859149377,1.0125676917769912,-0.6798313769688221,1.048801862032311,-0.6510810517160708,1.1200121352857941,-0.6434356299134711,1.1911534325384747,-0.6281662733155785,1.2446460398317343,-0.7889043923932034,1.1675645568887016,-0.77892600863692,1.2662185705278233,-0.7263391934532739,1.295820045210983,-0.6848557892952611,1.3025815265387939,-0.8487962832920186,1.1640527389076571,-0.8364130777321441,1.2702739468939268,-0.7676637761940732,1.3006100961902831,-0.7141486614825017,1.3056258659761955,-0.8720718812491671,1.1562357643582677,-0.857691904316909,1.251757213442682,-0.798152420608682,1.283845719809253,-0.7494716798334565,1.2926068176918826,-0.8718212332818606,1.1491573600766043,-0.8603427118126361,1.225598122427467,-0.8180846604997009,1.2611420743624666,-0.7772314743201401,1.2766293635259853
-0.003909090569313311,-0.056685083484779554,0.058206003676679254,-0.06566268115186963,0.09544491911335833,-0.06532908757989343,0.12569158493254615,-0.06493098980893608,-0.05687517804049405,-0.06567710125224063,-0.09463281752165857,-0.06539532071948025,-0.1287825741613603,-0.06497570315587738,0.1711462919791195,-0.05966794746127342,-0.17054804584038072,-0.05964984876386896,0.07238859631269255,-0.04609760300496635,-0.07870816223007172,-0.046529176008927794,0.49999638790745554,0.0019005471573193386,-0.49999638790745576,-0.0019005471573193386,0.6200371246870875,0.08263276659348351,-0.6958395780665168,0.08085582029648729,0.664783454612727,0.1596941140499923,-0.7616803129354883,0.1626905888355098,0.6789652337234793,0.18657318114158922,-0.8323577605525216,0.18869793878809585,0.6051376129149006,0.1860657554667984,-0.741986290038149,0.1887140510431022,0.5769865881678081,0.17735263053342654,-0.6958130368048797,0.17965499084470699,0.6625942581356277,0.16509565557596337,0.5625743780269041,0.17145727414168832,0.5343995576659298,0.18337589174401692,0.517049097663947,0.1945296186651854,0.4821116451903722,0.20300201620868996,0.6703740002056763,0.19296904744569524,0.6485912512009597,0.20865704985623448,0.5786067237249034,0.21211699108199328,0.5267556743144526,0.2119974734643773,0.7142856532136256,0.19296934173345792,0.687744798339182,0.20972627086996992,0.6073615875969037,0.2124784132405273,0.5488237673044323,0.2113269020111541,0.7288349423609924,0.19217182189661125,0.7003300341254051,0.2064745382363031,0.6282191549986549,0.20967267371119297,0.5746891928310083,0.20968863882231803,0.7224750052525405,0.1912625462818891,0.698074331958227,0.20241781821381163,0.6431068706545584,0.20564608139840526,0.5979623201137056,0.20604840955595102,-0.7862828421851645,0.16173253502412435,-0.6814570615976359,0.16896587072886018,-0.6534885715809591,0.18044953101795652,-0.644025645746095,0.1921702768858572,-0.6255820111747687,0.20129404360607048,-0.792186798384878,0.18792315268091567,-0.7833341181863513,0.2042382087417726,-0.7312860939721035,0.20893949253646085,-0.6890091182852883,0.20998340480260638,-0.8510455543927773,0.18723680004641918,-0.840234108747303,0.20453510830834037,-0.7713367560917905,0.20937875380822218,-0.7161150681440891,0.20984060166576882,-0.8720019651137283,0.18597485733410246,-0.858576256042331,0.20155790937127804,-0.7974807123295694,0.20671997423037317,-0.7461094394417381,0.20810014705134422,-0.8700882486281034,0.18503688866251958,-0.8579196394661218,0.19775545397573702,-0.813975852210367,0.20347272948508704,-0.7722726152138059,0.20595699641967039
-0.00435060020154585,-0.7783100791712723,0.05746621445993045,-0.8965515940601277,0.0945453045484416,-0.8918731092867839,0.12478095755026129,-0.8865589690598412,-0.057634759481783884,-0.8971559215024998,-0.09548100947942999,-0.8928642366097036,-0.12975278109519275,-0.8870144884488865,0.16986038590265407,-0.8150919434491011,-0.17238285819647692,-0.8143969163613234,0.07149506699185303,-0.6318144878347774,-0.07850633622115173,-0.6353596060084228,0.4995988114590045,0.020025673240865235,-0.49959881145900475,-0.020025673240864617,0.6199193854037577,1.1419772551715306,-0.6946139562938317,1.1192917327194245,0.6604543103995549,2.20669660291518,-0.7604678061282827,2.241945163159666,0.6790853076671484,2.569843329696672,-0.8285892230059834,2.5987368512766866,0.6049994338137,2.565562508549705,-0.7428716040069419,2.598842962282455,0.5760504260119353,2.4441356423258065,-0.6960273921598723,2.4745945538861456,0.6631935998242079,2.2671788656217062,0.5629232638869528,2.3586713118280596,0.534674710864828,2.522727011392835,0.5154461171088763,2.67759147669612,0.4820739991022067,2.795279698483473,0.6720746494772042,2.6557982972734684,0.650378067769842,2.8745895906466976,0.5807735565397275,2.9196837363549077,0.5297218295398755,2.9163882316900684,0.7161220323604385,2.6549494092273274,0.6885737304381692,2.8872481283442695,0.6079448471804865,2.9229216379023306,0.550328928078789,2.9040470164287915,0.7293253707249047,2.6423641386527854,0.6994257893678677,2.839678564458653,0.627604020001329,2.8811811052668808,0.5751725661398069,2.8791215411739817,0.7214678119901091,2.6288420594844677,0.6953690990956678,2.781825833533148,0.6406268980765364,2.8249003330982476,0.5962033186309309,2.8285475199536316,-0.7848489892381016,2.2191090641374704,-0.6813503287130892,2.3220660465812593,-0.6541147771002523,2.480483209415744,-0.6469823183990479,2.643260018715767,-0.6312737186825677,2.7702784296531138,-0.792617234387299,2.5823750394778267,-0.7830157693357603,2.811789055109401,-0.7304148538933541,2.8762009620628546,-0.6899180170172989,2.8870621814389246,-0.8519000688471168,2.5742337988829336,-0.8421682487333595,2.8187292201771057,-0.7728998091480276,2.8855968389783238,-0.7182526247484663,2.8892414993811895,-0.8740229523438908,2.5582459020567763,-0.8611197361422043,2.7775571393582674,-0.7992150336536226,2.84819220415474,-0.7478283552478042,2.86465204231131,-0.8725092041838775,2.545155846269084,-0.86109407248933,2.7221434456939075,-0.8167985057884187,2.8008323358281406,-0.7749422081892728,2.835214322858859
-0.0038059960308240706,-0.2819319145229009,0.056793680910528443,-0.32386908167401157,0.09375690918386548,-0.3221065084034898,0.12363195923443386,-0.3202833684386543,-0.05786591181088806,-0.3246403220159736,-0.0953905223294004,-0.32312221461599405,-0.1296033961624272,-0.32118408039796137,0.16662410001387512,-0.2957451524974122,-0.17365878409289578,-0.295372314556169,0.07084651080275405,-0.22882115437425884,-0.07709042076445798,-0.23011843615654454,0.49996509808870027,0.0059076808610742755,-0.49996509808870043,-0.005907680861074094,0.6208612504314578,0.41588959054695834,-0.6946664263621531,0.40909310948188843,0.6580174251393067,0.8053466295426319,-0.7608734942074407,0.8153539700663015,0.6800982559400773,0.9343461748616985,-0.830565031736729,0.9448519765307016,0.6055813220509604,0.9342992608715495,-0.7453619280174684,0.9451140351475499,0.575618067916044,0.8899197257371907,-0.6979709147953368,0.9002622447295423,0.6658790225090925,0.8214703815319845,0.5640800753083511,0.8552022734802484,0.5362028886034965,0.9159210717462066,0.516825757999347,0.9723391765714696,0.48177198481125416,1.0147992697807457,0.6737694087119646,0.9659878286394936,0.6522608835788518,1.0445918526186817,0.5820373651658378,1.0603221501672135,0.5307283142663868,1.0592640197800234,0.7180478590548187,0.9651191867906402,0.6893249748560502,1.0482518768814035,0.6078437976497189,1.0608840185023578,0.5492240165554163,1.053946795466841,0.7310489777468635,0.9597816208645413,0.7007204525311619,1.0305960899012465,0.628076222025477,1.0455669672342405,0.5743634056514132,1.0449090718255096,0.722424170036119,0.9542076524099571,0.6975007992763269,1.0098445293445741,0.6425972277635609,1.025418508011867,0.5972058133841726,1.0267038780388413,-0.7841049595391023,0.8048718086501468,-0.6819585045801182,0.8439359520490634,-0.6561568702350848,0.9013764519955826,-0.6493586221043868,0.960280998298745,-0.6343258489185738,1.0057958153431559,-0.7953898758445965,0.9372007812076038,-0.7868109056730564,1.0196497365434998,-0.7349044354430425,1.0439887512843826,-0.6935466224255598,1.049492165495969,-0.854280700739761,0.9343065911825105,-0.8448959495059972,1.022762919608547,-0.7755427318094986,1.0472840925768054,-0.7203988450021076,1.0492370706745338,-0.8759176526530935,0.9285999440995357,-0.8643762911394014,1.0079732842140585,-0.8029609305939482,1.03397261438756,-0.7515209007127621,1.040564579776824,-0.8732149733370782,0.923894434236031,-0.8638028625030768,0.9879023430300955,-0.820225859224525,1.0167670917581693,-0.7781886501638269,1.0295504210426898
-0.00643320357985931,-2.2043645346156606,0.05423855067726883,-2.514729666049999,0.09055223563612812,-2.499253473632617,0.11999769691431433,-2.484261268100988,-0.058945834929753804,-2.5271709759955385,-0.0961482038088471,-2.516845685184329,-0.130120115456861,-2.5046912086431394,0.16139306867144038,-2.294663676079659,-0.1736308870672191,-2.3087178011474307,0.06713857765742481,-1.7920938291497068,-0.07782366974020463,-1.8105992100755677,0.49840996661434406,0.03984350862421935,-0.4984099666143444,-0.03984350862421935,0.6192210594267611,3.2392288524604402,-0.6925956043841448,3.191072157327988,0.654972172723631,6.288223812493871,-0.7592046189305554,6.341707210351288,0.6789537000329986,7.282715794867202,-0.8286260842739377,7.348438366970817,0.6040167503294603,7.291450334664208,-0.7438871231044478,7.351706701940493,0.5735223506536204,6.938454499540048,-0.6964699321157264,7.0039208432923825,0.666199358941406,6.387352867641186,0.5633565319792367,6.653791918720891,0.5366149192901842,7.13307986120985,0.518742826502037,7.577146369833533,0.48163428748543774,7.906079515790712,0.6704931194025078,7.50101523270454,0.6490232983145611,8.11145365679676,0.5801613482858552,8.240550041117245,0.5287346371360957,8.237987757604431,0.716066721692323,7.503739794173166,0.687978889890354,8.156255184018265,0.6080187315004612,8.2615678833765,0.5489173284925009,8.218538602251353,0.729649332905606,7.47281587915521,0.7006957397882464,8.037464873382644,0.6285712408816799,8.161043807205544,0.5732542071160696,8.162417475866578,0.7205497719303128,7.437089106041574,0.6968806033162838,7.8831954770396235,0.6425530110539768,8.010842747684533,0.5963465411139843,8.026361644827128,-0.7837919142772626,6.255809502565962,-0.6818206556903774,6.560590279433212,-0.6554745343435642,7.009667475815284,-0.6485259287285721,7.467916223682379,-0.6335241535798469,7.824645875281041,-0.7930754673607687,7.298217610119712,-0.7841322894896327,7.939501657233657,-0.7326347729604663,8.11989068700811,-0.6920264106363117,8.152599659539991,-0.8529040772726192,7.27349299771192,-0.8428421744068605,7.957572873453182,-0.7736103044750973,8.143049459491406,-0.7185289150872816,8.153729911267307,-0.8757378442878956,7.22675979341992,-0.8647193047133213,7.844784000200898,-0.8039827558931678,8.04427485356336,-0.7521664623393068,8.092881371801395,-0.8745423030974854,7.187259346088249,-0.8662021425511074,7.685612101403365,-0.8234732864615332,7.910950701446735,-0.7812202017702727,8.012755919374097
-0.025362762705637136,-0.04291453613882789,0.04083781280428938,-0.048910748161085246,0.0790772564461228,-0.04861242523056804,0.11085621646206752,-0.04831716067401955,-0.06997156039556965,-0.04915408955414618,-0.10556579161273863,-0.04895485240469791,-0.1384947639436865,-0.04871992499975009,0.15803106350908971,-0.04456611343713682,-0.1746713653246429,-0.04490650630821961,0.05467600795013926,-0.03488219434838117,-0.09071269321166132,-0.03525805605422369,0.4999993555300968,0.0008027885698057785,-0.499999355530097,-0.0008027885698057785,0.6213219727597938,0.06310474478282271,-0.6949145786907935,0.06206747164954877,0.6568931914573187,0.12249690034350995,-0.7621174772785424,0.12328698489836865,0.6818125796178175,0.14187503458542283,-0.8309301271848465,0.1429198360238507,0.6063227192895116,0.14211757332830197,-0.7466248353870956,0.14298258112599685,0.5754215079117169,0.1351837828608741,-0.6990363766536742,0.13619276949463616,0.6721579582653588,0.12408155322320863,0.5678001705171261,0.12936769661045935,0.5400206841374219,0.13888250560917834,0.5221523319958064,0.14746989383916603,0.4854914449236776,0.15391085709494204,0.6760285617915934,0.14618327327526354,0.6509471654928022,0.15804021550460154,0.5801854063115942,0.16055671756782797,0.5282153638379793,0.16056050939799738,0.7210559827833141,0.14618750794691254,0.6911554580375001,0.1589370248560529,0.6108448328163308,0.16105328125446425,0.550811408015232,0.16016416627372154,0.7340301345249356,0.1454850506498372,0.705199640803629,0.15648310182941783,0.6331524534140468,0.15894435941805943,0.5769961779225484,0.15903727309600593,0.7234112374604658,0.14468173620577435,0.7012421010920732,0.15345453662776784,0.6468791656869554,0.15596256934769617,0.5997172056509339,0.15628755963856528,-0.7873900309071755,0.12191340133890226,-0.6847432495639311,0.12781816659561446,-0.6584427011133398,0.13656353852346284,-0.6517593540194333,0.14547295554192458,-0.6357982795059022,0.15241194939673824,-0.7949259662844214,0.14216780815864835,-0.7861289448306912,0.15465773692794355,-0.7349467487518173,0.15816592712963373,-0.6949156014694443,0.15881817727395517,-0.8565715970728371,0.14167196408941643,-0.8468255393089936,0.15504879363205615,-0.7781314294483218,0.15865094926020695,-0.7233145848779617,0.15886749874374978,-0.8806148730410271,0.14070720624843316,-0.8690254613147768,0.15274637774664213,-0.8081576536903239,0.15662807705881424,-0.7565182755545249,0.15760888790343439,-0.8798430842711041,0.13985924784770434,-0.8710065835614517,0.1495794522601978,-0.8281174858950396,0.15391022051031505,-0.7858284524630748,0.1558500322566832
-0.02929357948530611,-2.3683302987954877,0.03716763525362931,-2.698390423679976,0.07562137783715726,-2.682171478065163,0.10730886031202759,-2.6656898527285287,-0.07260037645788203,-2.7119825720765696,-0.10750847966612537,-2.7012745553931183,-0.1402112885697281,-2.6883933221738965,0.15583675348585385,-2.457082446202193,-0.17425270938308665,-2.4777341121227487,0.05186973321875309,-1.926079970162437,-0.09276804826017357,-1.945958105390535,0.49792397163003405,0.04551613424021321,-0.49792397163003405,-0.04551613424021321,0.619487672447315,3.4882515479136558,-0.6916925823707001,3.4249869695620916,0.6546822569553612,6.759108899885267,-0.7597931634088642,6.798390208751423,0.6804557866761477,7.828549826183093,-0.8281469898380287,7.885963671893382,0.6050948927254659,7.842138920164318,-0.7443241927259046,7.889381562692433,0.5737110192580025,7.459678772399431,-0.6968897201714331,7.513899226840362,0.6678161501683246,6.843986521395098,0.5659941713773292,7.144440198097971,0.5391489365236138,7.661134265336864,0.5193739785885257,8.133588180356366,0.4822029789637601,8.490629483411938,0.676717256689038,8.05823728038563,0.6538929550966156,8.720793426412197,0.5809741867884542,8.84633295253544,0.52795067817117,8.828721193511894,0.7194337594531229,8.057186561498343,0.6881479625018202,8.759529522134805,0.6054602838210152,8.856447649033262,0.5463913061234037,8.79458810175191,0.7298608631608299,8.020266315713211,0.6980237171457069,8.625373490252738,0.6241890242832996,8.743249488212594,0.5689750042042481,8.732158906004049,0.7178033648102582,7.978888150695536,0.6923513874096063,8.457907531552902,0.6363272675411473,8.586880220552045,0.5899009848705734,8.594197072570928,-0.7836736736368596,6.718161407434761,-0.6816988708357555,7.049307376983291,-0.6556904468392588,7.53070767462159,-0.6484128023178564,8.021817958721183,-0.6333280835989386,8.405180686227908,-0.7930393692263282,7.823813955151874,-0.7849785398846102,8.51260294758387,-0.7355481796410839,8.7196419118177,-0.6953882930887999,8.766110260049519,-0.8531287708846974,7.795895071462196,-0.8450630479122354,8.53580428673455,-0.7780884097477456,8.743157855751493,-0.7236501320922529,8.75906066937551,-0.875792806070255,7.7481163790366425,-0.8656224140753254,8.413345138511977,-0.8067556044978238,8.63733763525711,-0.7561076477548143,8.697170577940453,-0.8739624862213711,7.709841500034905,-0.8662844815347278,8.249851447000852,-0.8245529239085067,8.49814945405293,-0.7825951378110174,8.611610294595419
-0.030997861745836755,-0.27790231569664886,0.03600636014081838,-0.3164704904328297,0.07478419728158812,-0.31457666789101996,0.10642605857053275,-0.31262911226531687,-0.07441730958959386,-0.31805185509180167,-0.10925750562734131,-0.3168140239491859,-0.14212335014334673,-0.3153061840600076,0.1559901070648828,-0.2880610925374655,-0.17528325790997049,-0.29062165309524807,0.051029499542146674,-0.22603645646890042,-0.09440070503444374,-0.228213183697407,0.49996995431724406,0.005481311887928104,-0.4999699543172442,-0.005481311887928104,0.6226011923252469,0.41024385645043165,-0.6940847831214447,0.4017647758121111,0.6574698626171468,0.7932016946794224,-0.7637082266886346,0.7967865869264859,0.6846109480932473,0.9186147124857577,-0.8316929666868086,0.9248538399668572,0.6080324118858635,0.9201525533467764,-0.747968007239386,0.9252358821933367,0.5761734088026619,0.8754233432114207,-0.7003413347065296,0.881189261333702,0.6709644057272073,0.8022437189266621,0.5675840168845618,0.8368798856938306,0.5400528955817966,0.8971358077509167,0.5208411729095554,0.9524891232336028,0.48430993393634586,0.9946369960187372,0.678737467409351,0.9441085532490864,0.6556679954263143,1.0222076204745312,0.5823187264308771,1.036145803326104,0.5308692316399807,1.0328575177021302,0.7223590005172916,0.9439864000383695,0.6910711213231352,1.0270514788772087,0.6071212357529824,1.0378122453679066,0.5488510304134319,1.0295393206614558,0.7335672044144277,0.9396411846542195,0.7006601848978132,1.0106073641031446,0.6258052628950296,1.0240384857530465,0.5716009352275625,1.02202743553321,0.7227764863443625,0.9347971471412627,0.6964826635673623,0.9908891134171985,0.6397668657134913,1.0057969993227607,0.59413267399369,1.0062759402105272,-0.7884917873164295,0.7866758116406138,-0.6858457884100206,0.8250036203815131,-0.6589932352143076,0.8815164958146108,-0.6517884295107186,0.9391624228767328,-0.6366325468238447,0.9840553398076827,-0.7977544212220999,0.9174125242887912,-0.7898623412546132,0.9975228208443523,-0.7393522920000012,1.0211128984453506,-0.6981059009048062,1.0255854612383273,-0.8577402515870278,0.9141665086908132,-0.8496611428854314,1.000051141551799,-0.7819133127788215,1.0237553124009304,-0.7269164175623173,1.025124789599084,-0.8803453269214043,0.9084210091404108,-0.8688525853334921,0.9855546719585779,-0.8089027062750661,1.0108520287451375,-0.7574915185742885,1.0169749136547483,-0.8786937177551825,0.9036439588720409,-0.8693421786243163,0.9660166062139531,-0.8264325018701895,0.9941154268844158,-0.7837333092609671,1.0063984516418034
-0.030748589482424482,-0.25879661092576733,0.03608680195241036,-0.2944487924637545,0.07484557898972372,-0.29265560828357107,0.10641399356338614,-0.29083050712499714,-0.07445439081271325,-0.29600139096087297,-0.10927474921825785,-0.2948744632878263,-0.14219029374250428,-0.2935489503419207,0.15599017902196133,-0.26792045003569287,-0.1754123953714167,-0.27059889286194394,0.05117982132878853,-0.21036705459481753,-0.09420826670354698,-0.212366407455258,0.49997184059917643,0.005306468493425701,-0.49997184059917643,-0.005306468493425701,0.6229528788685786,0.38258765329078387,-0.6934703367039405,0.3741712377567286,0.657614528398746,0.7387204648713667,-0.7644854375397582,0.741091154691882,0.6858136836709936,0.8554246046873004,-0.8314160133162489,0.8605606548496325,0.6085444900314309,0.8565976161437677,-0.7482683412932968,0.8608504910137128,0.5763016908110732,0.8151142109872219,-0.7008801661857044,0.8199310913656473,0.6706653364749233,0.7464277068124594,0.5666596911814983,0.7792248604662061,0.5401185262393654,0.835403575814308,0.5214947722952115,0.886813411252791,0.4843546413606759,0.9258762927687758,0.6793436074525974,0.8786384980774207,0.6564284638788221,0.9508418699337562,0.5829432832705161,0.9640168319431729,0.531547427297614,0.9612686384356867,0.7223822987198918,0.878493496661233,0.692011424065793,0.9555089155154547,0.6080162118122941,0.9659440174321088,0.5490539691196836,0.9585252783087402,0.7328492976164355,0.8744792907889664,0.6999718678124215,0.9400305976764876,0.6248756230618138,0.9525612200594901,0.5702139913021065,0.9507082019615927,0.7211753325791953,0.8698832459007114,0.6945360119865712,0.9213885822719245,0.6375606527744689,0.9348887141238489,0.5914072101763448,0.9348817140554814,-0.7877527324399829,0.7323442359298965,-0.6849964712823521,0.7679539170527944,-0.6591340967207043,0.8207640995013992,-0.6531807208628796,0.8744457904617784,-0.6379220254042004,0.9160713636735058,-0.7976220884249234,0.8541280920246326,-0.7899928943839719,0.9290521571198669,-0.7390674273373804,0.950387865499625,-0.6980268900323836,0.9540455678900237,-0.8583283869449476,0.8511263960412601,-0.8490109771909012,0.9313451795151608,-0.7810855252492012,0.9532715603305136,-0.7263452050348206,0.9546175734766389,-0.8817106407594221,0.8456068421333569,-0.8693324755282086,0.9174990442839205,-0.8091487175275013,0.940985106998907,-0.7577166935539484,0.9467304964458145,-0.8804721172697157,0.8409892970351154,-0.8708894413579221,0.8989383630070581,-0.8283104832887012,0.9250001175447563,-0.786260930486796,0.9366200643667847
-0.030674219939276395,-0.07803924810200731,0.036269568163422916,-0.08875950931289638,0.07506370904007573,-0.0882126362184829,0.1064468850327524,-0.0876608358864807,-0.0745455034943166,-0.08924499304918916,-0.1093830070939201,-0.08890798005370758,-0.14239279265740318,-0.08851832606072194,0.15625902136045747,-0.08071589450517822,-0.1757430576216223,-0.0816121238280124,0.051235278690360646,-0.06338448712065517,-0.09425126158210556,-0.06398608774685764,0.49999717915622677,0.001679534404604392,-0.4999971791562265,-0.001679534404604392,0.6235062868813535,0.1156049097018942,-0.6933691730751836,0.11294259251007831,0.6581547833919337,0.22309913383134222,-0.7658595962347556,0.22346565997442158,0.6877572110971457,0.2582687501809425,-0.831609142583969,0.2595698928499069,0.609690617318228,0.25855146300707904,-0.7490695519548976,0.2596380194512612,0.5768142545560576,0.24612627703462323,-0.7018532633956969,0.24729956291595387,0.6712847766679143,0.2252339852114921,0.5671710985165319,0.23513476636668154,0.5404217241030311,0.2520563080285183,0.5216920753333768,0.2675519674657007,0.4847625719459365,0.2793619023527158,0.679938081148432,0.26514184439373184,0.6566314457357484,0.2869103800607021,0.5833422291869196,0.29089465498639816,0.5318787677656437,0.29007467215135274,0.7231280982398905,0.265107102340938,0.6926968288127663,0.2883438542534779,0.6090033001665008,0.2915235816700442,0.5499174074382619,0.28929536416538143,0.7336921895259855,0.26387770628461743,0.7005727736976272,0.2836631293779966,0.6257678084913034,0.28747047625190986,0.5710931750833258,0.28692134065044034,0.7220250270247344,0.26246162825720587,0.695275447503161,0.27800123060921017,0.6385351706946927,0.282108585918755,0.5924617443167585,0.2821376465649416,-0.78914192634082,0.22110149093465778,-0.6859807700792083,0.2318043559801827,-0.6600066016266004,0.2477838399818167,-0.6537655731894916,0.26397901632279375,-0.638070600909953,0.2764946522995568,-0.7990818737615896,0.25773972575330445,-0.7912872542275672,0.2804056219966369,-0.7404813692874723,0.2869339604120195,-0.6992565951949015,0.28812801108033115,-0.8595409650367736,0.25686292885218504,-0.850373146955806,0.28109694359709525,-0.7816124089908046,0.2877381559756072,-0.7262243071518262,0.2881568203368448,-0.8826404412959968,0.25525961579640205,-0.870155307800688,0.27706787103168945,-0.8090541257038144,0.2841310158371867,-0.7571676288825279,0.28583463337245435,-0.8809336344687522,0.25392609413756884,-0.870669616293065,0.27163911104554495,-0.8274964180635703,0.2794835749543965,-0.7850885806074775,0.2828950333714364
-0.03041525406900297,-0.5750335644337164,0.036411818344222836,-0.6540617719210092,0.07521433651916669,-0.6499796820043622,0.10656385875185438,-0.6457980108273126,-0.0745719501565097,-0.6577301452790755,-0.10948052075868048,-0.6553010671971167,-0.14253626305865144,-0.6525061160671614,0.1568254326214694,-0.5932994008390098,-0.1760242327178656,-0.6017326540593504,0.051167711321558,-0.4666739470388284,-0.09442371129917372,-0.47122186214380085,0.49982751289512234,0.013132301895570513,-0.49982751289512223,-0.01313230189556993,0.6241837388231187,0.8541255309485738,-0.6934941165487845,0.8336169836246441,0.658898679781695,1.6474054282715336,-0.7669692769478609,1.6484364744686246,0.689740617201058,1.9065985740624676,-0.8323441270341284,1.9152000213297076,0.6109364322630564,1.9081837148705127,-0.7499116962824325,1.9156973713118297,0.5774742319784667,1.8170006595352872,-0.7027009699679885,1.8244560878280631,0.6690711147480918,1.6664056069323094,0.5659125094526216,1.7406835843144446,0.5405554448219063,1.8643538668562025,0.5223341356251187,1.9778787289945725,0.48511001731264625,2.0648233685239172,0.6799770015563967,1.958317779884157,0.6567116709440234,2.118697757601467,0.5837993301134436,2.148784279040456,0.5316589532333419,2.1438586227298226,0.7224089975470089,1.9583552387567853,0.6928403341678677,2.13039716489903,0.6096321528398198,2.1548711604025614,0.5499901159394854,2.1395749595728457,0.73217959453619,1.950055316870205,0.699977526937432,2.097421117948698,0.6249847454399393,2.125630986957012,0.5693389122762275,2.1214263212244866,0.7195398702830161,1.9411230447080714,0.6944318753847294,2.057536690597931,0.6374353573900905,2.087298692100786,0.5904771914803346,2.0863514647671995,-0.7898473482730454,1.636392519718868,-0.688028134457073,1.7157545191404713,-0.6623320639498207,1.832950721676324,-0.6547919038678978,1.9512903470271519,-0.6385598671919407,2.042649570327707,-0.7988050292929896,1.9059628858675708,-0.7918152660929912,2.0720633155790993,-0.7407170602161383,2.1195804518277535,-0.699240789756926,2.1276422688011922,-0.8602583144288982,1.900191623323352,-0.8513376961350078,2.077864619397406,-0.7826931128095062,2.127012885565055,-0.7269040594163063,2.129950625466909,-0.884220752824944,1.88865837023309,-0.871533185828443,2.048494637977402,-0.8105398480961945,2.1002412889136903,-0.7584902286948506,2.112538925533522,-0.8828023078854419,1.8789950937348172,-0.8725327500967545,2.008046102257651,-0.82967561075825,2.0653922983319517,-0.7873195882227068,2.090754551260675
-0.03018411332639979,-0.5881470994569431,0.0368724203598088,-0.6689773296492627,0.07567806306064892,-0.664782971601821,0.10683467071923984,-0.6604103685233076,-0.07424668211775372,-0.6728235499043886,-0.1092199973361181,-0.6703738671291243,-0.14233043124693617,-0.6675489016846085,0.15737827428024997,-0.6056990148488086,-0.17588397770178227,-0.6158229150001578,0.05083950860983363,-0.4770229967794141,-0.09448331960505758,-0.4818439648881613,0.49980294684161397,0.014036179267831145,-0.4998029468416142,-0.01403617926783064,0.6250325942277039,0.8749387986668632,-0.6933881505644365,0.8533333748687217,0.6598514571840847,1.6873553527768896,-0.7673837321484859,1.6867088111625894,0.6916793104682765,1.9524552581256893,-0.8321069371183912,1.9603276520858404,0.6122043216578548,1.9538455314031808,-0.7500473649139885,1.9605493668848726,0.5783302584996637,1.860754548754116,-0.7028705740338664,1.8667784335422004,0.672741387343548,1.7054888898675862,0.5680667361324703,1.7803692667543745,0.5413065201386766,1.9087383389076433,0.5223801064306762,2.0263056482834125,0.4852702529695274,2.1158939926861264,0.6811966981326534,2.006711223270327,0.6572153897027753,2.170550107485181,0.5841007923116646,2.1997629305007953,0.5323474668424225,2.1932937178715046,0.7249992774211338,2.00663567319326,0.6941844583343048,2.1817687244567514,0.6106034851061697,2.2059352579026155,0.550896741627282,2.189483184587455,0.7359909759216721,1.9973832564685847,0.7021960400034862,2.146940138928668,0.6267579791104106,2.175504142438211,0.5711502321890807,2.1709950556777593,0.7243173444799998,1.9873085208146235,0.6976970912146302,2.1053754477854727,0.6400125111497926,2.1357306335241817,0.5926859950895574,2.1353152979246253,-0.7915901935431053,1.6765292924871678,-0.6880204463379157,1.7565372037502003,-0.6619257212613587,1.877105255885472,-0.6550915940285116,1.9982253171265523,-0.6400085034064681,2.092358814909423,-0.7991694527464411,1.9527813762975528,-0.794119593394382,2.1226141530588425,-0.7429504735867352,2.1719555667078128,-0.7009193168478731,2.181879581856267,-0.8603221694644329,1.9463725278001898,-0.8535837142581372,2.1280309796899886,-0.7844688447053051,2.1783799807989435,-0.7282945672980693,2.1822888430777687,-0.883852041575685,1.9344701636487287,-0.8727527505812697,2.098479889746398,-0.8115239895027538,2.1521451216251224,-0.7593792411021103,2.1660406410761013,-0.8822490470083629,1.9249337697499518,-0.8723686237979726,2.0584542941430586,-0.8291374048399179,2.1182159236979072,-0.7864109560155056,2.1451333911057335
-0.029894623911595787,-0.43211300916627887,0.03757591321492086,-0.49155074823916894,0.07635503822615412,-0.48845543822328413,0.10712625336099547,-0.4852226736126723,-0.07377003737970014,-0.4945125109990595,-0.1087843385364492,-0.4928084926678767,-0.14199641789720982,-0.49080500473234356,0.1583570552143827,-0.44464077443231853,-0.1758856926356187,-0.45288191001223316,0.05103058354490547,-0.3503453874234552,-0.09438064884543973,-0.3539472559965582,0.4998862073752173,0.01066675564646306,-0.4998862073752171,-0.010666755646462682,0.625455111441946,0.6437795489085771,-0.6928722912888209,0.6266905238625808,0.6603647541966234,1.2414765029870936,-0.7676155592807131,1.2393330485962195,0.6930132408656781,1.436137885918351,-0.83100184852992,1.4404485178281243,0.6126882256992499,1.4367323595970705,-0.7492731976429768,1.439850136810672,0.578634766807493,1.368569951776012,-0.7023124174709697,1.3707588987535673,0.674376231899516,1.2501424221064499,0.5705308343893183,1.3054907125514377,0.5419734837242325,1.4000611482975673,0.5217746177401208,1.4861613109566336,0.4850314995998381,1.551528017913969,0.6834813072640302,1.4771883866510847,0.6607640599271211,1.5946722940165388,0.5851591592556978,1.6146220492066055,0.5307863435672274,1.6102528072158322,0.7268670468921865,1.4761618729467048,0.6947467870107983,1.6013516104856023,0.6092414893654045,1.6191411655473666,0.547117372220553,1.607740946601526,0.7382392411982377,1.4683522192012035,0.7041989417126351,1.5756245758826317,0.6284096037393292,1.5978888710809696,0.5710148537969347,1.5969801357298383,0.7271758817053725,1.4593441288470541,0.6999476310618807,1.5437337144277774,0.64320447733985,1.5678855333299542,0.5949956097403868,1.5708015244075404,-0.7911338854672714,1.2265990316641826,-0.6876482126612474,1.2868080514934765,-0.6614740510122947,1.3764583104874284,-0.6542257884177377,1.467032096900574,-0.6381470502542783,1.537074213748004,-0.7988026322116056,1.433739617222936,-0.7910498914451765,1.5555070842226542,-0.7411022344997032,1.5935006505877771,-0.6991579638847564,1.6031888969771553,-0.8595784242649342,1.4294755942823396,-0.8520942176303432,1.5600153158340861,-0.7853539247375348,1.5972433229030931,-0.7304658360518317,1.6011570808358055,-0.8826285634544055,1.4207276210495832,-0.871973248360187,1.5378300046972864,-0.8134620050518806,1.5781501121825046,-0.7623815082906632,1.589898642466862,-0.8807987891517811,1.4134284332000333,-0.8728581156162095,1.5094490498074897,-0.8317728046764186,1.553749619079511,-0.7901393222240086,1.5741160640359289
-0.029614836609014993,-0.20110222850195827,0.03816307814948154,-0.22874650285760031,0.0768604342508234,-0.22728927844841687,0.10736374578305709,-0.22576711534007185,-0.07332463521618293,-0.230202558370199,-0.10838550737145562,-0.2294521917013881,-0.14173761568261722,-0.228540062732966,0.1589944335714329,-0.2067693638390811,-0.17602838710573795,-0.21088563316282957,0.05116058489752833,-0.1629878227418123,-0.09432777513626207,-0.16466876096960711,0.499974427700684,0.005056841442403413,-0.49997442770068373,-0.005056841442403276,0.6257532278102563,0.2998789252676998,-0.6922107201194873,0.2915852143655926,0.6606835901058737,0.5784023047452539,-0.7677234780890444,0.5765940217284036,0.69386909008556,0.6687224243513915,-0.8296288605416363,0.6700544469485915,0.6130264081785322,0.668775024697712,-0.7483671895343431,0.6695681859692705,0.5788400240742061,0.6372339088827883,-0.701562795436997,0.6373984635464633,0.6749833158003025,0.5816194977791118,0.5702446796844707,0.607731608466738,0.5428666113478346,0.6524991787720749,0.5232282199207652,0.6925510306217033,0.4855035685102212,0.722290746921888,0.6833635091842071,0.6871187785594476,0.6600872968306309,0.7418727518992343,0.5849037445827108,0.7515342016830804,0.5300696516654524,0.7499403462508611,0.7276405988755831,0.6864169210989103,0.6958576942197602,0.7449553919484297,0.6116209332044952,0.753345342002694,0.54948425313617,0.7482767466557426,0.7390030813928937,0.6824473482965676,0.7048364434611868,0.7324104041670174,0.6302156571329162,0.7427981283622854,0.5726222422814111,0.7424879811350902,0.7270163318557966,0.6779835919936062,0.7000850206746719,0.7173996939784437,0.6437006475175017,0.7284268046056558,0.5952778900225666,0.7294958254712521,-0.7886243904279593,0.5710648811269987,-0.6863009580506233,0.5986860373057394,-0.6613007608448751,0.640181606315126,-0.6546192525294743,0.6824483873157541,-0.6389356492373106,0.714804613682553,-0.7988569187860611,0.6661165642314397,-0.7914927276902082,0.7244651543246108,-0.7395534031100068,0.7416713120544356,-0.6980477710214665,0.7452746305935075,-0.8600505134225174,0.6644030917153649,-0.8509307641672312,0.7271181599401537,-0.7814728820663599,0.7440727451494269,-0.7266318985576146,0.7449421444538008,-0.8836721809522818,0.6603433839985862,-0.8715980134634845,0.716274176444577,-0.8101432962630682,0.7343935021620106,-0.7587369126542894,0.7387177701391732,-0.8821473033406875,0.6566473329971116,-0.87286053437533,0.7015406246240249,-0.8297795279525074,0.7217026620622817,-0.7881748564669233,0.7305597811183135
-0.029399146859062832,-2.897696926229224,0.03768953150546702,-3.2956404932959162,0.07598139156069542,-3.274575655309859,0.10608418756326413,-3.252297409308704,-0.07244086751984125,-3.3177662446891603,-0.1071248599267265,-3.3076772762737376,-0.1401359435342828,-3.29500338392176,0.15732616230211577,-2.9780924577398786,-0.1741022484021432,-3.0410259533200934,0.05002541552138882,-2.347670393137768,-0.09360791959215424,-2.372339904278928,0.49448834202828884,0.07403566436599099,-0.494488342028289,-0.07403566436599392,0.6189464495931347,4.324125875331666,-0.683516863602092,4.201250772245469,0.6534727643691922,8.338962748227788,-0.7593377291618545,8.306877134283488,0.6865728595425383,9.636530946996086,-0.8198603040687077,9.653232380986452,0.6064351873607309,9.63586296448045,-0.7398158142803444,9.64481804660883,0.5723564736012161,9.183191608618749,-0.6936314258459161,9.180351279602686,0.6667323341192527,8.385912376469584,0.5635653861813067,8.760620630149274,0.5377552873823915,9.408064086753445,0.5192947972751104,9.984750045286843,0.4817530758326063,10.415080473314688,0.67591649661369,9.909365318193192,0.6525195776589636,10.689355591114152,0.5790908343501113,10.836569956282657,0.5252680328408752,10.820137960617922,0.7187222094657456,9.899300674071059,0.688459294372259,10.735259274744628,0.6065135175386258,10.864804847489765,0.545049149401965,10.797142147964822,0.729304921681872,9.841481828929188,0.696730350792949,10.555538298248019,0.6239304869123395,10.710222092554947,0.56694273930613,10.710629992242367,0.7168894867580103,9.775170063231382,0.6910909848945237,10.337918201711645,0.6361955685856445,10.49778868378704,0.5885223981336924,10.515100096209055,-0.7814540005717495,8.216503029226939,-0.678830887868903,8.628930777395968,-0.6543338876885187,9.240220849778552,-0.6474970873433376,9.852158322582452,-0.6315423491086666,10.318234235144468,-0.7906526083717208,9.600770493666051,-0.782942986044281,10.454081670950272,-0.7320086352767987,10.702217528964226,-0.691420785461713,10.7555139266543,-0.8515608322453272,9.570499846220818,-0.842536178476785,10.483298889386257,-0.7722246710656427,10.728590676185178,-0.7165082120739189,10.74106716754164,-0.8747575514726543,9.508222171009592,-0.8637883764697448,10.326629858527257,-0.8019435474690224,10.59116403241524,-0.7503654650577487,10.653226531185851,-0.8727335810578505,9.454100618447262,-0.8635845145522102,10.109224938431499,-0.8205566288319431,10.403320613060435,-0.7793429514137272,10.531000699620451
-0.03434215948601084,-1.3010372409499118,0.0344311467594846,-1.4797276406690576,0.07348373004615917,-1.4703208940243817,0.10499220424992661,-1.4602915093402469,-0.07515550018496354,-1.4897087425652364,-0.10952193359274653,-1.485274283379293,-0.14266050684762463,-1.479624777338197,0.15777736105645956,-1.337053681662561,-0.17557656059974447,-1.3659427431723534,0.04563902713872981,-1.0542357817384238,-0.09843136861555501,-1.0654231136328245,0.4988392022782288,0.03405070146737467,-0.4988392022782288,-0.034050701467375565,0.624396036985909,1.9413526587040926,-0.6886172387725323,1.8854252359393515,0.6592275238378791,3.742696148446491,-0.765988439956479,3.727144052520934,0.6929359440850609,4.324250993408782,-0.8267191236389486,4.331398525427483,0.6119014847955112,4.323720302591605,-0.7461219028557414,4.327475443943533,0.5773165347727041,4.120996410429646,-0.6994953427853744,4.118577232827922,0.6739462446743897,3.7662699047779027,0.56929700579276,3.932489490143699,0.5429485617927156,4.22341050143772,0.5245369204261107,4.482317085365088,0.48755393273612346,4.673948531807237,0.6806144398105536,4.444538952667566,0.6587200808389692,4.799701262961896,0.5854206375858001,4.86589570569758,0.532075487049078,4.859749936566368,0.7242606960056468,4.4414555718437105,0.6946288576821533,4.82108340057047,0.6117561491793184,4.878347626786077,0.5507119059576762,4.849739025296755,0.7352277872919628,4.418155557927489,0.7026945738282602,4.743673076117943,0.6288115300710857,4.811598141914074,0.5722301987585474,4.810781113171806,0.7231281866913318,4.391616818565293,0.6975006730360175,4.649708053151711,0.6415983957042215,4.720619094495127,0.5940806286032037,4.7262123405919985,-0.78720620826285,3.6846476418143577,-0.6845212582390561,3.8721771505319587,-0.6603110747560619,4.145831397152515,-0.6533931610081772,4.42001465518893,-0.6375463442976735,4.628610574066909,-0.7973539392214354,4.313643894670504,-0.7902714965238636,4.691510871113053,-0.7394549393773421,4.802717467732947,-0.6984940050229618,4.828450934162113,-0.8584014668637827,4.2997233371275065,-0.8500484665441421,4.705650590528335,-0.7801852458153485,4.81540198590429,-0.7243047277707224,4.821469662874112,-0.8815079823517769,4.270947635206825,-0.8705486915646352,4.633899008824166,-0.8090542774301246,4.751944967320506,-0.7573152086181086,4.780037152903871,-0.8793993842592183,4.245745699295497,-0.8704464639701945,4.536984117439032,-0.8273557880649679,4.667932916278341,-0.7856433371980432,4.725056072783054
-0.03870175582644637,-2.515012140612606,0.03068452049791869,-2.8609169213385615,0.0697824440158672,-2.842769501323499,0.1021274234384538,-2.823369863910187,-0.07689236206096277,-2.8802314014806196,-0.1103580072754889,-2.8717237845715204,-0.14296016695940555,-2.86084311837014,0.15564966327022756,-2.5846797097363905,-0.17421516281702845,-2.6417391365847855,0.04102147489386242,-2.038456641263732,-0.1014289695539374,-2.0605358941458403,0.49528601414201306,0.06849645388863415,-0.4952860141420128,-0.06849645388863415,0.6198538169782676,3.75049572955097,-0.6831504357552195,3.6424822466922837,0.6544992498838894,7.228008877304938,-0.7604547653255623,7.19681698537701,0.6881540851757161,8.351110009858465,-0.8204351552313875,8.36433615061667,0.6076410674301252,8.34958691123546,-0.7404403715121951,8.356443288103861,0.5730782013147047,7.9580678409176615,-0.6940207104552769,7.952515586831897,0.6675348131733938,7.284473825297814,0.5645701522888699,7.605497273406587,0.5393061415676547,8.16071457176694,0.5201963128113792,8.659883787252742,0.48240742968819944,9.026849988713913,0.6773027702571123,8.591383278255956,0.654460514846511,9.279124755206814,0.5813452776343226,9.40756462886365,0.5277386361947876,9.396894828286324,0.7206277056961218,8.581206578830276,0.6889342903759618,9.31136610912524,0.6063045047719565,9.415035760128339,0.5455002817816802,9.356278865006281,0.7309793386325459,8.530992985569078,0.6967314495315959,9.156245245852055,0.623501026550361,9.283692429032557,0.5671070933685309,9.27929506974932,0.7181268493618085,8.47704058258901,0.6910182353869144,8.970540756874186,0.6357347745661345,9.104630207212505,0.5888409151042592,9.11414835707382,-0.7812882013108629,7.122981576091561,-0.6797618335247805,7.488489560660207,-0.6548970994914881,8.012926966081176,-0.6476590500201173,8.53941301214203,-0.632413550913872,8.942985485939625,-0.7908771617481697,8.334255358323203,-0.7841773254277394,9.05815704571344,-0.734154796223095,9.274568435683905,-0.6935315277069126,9.327846068666986,-0.8521551754061678,8.307887423056414,-0.8436150170730329,9.089660369947667,-0.7749961022259937,9.303581923510988,-0.7200196675435914,9.315327138771003,-0.8757170870375339,8.253368926977913,-0.8644754656501893,8.954351143076336,-0.8039410627755454,9.18391081572843,-0.7527944020124592,9.238786161324565,-0.8737740152414678,8.205729516373484,-0.8649437518652312,8.770635279137657,-0.8223877069181805,9.025461519681654,-0.7807378579771642,9.137265717643595
-0.04107865366638038,-0.1133743813189092,0.029284668602996663,-0.129007785553623,0.0688938987941367,-0.128193680870525,0.10199058732784108,-0.12731789716116718,-0.07890077918896696,-0.12987801522744083,-0.11234659281831934,-0.1294976368723668,-0.14512174043256518,-0.12900632396532302,0.15668630337383854,-0.11653119280865636,-0.17585401219232433,-0.11913936059029241,0.03964787891561386,-0.0919166207881248,-0.10391993577062356,-0.0929372478980123,0.4999896968813308,0.0032098306053296452,-0.4999896968813308,-0.0032098306053295086,0.6256475588424836,0.1690151843746892,-0.6895048237943503,0.16406997344106633,0.6607545986050186,0.3255791345614165,-0.7676576909822782,0.32409452624569524,0.6948480228186328,0.37617142893047123,-0.828037085361639,0.37670023157741,0.6134889068528377,0.37606699844643654,-0.7471570900680848,0.3763217532871259,0.5785226699001041,0.35843074322453017,-0.70016435814894,0.35810736681315597,0.6762040016436185,0.32777590177631105,0.5710473581528426,0.3421316220588756,0.5436181885657043,0.36725902887416834,0.5239212340980965,0.38978619702435263,0.487612430002783,0.4064729314071662,0.6833266888101934,0.3867133537824402,0.6618388214109014,0.4179647424953028,0.5874733233693631,0.42378376399407847,0.5330258649090682,0.4230954289841951,0.727005202545417,0.3863006743259362,0.6955800327479509,0.41924860165801964,0.611394362131012,0.4239849516235729,0.5504094539138867,0.4212257652308397,0.7382095243797424,0.3842325999608563,0.7043544768528971,0.41250651406838135,0.6296987274051896,0.4183245124553469,0.5728407413092601,0.41812924425846737,0.7264279933660562,0.3820344442370767,0.7000042052453939,0.40443365033159623,0.6436799935439308,0.4106380195856659,0.5960544723889241,0.41119042688364965,-0.7894646290762953,0.3208809320504932,-0.6869739756289952,0.3371947421785627,-0.661819162539065,0.36076672672499943,-0.6542604807070528,0.3845012398903957,-0.6389160622196206,0.40271591868202555,-0.798528398253136,0.3754843362706429,-0.7920446758842564,0.40800504134263754,-0.7416217281447534,0.41775120444467334,-0.7003293485759221,0.42005905237036756,-0.8600978233977917,0.37433903567876575,-0.8522332454029655,0.40939793499253396,-0.7831094613195809,0.41900707419144523,-0.7274731042803272,0.41950109103684396,-0.8837503281457186,0.3719046872857068,-0.8724036596111334,0.4032470598702442,-0.8114999600321174,0.4135538151647437,-0.759976424247873,0.41602952650669256,-0.8818558716272946,0.3697573948347671,-0.8728953372591022,0.3950732734613444,-0.8301424373166734,0.4064653311480063,-0.7883247232878815,0.41144152775358894
-0.04111220420440081,-0.22865883913269397,0.029240404730819868,-0.2601929549172231,0.06885684866168094,-0.25855949228665026,0.10192393763759158,-0.25678526090356224,-0.07904699857917247,-0.2619565789217858,-0.11244953227924151,-0.2611956468372845,-0.14523377311094043,-0.2601987005805912,0.15668263844166586,-0.23501361648001698,-0.17586248052339423,-0.24031752672980897,0.039603680768604106,-0.18539642482947613,-0.10405682673670363,-0.18746965169475116,0.4999565333572089,0.006592780402988554,-0.4999565333572089,-0.006592780402988554,0.6253424569424852,0.3407789774717064,-0.6894851698673012,0.330931941731922,0.6607277067276901,0.6562652501482156,-0.7674988669472951,0.6531947087144928,0.6948936628024389,0.7582495963320276,-0.8280403095410753,0.7591472457397465,0.6135013302298121,0.7579469913946482,-0.7470805864117247,0.7584097382828223,0.5784322774966519,0.7224318675196258,-0.6998514308381939,0.7216987798037542,0.6742354554021824,0.6603471756594023,0.5700061201175532,0.6893702892274277,0.5427744724400231,0.7393039343373121,0.5220726232591455,0.7844926927781676,0.48643128679897746,0.8180095043987509,0.6831264389163831,0.7792324643024422,0.6618704214646044,0.8415580320500154,0.5869455125795364,0.8526471623501932,0.5322660668959293,0.8506129028685293,0.7262371073012857,0.7781194261807756,0.6955219397574134,0.8440587215373972,0.6111922271485715,0.853511958349423,0.5496776963614215,0.8478336223701517,0.7367234860976132,0.7734495277849336,0.702621963406517,0.8294974426665461,0.6278555647623824,0.8411023567475251,0.571133395545286,0.8405364825681311,0.7241346851056261,0.7684521265771175,0.697032110052856,0.812810857648354,0.6409106328916622,0.8250305577097056,0.5931772294802514,0.8257822083379973,-0.7892655138180821,0.6463880128445738,-0.6858697983005463,0.6792954894987491,-0.6608563676375392,0.7269419186140773,-0.6538759471702312,0.7749404537665703,-0.6389850422504992,0.8116838236800218,-0.799572693699172,0.756715209563377,-0.7925439996584888,0.8220862735453764,-0.7414549138607621,0.8415907381338023,-0.6997233875007123,0.8466900880352247,-0.8613524718180663,0.7542263060521348,-0.852317182227379,0.8249881281956037,-0.7826305221615364,0.8441674471672833,-0.7269264209918924,0.8453937779845898,-0.8847218219106597,0.7490857052342245,-0.8730437343029472,0.812208299618226,-0.811585814316131,0.8327852880353392,-0.759782403146923,0.8378868478072878,-0.8826070482676547,0.7445242378188651,-0.8739555799032286,0.7952158685192161,-0.8308641591904398,0.8180130401915927,-0.7888207587849162,0.8281068448067962
-0.041105857252721666,-0.5912355445381462,0.02915737991623224,-0.6724853730856653,0.06874876319042843,-0.6682786458455258,0.10177310411447402,-0.6636177389535609,-0.07912092398411058,-0.677149704876555,-0.11249759259551008,-0.6752424167199149,-0.14528464740768698,-0.6726391129929447,0.15654297819070706,-0.6070814102289873,-0.1758732556543523,-0.6210869635643799,0.039507417330013686,-0.47930261734221924,-0.10414082026108867,-0.48493771770605143,0.4997058238967035,0.017149039731626674,-0.4997058238967033,-0.01714903973162608,0.6249270353207698,0.8806969658542899,-0.6892200468996933,0.8550117460975887,0.6603968843691287,1.6949194976658226,-0.7665884904973199,1.6868679408385692,0.6946745404894266,1.9579323273094187,-0.8277974000186017,1.9603700942550366,0.6132442443419748,1.9569672669013505,-0.746416804301346,1.9584327430967259,0.5781104648692286,1.8654825084621878,-0.6986493401118272,1.8636345852202396,0.6755333921990742,1.7005721030686025,0.5701814455127071,1.775702969143118,0.5424245269939295,1.9079497329491024,0.5218948536413249,2.0250215307091293,0.4847677061897769,2.111634560700306,0.6807966986266861,2.0118295811404767,0.6579715445353298,2.1718484697811777,0.5852413961582513,2.203924170386734,0.531347813724981,2.201080743190721,0.7252270310321606,2.0085549972242975,0.6954526660652938,2.1785715463700375,0.6135500614818158,2.2046628069214576,0.5526438821171331,2.18952018714312,0.7372722338435662,1.9956575889631545,0.7045321011766678,2.140499989380599,0.6315237127100433,2.171407799452888,0.5753953602084471,2.1704994401492366,0.7259487677141403,1.9818522019426854,0.6991957361456617,2.095961081588666,0.6441140767619865,2.128533392538279,0.5967630466118133,2.1320930041538437,-0.7886698874262369,1.6684632951067766,-0.685154592869419,1.7546455489221113,-0.6605882773301325,1.8786854938162643,-0.6537576066111151,2.0021352144624225,-0.6386882921164037,2.09662437034705,-0.8006959509415423,1.9532611457206803,-0.7922368965623694,2.12346225886402,-0.7412505320469743,2.1739947397738852,-0.6999333193416168,2.186615872855116,-0.8615903997699055,1.9470190771585556,-0.8516865343340346,2.1302192038977994,-0.7820460445844336,2.180302642504226,-0.7265282973681053,2.1831719467143356,-0.8840980061851016,1.9344618755239162,-0.8720763673457765,2.0988326690647243,-0.8106471501204572,2.152737533782281,-0.7589227908113412,2.165777265620955,-0.8811879070828672,1.9238587689978852,-0.8719304559378713,2.0562078992272808,-0.8289053183041558,2.1161668436104386,-0.787054777794022,2.142669472577128
-0.04114074526200325,-0.4558565455118742,0.02911715290245365,-0.5182365230908096,0.06869472102045257,-0.5150168498917238,0.10169596228694237,-0.5113889108179557,-0.07921941728340375,-0.5218977271873896,-0.11257206847118105,-0.520468357000148,-0.14534902086289478,-0.5184463711642288,0.15643274093443194,-0.4676083307072442,-0.17592158108287728,-0.4784952253095142,0.039504023188661065,-0.36962188302829324,-0.10412937820643711,-0.37417332947544624,0.4998238460214894,0.013271132140348528,-0.49982384602148916,-0.013271132140348528,0.6248106999998044,0.6785150231782693,-0.6894784630104249,0.6587019652742511,0.6604887914165577,1.305224829024857,-0.7663309069941905,1.2989490234436796,0.6948250610014709,1.5073771053603682,-0.8280946488831703,1.5094099353006398,0.6133420141679818,1.5065151456062822,-0.7462427966167658,1.5078917606912674,0.578175289033875,1.4363757717371644,-0.6980280996454724,1.43487371674237,0.673406554246589,1.311499169186527,0.5682262915669872,1.3709263264586224,0.5423514458747244,1.4712334124690436,0.5236546676314656,1.560961048889787,0.48615632634709444,1.6273222781856573,0.6822216525649994,1.5502432636986385,0.6567410365149543,1.67239418596604,0.5840718528156178,1.6957822812996195,0.5308072079391454,1.6944352676886776,0.7264422783073192,1.5479405034851559,0.6949226405578216,1.6792236270370056,0.6133183398030445,1.700219864651069,0.5516612354883039,1.691298976859547,0.7376044325792139,1.5381811026516614,0.7044772025184487,1.6507396819093791,0.6317783743969297,1.6759273123976979,0.5750237164006066,1.6769897415403574,0.7252005064003447,1.5278531190494058,0.6986664840426093,1.617494002635328,0.6442930554308972,1.6435963479799889,0.5969655295526256,1.647323495954389,-0.7878091143215233,1.2884431379132597,-0.6853283468369078,1.3545678485006811,-0.6612565613646779,1.4480214605602195,-0.6545794640641529,1.5423906667278042,-0.6389936003056829,1.614858006025927,-0.7995885519261539,1.506379447759923,-0.7916829609494235,1.6359281007831494,-0.7420281420657893,1.6747910261118792,-0.7014628382697957,1.6841427472384944,-0.8609697984233634,1.5018170106664668,-0.8519418366845599,1.6413419466102408,-0.7838146313644642,1.6799155981282656,-0.729030298123057,1.6822925085688092,-0.8843784958133047,1.4922513382918126,-0.8725509889546492,1.6171918331329602,-0.8124923160012656,1.6584058775189083,-0.7614605754664708,1.668589077673861,-0.8820907287041853,1.4838934646749247,-0.872989376434076,1.584493341502867,-0.8309462776058846,1.6300277356796955,-0.7894008551014848,1.6501543933582363
-0.04111997394753761,-0.2873445591244582,0.02893317084603598,-0.3264781595425982,0.06847962637938422,-0.32446794575229626,0.10146190638054108,-0.32216631643867316,-0.079432648581892,-0.32879288411075025,-0.11275832029663506,-0.32789613583582156,-0.14553112723509753,-0.32659195914885714,0.15617215294963147,-0.29447520187579895,-0.17617235275721022,-0.30128750083394185,0.03978850757606349,-0.23307505775326434,-0.1038999257859035,-0.23597962209583467,0.4999272276715978,0.008530359464305089,-0.49992722767159803,-0.008530359464305321,0.624442751154671,0.42730995945396033,-0.6897044698439251,0.4146167845710741,0.6601513719609965,0.8212135557240644,-0.7662952328968768,0.8171678598354258,0.6945868906349383,0.9483081652536182,-0.8283425951592257,0.94951551083315,0.6130624450783333,0.9476471315602114,-0.7463264283149108,0.948597736374893,0.577812709241782,0.9036258657192804,-0.6979113876894026,0.9026595834872047,0.6748074867583075,0.8246399014055434,0.569642539250546,0.8616751256155666,0.54292962846632,0.9258866917773313,0.5236640769380771,0.9828630375917283,0.48722729276787013,1.025174911616115,0.6821031195796906,0.9742612997682298,0.6596177560607478,1.0527109119668927,0.5865611689952863,1.0680781009365572,0.5327859854736228,1.0672248805499216,0.7257768635266937,0.9729763048625476,0.6955410996232305,1.0559393533087993,0.6128532808211371,1.0690759224436253,0.5513915167178384,1.0631059619000436,0.7368547460854903,0.967456562858477,0.7045635727884757,1.0384499953446205,0.6305770694338844,1.0539689786026987,0.57327532712701,1.0542840024722129,0.7246614580685342,0.9616806334101703,0.699140330635597,1.0182277868683847,0.6435893096310835,1.034249185243885,0.5955222928016289,1.0360452639566071,-0.7899004280861149,0.8103738204575415,-0.6865362283713623,0.8517002304685706,-0.6620518639298044,0.9110488461949654,-0.6551837208525828,0.9706960706126619,-0.6387033890444285,1.016239705902639,-0.8002635288526027,0.9482281182048072,-0.7919457498334043,1.0295402423793838,-0.7422619303524816,1.0540119531703782,-0.7013476723340812,1.0601364746054425,-0.8611517382112661,0.9452459045360864,-0.8522935495708666,1.03257280822397,-0.7837756827773344,1.0568169198024464,-0.7285309968266673,1.0584237628652144,-0.8839238791025266,0.9391772684830262,-0.8722592660978543,1.017435800629688,-0.8119401852716902,1.0439114542440269,-0.7604927775926642,1.0507390617391543,-0.8813711899223037,0.9340074095471453,-0.8721763003541042,0.9972571200417463,-0.8301977956550182,1.0263918480862875,-0.7884831137862444,1.0394745606813602
-0.041255795767384064,-0.29916758153452283,0.02870567554960341,-0.33979494151145756,0.0682169491139328,-0.33772613941628526,0.10120416572980198,-0.33532423812424045,-0.07963909357222386,-0.34220816031148704,-0.11293167492911585,-0.34129115443147107,-0.14570124452457972,-0.3399313270737819,0.15592416831414796,-0.3064043606020726,-0.17624410184127032,-0.3135363088541367,0.0396854220671749,-0.24277176786908464,-0.10403748928777456,-0.24588110932125876,0.4999190934023952,0.008994445604226905,-0.49991909340239493,-0.00899444560422714,0.6243584169763902,0.4446693965405165,-0.6899213387887527,0.4313231772939962,0.660020200430523,0.8539016614481064,-0.7662796145862621,0.8496790800367913,0.6945851005566528,0.985951275459079,-0.8284607711766506,0.9872234400854291,0.6130364478023251,0.9852524672965653,-0.7461014501921092,0.9862679738604818,0.5777201815669623,0.9395531373429541,-0.6975984925340621,0.9385291906035909,0.6743620477514799,0.8585201638167169,0.569521457431221,0.8966937346048297,0.542513253617158,0.962739066582424,0.5228970180013268,1.0219545702244952,0.48692183931062155,1.065596607413088,0.6819825762076581,1.0128073382624747,0.6580121647228669,1.0941558592570988,0.5848969736664961,1.1097893660495473,0.531937708708911,1.1085751317183057,0.726348593196866,1.0120576972251143,0.6946246353039733,1.0990718778101891,0.6116566439388094,1.1121543415740147,0.5507506888596511,1.1049704095140886,0.737717509883374,1.0066275952584802,0.7045328254410441,1.0808090645440709,0.630386642302205,1.0962848935134102,0.5739734406177712,1.0956564840870044,0.725908975043067,1.0004867921548406,0.6997217349663326,1.0589887173273673,0.6443362308020905,1.0753028091762524,0.5970491725342927,1.076722485050742,-0.7893241511162262,0.8425440626300194,-0.6866989480169143,0.8856812238691921,-0.6625767807572518,0.9475097291005488,-0.6557262532781838,1.0094197587538285,-0.6391041570414573,1.0567747058500854,-0.797723019910278,0.986109528748696,-0.7918469621796189,1.0705080222341166,-0.742258446251395,1.095907771128699,-0.7011140993485279,1.1015461919711191,-0.8595344648401767,0.9830338520872219,-0.8516199996558728,1.0737081914834226,-0.7841273909449967,1.0991885056890824,-0.7293650738264092,1.1009858794147913,-0.8837310686162787,0.9766214287919488,-0.8724989792193253,1.0576444275653856,-0.813347893327872,1.0854158657603588,-0.7621909598457907,1.0927018472143166,-0.8822980369809799,0.9709793633283135,-0.873515351681691,1.0363249280325475,-0.8323687397672586,1.0669988274701776,-0.7907996002408377,1.080957343080888
-0.041342610360192,-0.33073484306115125,0.028542256413206752,-0.375595927905571,0.06802422330351507,-0.3733306584926117,0.10100181471490625,-0.370671935841111,-0.07979865441646093,-0.37824829428504375,-0.11306104134761866,-0.37723764703257057,-0.1458243668600098,-0.3757252780413435,0.15572147450516843,-0.33862170539365827,-0.17628966229081505,-0.3465212802702213,0.03962148168759067,-0.2684679547706275,-0.10412509284093455,-0.27192523706459587,0.49989758088353886,0.010119714758122499,-0.49989758088353864,-0.010119714758122894,0.62428876821475,0.491414937722447,-0.690033288841783,0.47659804387340143,0.6599083889237576,0.942976791393573,-0.7661342348340319,0.938317643996952,0.6945525386442373,1.0887477203235487,-0.8284355714493121,1.0902058491268025,0.6129883785237146,1.0879701363787742,-0.7458277788673459,1.0891451992010412,0.5776309014854684,1.0375521866516264,-0.6972954716328768,1.0364341184018777,0.6748827025975496,0.948018586366288,0.5697863602490388,0.9900572745544828,0.542518064416479,1.0633467860447257,0.5223933380565854,1.1286314204184722,0.4875895957635682,1.1768113267645142,0.6824095001702053,1.1187531380595517,0.6599425726231654,1.2092196272028854,0.5856665419571423,1.225817760349948,0.5325092419705447,1.2230987590520472,0.7261969657787178,1.117499257464135,0.6951524007910774,1.213635117505095,0.6112001180076976,1.2273146624125733,0.550823467817216,1.2182745604584286,0.737380801410326,1.1113603699393646,0.704189458914685,1.1932238567683555,0.6293774031308367,1.209659904978701,0.5735344175558128,1.2079964685889384,0.7256870932501988,1.1046716648841608,0.6996001943062145,1.1694844519976861,0.6436680428164696,1.1870675954333747,0.596710553902618,1.1878301362010164,-0.7887755816184123,0.9301682676296834,-0.6863399048614717,0.9781723171162804,-0.662617653027739,1.046472155064439,-0.6559347397934805,1.114830046963788,-0.6389352478556658,1.1671646245831517,-0.798177746362805,1.0886689025504002,-0.7919545627004039,1.182163943439405,-0.7419140541739829,1.210199340598155,-0.7006067601056492,1.2164323009489417,-0.8600118371108764,1.0850691338251344,-0.8515284107695479,1.1857524827507542,-0.7837931015038002,1.2140203075899996,-0.7292220172504228,1.2161460568319418,-0.883991187430819,1.0776445843448066,-0.8730212058464106,1.1675830791583373,-0.8137860029198954,1.1985143938531044,-0.7626886826744281,1.2066675839835903,-0.8821541224764905,1.0710457146009338,-0.8741362945951706,1.1433235194600322,-0.8329485405118147,1.1774514033577475,-0.7914356294322827,1.1930420673883508
-0.04129454451097743,-0.014234328435762087,0.028563376965431573,-0.01616553159035649,0.06802440388336008,-0.016068127473348664,0.10099198228526184,-0.015953456615194518,-0.07979599364969288,-0.016279760179196866,-0.11304968421974461,-0.016236413226971357,-0.14581230826073263,-0.016171363162029617,0.15556751788738274,-0.014572486641164053,-0.17630096881698906,-0.01491408269257192,0.0396595442700197,-0.01155494694609465,-0.10406732762037986,-0.011705665033058593,0.49999980990791165,0.00043599547276862894,-0.49999980990791143,-0.00043599547276862894,0.6244808493556588,0.02115243726637218,-0.6901282461170536,0.02051380949626414,0.6600143739624885,0.04057228221636841,-0.7662645685187414,0.04038372958542979,0.6947750455420333,0.04683219855908361,-0.8286081833759189,0.046921226915994846,0.6131385308336919,0.04679854049646359,-0.7458479214153512,0.04687494821976169,0.5776663895429952,0.04462853015035106,-0.6972221388160588,0.04460671761017573,0.672341709322536,0.04075340289904493,0.5681243736485524,0.04261187326917513,0.5428614313427508,0.04574655049970529,0.5238836874435449,0.048580566667476004,0.48650474965136176,0.05069889989604105,0.6835719723949182,0.04808392102551587,0.6581982105452253,0.05197884552795936,0.5837915381622242,0.052712383380903845,0.5308024935025736,0.05263517318957253,0.7274289098819534,0.048041417576620726,0.6961108536129135,0.052210266365990014,0.6122243725887315,0.0528480278353804,0.550840232518626,0.05251578783172333,0.737945437416078,0.04776149301735572,0.7034976559613857,0.051296246157213614,0.62783365551907,0.052037334504834165,0.5702363304952347,0.05199836009149414,0.7251002575702644,0.04743744183521929,0.6981136387899636,0.05019742120797186,0.6408638092504118,0.05096665976943906,0.5919837390545886,0.05101794477192486,-0.7890707362892476,0.040020776941592735,-0.6878754990134015,0.04206402469532351,-0.6630512002368117,0.045009684228214,-0.6552160730978587,0.04796625915014705,-0.6393932874588899,0.05024122866742095,-0.7975271120236945,0.04686171661616869,-0.7924432139516208,0.05090041056192495,-0.7433356341159691,0.052111444251491716,-0.7020984047315486,0.05238232280747329,-0.8589796388755322,0.04669100978001401,-0.8527578836278927,0.05105303451046777,-0.7850854553869565,0.05225513162421017,-0.7299784803364359,0.05233169436974196,-0.8835450154092388,0.046346231213338085,-0.8736313008773396,0.05024229558514691,-0.813544140840896,0.05152866096133086,-0.7625372829300628,0.05184247155708898,-0.8831269703082594,0.04603212881102244,-0.8749154068933562,0.049174538915327116,-0.8322344336741168,0.050584602915038766,-0.7906297283300276,0.05119068513502734
-0.04125032025965453,-0.8026792284903196,0.028504199570032317,-0.9115975814047799,0.06790274007653993,-0.9061061071467666,0.10081403349716725,-0.8996248306465552,-0.07973382377353747,-0.9180449218281159,-0.11293901946374621,-0.915606923214411,-0.14565516671517637,-0.911930257794755,0.1552870755017365,-0.8216957719321136,-0.17604704799568263,-0.8410444775809003,0.039602945060115864,-0.6516541740097689,-0.10391970711238309,-0.6602011806440224,0.4993901570369919,0.024687467560860567,-0.4993901570369919,-0.024687467560860567,0.6237090682641035,1.1927425528276732,-0.6892814729843841,1.1567019250030548,0.6590732163280302,2.287319347280546,-0.7653298425366988,2.2769616452717996,0.6939359714406295,2.6398637677172725,-0.8276267337232897,2.6454621920357413,0.6123331884673161,2.6379165567608025,-0.7449581049623893,2.6428773941804007,0.5768007435489844,2.5154751913944926,-0.6963456202900108,2.515045848603721,0.6698119135354619,2.296658966983033,0.5678557040147855,2.403965356245914,0.5420540268543367,2.5803758816866935,0.5221875913269944,2.739118051466999,0.4860821552845573,2.858084054051482,0.6827059626337847,2.7121275583254603,0.6593340970265457,2.932077556214347,0.5852281365236681,2.97437939022247,0.5317146746278345,2.969334226793666,0.7255292824048754,2.7084825151592566,0.6953918009537969,2.942504672925794,0.6114365653725755,2.977199169701023,0.550232677901177,2.9563876134657145,0.735455093461018,2.692308375247265,0.7020767659823223,2.8909603997989635,0.6266404785105157,2.9315227527757335,0.5693781938957129,2.927805209808932,0.7223888384126494,2.6743911550230397,0.6961411128654643,2.8290656232251488,0.639076134709554,2.871244567500344,0.590487104611017,2.8731742962353928,-0.7867389306487966,2.257925562876653,-0.6868407571117573,2.37263824382609,-0.6630127617658672,2.5366127396409976,-0.6561079615430487,2.7034861991138337,-0.6400523799102301,2.831958416687282,-0.7974185799378737,2.6387449055463517,-0.7910452109802488,2.868571844354918,-0.7421076541441047,2.938314595797652,-0.7016330836271579,2.9550399398673766,-0.8586990033870697,2.6298521108560573,-0.8518917248133808,2.8787701496389477,-0.7839191353700062,2.9466186509724572,-0.7290818273743311,2.9507403417638645,-0.8830127553017257,2.6112633676560857,-0.872758785953681,2.832829956843399,-0.8125524379671036,2.9059452344713685,-0.7621673841637617,2.92425426212861,-0.8821305341382912,2.5941564998130056,-0.8741079383042459,2.7712616864637627,-0.8317340616608424,2.850940509869218,-0.7907791867348383,2.885943516434223
-0.041308494205186216,-0.022217416198437933,0.028450096293219762,-0.02522922109864207,0.06785358162509426,-0.025078091791872266,0.10079429139562739,-0.024898217265679215,-0.07988626283413346,-0.02540755951216926,-0.11312380627534599,-0.025341656011824074,-0.1458745919345914,-0.025240919734453866,0.15531198694176437,-0.022734673692136814,-0.1761926186412184,-0.02327534268072469,0.03961792242498805,-0.018040768529749826,-0.10407573509716918,-0.018280373659093758,0.4999995299565988,0.0006855969516325139,-0.49999952995659913,-0.0006855969516325343,0.6248591837703046,0.032988595541680446,-0.6902910269850304,0.032002994364078136,0.6586100578897496,0.06328251522069786,-0.7662756058799988,0.06298193495247836,0.6946328116441159,0.07302478354311996,-0.8286668093911179,0.07317520879825126,0.612092040067992,0.07296942659408714,-0.745859175899404,0.07309981126823509,0.5758554671948432,0.06958090428584529,-0.6971808228096039,0.06956558582898291,0.6660372853914933,0.06344744820656228,0.562990477556672,0.06636774061702415,0.5373527824472025,0.07122060499379719,0.517201669446368,0.07558669233467646,0.4804080957088772,0.07883292509560998,0.6790034168286261,0.07489198538153945,0.6594126005552362,0.081000408513675,0.5860730547958388,0.0821799012455464,0.5322715915001892,0.0820279683242801,0.7212969621186064,0.0747641893416988,0.6930761343024622,0.08119819724267044,0.6086064588455323,0.08215674576943503,0.5473763261080316,0.08161577809227322,0.7311344955055816,0.07431964118085081,0.6977795369413382,0.07978229961617564,0.6226317982872682,0.08090061808345553,0.5662743931555405,0.08081086927862588,0.7185801409648317,0.0738360217098813,0.6905877576599876,0.07803024933463429,0.6339992301281888,0.07919184919860144,0.5865973030205986,0.0792532368121743,-0.7882103987936798,0.06252630686786459,-0.6866980212245699,0.06570631610498083,-0.6629740896247784,0.07021908798218467,-0.6572883137898791,0.07479937770035944,-0.6388681468922496,0.07833228037592711,-0.7985328360396273,0.0729923402746863,-0.7909480250832898,0.0793594419351003,-0.7423753456042176,0.08126739342896144,-0.7023883895074582,0.08173255110140976,-0.860646363084351,0.07273562455703647,-0.852717752408122,0.07959755362157464,-0.7847312033059816,0.08149809479414954,-0.7296326118880088,0.08163644449693526,-0.8850088681602741,0.07222725660422803,-0.8743322286265175,0.0783780650673291,-0.8142324739374919,0.08042166384354531,-0.7637714708920649,0.08095126713163278,-0.8839035180722347,0.07178411654665709,-0.8757762286483508,0.0767163325212344,-0.8336385158856912,0.07895874410155658,-0.7927164616292869,0.07997092856223759
-0.041068495931337545,-1.4507980057665628,0.02835687722934043,-1.6475720967176561,0.067571770653033,-1.6377584114509574,0.10034623641735979,-1.6259854240600176,-0.07951638849446285,-1.65919468991569,-0.1126143526158676,-1.6549715838445318,-0.1452308642045765,-1.6484702842586196,0.15466298497721043,-1.4842945987994227,-0.1753840086271657,-1.5202420601611142,0.039476646057573915,-1.17799175924836,-0.10360224635567294,-1.1937121300234643,0.4979536156660067,0.04519066989048542,-0.4979536156660069,-0.04519066989048542,0.625622026894761,2.1509284633436656,-0.6881460333926785,2.089559277405243,0.6546983135966901,4.130012065749163,-0.7630324157562423,4.110759752338818,0.6910047988360764,4.765911205926562,-0.824790549637704,4.776173288694329,0.6056324131320356,4.7592363031673575,-0.7422096450009538,4.770825939613243,0.5690530979529453,4.537354737233968,-0.6938213064091139,4.540097110356456,0.6555791645448782,4.136662831168767,0.552687609411841,4.313032514923118,0.5233782890170516,4.620397397416673,0.5044959955659983,4.904544015931408,0.46567968001662574,5.118845528870513,0.6631726576862571,4.875949623735821,0.64894775592772,5.265716598553412,0.578741227571257,5.347070573323184,0.5253574343240194,5.339927777519383,0.7065825678520191,4.874437326573827,0.687047533898606,5.288650784612298,0.6081845013123823,5.364375189099481,0.5472896793115563,5.340415166107504,0.7193190079244705,4.853053500404769,0.6946063591754658,5.209461743532996,0.624057460014968,5.2949116391614055,0.5671693405572276,5.301946745296213,0.7095488241889546,4.828939369783021,0.6861625802445575,5.110821720171235,0.6321631759829947,5.198451403237559,0.5847221521742781,5.213401700043435,-0.7855532964670735,4.074213035103542,-0.681195741962535,4.280919641300912,-0.6569077232700625,4.577800563174202,-0.6514711251670452,4.876160361277732,-0.6309262101661399,5.100739739091266,-0.789418865928568,4.7702308613561275,-0.7846331621102738,5.174055979773529,-0.7381352478111743,5.300248776291125,-0.6979140632076178,5.332599309872489,-0.8523509890919304,4.752305173264683,-0.8452767959448083,5.186131148089104,-0.7802946532307431,5.311396513750447,-0.7263907394480766,5.3246869042790665,-0.87821783156706,4.717133356027514,-0.8681165594686249,5.10780826615783,-0.8115201423975459,5.245910054691431,-0.7620156626764344,5.2864858509218315,-0.8788387760990035,4.685941414747049,-0.8714717523211085,5.001258622280293,-0.8319125393080977,5.1519183259215104,-0.7914556542528717,5.222790196789449
-0.02510361443610701,-12.548499310204509,0.01754031847447069,-14.2512440130791,0.04163630967896039,-14.167001048784718,0.0617654234033965,-14.065466974129894,-0.048818859620532506,-14.351858518697114,-0.06918987612880835,-14.315433144317282,-0.08926805962977484,-14.259182825244123,0.09517943663315036,-12.839492715541136,-0.1078818256519457,-13.153467315627596,0.024386047347074766,-10.188503681123521,-0.06363381158904306,-10.324664147937673,0.3063812040792046,0.3951335948599942,-0.3063812040792047,-0.39513359485998073,0.3866435758546578,18.479916361364015,-0.4238675737075322,18.064873494519112,0.4002991868006948,35.26854046916787,-0.4693754008074851,35.53495849238515,0.4221697733707557,40.896013852354315,-0.5053431829253385,41.259793757085575,0.36535903396258745,40.72723077045233,-0.45419295603691345,41.1750247511151,0.34323827712507504,38.8859724677698,-0.4250075397874961,39.18441076827787,0.3987409870268861,35.45884708835084,0.33397326797182353,36.83263504233386,0.3094530475701065,39.45321404917145,0.29698707071626446,41.8481733795781,0.27412009459460807,43.727909020735716,0.39391050461751687,41.90839109694111,0.3912288106204053,45.30196224547949,0.3511679930092196,46.053527223946816,0.3188452876161889,46.030365327857865,0.4206105638279562,41.96854456493911,0.4134653122284792,45.56530433034654,0.366922156360226,46.32514141455993,0.3295757240172266,46.185591793741075,0.43084772807702576,41.872925447451244,0.4181511452299274,45.047253669036714,0.3755960719905332,45.81162836465448,0.34163501641005517,45.9218883061958,0.42896842176416733,41.76470542324925,0.415784751600169,44.312835239858536,0.38301762163009656,45.08096852332985,0.3547102626286745,45.22780241590759,-0.4802153340334542,35.17850301526594,-0.41696674931437194,36.881906274131964,-0.4008189022781075,39.41892095059316,-0.39696461404051936,41.98195661988659,-0.38444007058521534,43.93312952377347,-0.48119828103536066,41.076803534344016,-0.4791606303226444,44.54553037761205,-0.4509433932036443,45.70749620630175,-0.4260309406595934,46.039239771400965,-0.5202436497052508,40.97363511646654,-0.5173268057544248,44.72148529488416,-0.4778035007991132,45.8325977511622,-0.4446500079689656,45.9789176488198,-0.5374314956913977,40.72479732575228,-0.5321829058093074,44.1190912796471,-0.49720709550371495,45.32743711870908,-0.46632829665685577,45.71319030627646,-0.5387607303465601,40.485757563203244,-0.5343157903599611,43.26999576508262,-0.5097803603128214,44.575984576630525,-0.48424992914644827,45.20063296567565
-0.03786582334275334,-2.5776867245969295,0.029743149598608284,-2.9269326755489655,0.06821285141191424,-2.9096751299401373,0.10026842856796223,-2.8887851546482586,-0.07706770238584393,-2.947627217053128,-0.10997318257452154,-2.9401289916029616,-0.14239373005199785,-2.928436773560743,0.15379341029779278,-2.636702780795924,-0.1733195258202929,-2.7013377645455003,0.041219890430375786,-2.093162660250014,-0.10048263259783642,-2.1212680179997103,0.4933382115289326,0.08134745875215925,-0.4933382115289323,-0.08134745875215925,0.6312144426385935,3.757367947229697,-0.68421148819038,3.703695397125179,0.6390795022338531,7.174658839227186,-0.7533608595468618,7.295631529207413,0.6702770433138967,8.336439316443457,-0.8061379062753696,8.455566517744757,0.5754132253943394,8.273412332213052,-0.7248644038345143,8.431843989453725,0.5422696503608749,7.910822459097314,-0.6787860366183281,8.027126178165975,0.6339973667552454,7.158521120975812,0.5247093930850205,7.424861915179934,0.48202555484724463,7.972429456060017,0.45993397245531686,8.466949505110213,0.42258154747557536,8.838732187784785,0.6034502658190729,8.42733169541839,0.5893654613032047,9.166175314487134,0.5237360711191835,9.313956242604924,0.4788611909963313,9.274668278968317,0.6525646981269403,8.468623473840427,0.6379457559874554,9.2690312098847,0.5620793041080172,9.439266408211225,0.5084892580311909,9.407973912953016,0.6753882544225683,8.47315720786935,0.6567261730955609,9.189764255125805,0.5842985752809235,9.357190814292178,0.5316354928227003,9.371499536167386,0.6781943577128372,8.462277235738096,0.65862035889747,9.036512830182282,0.6035655517089058,9.21879070798469,0.5586142209783336,9.253056765430658,-0.7685481997551789,7.15056853258459,-0.6659841180317366,7.502151442837818,-0.6380451824427076,8.021109786118865,-0.6302569801073366,8.552625368721925,-0.6082960347246108,8.955754971253816,-0.7730249318176013,8.371358469078748,-0.7685885599829245,9.092093539716215,-0.723063951357496,9.33549354078016,-0.6820996418151625,9.408067919078754,-0.8359095215257883,8.351869514906396,-0.8307254180158733,9.117059587635405,-0.769200164844683,9.355195245658129,-0.7161988494451248,9.399544697012008,-0.8623640750359386,8.299737345879729,-0.8541585459124162,8.988521878378833,-0.8000332439185093,9.246802884223788,-0.7505913549517781,9.339042684334274,-0.8635018878040238,8.250829422042786,-0.85778822150739,8.815070681013966,-0.8195433983433874,9.085211301774162,-0.7790105467520683,9.218376751185396
-0.036503788793870756,-0.32811798700802725,0.03108112227691187,-0.3722560264052459,0.06981430736660686,-0.37004919783206874,0.10209975694010757,-0.3673722110737759,-0.07689294967187794,-0.3749106796012217,-0.11025539133764042,-0.37395327228893577,-0.14315505813460236,-0.37243941326201824,0.15616096876168334,-0.3352348440139856,-0.17528298705485362,-0.3434770818854313,0.04317178536738875,-0.26649486536467054,-0.10034498304423034,-0.2702061162482935,0.49989266877377586,0.010359522490544334,-0.49989266877377564,-0.010359522490544334,0.648252604896254,0.4712825174569785,-0.69356261208064,0.46847163417718857,0.6445143482423599,0.8875725696734407,-0.756236773002021,0.9253429225001717,0.6643730769288502,1.0430437317783237,-0.8066715070505235,1.0686522541207655,0.5650551203020444,1.0309372633640037,-0.7263759464332442,1.066478663760051,0.5382782576018209,0.9880333367765104,-0.6810023746687043,1.0168931225007687,0.6212837091694402,0.8938528093379549,0.5090612155733679,0.9244042837684245,0.4620273410960969,0.9904724134273041,0.44086291145520345,1.051515806122065,0.4053633812145533,1.0976280066052237,0.584123876216059,1.049677743458132,0.5804260041900738,1.1454614641728733,0.5048766675722686,1.1641662944492186,0.453773629745069,1.1531936999452106,0.635248342621333,1.057614651125506,0.6126582944064282,1.1617263789791832,0.5232380743658056,1.1774584338620413,0.47056250857837223,1.1643676110672876,0.6585257536867805,1.0617835827580204,0.637912697843265,1.1550124697665787,0.5549674111294701,1.1736753590808258,0.5018453479508118,1.1694175126086646,0.664079670244446,1.0619402322514553,0.6477556267201428,1.137868052985079,0.5881248389953854,1.1627344300032019,0.5420750307573801,1.164663504554887,-0.7663959794495169,0.8961075554603289,-0.6646066278254594,0.94060712595083,-0.6350002656213168,1.0060237027635208,-0.6268954210747003,1.0727849068210653,-0.6059194186900485,1.123265887621134,-0.7735286052880145,1.0459412231448453,-0.7620648311282257,1.1406791459696797,-0.7105978165397897,1.1682746213915014,-0.6685270273929868,1.1715359506042209,-0.8348981984971026,1.0458338542818748,-0.8246122749773394,1.1469545624235522,-0.7610188486609658,1.1736380316245594,-0.7079538596758327,1.1749124077578985,-0.8603323753413427,1.0425697989066194,-0.8514706280874518,1.1339723667206318,-0.7964041274925556,1.1646425340738384,-0.7463195652559527,1.1728635917594246,-0.8602768464779671,1.0384591652114206,-0.8572013304142315,1.112951137107629,-0.8194444849130542,1.146738147059128,-0.7784290532364186,1.1610723096752689
-0.03274991338251557,-0.22183187432610613,0.03331315727072798,-0.2514656165807681,0.07167317168928374,-0.24996038024868514,0.1037305086659318,-0.24813590935241214,-0.07424434547464125,-0.2532816529936622,-0.10762575440905395,-0.25263035494518493,-0.140558239702211,-0.2515841246161423,0.15738818169041757,-0.2263762180390366,-0.17419800414057765,-0.23194871818805485,0.04594554455950949,-0.18021903933304642,-0.09713346690582175,-0.1828801542780979,0.4999539605538687,0.0067850811712566635,-0.499953960553869,-0.0067850811712566635,0.6598475406167962,0.311597812831459,-0.6951667190079827,0.31338748262404237,0.6323894268606971,0.5857572220403136,-0.7402178727184404,0.6136984682562785,0.6407189156123783,0.6890675941699737,-0.7873390689511945,0.7053847047295706,0.5404241533936975,0.6817012424256882,-0.7084131133271275,0.7061874690888104,0.5195316123766605,0.6543393530764394,-0.6644001277799226,0.6753458946386862,0.6053384500129857,0.5827028050089634,0.49532006982160676,0.598374500395045,0.4348863427369462,0.642926292138579,0.40104878776300473,0.683290894469572,0.37205374765430993,0.7151209336692947,0.5651328033042026,0.6856689935143545,0.5495417089741329,0.7567891243894042,0.46871316729059603,0.7609624217116742,0.4300227797395879,0.745300649247215,0.607956878918475,0.6906826205420056,0.5679557292579495,0.7609559009346082,0.47506082995603527,0.764000253288313,0.4331236648497456,0.7492652817033714,0.6250370254182992,0.6933904440966931,0.5803908418967468,0.7550180246358565,0.4945039388167041,0.7592477408553502,0.4524404849177466,0.748588254936688,0.6271418386294261,0.6939848271018656,0.5883012251943299,0.7460957587812032,0.5179695108072258,0.7544111671006448,0.47833133824850155,0.7465696491666769,-0.7439454556444993,0.5938054202560704,-0.6457605623157372,0.6181012685800686,-0.6090947161779026,0.6610078399186345,-0.595988952270854,0.7077698915755122,-0.582947777239794,0.7413068150502842,-0.7535318480500016,0.6851983635174139,-0.739001517672069,0.7544410776215346,-0.6701041715820772,0.7675071555456378,-0.6318791128341174,0.7595491141606201,-0.8100249314595357,0.6884387644511696,-0.7957340751729278,0.7599376674201426,-0.7180013629207571,0.7713641951802046,-0.6679499365313359,0.7633741169339493,-0.8318859960850458,0.6897419275722169,-0.8131080701053641,0.7537772341650063,-0.7412877162569785,0.7651962488558399,-0.6900183871644129,0.7601821965601194,-0.8296724341913437,0.6900199111336627,-0.8078599659885023,0.7404738566581084,-0.7554951022549685,0.7551616234873327,-0.7105407286813753,0.7551636080716572
-0.030509955488361707,-0.3780945279185194,0.034749954819271886,-0.42835869556972545,0.07289414986665982,-0.4257744922588696,0.10483050098000703,-0.4226435887430529,-0.07252881249950421,-0.4314818684595774,-0.10589966522520876,-0.43036684645515977,-0.138821952229341,-0.42855292754709556,0.15816624571115342,-0.3854930993400972,-0.17336574649080486,-0.39500817120164944,0.04766852368736619,-0.3072240143845674,-0.09511137049063961,-0.3119553990571963,0.4998721297831883,0.011307248384089747,-0.499872129783188,-0.011307248384089997,0.6660428056868473,0.5247918525582204,-0.6960240132982957,0.5298469571931333,0.6254052708804628,0.9890398583793336,-0.7313692160692254,1.0353646681462296,0.6306300702313158,1.164119934667397,-0.7778500835303801,1.1893956994240211,0.5308987516131447,1.1519835766485629,-0.6995115498269275,1.19203715768343,0.5113231535235238,1.1063301234303138,-0.6559108377769353,1.140788422340965,0.6140674211803767,0.9961080663319395,0.5036202970395478,1.021264489550229,0.4409710309705848,1.0966716726153174,0.40232870492852274,1.1668568178410614,0.373529629080554,1.2206097928320567,0.5659473888333479,1.1703058849317491,0.5429621129982597,1.2869255181802672,0.46125045593825215,1.2906461235079751,0.4245746321065078,1.2650521951764797,0.6107219717679703,1.1787279187564719,0.5668007376185855,1.2977338996075543,0.47123434759477184,1.2984325549291393,0.43178410760114916,1.2724291450035619,0.6286142092698677,1.183128819169098,0.5828776469931265,1.2887274787762915,0.495263178950626,1.2914522828468855,0.4551968839167412,1.2715898889222383,0.631624680044894,1.1842830982584938,0.5928386147108365,1.2724569269406232,0.5205135877664706,1.2826200426818959,0.48301559996714893,1.2661639558230684,-0.7513044721717917,1.0155981822999607,-0.6465562185668382,1.0558302924782064,-0.6044706549589793,1.1302158250056098,-0.5925293480588776,1.2074496100369858,-0.5842751811726281,1.263394217489053,-0.7553820419723073,1.1682224812341873,-0.7329453917538656,1.2894208192925258,-0.6624680136253586,1.3100045772525297,-0.6265310221457893,1.2947798341606864,-0.8146227661666445,1.1724402624442678,-0.7949299668583351,1.297354857353209,-0.7132594076706076,1.3149193227097657,-0.6638374608167694,1.299052454498706,-0.8367433345080759,1.1749002925755612,-0.8108465119221941,1.2845923186312118,-0.7376454187757524,1.3011952873833739,-0.6901908002201169,1.2906209989735886,-0.833614836426476,1.1764652611693467,-0.8070934913995104,1.2642786494158589,-0.7514810484572172,1.286155837732629,-0.7077167710059886,1.2826978321056688
-0.027832502888020798,-0.3118778685243103,0.036187108921393665,-0.35269704567096233,0.07396402677069634,-0.35053117192878874,0.10561289749709826,-0.34791332086352594,-0.07102561774182124,-0.35531748059954976,-0.1044645988588499,-0.35439076808024306,-0.1374134147151293,-0.3528587358874675,0.1585400023098321,-0.31716465164517615,-0.1730804009625771,-0.3249816332369854,0.04968385327922859,-0.253472321314222,-0.09279319067750362,-0.2575528377799304,0.49991546903183637,0.009193683847032482,-0.49991546903183615,-0.009193683847032284,0.6813474802864664,0.42532049958342544,-0.6997845119846744,0.43003068366546926,0.6099023554584695,0.7841859226657382,-0.6999067175702309,0.8409233873410746,0.5989645939961625,0.9235197586516564,-0.7342521686900149,0.9646983909385053,0.5117947196799116,0.9064968695517022,-0.6445521325757597,0.9642597304494733,0.49165362767794835,0.8678271685530483,-0.6025149606656437,0.9255298055594845,0.5894749119069179,0.779023562501888,0.4833727788618936,0.7947575013202973,0.40181196531027086,0.8533434220663151,0.35289068314903005,0.9116411426722801,0.3340381731202143,0.9590615937165136,0.5421190595373302,0.9173218655707902,0.5012408263122184,1.0157773936916663,0.4265724904271304,1.0108249227332613,0.40153305146326923,0.9811556127290875,0.5682768397262431,0.9282313340447212,0.5039095153209,1.0203760741333174,0.4223548998547664,1.015222061835593,0.3929210182792567,0.9919082605750863,0.5695305058178034,0.9348758379633103,0.49517579305845516,1.0165897205691798,0.42187950669776575,1.010351280709989,0.3964725212644109,0.9892625832894046,0.5583061862030579,0.9378655665885993,0.49386531118324656,1.0076714169249354,0.42529217256796803,1.0105478530813765,0.3964927683436748,0.9935780325589352,-0.7147862548006453,0.8028763974036514,-0.6189429862540413,0.8258996134194979,-0.5739412700545721,0.8802322963744931,-0.5502850371689894,0.9414666770282343,-0.53608005824262,0.9853742665033037,-0.7322279772707567,0.9341006789659276,-0.691351913375566,1.0280332537164356,-0.6059416755296211,1.02903678647997,-0.5616742258577401,1.0045286440873427,-0.7764136122141838,0.9429917526659052,-0.7188045769245406,1.0319426389265678,-0.6263064151163098,1.0280457755156243,-0.5826471009323172,1.0038556470706408,-0.7875597326503438,0.9466427515435765,-0.730331053206871,1.028508287050729,-0.6474512870632045,1.021461296729653,-0.6037817460381553,0.9964550649915281,-0.7789885035291333,0.9477126697186816,-0.7324840615028742,1.0137864276206972,-0.6678462939673642,1.01749427149151,-0.624787884171523,1.0020546943333888
-0.026592943184104826,-0.3160413704834842,0.03686393051284519,-0.3553507365836123,0.07430809229984281,-0.35298973750882134,0.10579112815533236,-0.35024449427459514,-0.0700498942695549,-0.3582493978133915,-0.10332461569067458,-0.35733688036067573,-0.13617745405732695,-0.35582717137448966,0.15845097812131476,-0.3188732109847315,-0.17287301365730054,-0.32668494368798134,0.050501612811881855,-0.256760696954449,-0.09103772378376523,-0.2611361062729322,0.4999144222964299,0.009250425937588376,-0.4999144222964299,-0.009250425937588376,0.7081270904882494,0.42035492013814757,-0.706517363300997,0.4212870143663374,0.5923992886516736,0.7520596087496328,-0.6585466871723523,0.8070909234226771,0.5525114496082081,0.888987167410741,-0.6693850415968757,0.9270422215394155,0.46857583721491697,0.8583095611906135,-0.5802019810230459,0.9221943726903559,0.460379754029396,0.8117561888759871,-0.5453696090885537,0.892488813301427,0.5607749018242246,0.7392585949826732,0.4653636157117844,0.7473669757632617,0.36989756643038335,0.7918641873640523,0.31683391558836377,0.8450417012574988,0.3110325327874477,0.8923731505157172,0.4298338916502773,0.8757832316424401,0.38074356703321427,0.9564828951703978,0.3530484892420854,0.9401298952329616,0.35505302787952664,0.9054324578611271,0.45593608451177753,0.8890826541319318,0.3952996173430538,0.9597074697592192,0.36019973249452364,0.9430827921213248,0.3623336362027934,0.9140498348040449,0.4697835200806082,0.895790496414055,0.4045080958672165,0.9609987378884561,0.3767545351447065,0.9446926822595548,0.38465283068316014,0.9193012049434908,0.4762724389688198,0.8996483197605619,0.42112737439934594,0.9590061018134036,0.38920974630112054,0.9507980392883089,0.3878526529782259,0.9272008333733596,-0.6958995081265922,0.7682154425912217,-0.5959614778024873,0.7778829737042197,-0.5363549715171662,0.8247503734784932,-0.5039358987793789,0.8825054568616463,-0.4868502033704758,0.9242379483342441,-0.6958655136311428,0.8947161709191545,-0.6400097677859823,0.9833458268552675,-0.5499999900143089,0.9702787287522708,-0.5163302504895324,0.9373769611226564,-0.7257777764780559,0.9120691845098952,-0.6463235478602525,0.9908499245153513,-0.5503136899783949,0.969477479298934,-0.5269142144952217,0.9361811797146099,-0.7286874573043624,0.9207992277932969,-0.6500804045777123,0.9928827129564274,-0.5662836633147678,0.9707625547747044,-0.5425998326599327,0.9349955862203307,-0.7161969084049583,0.9246338786300592,-0.6498575288127143,0.9840529879285191,-0.5835574133793483,0.9714265670367068,-0.5616086452399726,0.9415438178534348
-0.025803899731071344,-0.5627638531995619,0.03771086405369968,-0.6331144433022194,0.0749550953113048,-0.6288181901498981,0.10621634077271912,-0.6237026300251901,-0.06912691317551702,-0.6382861519854343,-0.1021595134720238,-0.6365974307827519,-0.13475219442117686,-0.6336339951537182,0.15866687978799068,-0.5677152320962318,-0.17145275274328084,-0.5813728358970504,0.05116390151604071,-0.45623084769868955,-0.08943905488057523,-0.4646241687688823,0.499683015899954,0.01780122527036361,-0.499683015899954,-0.017801225270364072,0.7307873130430419,0.7228160299641496,-0.7197201947471796,0.7040744940241104,0.5395376212975996,1.1486086730222338,-0.6095772870301992,1.2336023096645647,0.463653238992854,1.309357376208804,-0.5866368933257884,1.422930984501668,0.3953343947242271,1.247014352364573,-0.5040990538305299,1.352672435390486,0.4034391620660754,1.1939628488413303,-0.4895815086874067,1.295859333817918,,,,,,,,,,,,,,,,,,,,,,,,,,,,,,,,,,,,,,,,,,,,,,,,,,,,,,,,,,,,,,,,,,,,,,,,,,,,,,,,,,,,
-0.024951501698418498,-2.576435744539521,0.03741149181761168,-2.898717851937958,0.07399879166327954,-2.8784989346743477,0.10473073842263425,-2.8542101020989854,-0.06777607862110575,-2.9222982027451923,-0.10017514906149186,-2.913946557984824,-0.1320914675776255,-2.898891523299217,0.1561925009335401,-2.5967098470954935,-0.16804029235723017,-2.6550496281555036,0.05074298156039723,-2.0868448154719133,-0.0868202346472765,-2.1257926471053383,0.4927249781138043,0.08498291559337696,-0.49272497811380406,-0.0849829155933787,0.7359486375838882,3.1367945071265964,-0.7223988910112136,3.1197779599168585,0.5218194384938063,4.556653648134017,-0.55095820205673,5.191932125942443,0.43362493948157166,5.182229253067604,-0.4903208939003061,5.77617394689633,0.3672121258144916,4.8380255998264845,-0.4315010347076556,5.445644884483331,0.3800592340906641,4.63614643868572,-0.43444785837354616,5.226478118961519,,,,,,,,,,,,,,,,,,,,,,,,,,,,,,,,,,,,,,,,,,,,,,,,,,,,,,,,,,,,,,,,,,,,,,,,,,,,,,,,,,,,
-0.026932958206564026,-0.13776382747066956,0.037111006375011975,-0.1554743569678666,0.0742499129317198,-0.15434946752194353,0.10538342141427098,-0.15301414861180918,-0.06968800115269615,-0.15673127119251556,-0.10252460686320258,-0.156228784274871,-0.13484157813606146,-0.15537155971356342,0.1575558328985112,-0.1392557379609818,-0.17082528308465988,-0.14232859181779087,0.05026173896732753,-0.11148919773605599,-0.08908548644086253,-0.11357302004362467,0.49998048728826494,0.004417276422091441,-0.49998048728826494,-0.004417276422091329,0.7566916577883274,0.16966090075960324,-0.7412476437179132,0.1633995896930528,0.49510058563800896,0.22017468747731114,-0.512459036944862,0.2441955309694872,0.3779658242937459,0.2420618781284764,-0.4501324033253412,0.27482231767908066,0.3369737015159893,0.2184202519650986,-0.3956023491305509,0.25442960744958515,0.36213708683063167,0.21148422502178718,-0.4003848837881235,0.2439195464765783,,,,,,,,,,,,,,,,,,,,,,,,,,,,,,,,,,,,,,,,,,,,,,,,,,,,,,,,,,,,,,,,,,,,,,,,,,,,,,,,,,,,
-0.02765275017453098,-0.07728322669165016,0.03652594215047823,-0.08739228947743415,0.07367038877227057,-0.08674700308825531,0.10455340414335455,-0.08597890168220577,-0.07029527740542169,-0.08813739822945887,-0.10309794205689682,-0.08785405045900867,-0.13535385616790113,-0.08735161204802643,0.15676205836956916,-0.07822531399991077,-0.17104942929946843,-0.08009897070022905,0.04940582421023708,-0.06259180133953553,-0.08969086935173223,-0.06375623250426987,0.4999949790950032,0.002240731975797097,-0.499994979095003,-0.002240731975797097,0.7572127465386558,0.09714932005393642,-0.7409179126942054,0.09279871854812155,0.4038216516783294,0.11413277056853958,-0.38492689599249535,0.12880125218716998,0.2677650805435194,0.11241365385559222,-0.31879159648010363,0.1322398280568481,0.2517932938080877,0.09930642236578582,-0.3035170685303261,0.11863003585470835,0.28365903948595594,0.09956208111032536,-0.3133759762707259,0.11711452643123159,,,,,,,,,,,,,,,,,,,,,,,,,,,,,,,,,,,,,,,,,,,,,,,,,,,,,,,,,,,,,,,,,,,,,,,,,,,,,,,,,,,,
-0.028144719628259714,-1.032855817802868,0.03618430816807875,-1.1700047425967557,0.07322569267185376,-1.1611972207764554,0.10400837181186698,-1.1508339086465087,-0.07045391283266665,-1.1803294137550042,-0.1032053471849504,-1.1765010103641238,-0.13542026827972123,-1.1696789140642156,0.1560867055747155,-1.0468268213328094,-0.1708270634061289,-1.0736731276189435,0.04867543734299555,-0.8368707741446437,-0.09009988671784923,-0.852412958879738,0.49919709732341033,0.028324159720661154,-0.49919709732341044,-0.028324159720661154,0.7532501894929228,1.3173247570596847,-0.739126113537677,1.2505976933223648,0.38427649140817666,1.512986264446403,-0.36367370474840205,1.7101128540990338,0.2527894730669296,1.4828142148673253,-0.30316238045515054,1.75038853537961,0.2384941563704798,1.3098991411763885,-0.290995972182169,1.5644016794153708,0.26932652407089025,1.313666308451104,-0.2997951591897147,1.5460852038986879,,,,,,,,,,,,,,,,,,,,,,,,,,,,,,,,,,,,,,,,,,,,,,,,,,,,,,,,,,,,,,,,,,,,,,,,,,,,,,,,,,,,
-0.028170047895181988,-0.17599015116944702,0.03650982141766871,-0.19990019491451216,0.07366200217566268,-0.19835487613968356,0.1043042287996315,-0.19652754284108603,-0.07053317346181566,-0.20174139961372356,-0.10336762611231325,-0.20111511706262478,-0.13565821177972537,-0.19993778193553016,0.1563412983688095,-0.1787184543111363,-0.17090870868400682,-0.18402644643551982,0.04851869227330613,-0.14261136631266821,-0.0903862717419297,-0.14539191093892717,0.4999784597066945,0.004641102166649239,-0.4999784597066945,-0.004641102166649107,0.7521468586665612,0.22605729369287597,-0.7404742806089716,0.21382775232755127,0.35073539654510844,0.2407641105952342,-0.33130207310279014,0.2597858280175496,0.22543995840624032,0.22309239367781433,-0.2544008238503627,0.24447996796771732,0.21549757646554143,0.19055031157015467,-0.24497804563981804,0.21362068811355034,0.24667421151636817,0.19429379987773163,-0.26056965309783253,0.21800371510910277,0.40755849556544166,0.23308908700885655,0.35968051766616027,0.19509867671173275,0.28120760592404814,0.16845227546333147,0.2031856205690464,0.15135722846658956,0.15952471940175258,0.13572706849434318,0.2081484838974997,0.20337788928774783,0.09786521383731304,0.1848509557760349,0.15149029274878664,0.17787666165292115,0.1932399486957468,0.18181021052213353,0.19580116122554506,0.22602921529324643,0.07847147239659935,0.20515298110177557,0.12197034438329908,0.1967645871789941,0.1688175452745618,0.20124538517564713,0.19269073557218436,0.24318109028605137,0.08647567279379464,0.22500127738808498,0.1182146806985873,0.2167182613635147,0.15983644051568766,0.22061892158933621,0.19092177993683954,0.25567094414515235,0.09947357963757655,0.23931432549882617,0.1258107238324837,0.23257002814717945,0.1653511900379415,0.2359925725163617,,,,,,,,,,,,,,,,,,,,,,,,,,,,,,,,,,,,,,,,,,
-0.026011689451610264,-0.29797784952199347,0.03921950450149018,-0.34203536456248607,0.0760573356325182,-0.3393857953151386,0.10641307610918374,-0.33652691426796766,-0.06811272596140164,-0.34608590676472206,-0.10114956362906558,-0.3455921132647678,-0.13372185931464595,-0.3441537008498554,0.15802944335071112,-0.3080965910441328,-0.16818262359552777,-0.3188154308542736,0.04980487871906119,-0.2407605582698978,-0.08811546557865602,-0.24744020410791354,0.49993561791202273,0.008023586662090526,-0.4999356179120225,-0.008023586662090526,0.7482170309639257,0.39818660113809495,-0.7574798220152291,0.376180346091231,0.32564044895858923,0.34792034331247906,-0.29192501966482703,0.34671413314445143,0.21770169332076444,0.3064853363552235,-0.170739447105114,0.3163404497624784,0.20796002889083823,0.25341538673827535,-0.16270321886326927,0.26593122363614935,0.22315949859109707,0.2571542890828504,-0.1915056406893978,0.27081620022850617,0.400123173579999,0.33791605402564656,0.35197807531433206,0.2748057335697182,0.2748207026303663,0.2331709201677747,0.19928666770573944,0.2100787267933748,0.14605494734008692,0.18914541295580015,0.1750823720918698,0.2674154169451844,0.06748286108353498,0.23174550487110912,0.11074545728277162,0.23368071758198786,0.15068153161118678,0.24464368982964294,0.15526286961607214,0.30544847669808145,0.04693798520865271,0.2657292833362271,0.08663267787251226,0.26253839381324723,0.12805860323822243,0.2698889431356831,0.14988921011684408,0.33825242720534426,0.05157705826816463,0.30124206607030507,0.08247902968718322,0.2956125679879374,0.12139777959560114,0.30107872915144396,0.1549668239104339,0.36527847969801935,0.06975274956099681,0.3349127497764659,0.09309920872491913,0.3258231084378886,0.12591749259537088,0.32852844890159305,-0.3515603151052346,0.3445228578054292,-0.35315120248812604,0.28702593452419034,-0.2874952873618954,0.22746596120484022,-0.22989658573672647,0.18688178052564336,-0.2104651570057675,0.1492541532673067,-0.26517976744468186,0.26760261424530446,-0.1254608328813832,0.2341400784179304,-0.16566050253898837,0.24414320378372575,-0.21393192182843027,0.2563224735150628,-0.23761107412628193,0.30864091811577726,-0.10618981342453733,0.2695197861801096,-0.1449640209621526,0.27390679855546274,-0.19408570153479995,0.2866610452790858,-0.21275981832581747,0.3429957934048639,-0.09779642630752956,0.306378255619818,-0.13458890880522517,0.30914702978003983,-0.17809247720054489,0.31879903896633566,-0.1909914506550201,0.37015880060622797,-0.10324942032331008,0.33931198332270773,-0.13390038756866843,0.3412182919945009,-0.17088061136101823,0.3501979427950801
-0.0257008364448957,-0.5295003487418347,0.039903992158830594,-0.6107225740299016,0.07663194748912795,-0.6059887762020201,0.10685915534153356,-0.6010780107072206,-0.06764669072757826,-0.6185491174450084,-0.10071311865074349,-0.6180660341096754,-0.13338546892228242,-0.6160153732750783,0.15825469313555493,-0.5521869404482266,-0.16759609220655297,-0.5723479906280264,0.04962157485212584,-0.427872041119774,-0.08767706265545507,-0.44068003238185116,0.49980713133342003,0.013886377074585881,-0.4998071313334197,-0.013886377074585881,0.7467095615268402,0.7210411459581685,-0.7559100578983204,0.6811036972138409,0.3245971807731045,0.5963229209115244,-0.27513491390780626,0.565486566737628,0.21821993720430452,0.5264908512582778,-0.12566690493404553,0.5180058275598575,0.20723443471854247,0.42633552895060023,-0.11994807541203999,0.43111784454120666,0.2186498029145894,0.4316923786235466,-0.15538162778646372,0.43549910322986424,0.38004433581363395,0.5537449191095409,0.33191001042775237,0.4337549071123351,0.2563896400405522,0.3484341525442957,0.18170282466530255,0.2884288496104382,0.15475932457219357,0.23232242012721074,0.1628556059566703,0.4112674476623073,0.05290835015930713,0.3651514887165838,0.098241390816607,0.36891178985209233,0.14376175639808375,0.3873450492010406,0.1394279247461558,0.4823093199458032,0.030981517877326975,0.4269798727634794,0.06799577767689126,0.42134448226568055,0.10719944865357617,0.4380516960270399,0.1304213996526033,0.5455544924739973,0.035642554636988455,0.4887161079660632,0.06775303238759164,0.4816908057332232,0.10491494349202057,0.49705348408439226,0.1306531017695172,0.5977990476637816,0.05103510091753396,0.5473800169276044,0.07913036298986431,0.5381961978264844,0.1122940321809842,0.5511382237711971,-0.3913654280380147,0.5571509358625621,-0.3658398508289487,0.4468578444859419,-0.28500955505281356,0.3560392245892663,-0.21137593111808078,0.28881419932301594,-0.19045402752322668,0.22434840365633937,-0.2339026735147708,0.42888567840720687,-0.10605034521585516,0.3846706384240735,-0.14988580899569767,0.39375462961052216,-0.19707717016173026,0.4082237434107861,-0.20749180198609385,0.5024735115634771,-0.08931073640740998,0.4460187315248574,-0.1299044155823845,0.4435261750959454,-0.17446811523012604,0.45970492919712136,-0.19002232128421115,0.5645263338940577,-0.08812666292380007,0.5087225295927186,-0.12111568638866713,0.5021757730627263,-0.16033592212393113,0.517213836166887,-0.1785131883744794,0.6148629891481979,-0.09604502653094664,0.5634938479793786,-0.12437413800371022,0.5549470426694306,-0.15823843513176414,0.5689609970265777
-0.02575669764105049,-0.49918546638758854,0.040308230443437426,-0.5780028245028844,0.07694744796871639,-0.5736434099120025,0.10705831901101226,-0.5691812722411966,-0.06767375687027394,-0.5854643763763239,-0.10080763529616793,-0.5852364907087254,-0.13361396162003109,-0.5835548573760547,0.15836193373338558,-0.5240579154338317,-0.16760648864297747,-0.5434626044249004,0.04953305453040372,-0.40337126157212766,-0.08765228821707452,-0.41581272198039093,0.499821709909005,0.013351340892897178,-0.49982170990900526,-0.013351340892896718,0.7451797031007461,0.6896478527083713,-0.7560106979352172,0.6516689027315743,0.3291627709968538,0.5505724377916753,-0.2890329358149778,0.5246503184384423,0.22127769984816267,0.4781011386867611,-0.13733582860708815,0.49040131330548525,0.21046684476528343,0.38425180365735345,-0.1322433339571329,0.4077667455939867,0.22157499120668486,0.3928522852130562,-0.1659098423616723,0.4086869316303281,0.36599254942044235,0.5038483960981172,0.3194124731881526,0.39022869121059767,0.24212714766100568,0.30942851170304836,0.16998042352476728,0.24394371178156968,0.15128112421689005,0.1842230396361468,0.14946997782501237,0.36409048770865754,0.04210015717389771,0.32577976545430665,0.08348990250103798,0.3286563441293288,0.13072201597014166,0.34414791540588363,0.12447521708047715,0.43051974157856304,0.01801771695324578,0.38173990853791895,0.052476729694533694,0.3754335757671839,0.09304657244418145,0.38862135758136696,0.11512342054946538,0.4921655572703925,0.020433055892876903,0.44305162489213146,0.04929342215613417,0.43348907021895344,0.08559220631694284,0.44436009752184247,0.11533054307091178,0.5446750027177248,0.03809040419454413,0.5008800647691825,0.06327490797945659,0.49002299982667136,0.09374604544108955,0.49756466905370844,-0.38075335162134966,0.5049753580429135,-0.3539657440561799,0.4006878288823351,-0.28136613108973074,0.3193989667615557,-0.20756600491037674,0.25468708321814537,-0.18211273256234373,0.1914851292184718,-0.20800918167763746,0.37551734992945207,-0.09101480887496848,0.33612122037428693,-0.1327963081518533,0.33783094464628943,-0.17830805745960474,0.35243191679301833,-0.1831936340525967,0.4437437590422986,-0.06808411708798646,0.3937422194685786,-0.1079089934932216,0.3887091209894573,-0.14895626081105998,0.4044357253323756,-0.16914303923396437,0.5030688309770114,-0.06787372313480941,0.45259689283341326,-0.10052864350888889,0.44434447297570495,-0.13808324852529866,0.4574976813260951,-0.16091671745053562,0.5514115091629633,-0.07654853776206136,0.5079097807823588,-0.10138943898301454,0.4977741044593786,-0.1362881525953494,0.5076009466682834
-0.023026956082583344,-0.3253907616032833,0.042752832337896694,-0.37764396263360434,0.07880924690487402,-0.37493409893512203,0.10808296402522398,-0.37207053203800494,-0.06660335784427007,-0.3822165782883066,-0.10019576398428605,-0.3820598228275714,-0.13353153028274567,-0.3809381165056201,0.1586398876470775,-0.3426682002327926,-0.16795430797866157,-0.3551920676687815,0.0508628149913929,-0.26282374891649135,-0.08472832929280953,-0.2707083959783696,0.4999215742449363,0.008855484428573855,-0.4999215742449361,-0.008855484428573855,0.7442046523816659,0.4536714511838107,-0.7570616026584928,0.42887138557942006,0.3184112306976514,0.3514025752615915,-0.2762357612874803,0.33024276824954674,0.20641458580447175,0.30262982510078035,-0.12017889380736067,0.3018695938190224,0.1941648153201824,0.24152506397887186,-0.1183031419482707,0.25043941346224186,0.2054154395420885,0.24921000589188577,-0.15345574239010246,0.25455277268017235,0.34976486592808603,0.32270368086119466,0.30734063282932794,0.24817877733934376,0.23169990089135895,0.195363524045079,0.15557984878697628,0.15385864598311402,0.1401548634913727,0.11219047189876995,0.13038127367045152,0.23123828664386273,0.029117268081824316,0.2087819222952497,0.06898471780890517,0.20880655841077553,0.11602867263107587,0.21708974369549675,0.10547544595390065,0.27449058475839105,0.009282250849651874,0.2458762816219236,0.042646043978157945,0.2403298853477861,0.08079137797289926,0.24697051758496974,0.09847017047011646,0.31429622490523684,0.01106983071056672,0.2839497630267087,0.03900091946891306,0.2773780247055089,0.07456287528974374,0.2834385091248671,0.10018246658316947,0.3479609317245026,0.02193155709365366,0.32005366330175483,0.04539717398154357,0.3126207510307578,0.07600922338045871,0.31615636063679886,-0.3697367441040615,0.32124339146480413,-0.3389489644350014,0.2514896096435518,-0.2669685978737112,0.19870596906390003,-0.19059906606683513,0.157103200595996,-0.16610249144158204,0.1166790413363465,-0.18355952420324936,0.23424280264440855,-0.07423862327789275,0.21361408923785932,-0.11396941663657224,0.21563076241143508,-0.15891596215180404,0.2253515631455141,-0.16060104973641798,0.278008316829272,-0.05527233548945736,0.25190973171982006,-0.09327886507407841,0.24902054762293016,-0.13324348811701353,0.25825538462685804,-0.15016258985965183,0.3170149183619387,-0.05627291377965353,0.2910277408191569,-0.08662351581507027,0.28525569516829996,-0.12306678246684856,0.2926288703096152,-0.1459225600819772,0.35058500505608775,-0.06669868998150819,0.32692910170195955,-0.09135023047362367,0.3192751184473939,-0.12428359695674572,0.32386855488999633
-0.021406751873640044,-0.02345291094308786,0.044524615327249495,-0.02731293395945178,0.08035634174930867,-0.027128857786024096,0.10924804274642956,-0.026930721228405268,-0.06613521471403455,-0.027628433138014934,-0.10014807281348226,-0.027620741513761645,-0.13373890925419002,-0.027538929881127112,0.15960922580070352,-0.02482904629159989,-0.1684171370978494,-0.0257162050453311,0.051758541383589436,-0.018938149304008372,-0.08328818474710364,-0.01950146770478019,0.4999995748366599,0.0006520453660254268,-0.4999995748366599,-0.0006520453660254268,0.7435279712107989,0.033063567722889604,-0.7570020666968966,0.03136559612124938,0.3213233409075728,0.02543577365314216,-0.2675881335782447,0.023721040489277416,0.20944298411464107,0.02211593871538772,-0.10551135000421359,0.02150197124615489,0.19395773643183611,0.017454687676394354,-0.10876922622333408,0.01784207304455458,0.20575756024997802,0.018047188305538146,-0.1439652594969708,0.01822302628203129,0.3348157540165884,0.023151559283491132,0.29647031759809533,0.01780815385294527,0.22198533682604668,0.013902598955831614,0.14733826044113563,0.01091769425152534,0.1315097875780651,0.007913857536956038,0.11848565068398542,0.016504063120894415,0.016047772672643863,0.014896664157474855,0.054543434065683724,0.014897931572387859,0.10142877142141983,0.015407670007712359,0.09396766590765893,0.019607455276880282,0.0008030077488202116,0.017570909623916987,0.03504222664097745,0.017198669863967214,0.07282135174534154,0.01764310474589907,0.08698609324861614,0.02246831174657614,0.0013807803689092977,0.020248291942268834,0.03159462487498375,0.019805964137629816,0.06738214340262563,0.02025187238939809,0.08859824873159222,0.024871742331481775,0.010774957932525194,0.02268252070956053,0.035857002695024155,0.022119883544304438,0.06665107581532206,0.022401027857381926,-0.3537196432012205,0.0229562189600241,-0.3205160351690177,0.01783670237386073,-0.24785350437769274,0.014006162596910583,-0.1724476281383785,0.010986704993538508,-0.15285493493217026,0.008122188863281362,-0.16640414290554134,0.016697518164678318,-0.05370174440924856,0.015377156993681747,-0.08919229231282082,0.0153721823901482,-0.1329274078589886,0.016005097712330444,-0.14640846199513338,0.019936381132178126,-0.04166686148583832,0.018109513433885192,-0.07596962922622004,0.017742200749409718,-0.11473555230711949,0.01836879483971334,-0.13843425837348627,0.022760450884023967,-0.046100340230567124,0.02091118162714367,-0.07463408008261707,0.020404960268202755,-0.1100643537968104,0.020915078928001173,-0.13636590198006773,0.025154233272904336,-0.05696269062103729,0.023536900945104116,-0.0809856902462176,0.022923852351683222,-0.11342323277470341,0.023228760694379565
-0.019806158492675783,-1.9916481433849031,0.04568262286630002,-2.324744476274746,0.0811320579119331,-2.3098011543074155,0.10955694115544869,-2.293404896635493,-0.06526620025602009,-2.3504705021838315,-0.0993993709039149,-2.349936135700299,-0.13302462744252916,-2.342918348021001,0.1594236514263821,-2.115558261130218,-0.1677674170674016,-2.1897547091620186,0.05224034932568726,-1.607753850309263,-0.08157701670810882,-1.6548200384828482,0.4968049374342298,0.05643451196715468,-0.4968049374342298,-0.05643451196715468,0.7382449705971731,2.830144237919806,-0.7520905627611465,2.6920044142073203,0.31945036186577525,2.1775393619137824,-0.26338107853345333,2.0322944932101277,0.20771210556038838,1.8988814454304548,-0.10177489149872093,1.8482816743328552,0.19127334438473664,1.4975045749708007,-0.10581125258302408,1.5339023730453132,0.20338374980092613,1.5482626267736495,-0.14041490994888656,1.5655084595130622,0.33391869293465903,1.9980463365086127,0.2987324700866264,1.5270841272807505,0.22069493533168583,1.1909540808736387,0.14614933550426423,0.9398018336135407,0.132712902023037,0.6762996328644177,0.11946279185943146,1.423594249752334,0.01442200450164801,1.2775715057878452,0.05235466559697878,1.2779124180760721,0.09814626522901627,1.3263774288926258,0.09445458194133946,1.6935453746204383,0.0009019696191735655,1.501661810930026,0.03429513564970287,1.4733742079663381,0.07119223778213966,1.5193784273055635,0.08674087795570462,1.938819590561684,0.002516432689000695,1.726715328569107,0.03235297949615493,1.6924779944799153,0.067987313991262,1.7383361085527567,0.0877916926487531,2.141748982955994,0.011487412249109886,1.9370379180077317,0.036120331205398544,1.892026673349297,0.06632077802917362,1.9209000502050597,-0.3533127941558593,1.9810615992915346,-0.32118005655070303,1.5473170010217803,-0.24845680454268215,1.2058243502077786,-0.17437274140487116,0.9457650930044516,-0.15232739769253728,0.7019911616967178,-0.1706689552379382,1.4282412089192553,-0.05883824920781456,1.3073133972826638,-0.09153870338445734,1.297375533515507,-0.1366580338410157,1.3563317141543187,-0.14779746288529905,1.7027878855457341,-0.04482769174843627,1.5474793402066491,-0.0787215508426392,1.5147612303225366,-0.11827101421975413,1.5734630795717157,-0.1366604747578404,1.9474113919209568,-0.046527790316864284,1.7840616456246179,-0.07630992501980025,1.7477544869283284,-0.11196409196410836,1.7965211780634316,-0.13209758757346815,2.1582155876080265,-0.05406269714508759,2.0135375532248814,-0.07997150366663912,1.971479528904552,-0.11274223590686046,2.0052068473879427
-0.021572319233470055,-0.05339889935629795,0.0446757105444567,-0.06234177989111775,0.08040764659528365,-0.06194085321948519,0.1090280931808831,-0.061502918491297166,-0.06702141576370722,-0.06302964623897066,-0.10150697455833885,-0.06301205105294623,-0.13538775502407815,-0.0628235389927612,0.15918838527774362,-0.05675936176481871,-0.1699855143644217,-0.058719007431441865,0.051265370306655296,-0.04307694158628015,-0.08327525525538122,-0.04434021414155926,0.49999759401762583,0.001551121073752815,-0.49999759401762583,-0.001551121073752748,0.7410262540071415,0.07630394171523032,-0.7571787345737463,0.07255594896989108,0.3152524916406364,0.058857151453947584,-0.2662647310442701,0.05428585668816465,0.20216538774247605,0.05124377989782933,-0.10782661659886064,0.04896476706338718,0.1854097653180191,0.04040292773169715,-0.10907514172329666,0.0406147243304124,0.1979261095121475,0.041761937729941724,-0.14207222782718373,0.041568499744743616,0.32797666765690403,0.05328794789401184,0.2913577643021441,0.04070688093489977,0.2129965758826838,0.03148293184481613,0.1372811520178979,0.02463353308684435,0.1259389757953044,0.01749046921997769,0.1067077818043816,0.037378664249527044,0.010029982146739383,0.03367251460153091,0.04909888720795781,0.03389143652351225,0.09592896073746868,0.035201514454837754,0.08249332893635843,0.044828771383257617,-0.0010505632682595285,0.040018923702821486,0.03411147174272509,0.03947863516006383,0.07097830046011534,0.04065398631575611,0.07563426512912273,0.05155762130474811,0.0016154526155405787,0.046137177044836955,0.03266401310743239,0.045499896856804244,0.06863753319560799,0.04676522339557589,0.07676343014704486,0.05711217432756015,0.005123228290780552,0.05186335583876723,0.031689903720594485,0.05088598687953963,0.062132560809753636,0.05168042407001762,-0.3492733949392154,0.05259286533866759,-0.312585350682996,0.04082670269757832,-0.23756972274688948,0.03202649221968579,-0.16354640993794584,0.025043893541066467,-0.14501511415514265,0.01862583131652359,-0.15772149354884518,0.037790478851354434,-0.0500957026304819,0.03511372029316634,-0.0866894452429944,0.03495507278942565,-0.1317231849672734,0.03630226783837692,-0.13753163436652935,0.045317001441744775,-0.03986315605276462,0.04139225705497853,-0.07249489999686783,0.040542489548117976,-0.11016329268576665,0.04198405877665478,-0.12945657029678712,0.05194896877903063,-0.046334069385089556,0.047839365877937724,-0.07416512325254397,0.04687275761098951,-0.10815820654343507,0.04811347270154107,-0.12697670299384015,0.05760880208846807,-0.053423773329590835,0.053859973208255744,-0.07772250445619809,0.05267386136028407,-0.10861242953660467,0.053495963708953306
-0.022736838084184655,-0.024455698025458765,0.043903701014746346,-0.028565791532739238,0.0797099689812959,-0.028382055639073013,0.10837734732352103,-0.028183600848203032,-0.0677866414034607,-0.028878017391281277,-0.1023967232226894,-0.028867003250516547,-0.1363322063430962,-0.02877949923975916,0.1585045279706752,-0.026034166245827453,-0.17065006427142623,-0.026899585668324205,0.050549111469690225,-0.019717172691136032,-0.08390362201371737,-0.02029567374671151,0.4999994724407933,0.0007263325191578865,-0.4999994724407933,-0.0007263325191578574,0.7410041504958629,0.03519551993278078,-0.7570035873934465,0.03346836915613426,0.3097661145783286,0.02695622505280226,-0.2689204921196525,0.024733287748914156,0.19683052428925016,0.023329335251344247,-0.10630806692084589,0.02182406934683085,0.18017427356763174,0.018290749677596876,-0.11244681286820456,0.01803450402389615,0.19323286898604616,0.018979784310983253,-0.1448969523081135,0.018623193159679027,0.3235399890413426,0.024546347741570943,0.2883296165920858,0.01863904684714341,0.21152267067805505,0.01435985290294018,0.13722564077133914,0.011207705944626238,0.12543897053597694,0.007925525372920208,0.10330579607531429,0.017041812867244502,0.008709478049491775,0.015239448859648503,0.04810542878916837,0.015367046011598724,0.095158074760478,0.016043781521131173,0.07872403276177474,0.020421151510969147,-0.0017811449887389988,0.018146547874039222,0.03373708977579825,0.017936311290169357,0.07032895859070368,0.018522413771681734,0.07122944564170745,0.023469348343792874,0.0005991662988629793,0.020883745423087897,0.031835539140511904,0.020636961917589625,0.06787198836005379,0.021260779487175138,0.07178527408476748,0.02600241715066854,0.003411016329862982,0.023552304849461806,0.030371046692523242,0.02311012047394195,0.06111148727861386,0.023479394575217694,-0.347164333262175,0.024328634892454737,-0.31673011960058,0.018845929124507627,-0.24249809647756898,0.014641013878098073,-0.16746974025417544,0.011407846232795086,-0.14832636678430816,0.00844412452201843,-0.15571179156947532,0.017396835337894385,-0.051847816176847306,0.015948525891608317,-0.09125184165852515,0.015792959497352512,-0.1380267778321529,0.016440908048068022,-0.1327780933195433,0.020782565520880966,-0.040764363979045495,0.01878248099846594,-0.0748186173552144,0.01837322222859581,-0.11231230197613644,0.01910683075589523,-0.12286864728154032,0.02377444004297596,-0.0431063457951234,0.021674577418087725,-0.0727098831498505,0.021228921919417765,-0.10728899475608794,0.021849635503878695,-0.11880572329999708,0.0263334087687408,-0.04806853028458165,0.024429097206702746,-0.07465589597210451,0.02394457514160694,-0.10660325495754265,0.024407402687014645
-0.014151703284518473,-0.20231456322873514,0.04773551319215777,-0.23674313448184398,0.08232361350956233,-0.2353082558543976,0.10997398143802611,-0.23368533716170892,-0.06510370970283483,-0.23894685881051073,-0.09991159734968454,-0.23878270454147937,-0.13459546578882872,-0.23803158279338932,0.15838614383538244,-0.21603172597035536,-0.1715257545149131,-0.22236312358682578,0.05454229108875207,-0.16317342823452152,-0.07875031008755017,-0.1675157967514548,0.49996196707878665,0.00616696641067139,-0.49996196707878643,-0.00616696641067139,0.7384198986943499,0.2926206660929159,-0.7568753030620496,0.27829278854441003,0.30634819789152906,0.22496556762673336,-0.27085177926505805,0.20747022579809837,0.19334283413358258,0.19556429875117662,-0.10883577884099249,0.18496385162701143,0.1785604788993546,0.1550285101950195,-0.11218888697563918,0.15381801958357083,0.19163879390139324,0.1604733639840134,-0.14557136964971695,0.1582614700207005,0.32340614240398324,0.20515780378812437,0.2885630683865261,0.15530600083621626,0.21124341572996885,0.11966631586393171,0.1375288872131902,0.09362622853748327,0.12633003434897638,0.06640514436534227,0.10664586072598448,0.14274788770145155,0.011584118124993038,0.1277604852407597,0.0508461923327951,0.1290864584843233,0.09741030535217274,0.13530271963963836,0.08160152799101437,0.17103476302393825,0.00042014566294632395,0.15247266076627097,0.03468228760220417,0.15095324719049583,0.0716981455020262,0.15577250082134214,0.07380973569637864,0.19632061306366036,0.0025625366802650372,0.17502749887169863,0.03274061188156654,0.17327850471553213,0.06890812128657464,0.17833232378858793,0.0739386503991248,0.21712645701292152,0.006990307965892072,0.19604603025852396,0.03330359381128171,0.19292633757081645,0.06374582176583701,0.19655047058081937,-0.3531765656536405,0.20462719294128487,-0.3225612615514895,0.15880509689562008,-0.2502242029518728,0.1235590775385663,-0.1777002996248579,0.0962517275632987,-0.15513023167519482,0.07190732406524192,-0.16368072371170622,0.14638157502993884,-0.058885513095441204,0.13357961907124813,-0.09299201908818724,0.1327755331663428,-0.1374875814737812,0.13890705167075354,-0.13920090274865213,0.17452056611849417,-0.04278871744270411,0.15725882045338188,-0.07633948275881626,0.1541705600888039,-0.11464948517062326,0.16071789914985857,-0.12808180565781455,0.1993953035266228,-0.04450061086485477,0.18120831212075303,-0.07420382304717875,0.17775560296993273,-0.10851818360020739,0.18339389709113818,-0.12394460240076724,0.22060007488970032,-0.05040926940038497,0.20440799748968067,-0.07711980427045617,0.20039116814313376,-0.109072598413601,0.20474004467410686
-0.012451673776174047,-0.8430606287766572,0.04874428992522571,-0.9902720200163762,0.0831212169648468,-0.9850115769445145,0.11039698095150371,-0.9788140920426183,-0.06446758114625772,-0.9977526743781177,-0.09942595485381885,-0.9971756982032561,-0.13430491542865483,-0.9944801421734432,0.1582549999531752,-0.9056275534979534,-0.1717740676825419,-0.9294517040981956,0.055368159688170285,-0.6809477461722984,-0.07767642859945333,-0.6974988609135804,0.4993083412101864,0.02629030996264655,-0.49930834121018663,-0.0262903099626458,0.7370989533739606,1.2286018001794177,-0.7578070476608323,1.1682420198492243,0.3043943047686288,0.9438955636301328,-0.27402356665157346,0.869151160375789,0.18911372158965592,0.819321558206227,-0.1140498832451509,0.772177929674042,0.1740720597578479,0.6485232531729405,-0.11653001646718172,0.6385052974443453,0.18782661796925718,0.6714669851711793,-0.14921188036995583,0.6570475171836258,0.32206189418921444,0.8591999910187179,0.28836242225876374,0.6529207001745011,0.2108759743075991,0.5048628642695978,0.13653408278893256,0.39691053484036715,0.12550624575783634,0.28530179675796297,0.10176660603503743,0.5952933535662236,0.011411972607726445,0.5407858016346995,0.04845290481514958,0.5482438067052288,0.093729386133003,0.5711933462140347,0.07917295890448717,0.7126166820468526,0.0010153681700868597,0.6405954204975168,0.03420455981692384,0.6359058557144206,0.07090116482578779,0.6545967477242244,0.07307769553270813,0.8186281414444913,0.004315289269941689,0.7339128232971481,0.03296795480400191,0.727337559832849,0.06829519233190023,0.7473961205812524,0.07415913950169044,0.9069894147259867,0.008059516666222748,0.8228455556184661,0.03391378557709974,0.8107020510222376,0.06357011093475518,0.8243038215219151,-0.3497657764106267,0.8586604732870156,-0.3175090782030579,0.6666008720668376,-0.24243230977155775,0.5202463790113239,-0.16925534782294333,0.4117690506268088,-0.14698821084194372,0.30907426051415593,-0.16414236381594868,0.6209137671849315,-0.05104849251475792,0.5707664941873377,-0.0868016084198221,0.5639223429837729,-0.13137009111591819,0.5871320589659943,-0.14144273069672303,0.7418098761665648,-0.03873966056578058,0.6709094641567188,-0.0732147340925132,0.6547791035560379,-0.11202810633533601,0.6810575081220214,-0.13172062882870356,0.8462202049007982,-0.04407734301370388,0.7730194379552442,-0.07372104371949022,0.7556613696206359,-0.10758769047549797,0.7769935174364486,-0.1279102238218183,0.9335396107865199,-0.051629633747571936,0.867612170075454,-0.07730827746107632,0.8495734615023588,-0.10788396254758788,0.8659181192429725
-0.012382611755901062,-1.9277086895536115,0.04851133427572828,-2.2703193868761176,0.08269972275501918,-2.259280544891153,0.10973839441219581,-2.2460297951103625,-0.06413644879437153,-2.2851945168764196,-0.09897771664853636,-2.2844487574414853,-0.13365606804159155,-2.279051515479077,0.15715163533413432,-2.079879667108775,-0.1711779235025991,-2.1308844048274977,0.05505206107375817,-1.5574721785348522,-0.07721294714114889,-1.5936778977802037,0.49621365735187717,0.06141666107396097,-0.49621365735187717,-0.06141666107396097,0.7327473243549897,2.830256534677015,-0.7541578441024356,2.689663856245069,0.3022534696345966,2.1718490974409876,-0.27408924849750294,2.0109466589278373,0.18694926843884882,1.8944599698940492,-0.11595794015468064,1.799595630958543,0.17044222067542947,1.4952069407001018,-0.11776397682690329,1.4916337048041584,0.18425239929864853,1.5479428818340308,-0.14985022720744903,1.5304172012905863,0.31673169676314633,1.9839230609973062,0.282740304724725,1.5172792835102462,0.20569244828671782,1.1690970888873586,0.13203883647979175,0.9167539948606753,0.12292158230985448,0.6589135121256248,0.10183305263824471,1.3703172720350825,0.011048840678576165,1.2453501565531828,0.047890208947278114,1.2702933727475882,0.09410670660368783,1.327944516173356,0.07868394828534223,1.641955305783879,0.0004227636658395405,1.478053806051637,0.03349045678695966,1.4744471879070398,0.0709414218449643,1.5203691444456786,0.07113437318437861,1.8893551564298519,0.0024180099586303995,1.699224556285047,0.031154006186420415,1.6884888251178618,0.0668564761404029,1.7353802021574165,0.07093110683625348,2.0986097791836626,0.005844008636135298,1.907563170135786,0.03235054719687654,1.8816905921388505,0.0622956242496338,1.9140540145641052,-0.34882654298428445,1.9531980393359987,-0.3119201497096898,1.516695761803771,-0.23626168449401652,1.1867549631354741,-0.16312341861248647,0.941355376828861,-0.14020377263963182,0.7160305395729263,-0.1578715622656286,1.420596279668063,-0.050177107054990885,1.3216165771184707,-0.08530729628059519,1.3072501925876574,-0.13024453060178923,1.354614262268156,-0.13752247714003427,1.692236983996753,-0.03917331869387235,1.5531598596537064,-0.07138921457605783,1.5167785497804336,-0.10916267534758067,1.5709499276064929,-0.12899004351298662,1.932993767160543,-0.04302546880968515,1.7866393126108826,-0.07137091049197297,1.7468837250436475,-0.10515580010110491,1.793374515099351,-0.12665106472403792,2.139824838662059,-0.050220086257952636,2.0063332321638296,-0.0757610591013314,1.9623968517751451,-0.1071210115155908,1.9967845737587875
-0.013476941997241572,-0.27862739965501904,0.04836077486292231,-0.3290013036823567,0.08285299777279136,-0.32752062590461284,0.1101555225599679,-0.3257507608298654,-0.06511009355280074,-0.3308761689770226,-0.10038299080775824,-0.3309400230848844,-0.13526325988028942,-0.33037280840334615,0.15781809943355027,-0.30203914924449926,-0.1731264238190476,-0.3092522373649561,0.054917543322243474,-0.22537152101479344,-0.0785130104751917,-0.23047247439723773,0.4999184152937155,0.009032056810064611,-0.4999184152937155,-0.009032056810064611,0.7394085732729366,0.4120904425890104,-0.76254899495201,0.3913491144891066,0.2968221202489975,0.31813271345088656,-0.27329579068315185,0.2908014085171226,0.17848748876534246,0.27744658387316085,-0.11158959292337277,0.2576527808631701,0.1633340366478614,0.21889314330561585,-0.11420826812970909,0.21323244753085077,0.17828913822090112,0.2265989173008665,-0.14676372219675504,0.21958874550189747,0.31305305976959896,0.2913103005256748,0.280979736004365,0.22301512975780174,0.20630645809122902,0.17243918279342996,0.13350732808414392,0.13542107383722538,0.12361342371952434,0.09877153312062412,0.10033431957560046,0.20214551118587162,0.010252014664824949,0.18242973052044162,0.04910998600563261,0.18646399035635522,0.09619828306882014,0.19544529382536854,0.07584698773129607,0.2418423873053247,-0.0009975566139076115,0.2164973527054752,0.033304665209756244,0.21630598446732396,0.07100348737298648,0.22325424301277344,0.06799707147197213,0.27781456985646175,0.0005658285294972078,0.24888341868833636,0.0306951540429475,0.24782410038830668,0.06688028052154478,0.25495460515649865,0.06794941846642899,0.30817341347878613,0.002993891713659845,0.279333288379315,0.030565839262947276,0.27569884453791593,0.061227697295611366,0.2807248809427471,-0.34497110397617137,0.2809733102985621,-0.30867611084590485,0.21692259389187418,-0.23481262855902216,0.16902153238206633,-0.16116144652119518,0.13329622650327058,-0.14008497018905572,0.10040786741662101,-0.15295148533109892,0.2039140176625794,-0.04715509272907728,0.18921495730113755,-0.08463428341162996,0.18712912113946312,-0.12934125389224538,0.1940032390490364,-0.13432170573016164,0.2434843500789144,-0.03854731040082279,0.22283036042441431,-0.07093384067257713,0.21747088524357508,-0.10853501490350796,0.2252488590203596,-0.12779212392143885,0.2783360774182389,-0.04474678314122974,0.25684344460242936,-0.07264965434012391,0.25105601103911185,-0.10673234650577167,0.25801242117279904,-0.1265290138065543,0.30824270197880643,-0.052498440532285494,0.2881474842894559,-0.07781807081101692,0.2817316020901003,-0.10986013501919567,0.28703188121349915
-0.017860067104505793,-0.34148752434759855,0.04627183962823869,-0.40404876261093825,0.08118047641225774,-0.40232187481701354,0.10914915139543194,-0.40025161525211783,-0.06721578012997897,-0.40608881596649626,-0.10295789621054767,-0.40632795840643204,-0.13746108958584205,-0.4058143334555565,0.15685245864091985,-0.3713636144411233,-0.174201345463793,-0.38015397953483865,0.05292501941959919,-0.27640006796813243,-0.08172635955593212,-0.2826153835638274,0.49987386528975597,0.011230262698571794,-0.49987386528975597,-0.011230262698572208,0.7403557436631015,0.5076123631196024,-0.7644390210805886,0.4817460577715811,0.2930590550291343,0.3924221180348891,-0.27361659847627035,0.3579333129304212,0.1734058256028492,0.3420075964735896,-0.11313987876233113,0.31710000994368287,0.15911048533589492,0.2696913046918307,-0.11446845900854101,0.2626084858666934,0.17461930632715464,0.2791982613604312,-0.14672716082273568,0.2703013984851768,0.3136281842672367,0.35877359475382,0.2819018304628407,0.27451379167829415,0.20776186256021803,0.21262114935286786,0.13391661456514195,0.16786199428926077,0.1220905712031309,0.12223844019163727,0.09983412978715372,0.25038774604295566,0.010614597996183132,0.22503315537170138,0.04963506597651464,0.22881215512649286,0.09553830218447218,0.23947984210016343,0.07494698753896474,0.29859876642030386,-0.00034560386948519217,0.2669973406305671,0.034114236370237735,0.26598847711710905,0.06975967292312363,0.27434831418366085,0.06737341864406377,0.34219528090473217,0.0008055948854075929,0.3056854057936579,0.031114728581897053,0.3037997264644788,0.06643267595574802,0.31260561253532443,0.06770355378911977,0.37858576388403653,0.0030418432446732845,0.34277194490118246,0.029604899663263035,0.3376426201360696,0.059479687860646925,0.3436425523260512,-0.34440768930788396,0.3471906476979988,-0.30983509020850586,0.2681017178494418,-0.23630226973973117,0.2076716291382012,-0.16262168224548754,0.16380910898418832,-0.14193674111001361,0.12438463315233897,-0.15715063865787843,0.250571609925882,-0.04702410812153513,0.23174299317718877,-0.08346109558633373,0.22934583795550612,-0.12909291674131224,0.23803280946310829,-0.13685119441804913,0.29945194259393376,-0.0381894311139546,0.27322053610695884,-0.07115643767833087,0.26695531460018423,-0.10966694659211633,0.2766399267608588,-0.128453712411443,0.3425345933432233,-0.044301205550291156,0.3147740124325354,-0.07292231469343859,0.30851117876839595,-0.10701304267326084,0.317341659618386,-0.12576256143244852,0.37974195728809923,-0.052352269544021404,0.3534644654382613,-0.07845085715803812,0.34660371597821654,-0.10984504045890048,0.3536908329200974
-0.02461725347811861,-0.6275028855033448,0.042749966354371095,-0.7443524031180991,0.07814159994296786,-0.7413709891936449,0.10732251571849345,-0.7377061003982117,-0.06984850685659692,-0.7478165032623034,-0.1056489677844527,-0.7485896828325693,-0.13948553200871883,-0.7479571214395639,0.1555869221799068,-0.6847950949316428,-0.1747319403633699,-0.7009445856592701,0.04883193406507851,-0.5080327564032832,-0.08667642999088639,-0.519375882567402,0.4995691605152537,0.020752201379241594,-0.49956916051525396,-0.02075220137924104,0.7407732227443252,0.9386278760460466,-0.7659727500858587,0.8912796639585941,0.28806528580157265,0.7204642841431512,-0.27473568397155473,0.6555013311048301,0.17130948602305043,0.6244701172915849,-0.1141811536754502,0.5674717072838013,0.15766217856919001,0.49214664925218643,-0.11651330007940232,0.46881152558561723,0.17274038171045702,0.510602454410618,-0.14818989319458356,0.48647343313512725,0.3127966956698201,0.6675795068319018,0.284554862394473,0.5135347180944313,0.21279488433015425,0.3982229638382131,0.14039257953082077,0.3145780704535779,0.1297825947919624,0.23028606896794473,0.1013943159025523,0.4673348143197161,0.012495116075717261,0.41209391112302196,0.051656097052944716,0.4181140441852344,0.09696718363075567,0.4392931694035874,0.07420139933793062,0.5548892456796579,0.000718651341510701,0.48986986904670005,0.034548198380102854,0.4859823715380489,0.06902902160790278,0.5025665002681178,0.06463911092968072,0.6335750340668646,-0.00014700495495018523,0.5617469164747697,0.03003685988022034,0.5562716237482749,0.06456670170939394,0.5727076405424203,0.06352063255227515,0.6991798054941855,0.0004528118726490995,0.6297183932115307,0.026680407764572856,0.620289922385752,0.05655755039695596,0.631562298651908,-0.34752912059844804,0.6391371662319806,-0.31973221757416,0.4883609786994824,-0.2527471801150371,0.37510604079153126,-0.1810723235638925,0.2855185967873099,-0.16350576536367312,0.20631000853104126,-0.15526809787429097,0.4627759641967462,-0.056408765721002126,0.40577843580762923,-0.09809522165241286,0.40732523575749424,-0.14267194449470458,0.42965090605125306,-0.127596080415329,0.5468008352265182,-0.04480274740982971,0.4777317432503259,-0.08225509452464648,0.47012690063560214,-0.11869066160515711,0.4909229625434871,-0.11433197231826642,0.6201025784191824,-0.04978759339518255,0.5492341027452564,-0.07992040566211701,0.5415142088945922,-0.1139051443722789,0.5605435069953933,-0.10715176420043027,0.6812688406714714,-0.05252012617591619,0.6159311997000116,-0.0814800514518871,0.6090426722515827,-0.11221522300499875,0.6257242198442681
-0.03117369469800334,-0.2814010048512152,0.03930564423523371,-0.33561726358551996,0.07522709863113455,-0.3345845624667599,0.10552571046305236,-0.3330839608411074,-0.07226421482678208,-0.33701436509904714,-0.10789658752677934,-0.3378261659784984,-0.1411887217512421,-0.3379695661338487,0.15477362746144727,-0.3096999355084027,-0.17494613500104805,-0.31725094368866513,0.04429922516397864,-0.22793614693092826,-0.09129546040354153,-0.23303025244954503,0.4999153894537482,0.009198009964514964,-0.4999153894537482,-0.009198009964514767,0.7415532824357198,0.42634386187270934,-0.7668978075987556,0.406922240832611,0.2774928789456806,0.3258395529929961,-0.26258572984470524,0.29284131724489243,0.16589126161284706,0.27945430274228744,-0.09751865643317192,0.24778546843436938,0.15186448842309402,0.2201846385334577,-0.10786493104529127,0.20361582058389743,0.16750584395806603,0.22985064900497357,-0.1379678019964972,0.21399463182761447,0.31049074021843287,0.30397212930327705,0.280777009874072,0.23385425334221344,0.2127742053286281,0.18275439798401377,0.1423822016401396,0.14484435691478542,0.12977152160299552,0.1075731165375914,0.09610897600832415,0.21399083182349782,0.008643237339527203,0.19029440615235915,0.04717416298760522,0.19117940711111053,0.09022290623814176,0.19951461614092444,0.06997191912546277,0.253135674230428,-0.004284618248474546,0.22336424197802976,0.02988280242073288,0.22052623890352502,0.06342951175838359,0.22832404735115433,0.06227522076136039,0.2885537125999854,-0.004093865044909858,0.25634767771009975,0.025668520598972996,0.2528800739535277,0.059314372743599054,0.26056988228415673,0.06334970892402184,0.3188423454126845,0.000694101438157092,0.2881643121781349,0.026723872367679764,0.28296270654305977,0.05561127693480655,0.2878617118503178,-0.3438351941582809,0.28945331357455384,-0.328506128286348,0.21968203798897348,-0.28080937888086666,0.16452017823026727,-0.23283393029109511,0.11846792834030917,-0.22016136234158848,0.08056728728126447,-0.16227967441131425,0.21018382769924174,-0.09053560305849934,0.1589323721768084,-0.13424852168430726,0.1625513760973975,-0.16712901986009604,0.1791583940883411,-0.12458871431062915,0.24336166364191225,-0.05828599514722115,0.18491860032856722,-0.0972954324334831,0.18104239612934445,-0.13053056463340146,0.19424381043088226,-0.10574506646821842,0.2702200927385558,-0.053552384166130146,0.21304603079996304,-0.08578875946456774,0.20914942657863994,-0.11741266836714202,0.22145983991492652,-0.09541100657564429,0.288811712879486,-0.05987848920792918,0.2401550601680901,-0.0909937568307745,0.23536205497566573,-0.11942239688964879,0.2458464663337828
-0.037721794382556684,-0.37518837764883933,0.035889128151859205,-0.4482263689018308,0.0723774853104715,-0.44697290376667514,0.10367832882102065,-0.4450007264203918,-0.07559149940022411,-0.4498514986912143,-0.11107793384706055,-0.4510444913916289,-0.14375605194616245,-0.45135635255397794,0.1541650910509824,-0.41379347159104785,-0.17533703463549974,-0.42409759986294593,0.040051806941571635,-0.3039266972720843,-0.09639420101371801,-0.3104673530013496,0.49984115558403264,0.012602348369208819,-0.49984115558403264,-0.012602348369208819,0.7407903805529176,0.5708043954879664,-0.7656282675894053,0.5457762996651646,0.2783377239926,0.4381506177230813,-0.264353677199771,0.39048308724975583,0.16715597266361498,0.37806563468765403,-0.10036085366051258,0.3316436758237107,0.15267223741192987,0.2970060819971001,-0.11095145879796738,0.270930421652122,0.16985471803484034,0.30884342730911785,-0.13913553755200372,0.2834696218151411,0.30536142981232495,0.4091789699391477,0.27015880048772883,0.3170599186967203,0.19916475058744446,0.2501115818953113,0.12758700102419654,0.1985007670379985,0.1155193261708851,0.14857408273051367,0.08262277894110354,0.29404266511763605,-0.006172481371374048,0.2640221149258019,0.03765876052153534,0.2671979880582947,0.08041710296416787,0.27894301925533177,0.058011060249249555,0.34863562725455366,-0.02345516444863834,0.30975078140738055,0.013566180155185618,0.3064911566285431,0.049029906118972316,0.3173745894190901,0.051927019763654526,0.3981371314788363,-0.0229183073964497,0.35786971452410654,0.009004117192733375,0.3526591847820028,0.04410450742772495,0.36298766257408455,0.05649763659416117,0.44007476497186004,-0.00850952032200511,0.4021213551659886,0.018196063071499163,0.39407611315110497,0.046915471401285866,0.4005817162743917,-0.3352901921542116,0.3834206560879891,-0.35697597881258014,0.28824667658255126,-0.33975317281169803,0.21301120802729356,-0.31325766834434415,0.1463307159479018,-0.3275032191034136,0.09427144179578281,-0.1897179198070044,0.24498373349097294,-0.15716474928055713,0.15996564451917403,-0.2056353444436974,0.17685404359495172,-0.2275659346592476,0.20694603688446664,-0.13568008035323403,0.2776945042973562,-0.10584490140113506,0.18442273071481738,-0.15305380102622243,0.19264537637675178,-0.17344937925302253,0.21834856933606686,-0.10620874628874323,0.30580829975482804,-0.07934389801860335,0.21664651111753247,-0.11858313841086954,0.2220740459241276,-0.13844837681828465,0.24528449020180992,-0.09103204589287327,0.32673390279244363,-0.07118941413674534,0.2531905921013601,-0.1030478883790444,0.25317159412407403,-0.12361810807862582,0.27124509237449235
-0.04393095506866069,-0.11096858020439461,0.03207147659218629,-0.13283614373391128,0.0693314304402195,-0.1325183909887523,0.10162131185154727,-0.13193867202515705,-0.07896590026934584,-0.13324091392459977,-0.11418506563005347,-0.13364429342551948,-0.1462288786307319,-0.1337801042149347,0.15368327404402016,-0.12261318324394636,-0.17547912740169289,-0.12585714593248912,0.0353758238209033,-0.08975011119093622,-0.10142129848090355,-0.09168531560511993,0.499985588464544,0.0037962254627037836,-0.499985588464544,-0.0037962254627037836,0.7409960960475913,0.16964861579415288,-0.764636290730796,0.16251509249242768,0.2787905675189309,0.1304868713745854,-0.2651128319873698,0.11631852401072157,0.16722182553875045,0.11311524893141268,-0.1013506875456739,0.099213119323278,0.1537115999314574,0.08890135335808103,-0.12211988032127585,0.08107614069938074,0.17107210839655995,0.09227222642151915,-0.1471687275002259,0.0846092079238467,0.30267051332853623,0.1227795892082737,0.2683778490270554,0.09500115708770956,0.19988850238799938,0.07472672802326133,0.12811396415633486,0.05987463810110102,0.11891946260761567,0.04431552150051628,0.08014295297320465,0.08899607919832857,-0.007836438272803484,0.0785585948780381,0.036595671030961806,0.07919775589574828,0.08040196162739521,0.08330585347258908,0.0547232200738559,0.10491272227145812,-0.02510952367524055,0.09159364928236355,0.014550794403878669,0.0901799137974619,0.049491489799242665,0.09382145482388897,0.04911387922786969,0.11879299818322694,-0.025659942538315647,0.10472470101472522,0.007647225420391428,0.10277773533849749,0.04177074953070122,0.10605006809832239,0.05383227921144786,0.13044817046502108,-0.012067592235791519,0.11813095038532279,0.01537713594026157,0.11554132709996606,0.044025612440707414,0.11754686068245437,-0.33953471988590217,0.11288018262650315,-0.3601940734289247,0.08567614511441961,-0.3418780247753883,0.06335199826683065,-0.31280608644692665,0.04361922300030774,-0.31941875467993647,0.02813321694756506,-0.1954017021963081,0.07322812072847332,-0.14616050931249355,0.048788536072672826,-0.1957406958204198,0.05283576117163642,-0.22652492385528247,0.06180658432782653,-0.14211968901041325,0.08342815470425093,-0.10113488096440894,0.05757666232724461,-0.14573979855987637,0.059944887801418774,-0.170078766394316,0.06710797319422797,-0.11198267693598264,0.09266988422739024,-0.07516055164304632,0.0679085336930982,-0.11136684361343026,0.069136870364831,-0.13565731100751016,0.07562034553465653,-0.09552421552656395,0.09976542183143239,-0.07215515460763958,0.07935573825347653,-0.10214483131072528,0.07940000192211562,-0.12325036852672173,0.08509992274224294
-0.04978468637760897,-0.039207980629147016,0.028630319309333265,-0.047073018538975754,0.06686294843628106,-0.04698938671011873,0.10005056401804643,-0.0467820170824324,-0.08181271157139186,-0.04721696477228725,-0.11668679087342101,-0.047399377689976714,-0.1481858013879169,-0.04747293356513735,0.15375717842085515,-0.04345802637733411,-0.17534216017506563,-0.044744738382954126,0.029689164419147696,-0.03165337536286371,-0.10684679153818573,-0.03236286099445647,0.4999981017654712,0.0013777630149687183,-0.4999981017654714,-0.0013777630149687183,0.7408617074622649,0.06040269976823221,-0.7623256521262065,0.0580043684165965,0.2798154215109063,0.046433725420720766,-0.26606511860564436,0.04106921984027256,0.1683723815785678,0.040300281842339566,-0.10172499540751694,0.03458624100421156,0.1549159530575972,0.03162176258808288,-0.12949887788351755,0.02822623685127214,0.1723336696011092,0.032826383128033675,-0.15112179207039797,0.029665246967671463,0.3010677806969138,0.04330656204112436,0.26850584631640256,0.03369904833512693,0.20287559997300886,0.026257652697260884,0.13274383434823406,0.020718110984297874,0.12143120008657954,0.015264377393136066,0.08221477496391838,0.030884875449874057,-0.001276956597670179,0.027231755766391266,0.04086210128091349,0.02759581848606244,0.08542414428078036,0.02897276185823398,0.05498459068952922,0.03645932264057908,-0.019833869748158456,0.03190872235772976,0.0172669045329745,0.03165618758556441,0.05223408144529451,0.03284009094722787,0.0463694418414942,0.04145815447930642,-0.022537065420459933,0.036544254592493636,0.00949503852952429,0.03616572093792056,0.0440125325706692,0.03729979567022448,0.047528828291666575,0.04569697960023558,-0.015103532243893655,0.041226817365688784,0.012182123114831179,0.04057392948241851,0.041221235764423256,0.04133034673003594,-0.3437482934611982,0.04049397191437643,-0.3540276768082006,0.030749747442518453,-0.32501191503785987,0.022852121665615673,-0.28589654110008195,0.01585208954225825,-0.28190160333888137,0.010328092778896892,-0.2003153647055576,0.027153211375585726,-0.1352754163533732,0.01916604668897726,-0.17630994705268965,0.020169063364366746,-0.20782313124498453,0.02306472004907707,-0.14912207987388712,0.031160247166181532,-0.0927240981917601,0.022674965767246036,-0.12918114277544912,0.023028570975367015,-0.1564701631080397,0.025383715630654825,-0.11692590795571249,0.03482992928687636,-0.06762924475756939,0.026812607398040644,-0.09811305285360297,0.0268581399686012,-0.12394218437290275,0.02892592916461587,-0.09710865913907389,0.037830782885072904,-0.062159020878418805,0.03136021174514853,-0.08883571793631422,0.03125812382158263,-0.11065991874172064,0.03306159234727938
-0.05166683241546881,-1.084812640551,0.027171057641021974,-1.3039900604000603,0.0655517497464703,-1.3020363439264409,0.09896899715372376,-1.2963567622950833,-0.08284644297912158,-1.3081131786264009,-0.11765470328587917,-1.3137249174336048,-0.1488486479004586,-1.316169612033472,0.15318566407517564,-1.2041567956493524,-0.17483872206903026,-1.2411970168622655,0.027618361357883925,-0.8741453775052329,-0.10870324097205547,-0.8944641072618809,0.49850311689306204,0.03866060589155496,-0.49850311689306204,-0.03866060589155496,0.7382694983636049,1.6809847911237346,-0.7580831214818012,1.6120541288527783,0.27924296768230183,1.2894658137052737,-0.26593730866463633,1.14596059364182,0.16838890745169108,1.1207638471819705,-0.1054037661005864,0.9739919755277406,0.15480978320712604,0.8780371242503545,-0.13266225128626805,0.7971637719979475,0.1723585246189678,0.9127444150534801,-0.15250118772844137,0.8346130109310504,0.2999425571396916,1.1898184304496475,0.27015253623644414,0.9253718077573205,0.2057542201198632,0.7166653199761259,0.13615437173579434,0.5602197674766045,0.12349506658899409,0.4073459631990284,0.08359964144235518,0.8344867370040121,0.00013175127660278667,0.735876996018397,0.04089270911536905,0.7461789092584546,0.08578898981652192,0.7859669609271377,0.05664572942388224,0.9875746579404789,-0.018535046107521637,0.8692630470964503,0.016381482030703828,0.8592419168742781,0.05050404607149959,0.8904786354591129,0.048765457852006415,1.1285175368881912,-0.02135326284362165,1.0009040081890364,0.009909607207328721,0.9872381889050797,0.044259076224496235,1.0152482557145353,0.05007687102189676,1.2499279569603499,-0.01587460559155101,1.127726167991411,0.01111936044156835,1.1074886143307159,0.04050294492208572,1.1262414689610776,-0.34401905211975975,1.1472060780898756,-0.3414745039304305,0.8759226242050411,-0.29649181228397486,0.660232639241547,-0.24854207375562706,0.4703903781257413,-0.2537180893792666,0.31949930979569946,-0.1918476492225682,0.8083582301384381,-0.11422642527594104,0.6004658562470931,-0.1566204483209953,0.6188783202915241,-0.18970231960053793,0.691463867655641,-0.1476383863665407,0.9338909841268302,-0.0764217383658881,0.7102535848609768,-0.11397766341340458,0.7083673190564583,-0.14503060569723694,0.7702164453818886,-0.11890766199277018,1.040724216572058,-0.06024855754333208,0.8252891323929602,-0.09066561692967116,0.8176374030004961,-0.11790122862983138,0.8714598997028769,-0.09986482450667501,1.1239834401663966,-0.05955310192354773,0.9414595766480774,-0.0863467978834356,0.9313560938647921,-0.10891286375936664,0.9769527461772425
-0.03575668734076748,-10.365567122030983,0.01811944584130062,-12.468785757858146,0.04438227998835303,-12.450105447082162,0.06731969192573994,-12.395979575818659,-0.057307461223549266,-12.507387971062888,-0.08121883044543199,-12.560761362536823,-0.10257758684440228,-12.583866254475458,0.10454278647182806,-11.511541167955121,-0.12020395548453164,-11.864138147750076,0.01858433027579239,-8.343612541078024,-0.0748798837538892,-8.538075893095636,0.3420551016641356,0.36468933001327997,-0.3420551016641355,-0.36468933001328785,0.5057097561248138,16.172822373210646,-0.5201971442137878,15.513002944931591,0.18772392408531072,12.312608577533648,-0.1808140128829198,11.078534197847103,0.10904122292924422,10.748052599067503,-0.07278574316637208,9.47126746652516,0.10076000719182708,8.447082274542323,-0.08751226446295354,7.773665536465788,0.1146493880172422,8.785419762324995,-0.10249311309108826,8.118331379278722,0.20192527233633065,11.3701727898893,0.1827593486327097,8.756878203906744,0.1397223410450078,6.759119610587293,0.0922975771321193,5.253264580505204,0.08480171638838307,3.7850711638908994,0.05612259834703355,7.883437288167721,-0.0003966154234596636,6.936321076232253,0.028030335918640875,7.058772112388379,0.059570409922061904,7.447119406985623,0.03796241413212583,9.420693299868407,-0.004562035714758807,8.278895516776368,0.021469959264822074,8.259504112599252,0.04449184495552277,8.58251358706846,0.033411843708142624,10.788189871042956,-0.0008662393094575049,9.577826129525642,0.02198628068771786,9.556049364415586,0.0455402395077904,9.860239319347745,0.034637131318092595,11.927083082147279,0.0024087216812320373,10.72250591021173,0.02394269839029405,10.637099454095951,0.044313418545882576,10.860036641350742,-0.24240241852822864,11.2150566060681,-0.2301179693179623,8.698734090566969,-0.18543518719477994,6.672486612414539,-0.14611279442277098,4.986728714242945,-0.15034749434343825,3.5585521728377714,-0.12526638667116946,8.204129124885062,-0.05948252097575102,6.718508276344402,-0.09092453015168622,6.825962390294468,-0.11853573825221377,7.375332835060995,-0.10098777965538314,9.591295517758875,-0.03852856949365164,7.915861642300135,-0.06599877891187368,7.801529863073428,-0.09203767397526466,8.33167444921654,-0.08473257615464759,10.784728464010957,-0.031236714258124982,9.15503783495995,-0.05422277527126498,8.964615299412301,-0.07741298118824728,9.380382957541352,-0.07351199441185997,11.717035873687754,-0.029708589636500936,10.382415144519356,-0.04991189563741952,10.195235796864747,-0.07056015249737775,10.555605892885922
-0.052809635882144934,-0.3536493972112561,0.02563205371379031,-0.42553804986309696,0.06396462047490463,-0.424903748815553,0.09755570036912063,-0.42305615888534126,-0.08442066809187422,-0.42678118215339583,-0.11940015322842852,-0.428569985715989,-0.15052296844701055,-0.42933768165023006,0.15218653017956318,-0.39272509453704724,-0.17587777883815955,-0.40468676967597755,0.026674451960109175,-0.28437088500875934,-0.10984235891738171,-0.291017217704866,0.49984548310718974,0.012429522007702969,-0.49984548310718996,-0.012429522007702969,0.7380774585670541,0.5540387463439688,-0.7603612659997125,0.5314544903481876,0.2687034444695529,0.4203397656139993,-0.26266598376731476,0.3806927985757479,0.15206294898122028,0.3678899767018977,-0.10642453458924153,0.3268720138078924,0.1412832888351574,0.28988085277807535,-0.12391951968776155,0.268784136290264,0.16276931550058882,0.30139937904075564,-0.14731861180661773,0.2802265104093329,0.2953597257180442,0.39004150328702447,0.2686297436560436,0.3000734055672039,0.20409714847260987,0.2317106486187055,0.13524531914940005,0.1814800772430524,0.12475272570788985,0.13131305174399355,0.08052124355833011,0.2718497746121191,-0.002068865308502161,0.23996440899481822,0.039579220093491345,0.24320036055677613,0.08498177152290012,0.2561426231800764,0.05551752999838751,0.3241693845219669,-0.00863393832623573,0.2859196549565244,0.028688601540349558,0.284373457716314,0.06247737063323299,0.2954209212257783,0.05021779000816776,0.3706013531935084,-0.004979029475080467,0.32981956485299924,0.027485568095525895,0.3276891057271783,0.06131037322153381,0.3377363005394818,0.05313202604289592,0.40924213430722356,-0.0011647069858650347,0.3687860507431047,0.028321319033248207,0.364260143613357,0.05779960850287721,0.37143156592132204,-0.35955588279561057,0.38829463485756877,-0.3394673212791503,0.3013021306951985,-0.2726649649923797,0.2303867333111973,-0.21662587958236953,0.17232972828422205,-0.22023192601572858,0.12220103612772475,-0.1854500282811377,0.2850122610020781,-0.08729214951103056,0.22981584950487005,-0.1307352161901081,0.23143845615944691,-0.17324002265079488,0.24992310266724924,-0.15072869958527318,0.3323333574044298,-0.058758533452127976,0.27087600480276836,-0.09816556442123978,0.2666405563559153,-0.1360738425211573,0.2827588264551556,-0.12697566032750585,0.37233998895879006,-0.046572857233979525,0.3111064619143642,-0.08005867933652631,0.30431708667823154,-0.11533184796337667,0.317324696073414,-0.11003261695667563,0.402519649467506,-0.04421901205335159,0.3523966172676281,-0.07245548353403122,0.34500188394393866,-0.10349889732369448,0.3563619314212661
-0.05130587068740628,-3.5897556948292277,0.024467541848931133,-4.312371949438407,0.06151708273166583,-4.30516459322115,0.0940176508460768,-4.286020948653485,-0.0820056765613068,-4.324387682806748,-0.1159161918827316,-4.3412560741558455,-0.14603041524108518,-4.348122207509181,0.14695127747168726,-3.9758949485592243,-0.17037428269292126,-4.096054886997328,0.025529802514429253,-2.8820646845730904,-0.1065150668328222,-2.952106538090264,0.48383856275585735,0.1260961743684031,-0.48383856275585735,-0.12609617436839946,0.7126755841330692,5.616666392085289,-0.7358081120681315,5.383491357313859,0.25997982972924305,4.258971873612617,-0.25458217095091507,3.898747324257568,0.14679688140907116,3.7312850407145235,-0.1041050900263646,3.4224288585298783,0.13687299571092984,2.9418333856071226,-0.1200265931823745,2.8218922465626766,0.15737990437963062,3.0572604847800493,-0.14313391359700958,2.9141474480454277,0.2850743101819217,3.9212914760683186,0.25710617240055433,3.021184632373472,0.19415925215278743,2.3235323466787046,0.12784653712674351,1.7883255870009898,0.11763827908878381,1.2862226546326683,0.0749842005198408,2.705892101358744,0.00020865131166000763,2.3936080620068005,0.04260238345869194,2.443192172217025,0.08703260754897837,2.576433188690208,0.05149669949438929,3.2295545882663577,0.002547042698779763,2.850362215284977,0.041052514819932356,2.857871723045856,0.07148508159055486,2.9700793454263943,0.04673484133870858,3.6971028449649554,0.013145820369605968,3.3005081059237678,0.04721772290189027,3.310640601653846,0.07891401356767408,3.4187900162329834,0.0496746684085185,4.0979563579184015,0.018831691695942482,3.7084778086804433,0.05218439216104106,3.695667625132754,0.08029195903977067,3.773086143921797,-0.33967202702322724,3.951209688396257,-0.3100154777076279,3.1088919321737785,-0.23787647758911865,2.481091352904078,-0.17234440796130118,1.9687387108447905,-0.17259057515297202,1.4951786803299918,-0.16658596654686025,2.959978106752552,-0.05859330576275323,2.6744761550861282,-0.09728803122086231,2.655200970406802,-0.13935229319856213,2.766426600270571,-0.14349755177254567,3.476537427630369,-0.03657877074538347,3.116177431031625,-0.0710152961219704,3.0464768003783713,-0.11204476969276247,3.1751334486034977,-0.12860118726952982,3.926868255851891,-0.033397109026476135,3.5556750845124325,-0.06235326344833375,3.4720989256447505,-0.09762715114410808,3.567388666337151,-0.11904379528634773,4.30368509255928,-0.041590340900295085,3.980119860660561,-0.06782290151350641,3.9013130076236666,-0.10037378620189465,3.982471954142374
-0.049292144867423435,-0.9699442613920899,0.027406284603034695,-1.1586723713792186,0.06518762251169197,-1.155882367233668,0.09787597843530504,-1.1503173495933552,-0.08288267051587349,-1.1624904552730175,-0.1181867199685444,-1.1661781553669366,-0.14987904642201874,-1.1672139047504715,0.1521888079163915,-1.065048087571067,-0.17563903109246778,-1.097279729864817,0.029342940926085293,-0.7749898020310352,-0.10678940719909646,-0.7955238560329185,0.49883324278328767,0.03413789528236337,-0.49883324278328744,-0.03413789528236337,0.7308171922101152,1.5062644260249174,-0.7583466106519858,1.44108159019958,0.2656886795545606,1.1352541858896248,-0.26277618629036076,1.067591966147861,0.14816876965763578,0.9960475164717154,-0.10782328497734045,0.9766370640393818,0.13816707519832291,0.7834989137622101,-0.12293054370106726,0.8035006253512166,0.15806229710236336,0.8133986383089166,-0.1478896257016097,0.8147986953685862,0.290321535521434,1.049706376658503,0.2622362644473892,0.8143691957925124,0.19311023628785495,0.6258265515314155,0.12396472588929586,0.48520657750197804,0.11394151979106011,0.3518581149642179,0.07244820652822531,0.715166646792188,0.004804249114498084,0.6464822738385343,0.04515906903432611,0.6687827842949358,0.08970054094456921,0.7047603461868294,0.048522799365936974,0.85543730379628,0.011902887019138511,0.7779579508871157,0.050532311145340326,0.7883551873780443,0.08214183808295979,0.8148753917214563,0.04313108971584727,0.9847508409334901,0.021102968518580383,0.9037915653227278,0.054073208088082116,0.9123508783030551,0.08689286618512222,0.9382365946363582,0.045715936366449106,1.0983792766691483,0.02779572644353921,1.01795757276805,0.06258024952221763,1.021022637924577,0.09061113267898481,1.0397728044826544,-0.3315384445181055,1.0645708270843421,-0.2912837754832639,0.8484370184979345,-0.21876235835370353,0.6758932334455855,-0.15520591674535433,0.5371969433940501,-0.14772362078992,0.4145650530709881,-0.1509740091372046,0.8193126243547901,-0.03401573566216414,0.7552084181466371,-0.06982622185948242,0.7470960357316722,-0.11353137807159182,0.7679609299102554,-0.13134474008985064,0.9638657268073314,-0.021373791935022774,0.8786477118935525,-0.055837365419768026,0.8594903574256908,-0.09522659686793354,0.8847618056964598,-0.12095614053990637,1.0865589742126904,-0.02011069343825383,0.9987653563216109,-0.0493847869727857,0.9768399607547023,-0.08600662724948742,0.997300455981788,-0.11595438008029568,1.1882743746288742,-0.033131526126427745,1.1118764402951813,-0.05725733652868389,1.0890230188585417,-0.08897584224084797,1.1052470864488995
-0.044707699838861734,-0.017414011013015877,0.02981827667110559,-0.02074049522197651,0.0670803503049029,-0.020680311617771462,0.0990099791726129,-0.02057520976547092,-0.08099519378622115,-0.02081552083636307,-0.11656328735815855,-0.02087088576779943,-0.14905642450129072,-0.020880118444435006,0.15285698040467052,-0.01903093720527075,-0.17617880441308162,-0.019599901681147266,0.032815591923639795,-0.013875418042778169,-0.10328186986073694,-0.01425110019982262,0.49999962247491564,0.0006144305834082606,-0.49999962247491564,-0.0006144305834082606,0.7302624166319187,0.026929215024446278,-0.7597823235470927,0.025754517233711673,0.2658082254484321,0.020277778122676293,-0.25953473710607605,0.019159933199801474,0.14849687958434327,0.017762393583379978,-0.1039954776353113,0.017494751797430406,0.13849011080809923,0.013957709020370216,-0.11705271131747931,0.014438891472941572,0.15823657897414725,0.014503426824259386,-0.1436047741072377,0.01466942823343732,0.28979426768734984,0.018658716523755215,0.26577225034843216,0.014405783331102071,0.20213168870114703,0.010970804276741509,0.13327981878268963,0.008420194865965704,0.11967005227933675,0.006115549439355884,0.07585055123708263,0.012550407544903152,0.007888709357605769,0.01116289126589453,0.04832248601681809,0.011481247403747919,0.09255295684551193,0.0121593604209426,0.04860622183376666,0.01501875088078858,0.008559431560993893,0.01345173592830942,0.046248938162586524,0.013541734292061156,0.0769186255336898,0.014031059928071027,0.04198842942700489,0.017294160535664987,0.01840278801859421,0.015681511382417967,0.05195353212697783,0.015779092618821173,0.0840108014624841,0.016248209712444624,0.04409043216259247,0.019281433481136482,0.023696818694851136,0.017705827096589147,0.058250190872723547,0.017693139170100073,0.08644206782518943,0.018020223704880694,-0.3358134326829878,0.018915899175013125,-0.30162712847460593,0.015038971874525821,-0.23568060356715773,0.011805791862960558,-0.17446388968851004,0.009135064270791143,-0.16182087777922224,0.006831838298175201,-0.15338380220805875,0.014443423764641293,-0.04390750792530464,0.012876147333794838,-0.0807754814523234,0.012719459535032835,-0.1250540207055931,0.013314932936812419,-0.13245442397421703,0.0168193905287677,-0.027104900484672168,0.014962097234541984,-0.062422184602373094,0.014638175342870523,-0.10143463993786056,0.015269931980949574,-0.12067481446492713,0.018935709274173183,-0.02543886718128693,0.01708266189057826,-0.05490714881171556,0.016707091795691215,-0.09138132710568442,0.017225242308857327,-0.11319981875732023,0.02078014032299831,-0.029368486296530577,0.01914317368159314,-0.05346834806087197,0.018743497771511942,-0.08797558268111742,0.019176393885590035
-0.043695561353280093,-0.3263985142235867,0.030155596961123226,-0.38831402543026244,0.06722643531933543,-0.38706679963143714,0.09895729776674815,-0.3850457187140836,-0.08071747243344395,-0.38982005669448394,-0.11642890392936973,-0.3907406031699171,-0.14903061102071552,-0.39081476380035207,0.15263234894541958,-0.3559739366315216,-0.17636928592898113,-0.3665312903036099,0.03376281636511091,-0.25964998849374826,-0.10249955149033958,-0.26671480723267493,0.4998666020229555,0.011549033813449211,-0.4998666020229557,-0.011549033813448897,0.728916101395107,0.5041237083203001,-0.7591829013294705,0.48224224758201645,0.2641191410019776,0.3784904778078335,-0.2541392958955215,0.3583977202500926,0.14797430966102704,0.3292771574702738,-0.09260284215301498,0.3258769449545927,0.1381547470691726,0.25848996255708345,-0.10787911586263012,0.26943942455461234,0.15777296142450378,0.26994259919313773,-0.13631276701219516,0.27431679574998163,0.28644134878604066,0.34651152915918637,0.2651894505865017,0.26518537520437624,0.20588207793524857,0.20219401095868722,0.13635560375770608,0.15522227426068563,0.12346194637661392,0.11061692527732313,0.07934720412146636,0.23377107185810037,0.007033905272687021,0.20343972327525894,0.04881983090338948,0.20734148052550005,0.09232430179831727,0.21976367717766748,0.05032277131580045,0.27915598062387076,0.003080337585088456,0.24364549576859926,0.04126188606032079,0.24296605865836457,0.0714672731249349,0.2527121858424277,0.04243329848496084,0.32037601907066665,0.008129592076115697,0.28308963742315335,0.041190626829636263,0.2828903234525019,0.07262995578627207,0.2927160830874562,0.043488178720390853,0.3554389788656671,0.010567429232975276,0.31961485391872757,0.042349046118197446,0.3182131365083051,0.0696439707010711,0.32574026586490507,-0.34173516200420434,0.3525282032265155,-0.32168127155471776,0.27572130728148814,-0.26763358129364956,0.21011138589333853,-0.21533681762812934,0.15599415021011273,-0.20837442535831555,0.111090994487891,-0.16549890345672152,0.26097277198355107,-0.06229361150864281,0.21641469021519105,-0.1083532638206455,0.21691553641947997,-0.1513660257220758,0.23221614347491065,-0.133791692577328,0.3035344542374657,-0.039631348991257115,0.25327985810930653,-0.07969974444649039,0.24893523266726733,-0.11731172662062586,0.2631328604248287,-0.11406131091443823,0.3395434568627897,-0.03377266272604596,0.29115090959362533,-0.06570258407854676,0.2864973009283917,-0.10060641096005005,0.2984815191006579,-0.0998565648958545,0.3679871438100335,-0.032929530005156624,0.32839444805118545,-0.06186047313637757,0.3241036094400113,-0.09492627880705252,0.33489217663179255
-0.04202169512386194,-0.28676093797182156,0.031237157102305024,-0.34078024779657023,0.06810854140305234,-0.33956246749663055,0.09954038100520117,-0.33773253222017946,-0.0799152893612551,-0.3422742120167459,-0.11573433308311908,-0.34298012873049294,-0.148587283919144,-0.34294237917360804,0.1528809511629573,-0.31211884571882437,-0.17639198260576056,-0.3213006602373462,0.034996487333780836,-0.22776276767144782,-0.10137561103238708,-0.2340483749702656,0.49989606506071954,0.010194318849671714,-0.49989606506071976,-0.010194318849671502,0.7283309712085517,0.442021090483569,-0.7589307181250746,0.42342606686540385,0.2630063180911262,0.33075661815951624,-0.2538470086508585,0.3138450207267568,0.1478902211487295,0.2870195734493977,-0.09114752611747015,0.284637066280816,0.13811389296742566,0.2239235357104282,-0.10737455088686758,0.2348835584098859,0.15769881042172196,0.23489763797434557,-0.13636083741906924,0.23971999082764273,0.2854912844982768,0.30292070706759555,0.26450514000498165,0.23163240332963453,0.2025194088744963,0.17631930396202924,0.13160121044530187,0.13619376956166876,0.12021223347946795,0.09747986453714277,0.07895009430992013,0.20489265774898704,0.0014021400887636178,0.18017771677897984,0.04090229611225482,0.18386513430582496,0.08273985953355488,0.19391610686516325,0.04997659047442524,0.24499656267351078,-0.008990395233785533,0.21405661774736046,0.026250282187084188,0.2133199912589588,0.056954116776790346,0.22183690344716006,0.04113137015323801,0.28139366516360037,-0.008726219501845755,0.2478334928863229,0.021568365893296214,0.24679180916795956,0.0529172194168249,0.2553585099609173,0.04109444236275192,0.31209486964891114,-0.008675088715018516,0.2790409495372084,0.019002898954242804,0.27604628739211545,0.04602085309355022,0.2819203224950586,-0.3472407386396344,0.3063891771645083,-0.33943345300104183,0.23575751166468528,-0.29707149466484284,0.17485217253499077,-0.25862002702117576,0.12404841077602613,-0.26359158299034313,0.08485294383664499,-0.17517823511846095,0.2225139468511816,-0.10361552500531321,0.16361239501126695,-0.14811452704094136,0.16680559942040873,-0.18072724433885806,0.18540470407175086,-0.12978119791419573,0.25527505283245266,-0.06223580531605788,0.18896275284689312,-0.1013535963880587,0.18526288816885886,-0.133279801712843,0.20134787233166898,-0.10190517989595305,0.28079722216481934,-0.04918010672962524,0.2158365603673964,-0.08134877749194261,0.21301187325411472,-0.10894296748279292,0.22829289388110688,-0.084327348724567,0.2971231913367163,-0.04838524618440677,0.24396120455657133,-0.07790363782952107,0.24090859174036874,-0.10145585796171296,0.25427601591078647
-0.04142806377595742,-0.4025294088434054,0.031807744859443196,-0.4782800285920214,0.0685968537730516,-0.47652116797916105,0.09985548626149592,-0.47394518762660753,-0.07961835248368336,-0.48041976343830195,-0.1155229381266078,-0.48139412614663823,-0.14845385816086545,-0.481322014721528,0.15308713324988982,-0.4380428549280125,-0.17638820046241147,-0.4508580853333388,0.03528072339800084,-0.3196981339244294,-0.10104184891453949,-0.32850803251519367,0.4997910450952045,0.014453762231444825,-0.4997910450952047,-0.014453762231445262,0.7264920976046333,0.6196686422650961,-0.7587554414242782,0.5945738663266915,0.2600149515449595,0.4635479792140687,-0.26070717391881826,0.43588952765041133,0.14652476372118953,0.4015596246382504,-0.10786893644994602,0.38120274102346563,0.13638859967743133,0.3128622855960608,-0.12884129659964141,0.3150628286877224,0.15621648550234774,0.3284334887602678,-0.1527976676594154,0.3264893418467765,0.2867427477132576,0.42725847684017854,0.26417923963666246,0.3285161879739855,0.19974890529483416,0.25037172645250966,0.12914283170842958,0.19367383230304164,0.11736075049500481,0.14048936703256173,0.07440077071395519,0.2908173650895064,-0.004284374727695688,0.25703115933016163,0.03684144396780753,0.26213447343896373,0.07854355680664621,0.27635845204198195,0.0461408556915175,0.3465692260190738,-0.020700948124429033,0.30329664782388194,0.015711267259324934,0.3020120915249916,0.04842270462442056,0.3149148858036665,0.03729765147515048,0.3974183685104839,-0.023473488902713294,0.3505848594657947,0.0077336199277208435,0.34745173250732936,0.040462705159930175,0.3598202726959998,0.038649234677206976,0.44115308937056963,-0.01958284417579679,0.3958136031453298,0.007301551457004745,0.3890128089819455,0.035118444160173186,0.39656333304131824,-0.3467755175590061,0.42668187159574444,-0.35598871843762,0.32585464684322574,-0.3321582152116863,0.24207862640836958,-0.3031857929106617,0.17251628294437282,-0.3103461614307568,0.12038287031052156,-0.18444678456388222,0.2946212427640776,-0.1393197684106924,0.19788405213498106,-0.1881667318175088,0.21281569563600686,-0.2121682367903034,0.24691953505357592,-0.13588654828540261,0.3345852800976587,-0.0934320683301858,0.22933121508142085,-0.13690464765372337,0.2316817041522799,-0.1631561542589975,0.25907889487813646,-0.10791478033463245,0.3653493876006919,-0.07087424002691488,0.2619044036540875,-0.1088964682989656,0.26255598188812074,-0.1342978345470704,0.28817127640698464,-0.0925790880863546,0.38402796364296754,-0.06664260605151334,0.2982502788484012,-0.10001330282028356,0.2944790230089987,-0.12410122148722139,0.31559708277772647
-0.04076759194847755,-1.0643563889223906,0.032217301732697455,-1.2645790445200817,0.06886270329284037,-1.259860735440905,0.09988560266191969,-1.2530479205685685,-0.07914971746717007,-1.270259162757705,-0.1150307500716511,-1.2728239871802316,-0.1479620428166646,-1.2726273909686,0.15285588571873504,-1.1582560325729294,-0.17598300349341212,-1.1919677460322242,0.03546151989152091,-0.8453667345762033,-0.10043227415958979,-0.8686327620139789,0.49850542928688363,0.03863077751611896,-0.49850542928688363,-0.03863077751611896,0.7234393045460438,1.6369534412514652,-0.7568209639653036,1.572512983774759,0.25733528915428516,1.2242427948680532,-0.2650029537562292,1.1440927878033706,0.14507016677967427,1.059285718940828,-0.1185461796082047,0.9809096146164901,0.13471901683008125,0.8247343402350266,-0.14126319259910025,0.8106731742676611,0.15468608200590175,0.8661821146220551,-0.16281574674290464,0.8471841153248901,0.28734476234578177,1.1314244303814913,0.2645261841839642,0.8683628202926226,0.20036896288855666,0.6628600441340523,0.13008647157391778,0.5131807622684879,0.11912390738821842,0.37036041977106576,0.07415501751787955,0.7730287804364435,-0.005566560418633434,0.6819639029297884,0.03502228087544304,0.6927933296336287,0.0772618596785836,0.7302736412420611,0.04666039507251208,0.9207473931606129,-0.019497983803744914,0.8048622439353738,0.016294836819617076,0.7994634095082394,0.04902451663071924,0.8331146318254936,0.03856451795213045,1.054477429287866,-0.020971892708455165,0.9290679497483149,0.009974529300846498,0.9202271693390632,0.043235908851355385,0.9526738617904312,0.03979989032991495,1.168715707171046,-0.01909071151477009,1.0488010917466197,0.007694977944721526,1.0315807758861764,0.03642740062056487,1.051377258258279,-0.33650726193779273,1.1221768470420168,-0.3488938628875006,0.867246002582696,-0.33313730124166285,0.6432563772772052,-0.3136713853255496,0.4518631599996339,-0.3233277647632998,0.30711466234966356,-0.18264179414156909,0.7849001670619355,-0.13280091204338176,0.5232933689391457,-0.18066036286383666,0.5540410164384456,-0.21143926303743496,0.6442741407420401,-0.13461249479324802,0.8852617769609745,-0.09145407490695834,0.6113079806083977,-0.13237765639085552,0.618418714355285,-0.15901797817045224,0.6879706733344323,-0.10594167887944779,0.9670246291003175,-0.0696336476828744,0.6982178727961302,-0.10600723090211422,0.6995668252636388,-0.13307566403962015,0.7630537911139283,-0.0886238056320109,1.019346442408441,-0.06734185590276391,0.7926014455829952,-0.10208746273192132,0.7880600730942877,-0.12712064719036978,0.8463856322499523
-0.04031159552770299,-0.8604151225536754,0.03278434255246592,-1.0221385715915534,0.06946079307138726,-1.0182923169942597,0.10037127020990078,-1.0127914737121413,-0.07898421691875973,-1.0267057126780277,-0.11500185815258292,-1.0287718875498135,-0.14802159821355557,-1.0286170847332043,0.1534739107417682,-0.936244381543314,-0.17618172123655101,-0.9634344123556982,0.035684844842227434,-0.6833472641495197,-0.10032378572323859,-0.7021413031450917,0.49901376160914707,0.031388942713787074,-0.4990137616091469,-0.031388942713787685,0.7231767848086254,1.3218520910972018,-0.7574321339852162,1.26976445461465,0.2499862817520051,0.9880153897796659,-0.2750146560725814,0.9153637104990072,0.13866462318510106,0.8548055814358305,-0.1371020899598187,0.7691834413079048,0.1272041562698802,0.6655235670694987,-0.15965418373714677,0.6392950235736883,0.14869893556061325,0.6988815893973177,-0.17802663022580079,0.6721981027126547,0.2842417321748368,0.9232949885349928,0.25588934254166745,0.7093171922889815,0.18877037500651972,0.547264596433934,0.11870433191111027,0.4269544121455465,0.10687634114389849,0.31379263721111894,0.06864393840530948,0.6425773318154051,-0.014549894689228706,0.5703805957235991,0.029754447567706156,0.5807038368075478,0.07162827258197113,0.6119257634647569,0.04139351285067128,0.7629760620935696,-0.03190066536784426,0.672115052680865,0.006306628303170852,0.6690928864504916,0.04078603540936437,0.698567709130109,0.03324379799057462,0.8725483658010559,-0.03397783323215405,0.7761962836982069,-0.0010562007779527669,0.7702722516511578,0.03297002815702575,0.7990325997925781,0.035736480424738405,0.9661994898847189,-0.022815030263173643,0.8731657450814979,0.005157888461658982,0.8603271872258963,0.0332342808439941,0.8797315828889275,-0.34027464139108926,0.891711549974696,-0.36477491532268935,0.6850745216121598,-0.3580717054965851,0.5071526524031605,-0.3446065630250507,0.3509819529172694,-0.3715962795111276,0.24579053838672807,-0.20630662879721426,0.5821920200977919,-0.16952184480126017,0.3792629313898998,-0.21433059582696054,0.41504955648558983,-0.2351980534133035,0.48281349713058164,-0.15037415585125766,0.6543716576536417,-0.1180333730771864,0.4390302531650719,-0.1600594724367388,0.45332462922500005,-0.18222440059147357,0.5111695870290226,-0.1167303339655823,0.7160924871618837,-0.09039912302588246,0.5105387731846156,-0.1247668555291154,0.5230762746749755,-0.14394451336622238,0.5788474243322329,-0.09706153061717868,0.7589145491418193,-0.08027956131610695,0.5887413700312645,-0.11138291254223566,0.5964809001997328,-0.12992504772949504,0.6490674475350274
-0.03967004160960689,-0.14645269257819538,0.03353640514513231,-0.17394103658294735,0.07033092113857864,-0.1732807929915025,0.10107304424415538,-0.17234543492407545,-0.07877994882245759,-0.17471415031418944,-0.1149765486060567,-0.1750631962892845,-0.1481295063837034,-0.17503952159574834,0.15447309815850688,-0.15932726089771335,-0.17649152740611307,-0.16394979672882853,0.03603213479050916,-0.11632778725360839,-0.10002438339706278,-0.11952085962610501,0.49997089116063975,0.005395182298668949,-0.4999708911606394,-0.005395182298669117,0.7217068243794106,0.22477922202413703,-0.7567158073858934,0.21582624208522727,0.25090486219833713,0.17079645579764952,-0.2843582487823562,0.15495902034936115,0.14136113545931003,0.1491328651755971,-0.14897886182751346,0.12973996840550894,0.13107190526563367,0.11700443699232814,-0.17714614169251736,0.10748305673580129,0.1510166454699288,0.12161186463085774,-0.19564168311711858,0.11315729929270854,0.28142749579108783,0.15982074327065374,0.25088701092557497,0.12321271002667522,0.1823989801304765,0.09605015264898294,0.11275589084551581,0.07591711019676545,0.09933416799282081,0.056648920913242674,0.06474793558220572,0.11297610481805705,-0.02382906558689125,0.10016788794226536,0.0204195739170007,0.10189925566165693,0.06382798646883638,0.10722149290677709,0.03831385201811215,0.13341151879473578,-0.039373264199935455,0.117548331925408,-0.0011587606004065199,0.11702271219435602,0.03392771315829451,0.12175931228358278,0.030759517953751182,0.15207808012059054,-0.038302390689576984,0.13536769226634535,-0.005840459737661729,0.1343744973379549,0.027897228650632742,0.1390233556901728,0.03367211538919966,0.16814572081260534,-0.026957703993836592,0.15232936414847395,0.0012227614703667516,0.14995961039460848,0.029616630786226863,0.15301271133339162,-0.34087355264908104,0.15095747795988085,-0.3779115965169705,0.11715271533605441,-0.3770629510669637,0.087180345646575,-0.36529733947370585,0.059554678035676024,-0.3976924295804491,0.0423382955252838,-0.22462383301264172,0.09758672332857722,-0.183296818008265,0.062052046694611396,-0.2345529949204897,0.07024598273111304,-0.25927122631800453,0.0833223051275638,-0.1646450779469945,0.10929334010031323,-0.13073222394472103,0.07151683612667689,-0.17640795099272638,0.0769370949099467,-0.1958641140328428,0.08746226140513019,-0.1275153434508266,0.1199272232802875,-0.10037613461262666,0.08426119363174617,-0.1360030150831284,0.08848151926368526,-0.15229270718936608,0.09805533688966724,-0.1044833473355354,0.12809966518713137,-0.08543238790158308,0.09906389960158105,-0.11572082496701631,0.10184484540107394,-0.13251278697506294,0.11108057178953999
-0.040123513714885255,-0.05754143653943525,0.033755491259007384,-0.06837791551680687,0.07065379516230152,-0.06811130967885852,0.1014295430477829,-0.06773164287678131,-0.07882440786447406,-0.06867957474504227,-0.11526871555284365,-0.06883542656883415,-0.14847842705280487,-0.0688390196944547,0.15499784922988685,-0.06254490479704068,-0.17659625744666305,-0.0644772918388762,0.03572389058335001,-0.04566554389888364,-0.10126718409742978,-0.046914359206893685,0.49999539757848765,0.0021453205658268013,-0.4999953975784875,-0.002145320565826748,0.7194898832015689,0.08860470165573357,-0.7555375276793573,0.08494081595903033,0.2397926523333899,0.06747540810596506,-0.28821194735373534,0.060934490392488695,0.12885826117173638,0.05944452735817135,-0.15887711192554077,0.0510299171264908,0.11328641424337703,0.04670399803419905,-0.18336063869009012,0.042296702812796176,0.13785944137930867,0.04837382150440928,-0.20103848415321646,0.04451194641981849,0.2828476076340713,0.06568137681600764,0.2479625547151546,0.05139135289914097,0.1792398670557864,0.04064676402641789,0.10509581109544244,0.03289659621773062,0.09173001640500486,0.025450129185926724,0.06669467215794286,0.047903203710061605,-0.0229662316363285,0.04221083527665931,0.02137501244852468,0.04290532929575177,0.064032797166905,0.04509607431899761,0.03995029700972736,0.056065886838573185,-0.04042915443892491,0.049245399453233335,-0.0018011188683069556,0.04898808266163352,0.03373134036514244,0.05098990277298909,0.03166735220877952,0.06332498053545937,-0.04010281294871516,0.05613080808558104,-0.007851019255836878,0.05573139950807725,0.026227312628513202,0.05775665659791238,0.033088195973056435,0.06936265650719223,-0.03021434107746367,0.06273627956730862,-0.0035797611694244947,0.061798555442287885,0.024483171604345544,0.0631640656710203,-0.36673208439781346,0.06304234854062378,-0.3858322957403762,0.04957796772800011,-0.36645110193935854,0.0377230622075504,-0.341798620392098,0.02683985218162497,-0.36305688660788443,0.01917502110642601,-0.2471323931071307,0.04447768923350431,-0.1759956308047007,0.030937607797011053,-0.21932020343731193,0.032827469380507755,-0.2497880781631863,0.03756014662543629,-0.19384283694791407,0.05028446605314308,-0.12818284793826787,0.035810049462384884,-0.16796292173598432,0.03651344463358286,-0.1944603083309754,0.04059682774648665,-0.15575860238663475,0.0551110545358818,-0.09667506413538225,0.041404709377491675,-0.13053847335920243,0.04160833343964782,-0.15567529195023494,0.045202275679668946,-0.12934899109917838,0.05896088448344909,-0.084220407579457,0.047988132133820346,-0.112667826642532,0.04772109757065587,-0.13599708274441527,0.05076708815354132
-0.04038790099019941,-0.2388544510647774,0.03353207782017267,-0.28400008599773263,0.07052159762904239,-0.28295021117909336,0.10131095041290747,-0.28139130100529824,-0.07914305479802247,-0.2850354581429744,-0.11564659143423944,-0.28578476293517713,-0.14882536994023543,-0.2859107072041552,0.1550579087823368,-0.25976560988482233,-0.17674174932652745,-0.26778779335846886,0.03554116006117956,-0.1898008121114588,-0.10149574376379493,-0.19478438866999032,0.4999184280806548,0.009031349033626295,-0.4999184280806548,-0.009031349033625995,0.7169244769139215,0.36855211369124335,-0.7551222062975678,0.3526868674820526,0.24008294304264666,0.2861370676444939,-0.2859337150167338,0.2575092992236158,0.1292241839486352,0.2572382434097074,-0.15800364265908967,0.22523754328697262,0.11412389828208716,0.20478436362684804,-0.17491238648388532,0.186635158384944,0.1382992524731716,0.20901914425890994,-0.19446942908853537,0.19276563349525355,0.28726440980541573,0.2797318050382322,0.24990855062438538,0.2209881751705578,0.17806767459983788,0.1766491772357507,0.1029622175219923,0.14533849904729598,0.0816236087074665,0.11336748275900031,0.0690050946989681,0.20994782422208155,-0.02207357083748212,0.1848410674314343,0.024084175264246145,0.18760929702028545,0.06781028035885232,0.19765769903275657,0.042029730547591654,0.2442748888552997,-0.04238196433173822,0.2132359449683976,-0.0027097443449080666,0.21146712767963907,0.03421158154205265,0.22057921674294018,0.034012479645050234,0.2742363943630121,-0.04259608512820872,0.24324545347694582,-0.00903838384779494,0.24086328335771645,0.02562807753794448,0.24953757826851616,0.03623507380822482,0.29857069297059396,-0.030259885838090105,0.26950750510396954,-0.00232757424087566,0.26551714964577583,0.026361974030871274,0.2719407314184342,-0.3748116043858583,0.27424758940914334,-0.37845490525547293,0.2161641280193984,-0.34231080741598546,0.16795334034224385,-0.3040404190322095,0.12675845415124476,-0.31476482656387206,0.09383467158840413,-0.25468080593036735,0.20231840028354436,-0.16299286017495518,0.15119113346725385,-0.20242680735130542,0.1562214408622882,-0.23786877164066,0.1723065170682408,-0.20944925912218723,0.23050379476032165,-0.11934732944641425,0.17506287312331617,-0.15576247782968053,0.17518330468018417,-0.1903502929513137,0.18999757352831362,-0.17308474878510066,0.2535562605858603,-0.09153151579912826,0.20086083920162073,-0.12335970962255222,0.1985412595675804,-0.15462165034440942,0.2112452622199443,-0.1444682654296851,0.2712198382963378,-0.08144683220156541,0.2274514484704091,-0.10664661740704344,0.2237455489570995,-0.13307876420130757,0.23450653261802412
-0.040787211538327935,-0.29771635122037143,0.03306268809960775,-0.3538947841226363,0.07003154223519852,-0.35261212908613326,0.10079660489675751,-0.3506887798370256,-0.07952917141245164,-0.35502312368322037,-0.11601720737384878,-0.35601255820528893,-0.14917115155881583,-0.35625574757363193,0.15482771070764287,-0.3237178756070708,-0.17704765493179914,-0.3334114629377452,0.03512467004612815,-0.23684385686457174,-0.10183560612639903,-0.24297847756252666,0.49986899736448487,0.01144488854575489,-0.4998689973644846,-0.01144488854575489,0.7125662476245295,0.4585227878145185,-0.7548378914847033,0.4382939499486702,0.23972486924788508,0.36406546170717813,-0.2788950229536445,0.3298198810642196,0.1290614536107703,0.33505246341935435,-0.1549955205090533,0.30692292650871356,0.11404658290833866,0.2721377694547443,-0.15794674230957592,0.25521077612904486,0.13811000145240512,0.2739538789476732,-0.17864737410814896,0.25802877515509426,0.2890102530374807,0.3602713275776408,0.24474152044704153,0.2889592118393231,0.17269909967312413,0.23576575955196138,0.09540742607803389,0.19905788655453127,0.0694103924808524,0.1613329246884587,0.07415976474555616,0.2789943585899675,-0.024791439313933326,0.2472858003677945,0.023386703973301667,0.24982535601116668,0.06963772152904761,0.262202681570785,0.051543870506590275,0.3209962445902646,-0.03594313573615116,0.2858167492202673,0.004271190377421001,0.28387123427352423,0.041912906049061685,0.2944556715472602,0.04455162645505355,0.35795385111438727,-0.03212072250739771,0.32398122520516776,0.0011597634492675334,0.3210485978570607,0.03709012333346866,0.3304557199335327,0.04551954933376536,0.38887774364026634,-0.02453571948362635,0.3574643058494678,0.0013700580281958581,0.3513237742988101,0.0307090922625389,0.35749787104874425,-0.39741619591410476,0.359732595574159,-0.3750830941441026,0.2908671506510269,-0.3131696932624751,0.23034846304986484,-0.26612292264239534,0.18176463146314162,-0.27357266386853396,0.14275194811539238,-0.25903202062302005,0.2800756224308116,-0.13385026878347914,0.2345599456005946,-0.1704504483342179,0.2391767437652291,-0.213891589626098,0.2522133405030892,-0.22899974432689693,0.3201712584344626,-0.10037946319101432,0.2722792077158465,-0.13298374155516662,0.2713167942347049,-0.17644465499887435,0.28600610760863837,-0.2017221850608224,0.35498808077076804,-0.0864544943347251,0.30943461670362993,-0.11555078738201205,0.3054927112565234,-0.1541561673150477,0.31703048463046485,-0.17768269589025,0.3832970542813146,-0.08691827803965155,0.3457956493085363,-0.11532974486414142,0.3407883126617541,-0.15135785015532754,0.3500151537307912
-0.04158213082707789,-0.13818547358894498,0.031988108053673386,-0.16400679579616897,0.0690397056276455,-0.16341646649495023,0.09976528240246317,-0.1625312153570828,-0.08038537664928423,-0.16449980526194494,-0.1167901167781392,-0.16494031834942063,-0.14984201121087726,-0.16504589385952675,0.15377387987281457,-0.14998025885483043,-0.17758742694374519,-0.15415423083901525,0.034233125581928606,-0.11015930349311187,-0.10255520316590676,-0.11294981865489465,0.4999735234308751,0.005145470640887774,-0.4999735234308751,-0.005145470640887774,0.7072673900321199,0.21029519812633168,-0.7546369156436357,0.20048959338917458,0.2376207386305826,0.17556221505961048,-0.2753566544815221,0.16648408094866735,0.12237400812468652,0.16142820865927254,-0.15368620127718574,0.15697130984809698,0.11142491569320648,0.13360862468119075,-0.14745170640233662,0.13168087608451592,0.13684948102469466,0.1347079891695907,-0.17045063224875467,0.13304762730642275,0.29262093444456766,0.17415923599476943,0.24313092325932661,0.1424049003465702,0.1678433583519554,0.11867818848980408,0.08087125376293519,0.1044319049140451,0.04492323204618268,0.08838433025233644,0.07813782798374184,0.14074152759028974,-0.027909129692603916,0.12624407725359774,0.022855562230471225,0.12633139315386013,0.07476230329753124,0.13158559588634294,0.060920829665221415,0.16056388808481617,-0.029054216201333388,0.1449311367935427,0.011223670204395943,0.1432078375517652,0.05113646536781927,0.14700321400844898,0.05785066138133867,0.1772996946366921,-0.021228952164224716,0.16253058404078496,0.01151829458462588,0.16109021162599832,0.049355152190579094,0.16453243945826102,0.061043539200904946,0.1908919345279485,-0.007097713935275981,0.17739643171862934,0.0183799040337519,0.17527268369288912,0.048063057228208944,0.17776560606445563,-0.42257984980957025,0.17934506231592307,-0.37831046114741745,0.14782295393972344,-0.2846692147885899,0.12280010116081788,-0.2066577411782253,0.10454777573608438,-0.19759961079126684,0.08692569822770607,-0.2594292199880845,0.14451738180453452,-0.11352494967765075,0.1336634035107214,-0.1459457809619439,0.13409998301203413,-0.19618278138338344,0.1372890044460939,-0.24413406358898973,0.16482682710419624,-0.0913872179818295,0.15361571803700685,-0.12499920247347926,0.15215931990081483,-0.17856971070216207,0.1563980746497105,-0.22774312723551987,0.1833325531783013,-0.08756216331341232,0.1734352618895893,-0.11586463174044737,0.1702417726786528,-0.1618969069003896,0.17299227209971454,-0.21233619581382218,0.19830553037559998,-0.10073005069085252,0.18962192038797873,-0.127261735471762,0.18712773538381658,-0.16786249374984674,0.18956315940949287
-0.04162296052783595,-0.24976832472362204,0.031691937426165474,-0.295415569340774,0.06880190502711978,-0.29429094101819203,0.09949525568215727,-0.2926568427244881,-0.08054482403230379,-0.2961191767384024,-0.11689101467136148,-0.2967399660281592,-0.1498671963094918,-0.2968538842413925,0.15323771125700242,-0.2698891399646894,-0.17736407764161569,-0.27721819599204117,0.03412129053973356,-0.1992851436674394,-0.10268079655887456,-0.20400490951791783,0.49993639307660814,0.0079751412245339,-0.499936393076608,-0.00797514122453359,0.7000898732569102,0.37295419609514713,-0.7515604262948581,0.3549627418284339,0.23732077152912529,0.33719721813214826,-0.2770590304401352,0.3410361319733821,0.11970579789195979,0.3174986366335139,-0.15628128352249304,0.3310083837949692,0.11034335756041336,0.2661727206888642,-0.14825686952469827,0.2814744923057912,0.13685758943877782,0.26572657711612513,-0.1714687880549584,0.2810039191238265,0.3045151324776589,0.33451186697335944,0.2515738939118619,0.282534668042331,0.16911957688015847,0.2422523215448198,0.08852855992481465,0.21643784801740382,0.037024412033746616,0.19257895604552355,0.08207693147534495,0.2816529497348869,-0.03591021646837266,0.25744216743437254,-0.09174820160123524,0.2322289048574047,-0.12479288840672162,0.21338587946058943,0.07049965938147847,0.3165382584495557,-0.03388238256317857,0.29119678373906294,-0.014425498383609658,0.27935691298695026,0.023630386949168893,0.2791548922468283,0.07340278087549183,0.3468178061567992,-0.017501653609053848,0.3224420806791014,0.003209775718049687,0.3142896948429512,0.039990068525434935,0.3162035208252715,0.08370102000719953,0.37147230639509415,0.00763458215549147,0.3477979359397058,0.031146527009549042,0.340696369819541,0.06627885060635569,0.3432699685105951,,,,,,,,,,,,,,,,,,,,,,,,,,,,,,,,,,,,,,,,,,
-0.0414447428759869,-0.29490523147298275,0.03151997331865826,-0.3478467181556698,0.06863175786573078,-0.34645191028948974,0.09930120137305211,-0.344483288419218,-0.08065104179256288,-0.34855815833735865,-0.11693960572666502,-0.3491256889666262,-0.14981917254324012,-0.34917281427780644,0.15287719588917298,-0.3174927478283185,-0.17726400659459568,-0.3259513864785298,0.03417786633593741,-0.2353864701761062,-0.10276886269447645,-0.24070169855346202,0.4999247139199841,0.008676428529192579,-0.4999247139199839,-0.008676428529192374,0.6957484563049235,0.4346649188573758,-0.7498627454643941,0.41303592119697075,0.23708783997099364,0.40162247486338043,-0.27797891413640136,0.4093009615878592,0.1184233043593796,0.3790394176772744,-0.15757023105580378,0.39803628935494095,0.10997626586919614,0.31844984769667617,-0.14851935584619103,0.33978818859909227,0.13682323076669178,0.31762794173179065,-0.171848895994128,0.3389026381279246,0.3038889712395805,0.3904875239171522,0.2501139230109243,0.3295179111044553,0.1613375855430022,0.2800403881554045,0.07573235173128468,0.255189235347333,0.02775656349344624,0.2278966873858591,0.07989508272371705,0.3268624758280149,-0.0372021071920387,0.2966049857076392,-0.08896183772645318,0.26905319786229637,-0.11888007598834778,0.24922205615960621,0.07006518734441562,0.3674019994346339,-0.03665653009579074,0.33896547187616505,-0.01372145614647579,0.32799814515508097,0.027575311332438433,0.3306166909406192,0.07155020086445851,0.40281895104358256,-0.024439203908214104,0.37817373077813077,-0.00015060517173012909,0.3697631295418972,0.03856959001392873,0.373671996750977,0.08049750341063819,0.43341837836809183,-0.0027854370881666376,0.4097337036926755,0.020761969775624618,0.4017195631388869,0.0551230100309732,0.4060936027744558,,,,,,,,,,,,,,,,,,,,,,,,,,,,,,,,,,,,,,,,,,
-0.04153686678237142,-0.41156455379479495,0.031005733117464896,-0.4838347293348558,0.06811707830229535,-0.4817573272439817,0.09876109580345199,-0.47885359167207375,-0.0811226721701726,-0.4843852443945095,-0.11733515985896742,-0.4845882871368373,-0.15016503306521065,-0.4843141513901172,0.1522671166663951,-0.44041232816882986,-0.17795716116185753,-0.4516859679462233,0.034471210235963536,-0.32869002232342504,-0.10314998605278457,-0.3353752887482989,0.4998605145610986,0.011809571656659308,-0.4998605145610984,-0.011809571656659308,0.6888135980391297,0.6005235896626544,-0.7493254526674071,0.56400730597065,0.23653296061683068,0.5898694546059815,-0.29194108318273876,0.6413584578699968,0.11641952773175254,0.5806200724447781,-0.18187434069826255,0.6707988141701893,0.10700673649614564,0.507302572151647,-0.16326147267664495,0.6038735144652853,0.13538557247609592,0.5004148238759984,-0.1851254865352444,0.5889523969161865,0.3307797101190858,0.5855124490192359,0.2530032231872463,0.5022147248708321,0.14355623258845704,0.4419525363744428,0.0569364834651543,0.39729519223073684,0.013903895577940395,0.3613187666588721,0.09262784601543823,0.5033802575187798,-0.025179580342430254,0.5032394737388785,-0.014188559048016762,0.4875067461120218,0.020974503672106955,0.47769226571077644,0.09114945532774818,0.5630232217402245,-0.025343082470433,0.5580082903613508,-0.005710498766691156,0.5406380398443674,0.036301463970443086,0.5337629116286703,0.09905071082128634,0.6165275083555756,-0.002047363945860195,0.6086811964151808,0.019800077385549585,0.5942242166265136,0.0601588294835447,0.5898383251247684,0.1129097898394188,0.6612953481353,0.034283253525156585,0.6481690835570535,0.0540694362613859,0.636246492252386,0.08675894824649431,0.632464400507867,,,,,,,,,,,,,,,,,,,,,,,,,,,,,,,,,,,,,,,,,,
-0.038645139931427874,-0.3113738222662314,0.030913307438483115,-0.3637862675508656,0.06775440036956343,-0.36215125888750155,0.09832311797356649,-0.3598695991363655,-0.08087483423184326,-0.3640127376337308,-0.11697582089289316,-0.3637838448476535,-0.14952298126333496,-0.363245056720279,0.151591127744582,-0.3304931640061641,-0.17928892149181508,-0.33830164179351035,0.03684590210314977,-0.24954180155824043,-0.10160297332481687,-0.25367029850141115,0.4999161196136854,0.0091582394812225,-0.4999161196136854,-0.009158239481222913,0.6869416827705147,0.44522712138254444,-0.7486025583911141,0.4123796898939373,0.2956218826362051,0.5009219081798121,-0.40183725695837463,0.5787233351123869,0.176462950738177,0.5627147442967211,-0.33816857731028194,0.672387358658371,0.13639454898856085,0.519144217721754,-0.2643029341893939,0.6294317773595749,0.16024682750346794,0.49736179847717166,-0.27294213089465263,0.5920456747405048,,,,,,,,,,,,,,,,,,,,,,,,,,,,,,,,,,,,,,,,,,,,,,,,,,,,,,,,,,,,,,,,,,,,,,,,,,,,,,,,,,,,
-0.03761071515459408,-0.19645295994563292,0.031456225252346065,-0.22885683733556175,0.06836995062594493,-0.22778679221461876,0.09905864345357235,-0.2263106620180176,-0.08051060389152769,-0.2289881963373267,-0.1165594195310606,-0.2287502905896857,-0.148968173766593,-0.22832131720311397,0.15237831087649809,-0.20767234555496403,-0.17969427249175648,-0.21252705581413206,0.0382224235550656,-0.15764088624333983,-0.10083959109143426,-0.1604909785240583,0.4999593996925912,0.006371707700762839,-0.499959399692591,-0.006371707700762643,0.6883539993411992,0.2735679917039846,-0.7457492832522096,0.25927772454228143,0.37791757665740733,0.3525458002560517,-0.45216818162048383,0.4290917423592823,0.2773865842206473,0.4153401797906758,-0.40598684019288683,0.5033260314031703,0.2062911870440488,0.38557117821594755,-0.31447483656726155,0.4819232713822663,0.2183911817253531,0.36384692035537014,-0.31629837407215566,0.4570628505260155,,,,,,,,,,,,,,,,,,,,,,,,,,,,,,,,,,,,,,,,,,,,,,,,,,,,,,,,,,,,,,,,,,,,,,,,,,,,,,,,,,,,
-0.03620941285052671,-0.4439854959218776,0.033260593906434065,-0.5153652808588551,0.07041292876625983,-0.5128614715180219,0.10134502830239549,-0.5093240712718085,-0.0793359410813284,-0.5156037673537207,-0.11544587274298725,-0.5147345468395391,-0.1479517605931346,-0.5133713185859927,0.1547956979383883,-0.4664356522346099,-0.17922416357884355,-0.47737181207153795,0.040160617354053824,-0.35697647762400725,-0.09979344926614558,-0.3639389085399052,0.49973198238342226,0.01636904954891297,-0.4997319823834226,-0.016369049548913276,0.6879053590842787,0.6072686516960937,-0.7380918789707253,0.5846237911836057,0.4000411870601105,0.8944718408156428,-0.5005752185100496,1.038991369296445,0.31733690708287005,1.0527784588548916,-0.47489607372559867,1.2184396059068603,0.22845005544192265,1.0087358608162247,-0.3695008714653187,1.1752980564672164,0.23194745378141746,0.9596249764787765,-0.36133184877822233,1.1079982434950346,,,,,,,,,,,,,,,,,,,,,,,,,,,,,,,,,,,,,,,,,,,,,,,,,,,,,,,,,,,,,,,,,,,,,,,,,,,,,,,,,,,,
-0.03162170588275653,-0.6406576526723048,0.03701570337574666,-0.7405123378146494,0.07417513008732607,-0.7365622057080661,0.10515579079787549,-0.7308388242830458,-0.07549569754527045,-0.7415527581626441,-0.11142128462432226,-0.7398644280214591,-0.144076728573254,-0.7370022025534247,0.15828342538437368,-0.667457032721561,-0.17716159356997788,-0.6837005526241894,0.04423108808246749,-0.5158300984493568,-0.09617323662830736,-0.525954731741224,0.4993655472308368,0.02518035422401517,-0.4993655472308368,-0.02518035422401517,0.6849439579455123,0.87312807149288,-0.7328319150130712,0.8384404057541995,0.38773356440194384,1.4408835730542429,-0.52399501508935,1.6353925528166358,0.32224695749362775,1.7303407490728153,-0.5063575794951146,1.8825287488410707,0.22469759821671795,1.654779365690848,-0.3991050946498018,1.8456494410617745,0.2305677242696461,1.5639068621383474,-0.38492494087421875,1.764655369357773,,,,,,,,,,,,,,,,,,,,,,,,,,,,,,,,,,,,,,,,,,,-0.5769808810596868,1.6507939397196636,-0.4648039429624292,1.7017488685062487,-0.3894461045939774,1.8197916585396308,-0.3472790976044312,1.9095193574658014,-0.33332826331028764,1.950147943176769,-0.5151006290649561,2.0157949591390074,-0.42326522402723515,2.0637937593874986,-0.37680729871921415,2.003524672781611,-0.37395567135872,1.9465368460725652,-0.5780185285652047,2.019247768608032,-0.4962211234395769,2.091449603884405,-0.4463323564684578,2.031930458425736,-0.442294625787409,1.968688131104977,-0.6239231653262621,1.9993647026073083,-0.5534455418171941,2.0852922148758974,-0.5036124329167158,2.0359582370344413,-0.5001496984589804,1.9772305297516721,-0.6518514798300687,1.9653944648799724,-0.5904157722405872,2.0440612805424068,-0.5493747866616985,2.01592287266041,-0.5428747264746945,1.9761498957882535
-0.02148977670487547,-0.11791117991497398,0.043587770685272996,-0.13588118854737388,0.07945583677435569,-0.13508792402102507,0.10926554537910682,-0.13391678237743063,-0.06896938534969484,-0.13641391283819446,-0.10540757459050928,-0.13610726620225788,-0.1382298634152871,-0.13538917855250712,0.160085271541069,-0.12216910599269093,-0.1761124333714287,-0.12517254724709223,0.05080740614087119,-0.09487575802617876,-0.08951608763676452,-0.09666597577830784,0.49997887968438526,0.004595635924098246,-0.4999788796843855,-0.004595635924098246,0.6816184662834914,0.1596511479118281,-0.7220838075230291,0.15751696859800818,0.39683916839047934,0.28007504850261933,-0.5679859115874548,0.3176145671293843,0.3523559538291906,0.3326161050398959,-0.5675108433264822,0.36636380203849644,0.25665753527410623,0.3200322617324952,-0.4595454983321964,0.3608424433699269,0.24874571051638728,0.3023692123217973,-0.4351514441868414,0.347926712126027,0.4174062837668874,0.2873128937558851,0.31017034587902176,0.28682901099092095,0.23480027141292945,0.30486395931609955,0.1993928400873071,0.32555135415426506,0.17747351218682822,0.3420024304057527,0.326492363444273,0.3315815243025961,0.28092457464135406,0.3596149190688838,0.23677518625824048,0.3590645336823135,0.22711154728818495,0.3524606905078842,0.3855612458200958,0.33737530146578204,0.33772595455801185,0.36502765418394884,0.29054511931169474,0.36442420736368836,0.27843397154921457,0.35833409889482637,0.43019395017704615,0.3394563411994704,0.38181905230082763,0.3647542197855946,0.3370222184578814,0.3639665036565832,0.32466941270848304,0.3589695076096074,0.4595650866502484,0.3391784524539579,0.4158093203635745,0.35970213049745303,0.37925133309340864,0.36109548154708365,0.36954666175185413,0.35771072473201637,-0.6352400304024416,0.31669837825076,-0.5212541643065886,0.3264448805648919,-0.45545916899367345,0.345575129412315,-0.42783685693689494,0.3647539853462704,-0.41424153324451835,0.3787321956070397,-0.6025238277843783,0.3627090492684952,-0.558510835952755,0.3917435780951767,-0.4828569370677264,0.39315052662560573,-0.44690144522228403,0.3850817502612506,-0.6549300015157519,0.3680451227245762,-0.6147950842728328,0.39766590615441666,-0.533877288845108,0.3999466100458058,-0.4915310566869104,0.392488391827876,-0.6795447850766329,0.371058293210928,-0.632054557501501,0.4001139215767794,-0.5566646885245349,0.400059140921379,-0.5162515140688627,0.39206124337934656,-0.6812049465797673,0.37204543905831644,-0.6399011222311823,0.396497538709491,-0.5758224759652885,0.39941490165872295,-0.5329805562639578,0.3939826299333155
-0.012845634176273013,-0.1575602540397536,0.048780855328466585,-0.1813288472070881,0.08343060533184096,-0.18023484101215936,0.11230821646941484,-0.1786138116673955,-0.06374676389600677,-0.18225713430514406,-0.10068832885560482,-0.18186190596610294,-0.13376656923353744,-0.18079563235473248,0.16121759828250865,-0.1629305413695919,-0.17511929517918026,-0.16686003513223863,0.05622610782240404,-0.12684743235564105,-0.08361999106681373,-0.1291251463853758,0.4999628676375234,0.006093519809126385,-0.4999628676375234,-0.006093519809126264,0.6798908688041571,0.21289357431446568,-0.715222964470301,0.21329244483145998,0.4009079391704235,0.3761342211212202,-0.5769450743658283,0.4262817043638691,0.3597460430775583,0.44501800431542665,-0.5776178269603234,0.49106012863140047,0.26668956736652594,0.4284325665386032,-0.4707431037314828,0.48384008318133426,0.2557157161678222,0.40517413844029176,-0.4458385701287395,0.4668028072138536,0.43319800068074854,0.3778256485627089,0.3209419787548503,0.37855502071340386,0.23854453656107477,0.403494157843799,0.20047202105777187,0.43289714827369574,0.18050461677583732,0.4560994868315273,0.32995203604156464,0.43684297980601855,0.2756008057348829,0.4772743810161261,0.22758058788446106,0.47402795171305434,0.21333952330366046,0.4632920598536033,0.39225746721710525,0.4458304181234556,0.33710289480586564,0.4843108606973485,0.28827190795931834,0.48331498518270294,0.27310660798344333,0.4746964474608165,0.4376161759532741,0.4494914313398343,0.38920192024468403,0.48543847899167447,0.3420116575269373,0.4854503420855792,0.3266089033234438,0.47867328953685534,0.46850214235224286,0.4500445220775918,0.4233010487593411,0.4794884089627925,0.3855421131222243,0.4833705544120469,0.3734791907961549,0.4797667754206478,-0.6262869694614611,0.42707184885526944,-0.5144068307698989,0.43866209160032543,-0.4530629757498138,0.46491771996747916,-0.4286586226638914,0.4903283630494792,-0.41910495817494026,0.507189981977386,-0.6079675098973509,0.4897677798313606,-0.5638970573943393,0.5269305864839952,-0.4810095435083762,0.5244234152432058,-0.4462400348784749,0.5104487946854986,-0.6593978056412735,0.49635814474442363,-0.6121703053144171,0.5354672272330474,-0.5247157688707623,0.5326909510726265,-0.4870427582430312,0.5182157912019156,-0.6832529813562833,0.4996469273739802,-0.6348467714468918,0.5394441733713133,-0.5528810173254808,0.5355910612834579,-0.5147037001300578,0.5210326516309582,-0.6827782792035901,0.5002699479284404,-0.6415791455016152,0.5319907163455576,-0.5729733377975309,0.5339302281367762,-0.5292043964619079,0.5246892942337932
-0.008259581531321605,-0.23711489393240903,0.0521661837766225,-0.27231869910621465,0.08630665073511003,-0.2706138361246768,0.11439068732241557,-0.26794470661713765,-0.06083367252232129,-0.2739780514414708,-0.09793380487753861,-0.2733096817795212,-0.13114571510085515,-0.27138798309078327,0.16226865529660212,-0.2439938358842469,-0.17367114701256858,-0.2498018020472997,0.06002546331751908,-0.19112444428403128,-0.08080149632712225,-0.1941840644562558,0.4999202496346615,0.00892994990006283,-0.4999202496346618,-0.00892994990006283,0.6725160796444526,0.32222912206591464,-0.7031733540331101,0.3280055569620897,0.43395788128995644,0.58921678483641,-0.6113520937467208,0.6640771381770743,0.410331739217845,0.698461441064929,-0.6270738388007095,0.7648751427168147,0.3140278160517706,0.6798589255655748,-0.5257712280325046,0.7601448313793733,0.2994687453027061,0.6446593142055903,-0.4935210703191749,0.7288797940158664,0.4849414527421065,0.5983502900332389,0.36947585951009954,0.6090967049604152,0.28882040403750747,0.6538633376051909,0.23540192764128773,0.6965375678060616,0.20480878378973572,0.7304749965323016,0.3981590644168349,0.7023974129993473,0.3497437976477978,0.763064191778244,0.29725541958619867,0.7671938557806266,0.2792250779697145,0.7565042903296932,0.4545082241401311,0.7105880867185947,0.4047906141560321,0.7687764768555982,0.33958177962231456,0.7733593834035462,0.30839316729001226,0.7644191042953681,0.49030251898820065,0.71274463898132,0.4422644302178441,0.7660680497592901,0.3791088006044637,0.7691153991429265,0.3482396076781284,0.761160821609169,0.5074288666874113,0.7130141303509417,0.4639705615620679,0.7578908894401333,0.4100558956896547,0.765028605237383,0.38060353543084213,0.760291925515991,-0.6844784802805312,0.6600644349823719,-0.5762219199415596,0.6799482382673226,-0.519633812303568,0.7248714399614231,-0.4991649686776312,0.7719250990766947,-0.49477870715019734,0.8047434008184249,-0.6683723630970969,0.7580080055742512,-0.6376785014148348,0.8246382322804613,-0.5577113187098618,0.8288081258302397,-0.5161354092858345,0.8148765869690785,-0.7226779785899405,0.7630561148034771,-0.6836479692703576,0.8287554701678177,-0.5955852312155057,0.8305858369111161,-0.5494168970309783,0.8149778598065388,-0.7429154795251335,0.7646626561498735,-0.6958377044386106,0.8242022309694939,-0.6191079833511941,0.8229563576117208,-0.5764368189048404,0.8083892229669908,-0.742957924896647,0.7634764281442245,-0.7009252909423374,0.8127094725085812,-0.6407393985087583,0.8184664916000285,-0.600212393350271,0.809684645458429
-0.009439525451736987,-0.5860987530854705,0.05159932203281166,-0.6735236655687747,0.08600818320209683,-0.6692605602434087,0.11417237359526414,-0.6626994735685556,-0.06125548088039082,-0.6777756500832709,-0.09813420928676776,-0.6759681348407495,-0.13132842374868728,-0.6711271308264094,0.1622086977136235,-0.6034533536615934,-0.17366900495597407,-0.6177480056055525,0.05968183288404046,-0.4724498181433077,-0.08152657340570199,-0.48009844342594526,0.49950576513606515,0.02222589921317602,-0.499505765136065,-0.02222589921317528,0.6455803594270546,0.8097748816506086,-0.6991501311670454,0.8234511781626037,0.49423342803706577,1.566250784613868,-0.7235861522372664,1.6732690319441847,0.5036494309436876,1.8460764624731838,-0.7709363165243189,1.9322865222380603,0.4196229964879088,1.825966968611334,-0.6990482343777256,1.9270056709800216,0.3923442398890326,1.7484541498988364,-0.6569147337422822,1.8410774662492502,0.5540608130889149,1.583654853624548,0.4357845257600875,1.6482809533967808,0.3721078662294373,1.7818242520319056,0.34204646444641396,1.895509617216572,0.3167335352205242,1.9841010644124566,0.4876082877976005,1.881124656618828,0.4605140136922912,2.028229592371121,0.4154785089319853,2.0618339984849223,0.3927409388813238,2.0572184784978655,0.5363155694036987,1.8896577698418235,0.501507543997219,2.030178418606932,0.4440340569534877,2.059958032734118,0.41035121040810624,2.056833468356041,0.5637317634059114,1.8888712600799877,0.5254767093139536,2.019746714535157,0.4726477436672839,2.0474743473188117,0.4416433857089019,2.051750874312468,0.5733377956071318,1.886668956051601,0.5406011922303131,2.00507222937857,0.49372723108367034,2.039578571601507,0.46428255140052244,2.047730125968809,-0.7511130768230344,1.6808354015740121,-0.6753580526091691,1.765358932849102,-0.6526872496079612,1.890071924177651,-0.6400539993845187,2.0081016916499017,-0.6310565745187015,2.0956132697627394,-0.8051893536720334,1.9601709968025982,-0.7715379389991638,2.110996802481312,-0.6936915653593393,2.128265504380374,-0.6387917939942345,2.110930461092332,-0.8314226409950053,1.9566921003816469,-0.8025645868802095,2.1052323876885715,-0.7193909217237584,2.123472051419407,-0.657383130273833,2.1040846433115976,-0.8259617126609341,1.9459221702689455,-0.7985594883798376,2.079973574917933,-0.725939023060008,2.0946403905497815,-0.6689819021048965,2.078211118133244,-0.8095658824044423,1.935279554266888,-0.787635988215093,2.0403367041218137,-0.7310647808058227,2.0582335400968805,-0.6819663470084645,2.0467752701389847
-0.012040025156202712,-0.20302303067301142,0.050330642550061484,-0.2334806994260941,0.08539346433019698,-0.23203465645468968,0.11383557289283593,-0.22982550131953974,-0.06303732460756317,-0.23487672828429598,-0.09973172849237402,-0.23415741154771988,-0.13308328601198807,-0.23247122144546187,0.16226134924759092,-0.20931918565661148,-0.17461578476840997,-0.21406794631771414,0.05879257905387278,-0.16377319836884224,-0.08327762034934684,-0.16641137668404346,0.49993191190444997,0.008251270178673487,-0.49993191190444974,-0.008251270178673487,0.6259788008846363,0.28901674120113874,-0.6953707517170126,0.28699659442765524,0.5488199475787977,0.5710518826741117,-0.7748266102406058,0.581585675251879,0.5826060041830647,0.6638095389192455,-0.8520492092711215,0.6721953708786782,0.4927677149762395,0.6587308571172154,-0.7802218633090305,0.6740248553846357,0.4630525426023908,0.6305518737016317,-0.7340468251137968,0.6443445223856935,0.5876412995384346,0.5758595885400601,0.47546589151069363,0.5936609080910483,0.4246496504805529,0.6394874639688863,0.40975618161957655,0.678414586161677,0.38319621698586726,0.706101499505831,0.5449709395965292,0.6751657858030108,0.5196599799037483,0.7345654839791882,0.45433109930973353,0.7376880582426292,0.42592908886423025,0.7236699491117491,0.5941846953608394,0.6784575877140337,0.5573193089919355,0.7373370332629294,0.4805785042611557,0.7406489466692083,0.445834205473035,0.7299705365630539,0.6185645562105964,0.6791124021220749,0.5821529982751183,0.7324221542972612,0.5086081162957237,0.7367694127718208,0.47327077663673733,0.7292810562881897,0.6253921345862385,0.6786323724853051,0.5974190711784002,0.7259679520696914,0.5344245178957814,0.7337798125395139,0.5004862940777693,0.7276820601028642,-0.7864921806721739,0.588698925886491,-0.7230882153320333,0.6162147592084998,-0.7116826657677361,0.655507857689963,-0.7078156650405989,0.694424130260313,-0.7069495457104721,0.7250547314101039,-0.8712640213710856,0.6748891204307712,-0.8488613061431638,0.7298313438458868,-0.7726004450297906,0.7403489943024617,-0.715796835401524,0.7374322982404581,-0.8957521471371087,0.6726546274578479,-0.8720473740748175,0.7262614211254677,-0.7958254801060453,0.7374532036105271,-0.7327719106202578,0.7339258855050582,-0.8897699193232311,0.6698936631716098,-0.8596937610794781,0.7163751657699579,-0.7935985951854352,0.7243176186464758,-0.7398432649849466,0.7220636757406403,-0.8743576425159324,0.6687103927632221,-0.8496359195136738,0.7047230682059784,-0.7994559019420829,0.7135844311782421,-0.7527113676678401,0.7138477329911339
-0.015729814895498843,-0.10334637548356926,0.04816065266478501,-0.11877895963915099,0.08389614149327332,-0.1180454006854746,0.11257960179500337,-0.11694254744312688,-0.06512068484837107,-0.11947524608367031,-0.1014303024320851,-0.11909689181064621,-0.13469376537667382,-0.11826760346347825,0.16127848093444797,-0.10658059004489454,-0.17531781130500096,-0.10908930637391612,0.056733501796327857,-0.08358012101844686,-0.0860379689739087,-0.0849260949438479,0.4999723895604635,0.005254491145683977,-0.4999723895604635,-0.005254491145683977,0.6170608049048598,0.15144360072484145,-0.69258535519365,0.14445182427075723,0.577808123516217,0.29345019517457815,-0.8010108579712545,0.29261401191284764,0.6209124015640023,0.3403645262087982,-0.9056031255417777,0.33735834345952703,0.5263160469487217,0.3375640583983594,-0.8231215339028127,0.3396921554582687,0.4931525974999962,0.32193525230225617,-0.7724257699182758,0.32494370004761547,0.6058988884547712,0.2949876611957284,0.5027110155220537,0.3054808551320111,0.45629470080306395,0.3269690062556406,0.4426479362260161,0.346760608691691,0.4210097343067092,0.36236856350027663,0.5925362647839189,0.34527597037342084,0.5788622144736407,0.37321802799772374,0.5122864614828938,0.37732892928023876,0.4671220079982754,0.3740651365347031,0.6428435660927294,0.3470100247315189,0.6209288140351182,0.37631174618404983,0.5426973343695808,0.379758337437408,0.4908025367920771,0.3755496416179092,0.6643724199232263,0.34721274188141094,0.6443594629561792,0.37413628405888466,0.5687652622430904,0.3775614244669372,0.5168195860051271,0.3747894023426648,0.6637124334284749,0.3466649459157313,0.6447453611832935,0.3690409755059274,0.5863510198879732,0.3733441349858097,0.5416124700288144,0.3717876829680379,-0.8085803922278886,0.2973791639771867,-0.7482959497276742,0.31174596754698153,-0.7448425606489834,0.3322692969545782,-0.7512166515407073,0.352354216384048,-0.7571267823895713,0.3677615858037656,-0.8991240974128558,0.3396012225270814,-0.8849741880181589,0.3669381264906481,-0.8185198873136701,0.3731779908609886,-0.7665553367339236,0.372907723533643,-0.9272639458978413,0.33823742841186893,-0.9084798214166309,0.3649453962557736,-0.8404394605346717,0.37158136847141754,-0.7817533875652648,0.3707938160080509,-0.9259979801961047,0.33701972654434403,-0.9027877712777203,0.3609836516274185,-0.8404172011207206,0.36629746568535315,-0.790079844474179,0.3663777398114196,-0.914617418857368,0.33647153087347254,-0.8976671828674794,0.3556804963746046,-0.8490480067908918,0.36192375823907724,-0.8044861987300631,0.36373335687846914
-0.020249447125787082,-1.290277148446072,0.044219427933770844,-1.482483189093657,0.07980401010735609,-1.473389409456142,0.10821502811094108,-1.4597905945608465,-0.06742926391786855,-1.490903996873899,-0.10291701235592714,-1.4860645374885155,-0.135637333327407,-1.475986866397905,0.15664561398691138,-1.3304975259232525,-0.17489272102525694,-1.3624599779018214,0.05235104087464019,-1.0455673444852627,-0.08912314759859837,-1.062260922731556,0.494172913804468,0.07611262222523789,-0.49417291380446815,-0.07611262222523707,0.598177187447108,1.924694563476004,-0.6817662870603451,1.7733756867597714,0.5955320125716319,3.643206549459823,-0.8035022298365987,3.579171132967299,0.6457614868219631,4.221015567679417,-0.913247886613949,4.1323325569142995,0.5553694138140646,4.19807926826447,-0.8344616898486072,4.162291350648697,0.5149966051556246,4.00653960171085,-0.7807500341213399,3.9781255093106065,0.6247398915238235,3.6732131769781957,0.5209145585549598,3.820355669521356,0.48504976375919323,4.093003289843715,0.4757047030700032,4.335518100424462,0.4598830793696569,4.523204673207032,0.6226559488405059,4.2985871203158235,0.6092238993012342,4.646862427260386,0.5399078905677089,4.694331684810476,0.4914633848422568,4.647687972394124,0.6695878309222486,4.311249052821584,0.6541692776460328,4.670417266985326,0.578800151757333,4.715561637690257,0.527669922029653,4.664194751466798,0.6875258769547039,4.309444564557232,0.6735592245005444,4.634992226351417,0.602149589710149,4.695328771790184,0.5512953361287204,4.674259639391002,0.6839956820839026,4.304860768499978,0.6721162001042451,4.580174709918611,0.6158638692410915,4.65111633515231,0.5704597410742343,4.645038970426527,-0.8163379449545841,3.6679176472042436,-0.7580176086270846,3.8302168515034687,-0.75301342273831,4.07956859431067,-0.7582931812994382,4.331236976758898,-0.7597816973777403,4.527691976975928,-0.9079469456731741,4.193298364028432,-0.8967134254042606,4.534552001373955,-0.8285622962485815,4.614168035914992,-0.7755317044611866,4.609052295191144,-0.9366707568162058,4.1744196890470375,-0.9135169532696967,4.499392520713136,-0.8387429513805892,4.568806763741358,-0.7819257570601955,4.554815381929319,-0.9354475752600948,4.158265065590851,-0.9094055542487849,4.44762646980963,-0.8431466672406229,4.50314252443252,-0.7929246572574052,4.492273534105324,-0.9233644902646446,4.147175874913301,-0.900733437587269,4.37084334988836,-0.8492185459320559,4.4236114360940535,-0.8052620821113251,4.417012848067051
-0.021329584348808887,-0.561041490794482,0.04371103471560061,-0.6445798130100593,0.07975252616588953,-0.6407984975453535,0.10853859962807631,-0.6349242787234959,-0.06878968159113936,-0.647854801024322,-0.10451555230538953,-0.6454654847673338,-0.1374865455012173,-0.6409017605230946,0.1583154830583049,-0.5778608718684385,-0.1770421102944546,-0.5913121677357651,0.05201953733456557,-0.45506478340009837,-0.09066175177389915,-0.46192829365119475,0.4988341050619522,0.03412529306894532,-0.49883410506195186,-0.03412529306894464,0.5959652695160579,0.8442927304736146,-0.6876148085806416,0.7684402770417137,0.6169849199889371,1.5729105943065578,-0.8207221671448585,1.5497611391929442,0.6758461562386888,1.8235335865733213,-0.9278081294438918,1.7842105452776345,0.5894054763805505,1.8236031419469296,-0.8475546010575239,1.7979825092520048,0.543586444483904,1.7370298869295926,-0.7943366595061012,1.718864876896991,0.6486392019674293,1.5942783617731378,0.5455388654205451,1.664741165485983,0.5162334597691364,1.786177713920956,0.5098186815664036,1.895673923219901,0.49143834349045035,1.9791239636151303,0.6659524413643944,1.8723657391767723,0.661263015898244,2.01659718866707,0.5961092689380986,2.046740347423405,0.5459399921603627,2.0384928635846227,0.7151992281916236,1.8706728683914224,0.7030953557564712,2.0229773782451472,0.6291828287180317,2.0474376846306024,0.5742749757546333,2.0314734779577996,0.7329085167747376,1.862672573649616,0.7225848346557882,1.9986408447552915,0.6533995100827931,2.0286613006986975,0.5989906790939424,2.026086681792534,0.7269990567131015,1.8546237684933953,0.7191227554624058,1.9679184145797803,0.6684510039736276,2.00285768386705,0.6238314933556455,2.0090031686459784,-0.8338479480313487,1.578102992119946,-0.7673281360322096,1.6536354908332505,-0.7582787167819259,1.7619039586144596,-0.7599546141457763,1.8707506277321735,-0.763519056821117,1.9524468026298116,-0.9163791146668298,1.812297718528964,-0.9039016866082801,1.9588319859270198,-0.8383794615784064,1.9888478048455185,-0.784625635012802,1.9856710860898663,-0.9501654106552206,1.8007397556006677,-0.9227671849372658,1.9408941901148702,-0.8476159379058403,1.9660397061039192,-0.7917626444493532,1.9585505541845754,-0.9512612482879729,1.7906816918827373,-0.921902680649654,1.9154618919700217,-0.8559444460862594,1.93587157875193,-0.8044666837281312,1.9277863907848998,-0.9381630892934397,1.7847459433073039,-0.9175100889709685,1.8805747000394026,-0.8667690796501507,1.9037095306898468,-0.8201869929881906,1.9002927567216914
-0.021653463711388602,-0.6371445665167935,0.043525987967255944,-0.7323724560637371,0.07973231475870818,-0.7282470725260378,0.10860596336628037,-0.7216422969135731,-0.06919137460757388,-0.7358070767670467,-0.10486689110859,-0.7329848287314857,-0.13781217880276567,-0.7277890557534259,0.15897418714696845,-0.6568817154066192,-0.17744689175252543,-0.6715853266374885,0.05195391822369311,-0.5170488108588158,-0.09100291645984544,-0.5247510488042438,0.4984006247672005,0.03996019559091383,-0.49840062476720065,-0.03996019559091383,0.5948591871062233,0.9628811655075267,-0.6866534059675468,0.8702049971066308,0.640009464692182,1.804840448059673,-0.8235053145130236,1.7497693356297803,0.6945518428293058,2.0837777134931548,-0.926508747473193,2.0125145868487877,0.611033503414125,2.0796400057282267,-0.8430977857121843,2.0280641249552307,0.565534754950475,1.984620617861625,-0.7911300400830246,1.937555404254635,0.6624979922641074,1.8047810493251568,0.5581293436008442,1.8914607740510985,0.5321715048024176,2.0280552353487042,0.5297962300523883,2.150062256409819,0.5059504894515949,2.245368132050378,0.6788866586816589,2.134713542596263,0.6689001316449441,2.2924899158807173,0.6031019415590502,2.3173476801661534,0.5567984684871508,2.298818911654357,0.728028751211308,2.1291652159048335,0.710410509353811,2.294946679866143,0.6400828056559753,2.316065556461259,0.588879264765566,2.290653403987006,0.7463443400228825,2.115340261464476,0.7267197568271441,2.2575291137782383,0.6624836077104356,2.284629887419448,0.614071885828505,2.274559983590368,0.742741921025077,2.099985082482538,0.7269051352301017,2.2180940110819067,0.6805976101712525,2.25184784706194,0.6422445406937449,2.253445955871539,-0.8374945968581937,1.7805807118496364,-0.7666168359319097,1.8660862003680692,-0.7561954293957972,1.9881162535915464,-0.7547768287646386,2.1109164699986134,-0.7533214563519094,2.201163755452734,-0.910232270444317,2.0492137111001645,-0.8937611967421721,2.2152590347460928,-0.8251277300877622,2.2471577714733146,-0.7718322496347951,2.2390330751813794,-0.9447164014823896,2.0380879644595846,-0.9136490577899804,2.1974874990811206,-0.835661680561408,2.2249709298759814,-0.7795871448588546,2.214556755830522,-0.946362571830622,2.0275525685069495,-0.9127643570893073,2.171124158708562,-0.8446123171343818,2.194748692124998,-0.7928071574815868,2.1843252243999896,-0.9333305714023649,2.0215435985682535,-0.9085471503715288,2.134419781507874,-0.8572967583820115,2.1600250808875607,-0.8120594643763036,2.153932467832913
-0.022329100756214682,-0.11935150173889342,0.043122226869863306,-0.1372379028800924,0.07954757995140387,-0.13648693672869452,0.10858572786342736,-0.13526220289465726,-0.06994786524127777,-0.13784131938333782,-0.10571392902871385,-0.13729628827964288,-0.13882011202042435,-0.13632329899502565,0.15953958926078174,-0.1231349964792324,-0.17857173632282858,-0.12581320953222114,0.05163648297914019,-0.09688143131293409,-0.09179033563223336,-0.09831160924370778,0.4999414353816416,0.007652528245220025,-0.4999414353816416,-0.007652528245219927,0.5958710202933557,0.1802285907405524,-0.6885022312846953,0.16267792452949806,0.6475583270817508,0.3379906232428286,-0.8269024635715762,0.32659640662033723,0.6998914310152866,0.38987364160067045,-0.9291271504222054,0.3757817627138264,0.6169169466718001,0.38885185934307837,-0.8443131180844667,0.37858305339756226,0.5721309248007661,0.3712694701464984,-0.7929857371947457,0.3616472088583589,0.6572418351380733,0.3372541212622121,0.5568953467234649,0.3536543760624602,0.5348601313473119,0.37890904483929544,0.5308546876654496,0.40233760261363194,0.5076924213495365,0.42042378303272343,0.681286467707275,0.3977012882790829,0.6704310701409514,0.42848081710885233,0.6031109277162903,0.43381564137230527,0.5554876996631488,0.43033260862344336,0.7334199284140376,0.39705912441494573,0.7096798329214484,0.42883128056799097,0.6355977906371424,0.43210713200900436,0.5857989789247664,0.42704285949353293,0.7522679532928566,0.39455293302751476,0.7301765375368091,0.4215103708178892,0.6629178706179527,0.4262160225350868,0.6144287103576295,0.42377237074769175,0.7492743193385523,0.391706550385782,0.7344644033443504,0.41395599500050334,0.6866096784195136,0.42012641780888116,0.6479728302446545,0.4202002115156868,-0.8397992334205994,0.33279122591520244,-0.7692371203449159,0.3483000648221844,-0.7577507365638932,0.3708227802979325,-0.7558657920533908,0.3935063766288456,-0.7538073770562104,0.4101435719186019,-0.9129648747450203,0.3825093015727659,-0.8951224207429228,0.4136875581182235,-0.8266681262474677,0.4193490536016709,-0.7726494166960152,0.4180290752801394,-0.947608401883139,0.38077284576983533,-0.9157731184569835,0.41096776529492113,-0.8373082580987442,0.41593218593690495,-0.7792926262226698,0.4136561372563696,-0.9490173170025682,0.37890594807166084,-0.9141015122116758,0.4060130881413484,-0.8450385493419127,0.4101082989799343,-0.7923465339569935,0.4079932822163997,-0.9359484461707097,0.37776218338163153,-0.91104442457935,0.3985405123080677,-0.8587209071727094,0.403402588556273,-0.8120802727651592,0.4023657756460153
-0.022908139525967045,-0.08501070067058579,0.042916188369354576,-0.0978094897136389,0.07946366153932315,-0.09727704557876418,0.10859868716042055,-0.09641854164413496,-0.07052802216549345,-0.09822368469366707,-0.1063364216412552,-0.09782913511260069,-0.1397867854444776,-0.09713718648505966,0.15959345319205198,-0.08782351812932938,-0.17907385312897747,-0.08964776834771473,0.051598199159035865,-0.06897951688767545,-0.09235834166026603,-0.06999634120873215,0.4999703176216715,0.00544807280467932,-0.4999703176216711,-0.005448072804679414,0.597342186230505,0.12764842870107426,-0.6893233314604259,0.1160115169933298,0.6569942089020047,0.2390086149193988,-0.8266610792963724,0.23229214904093046,0.7065081898079474,0.27616834455117323,-0.9239874976629265,0.26745289204958145,0.6255416267303979,0.2753577161846987,-0.8382820366677253,0.2691662399541017,0.5830592446913698,0.2630417733720182,-0.7893186326922509,0.25726419609488976,0.6703358840396502,0.24000412532815726,0.5683039452771184,0.2516805969488796,0.5468563005901078,0.2696565675829831,0.5423232476313504,0.286502416458182,0.5157452039441975,0.2992368870032644,0.6860669433428357,0.28305984286093927,0.6762908802925741,0.30491742139182293,0.6089900282317775,0.3086779813371919,0.5621056684862797,0.30714359494376164,0.7398859143846698,0.2825613341344081,0.7151390690750644,0.30549967872324313,0.6403951311324316,0.3075887650665363,0.5912100557744122,0.3043768230708037,0.7596622481535794,0.2806197228408553,0.7342074747399009,0.3001403600634623,0.6670303934281682,0.30337097864396123,0.6194863964610187,0.30184434276409394,0.7575088400227307,0.27845135520257397,0.7388056595190675,0.29456720258155783,0.6883662386352863,0.2988824086537789,0.6484690420287603,0.2988664770425661,-0.8424221682239209,0.23522485725635167,-0.7672426992765895,0.2461610471857859,-0.7526231418805736,0.2625908441870821,-0.7466093037961276,0.27911698437780724,-0.7395771976720444,0.29126542998070964,-0.9064595305667704,0.27145549407476155,-0.8826352845948613,0.29402940305710307,-0.8117915455678204,0.29796483396473733,-0.7576735971509927,0.2965435835401225,-0.9412165888355226,0.270400993646107,-0.9069148953267495,0.2919578091923375,-0.8264312917991344,0.2952665787845967,-0.7689775187921607,0.29358245677497025,-0.9418978352125437,0.26906333035734864,-0.9058730905545039,0.28825640073589726,-0.8363512129823246,0.2910752194603511,-0.7846750991222385,0.289372474688969,-0.9278962184989455,0.26825727694679674,-0.9011776645761749,0.28316248334263816,-0.8486349525697726,0.2863554796385502,-0.8045327969409429,0.285410778152038
-0.020962671772411345,-0.3311155723590301,0.044090179143099754,-0.38108766303351166,0.0804993262965925,-0.37902284972780603,0.10943342556004954,-0.3756689836404864,-0.069511243162721,-0.3827345412576785,-0.105600894427585,-0.38117683090984417,-0.13916935709493725,-0.3784224876616295,0.16009446199120209,-0.3421010547231762,-0.1789786867712109,-0.34915706613243125,0.05319809335826419,-0.2685772102281054,-0.0913000313275806,-0.2725358443237264,0.49955625808497506,0.02106050825924691,-0.49955625808497506,-0.02106050825924666,0.6006621566424378,0.49624262524416834,-0.6921921013078371,0.452690726569,0.6673399650670472,0.9325083142825963,-0.8230581648236668,0.9041844006240836,0.7099129189706994,1.0762001440211237,-0.913170099332774,1.0397514632779747,0.6307596630230417,1.0731438888339861,-0.8269834724518776,1.0455857698780924,0.5913654447933079,1.0261270313879265,-0.7816976932545828,0.9999972769074933,0.6824226856082505,0.9312970998118514,0.5789915951377314,0.9732544670514292,0.5516609576269809,1.0424237720799632,0.5465027872536609,1.1083276445738226,0.5206967261254634,1.1583340386548462,0.6877422769446603,1.097647011443349,0.6704148721817917,1.1863749229835416,0.6031674262128106,1.1987493261507942,0.5587953180572279,1.186822650626114,0.740735602944281,1.0967221832107068,0.7115970912049508,1.1880143530674503,0.6366578146706282,1.1950936530279352,0.5909191036629542,1.1808605717043814,0.7605960595287072,1.0901678197833593,0.7295261743566245,1.167709044269046,0.6620317299792963,1.1792465282393816,0.6179942255788631,1.171238203910897,0.759706621910474,1.0828122043096273,0.7355182178458074,1.1479293014240834,0.6822975640828401,1.164110648393808,0.6430578719509383,1.1615390468403828,-0.8343695968591054,0.9110182266661955,-0.7562679092583122,0.9520530735475773,-0.735847751847091,1.0153175769019986,-0.7257796262497253,1.080065833718591,-0.7160393109373289,1.1274488039745327,-0.8876340532954743,1.050770724531743,-0.85930700635992,1.1398702038577815,-0.7867266862993997,1.1528545152991472,-0.7339513597160128,1.144390071057377,-0.9260338900019507,1.050227744616571,-0.8948643334688643,1.1406691480297195,-0.8133300169205485,1.1513776854603157,-0.7561462351655307,1.14057095846237,-0.9304006210992652,1.0471633069654878,-0.898616002027168,1.1272853645023846,-0.8270718889592988,1.1364417514644944,-0.7751454419632181,1.1261339449604741,-0.9183177753155916,1.044803610247582,-0.8917335576665173,1.1071969959019283,-0.8367842192303556,1.1189514200702113,-0.7921862028425087,1.113279503908402
-0.01967116360198997,-0.6143987061490994,0.04471359389924103,-0.7060250552339188,0.08098821630703917,-0.7021094905922086,0.10975237675160815,-0.6958001097694927,-0.06858379862904378,-0.7093181305563488,-0.10481247125203602,-0.7063618404069707,-0.13849123445124023,-0.7009975556927149,0.16015119380529105,-0.6331407816069912,-0.17867452368595177,-0.646183146748632,0.0542658861679195,-0.4981013864549578,-0.090517128839396,-0.5053492597552897,0.4984845198800569,0.038899658609672226,-0.49848451988005715,-0.03889965860967167,0.6059912274130022,0.915962054522601,-0.6930552400453335,0.8381549683257934,0.6743614708747759,1.7267364271241665,-0.8170826158026522,1.6717297359878567,0.712527524072117,1.9903770658040572,-0.9023869743410731,1.9249416877693346,0.634910443078546,1.9846365683561207,-0.8167662302799578,1.9355125469553325,0.5977532609273397,1.8987796561602899,-0.7728136417374467,1.8518643550524347,0.6782809672765225,1.7257750161630319,0.5789286259599674,1.8008738368159904,0.551446403784895,1.9260487670579138,0.5458850628696656,2.0479844221463432,0.5173330406386497,2.141020257967517,0.689570849645526,2.029571168659603,0.6680394282357557,2.19337151260673,0.6011687266499379,2.2177960124060165,0.5570302135376286,2.1979890043622863,0.7416311461427628,2.0297343171863416,0.7086784705122755,2.1989838219265154,0.6341894160588166,2.213444219679719,0.5874829779683242,2.188848802376231,0.7609980695396286,2.0192287174110386,0.7269759986971166,2.1627302770409824,0.6594532959797579,2.1844993403431725,0.6140700902384995,2.1712268192441697,0.7593216108710718,2.0073868535119783,0.7323996926798877,2.126877611392578,0.6795361858473655,2.156957538336573,0.6400677497626187,2.1541832364842812,-0.8283953718530788,1.6837654358746361,-0.7488609500591492,1.7620604138561646,-0.7272624257698056,1.879403826365796,-0.71572376681258,1.9992197159532517,-0.7040418943190099,2.0875533781645146,-0.8790516696392423,1.943849436671641,-0.8484520480769314,2.104845956652114,-0.7775429271881623,2.1292564722919667,-0.7285157213320331,2.1177941229420076,-0.9202716629395195,1.9428367504592454,-0.8890538447129037,2.1131300173216685,-0.8080115817426785,2.1296328792500825,-0.7552599130427785,2.108948365201827,-0.9270608954610595,1.9368126853338847,-0.8966208836138122,2.087504433606493,-0.8239168872101804,2.1021749822000912,-0.7742138956422694,2.0830473712355624,-0.9163600103887034,1.930725303042194,-0.8913262336302206,2.047143041887024,-0.8347945372586675,2.0673847242198486,-0.7915707689813266,2.0563920095575714
-0.0183828434804234,-0.02201892372402818,0.0456831831635723,-0.025250848246322937,0.0820238526531506,-0.025107808383429422,0.11081799926219894,-0.024879679315757092,-0.06788920351726638,-0.025375381398146855,-0.10437377975876495,-0.02526687582198845,-0.13829911101198045,-0.025065697803344656,0.16129382567436543,-0.0226186383836788,-0.17902675295230774,-0.023083813073249852,0.055772092513812196,-0.01785064295389522,-0.0899484735134973,-0.01810423003386814,0.4999981192221285,0.0013714132616461435,-0.4999981192221285,-0.0013714132616461435,0.613473823314521,0.03274437875078223,-0.6974108639324246,0.0299897745982314,0.6808500099247113,0.06164301433080769,-0.8159282806517351,0.05987650882916432,0.7165256819466991,0.07112106147661705,-0.8979533012143048,0.06897003304613887,0.6388320819694582,0.07090971691950951,-0.8128007207843075,0.0693111815219378,0.6022322381461457,0.067870394135119,-0.7696302185682594,0.06636984361304138,0.6794125673229587,0.061628208961952036,0.5791194122964047,0.06436492445119507,0.5503006888108818,0.06878193819584594,0.5434735981326135,0.07312639729987583,0.5151787074109624,0.0764046337381642,0.6886380361616752,0.07239858703332484,0.6687399063777725,0.07830579031959711,0.6020959481947855,0.07919420967193318,0.5572667099313711,0.07843821920518695,0.743208857669777,0.07238342055791172,0.7104702239438668,0.0784345525847574,0.635384616478495,0.07897518465612285,0.5889146178170368,0.07811077888985758,0.76437381372288,0.07197917565555438,0.7333472336482586,0.0771825405952052,0.6652375999227752,0.07801530787155192,0.6197397081275012,0.07754411936892786,0.7647503883425847,0.07150816770620905,0.7409087870152278,0.07583916864661683,0.6881838717335961,0.07695309904408366,0.6485740714435084,0.07683294778144734,-0.8269590327805995,0.060069520284124114,-0.7445234158891553,0.06290613729135851,-0.7218526691439382,0.06716141696441069,-0.7112104754009934,0.07149866782600522,-0.6985406893488789,0.07466518345090245,-0.8731325855642481,0.06941291635014392,-0.8458980550379408,0.07525517601092928,-0.7765516560161353,0.07615126193325439,-0.7285993264082888,0.07574743369230945,-0.9172931702958033,0.06938101397466412,-0.8880326723777788,0.07560358828401857,-0.8070889328227587,0.07614434535380772,-0.755200037570633,0.07535721639083787,-0.9262412860367816,0.0691648083677447,-0.8973104432470099,0.07463454494837375,-0.8240913581482916,0.07511352501941058,-0.7745009086332622,0.07436847885909802,-0.916888515071366,0.06892307530495595,-0.8927067474309833,0.0731225084600263,-0.8353650354363612,0.07383544391415285,-0.7919022511934766,0.07340267159375655
-0.01767322088815102,-0.889864793714708,0.04568249071511454,-1.0197746122235598,0.08177520704527096,-1.0140284904262291,0.11035349481624603,-1.0048273456314905,-0.06701506125686388,-1.0246393048021618,-0.10329472476323277,-1.0201471577367587,-0.13705332686252567,-1.0118052801912127,0.16049833992943513,-0.9126907807421645,-0.1778205301451895,-0.9313668688413437,0.05601687408783235,-0.7216164510975518,-0.08900497521734724,-0.731225207812982,0.4970268778672869,0.05444522639770082,-0.4970268778672871,-0.05444522639770166,0.6131878988257796,1.32293352358924,-0.6947773195439345,1.2137400970331036,0.6744762896035429,2.4912558901694797,-0.8077926413381143,2.4228320716202774,0.7107674606574758,2.8745249913109006,-0.8862354544013595,2.789722635681421,0.6318087258784518,2.863699289989855,-0.802830162866312,2.804191877006555,0.5952977001000106,2.7408950477639973,-0.7600341991368247,2.6863031035173486,0.6767372198696366,2.4798623935783173,0.5745621088239848,2.5882187148547957,0.5431495322767181,2.7718376457352703,0.5318697130225718,2.9465609303630784,0.5028660497653337,3.078596895291007,0.6811163464346722,2.918300211236822,0.6617967891693961,3.161052326399839,0.5926608566134981,3.1922524520677347,0.5471719248672751,3.153605343573498,0.7339295293750744,2.9198941898557966,0.7008281697511158,3.1674187028128946,0.622705650095064,3.1855096027038408,0.5761491409537965,3.1436004767190338,0.7542883998834842,2.9065970081346872,0.7211066893133783,3.118732502650481,0.6499147415927427,3.1483498709498012,0.6046416268350414,3.1231822894956336,0.7540445206298505,2.8903082410575895,0.7278767612432989,3.066790456685215,0.6729433631359611,3.1089268129905725,0.6331262391311109,3.1005933513828254,-0.8203821002597442,2.421605588951824,-0.7342840425947604,2.5405502821034416,-0.7103244200762683,2.7129855537751872,-0.7003166895449238,2.888068479478236,-0.690271811842496,3.0169024606052224,-0.860236573322477,2.811237700131182,-0.8370022291307052,3.0449662467870002,-0.7693845862494352,3.079623639702384,-0.7217469732975659,3.0615187132484416,-0.9059649428127474,2.8059754947572477,-0.8793323390706568,3.05665037376346,-0.7995237618097044,3.0802351978490523,-0.7474544307815644,3.048494768974513,-0.9161731469358618,2.7935092466280778,-0.8878826487973822,3.014586394523167,-0.814917832148119,3.0359746588434353,-0.7645770558961458,3.0066484819919332,-0.9075643405090204,2.780896000118701,-0.8840074316835624,2.9533329549780056,-0.8261472806458237,2.982784248771442,-0.7810871564614528,2.965437878844373
-0.011773614779121989,-6.1103749256929785,0.031217541888823662,-7.001187275112678,0.0557630631856784,-6.961985759215771,0.07520403778525138,-6.899112277118652,-0.045361781980649274,-7.033412054104902,-0.0700392049509249,-7.002029261864224,-0.09301199963158362,-6.943934102750706,0.10927504338735002,-6.262643509189337,-0.12085835858922754,-6.390244000282856,0.03834723588224487,-4.956117060196391,-0.06034728147005726,-5.019535810601716,0.3381004833769415,0.3683586067139988,-0.33810048337694165,-0.3683586067139988,0.4186801151555859,9.073985250535822,-0.473340553134271,8.355209869213988,0.45785250895575835,17.114307488616806,-0.5482178579091244,16.66609308578252,0.48298990553886517,19.756496596343833,-0.6004428183468155,19.18456987006962,0.4287808582947301,19.674267052676857,-0.544097664356125,19.285076499148865,0.40391413136109067,18.8288006030229,-0.5149791168481701,18.47908130943122,0.4616431199827703,17.00459488082157,0.39205341753317363,17.769188213978094,0.3708550814398256,19.038553568057853,0.36151924441307687,20.243014652772466,0.34194149306521887,21.138784512287653,0.46293741802753297,20.032479430023255,0.44760633752702206,21.70921223240007,0.40128873188949654,21.9477584468975,0.3708766416300673,21.6726118197402,0.4992682611494847,20.05060237598444,0.47513485533616706,21.767257296191985,0.42314637036087177,21.884989008929864,0.3923931621870457,21.573245822598974,0.5135504452610412,19.959367234887896,0.4901053176228269,21.425873093417664,0.44277946410788493,21.622871018875433,0.4127296399749368,21.437421991790128,0.5137432510387437,19.844841622732563,0.495172923611987,21.057730281935186,0.45857223479688314,21.351508515242244,0.4323959666266539,21.301440168043925,-0.5564363415097499,16.624174862060254,-0.49884392364727614,17.456435414242602,-0.4825788886637486,18.62439242345427,-0.4761023173759923,19.822580032509773,-0.46775145146076197,20.70157951974703,-0.5851229299195828,19.30094900912423,-0.5683103759647588,20.918176276410108,-0.5220970008010767,21.148021318893854,-0.4897896736911678,21.012717708732414,-0.6164601514631558,19.2593120899002,-0.5964102388153079,21.00820912978821,-0.5413517612734668,21.16413659850467,-0.50573789747159,20.947944457900682,-0.6237044440473837,19.165098203911445,-0.6028608554791426,20.710538875341282,-0.5524472256738568,20.86973024693445,-0.517525073198396,20.66893663749374,-0.6177655385866575,19.06874948652519,-0.6000046109133047,20.253912311964093,-0.5599724186984627,20.47196183295364,-0.5289337783245264,20.360781046886828
-0.016691672605636237,-0.20954283783094912,0.046501304567871604,-0.23973875825499083,0.08275827572862839,-0.23839994393548303,0.11141638688762673,-0.2362372946027792,-0.06653295585442802,-0.24082786365862127,-0.10303949423316114,-0.2397330875481608,-0.13702914874097324,-0.237687676782246,0.1617130618025674,-0.2142699654198735,-0.17848470958826257,-0.21860429765313813,0.0572715661260857,-0.17001478024126013,-0.0887982286673055,-0.17205392685428125,0.49984325150790987,0.01251894252724206,-0.49984325150790987,-0.01251894252724186,0.6196874797053189,0.31025993214750675,-0.6995862367814529,0.2861876497769706,0.6721792094353845,0.5848623278706508,-0.807864105308486,0.570913707837717,0.7094397270179998,0.6757438449442634,-0.8843002821586345,0.6568506323093175,0.628184335129873,0.6729153491281874,-0.802109038575933,0.6604549599458885,0.5913350604782218,0.6436025423852514,-0.7588479466965983,0.6328814776769467,0.6789880608056961,0.5818509187900794,0.5764596769872272,0.606882473753218,0.54472516017093,0.6501204264403496,0.5306970264301049,0.6917389307583365,0.49989318524977433,0.7237384656465965,0.6803163795323632,0.6870417392263986,0.6585237519143274,0.7440117700716973,0.5876417904244768,0.7510880209342023,0.5426320026664386,0.7410194831420645,0.7314598982320922,0.6874502938719698,0.6967839592476817,0.745822835580937,0.6180360125353673,0.7493216616950878,0.5722364191285729,0.738597695694917,0.7509537468801549,0.6842789181080288,0.7168891917595461,0.7343677440303963,0.6452957759394744,0.7406009058518636,0.6007219950006418,0.7336517843238746,0.7496587173147308,0.6805974424831884,0.7230109467224972,0.7227021769426276,0.6668734448882649,0.7320468424140625,0.6274205112655016,0.728896566954606,-0.8190950360828018,0.5695283409714414,-0.7331692154688375,0.5975172354849114,-0.7096022146617492,0.6382534833216621,-0.7000346255447794,0.6801018490816212,-0.6869525941243998,0.7107418649765989,-0.8612051146156259,0.6608011368163288,-0.8362101305808324,0.7163926583943087,-0.7670963513079738,0.7242100574518135,-0.7210630233330625,0.7195257898563723,-0.9074112316058299,0.6597066903981258,-0.8799634554846424,0.7199935572314013,-0.7977768805038223,0.7248302745267391,-0.7466162097667458,0.7167747057823718,-0.9180104295016207,0.656677609812549,-0.8907992804518896,0.7099632637411405,-0.815423891142322,0.715235570447169,-0.7653673447502491,0.7082300056046855,-0.9097841500035101,0.6535872064670657,-0.8859852414725194,0.6948146957675839,-0.8267708265242619,0.702315854011635,-0.7827967579445273,0.6984154627277731
-0.016885227254572276,-0.877163137520936,0.04703492616234009,-1.0050364798178961,0.08329932832227102,-0.999296206211583,0.11197062283095151,-0.990285781558232,-0.06552671451917719,-1.009572004642637,-0.10175965911423966,-1.0049470648692638,-0.13555924474454872,-0.9965916116353057,0.16195335546582823,-0.8979245688445405,-0.17669218552906027,-0.9166372074906607,0.05687861522298391,-0.7111588872690006,-0.08895258652321425,-0.720337068760962,0.49734136952635694,0.051493321485875716,-0.49734136952635694,-0.05149332148587465,0.6159343660855952,1.2902934193780666,-0.6958669257691403,1.2025532708672197,0.6688285924412797,2.449843636482483,-0.803377553719895,2.399560877133974,0.7037493216375083,2.8290471739291543,-0.8791172549503091,2.7586120014830176,0.6231070954744892,2.8168446632922763,-0.7962438681253394,2.7724034960367656,0.5870362938906291,2.694945236139233,-0.7534277958957806,2.6561640628147916,0.6631178811958183,2.4486040075661513,0.5605443713840514,2.552550684723216,0.5285005427022478,2.7337850966745405,0.5146851084900879,2.90778824767177,0.48421092126046267,3.041625539359857,0.6673180224292405,2.8859477467823176,0.6457745468309924,3.130211669551881,0.5733928142131192,3.158510531901367,0.5283498296101132,3.117038605323968,0.7188956839478616,2.8877033802319336,0.6869588716764462,3.1402510581806693,0.6061576381437388,3.155093386000696,0.5599121855948961,3.1090588056048514,0.737909202592773,2.872434739653722,0.7074797235421568,3.089367031747238,0.6342558183034024,3.117179786821808,0.5887378345858565,3.09002366412543,0.7356232187791872,2.8534665901791576,0.7102388857752093,3.03154960963751,0.6529450509259084,3.071579270325206,0.6128001406675523,3.05883694807894,-0.8091796031681739,2.3869846507675194,-0.7203027777899321,2.507013284660944,-0.6977527612656224,2.6812196262844767,-0.6887622701460225,2.858979312430128,-0.6756618633488289,2.9901967184406413,-0.8471569759424005,2.7769550767965554,-0.8250320917175821,3.0121617912399534,-0.7558658077479425,3.046284528788592,-0.7098644294885771,3.02676494099305,-0.8958606702886581,2.7708161730786927,-0.8719007277299424,3.0265517846139582,-0.7892984221713627,3.0467711897164413,-0.7383452590627008,3.012425883688855,-0.9081326102528795,2.7569266819558558,-0.8825055684807296,2.982930577351787,-0.8066092874740575,3.0040657244049687,-0.7570574526730689,2.9734465026145047,-0.9006867260282072,2.742100410070877,-0.8794562076830227,2.9199403758917706,-0.8195873031024707,2.9514925028738475,-0.7746986729817448,2.931904815767583
-0.017374261789761286,-0.2385261956475671,0.04743979797663161,-0.2734899824591548,0.08397764241592699,-0.27191365568643217,0.11291410421622075,-0.2694702738384839,-0.06553989330062088,-0.2746989768696869,-0.10190697732345151,-0.2734396485067561,-0.1358350774956213,-0.27119812991999936,0.16296094970727448,-0.24431053126108623,-0.17717242939720648,-0.24946403476460388,0.0568151350732088,-0.19323588611985545,-0.08954272235322511,-0.1958663625842792,0.49980469757061285,0.013973699808862356,-0.499804697570613,-0.013973699808862526,0.6198177234268515,0.34986964541764,-0.6995574444104409,0.32750057388969506,0.672632963655393,0.6656418055966367,-0.8065078072283978,0.6535482446803635,0.7055315148803799,0.7684990866227166,-0.8801659946909235,0.751721755525161,0.6259653019480852,0.7652157757816739,-0.7996472683509355,0.7551188452106974,0.5905871629355072,0.7320161638615658,-0.7568032966842972,0.7231929535470952,0.6614779733030746,0.6648313385427453,0.5548245585752513,0.6930658225296897,0.5203142651119047,0.7431628738110112,0.5082037084243045,0.7917432757002982,0.4759277508989185,0.8280676615814389,0.6614450016851161,0.7857744827282883,0.6415832653781592,0.8512040998327781,0.5739605122301066,0.8603986360715304,0.528544143777179,0.8519762889707733,0.7158793111782299,0.7868461136729185,0.6880665302591061,0.8546459475538309,0.6103837701205705,0.8595565219218199,0.5619561974225952,0.8491101169927225,0.7374553680905289,0.7829743175500896,0.7116155925077674,0.8409614419205759,0.6404105341270636,0.8494259851490924,0.5933470094757464,0.8440437183529367,0.7376875941157806,0.7778170465351651,0.7173760598107461,0.8258048942303463,0.6630821849867151,0.8371045651429191,0.6227568785808041,0.835062423259825,-0.8109432021936017,0.6491625600016091,-0.7202805133544399,0.6829744678755959,-0.6960565505801564,0.7306141975167632,-0.6868380321973888,0.7789123374514315,-0.6723840482926561,0.8136971674711829,-0.846116388000721,0.7552228285255331,-0.827099803814586,0.8202413347852819,-0.7570853871934986,0.8294866570778019,-0.7107266817581733,0.8233240633190118,-0.8963226980761608,0.7537003018157034,-0.8730062689097629,0.8243706779878988,-0.7892807474305411,0.8301289424224809,-0.7379264348174744,0.8208881411436498,-0.9102580913478162,0.7500123602495402,-0.8840267269196698,0.8125031677560508,-0.8073823692183245,0.8190138795688552,-0.7565793135635351,0.8107312317910725,-0.9032699400971438,0.745941338123505,-0.8795852260992885,0.7944117286797054,-0.8193615482553553,0.8038079021289649,-0.7734529461108662,0.7990939918564253
-0.019709943011137574,-0.5630020962613538,0.046434994897382155,-0.6458015200647372,0.08312668985827168,-0.6420655949738333,0.11253297738846167,-0.636306192071262,-0.06588043255378134,-0.6486191221705893,-0.10188761509808406,-0.6456378197845108,-0.1356614678959765,-0.640392471348868,0.162689900563737,-0.5768210689387627,-0.17642242909818623,-0.5891363121942232,0.05500832234931163,-0.4559182696916574,-0.09092047607260391,-0.46235258037998783,0.4989179276465498,0.032877066062409095,-0.49891792764654996,-0.03287706606240947,0.6181241134246852,0.8237810910390555,-0.6982668474856631,0.7737343566721269,0.6636716814229695,1.5699682492508373,-0.8043899530355096,1.5460384711133195,0.7041722534920992,1.81267882559856,-0.8737435111358098,1.7791985595905342,0.6218437549127673,1.8061347289614258,-0.7973420668397864,1.7847960415637514,0.5842519794824956,1.7266931181886407,-0.7549972241973263,1.7088771896474013,0.6532546932083255,1.5700347969734514,0.543802428234914,1.6389689849767533,0.509014562017529,1.7575780230147307,0.5004068819008916,1.8721927742151858,0.4701999130317455,1.956151445111694,0.650468265233101,1.8601348250958203,0.6309750590784402,2.0116757332030653,0.5644111812766506,2.034276692109355,0.5207473182715385,2.01673336012171,0.7079880417873221,1.861163645770025,0.6812980540115037,2.0213525549854876,0.6049038258077709,2.0322617551818736,0.5581939587751754,2.0056544098521325,0.7318420036578054,1.850016368426962,0.7065527508671977,1.987812146917987,0.6361692226362833,2.006160813110311,0.5912164232589143,1.9912637317395414,0.7333551470665866,1.835367328567753,0.7117103257880745,1.9497596609092054,0.6578240041548588,1.9750687918427174,0.6189323157612397,1.9683044115676265,-0.8077506193409072,1.5314830251099791,-0.7162015809757453,1.6122961595349214,-0.6906146389693723,1.7248006006011547,-0.6813759065001609,1.8394146400612612,-0.6694579710890585,1.9233911044664895,-0.8405204189593699,1.7825814614684286,-0.8219363387982306,1.9374536702782792,-0.7528707129438384,1.9589133535352519,-0.7069137587519368,1.944302391784704,-0.8921761549939479,1.7776886024405336,-0.8694084691009668,1.9474998853017338,-0.7872092503722512,1.961523305394338,-0.7366408066662022,1.9404365740801421,-0.9073406204901322,1.7674413207685407,-0.8822440678542164,1.9172950483789313,-0.8071042200878277,1.9340252170180607,-0.7570738326153956,1.9158783292146255,-0.9018411959013732,1.7568659267957463,-0.8795383381505241,1.8732514879840407,-0.8204870222339359,1.8974011938893414,-0.7752970065268989,1.8878471473170895
-0.020356166149401268,-0.18749723524112938,0.046230813670907756,-0.21509102261834512,0.08308111539793224,-0.2138396148430437,0.1126367194350851,-0.21191719839038584,-0.06608021688256371,-0.21601175580037174,-0.10209236367035171,-0.2150123836962527,-0.13589618096817505,-0.2132678678043494,0.1629710296997548,-0.19208276738324437,-0.1765200130674402,-0.19619415482629293,0.05475494106022861,-0.15182135783165762,-0.09135970310821308,-0.15397121677338166,0.4998807996735241,0.010917239475167474,-0.4998807996735239,-0.010917239475167671,0.6193937503774214,0.2740244649428287,-0.6996803370350547,0.25770288851277257,0.6580519411058225,0.5225566447354502,-0.8054400104699162,0.5153186638262418,0.7050460562675658,0.6036438625530227,-0.8706158754860861,0.5933925945974287,0.6185615022409156,0.6018140112822098,-0.7976232736283396,0.5944314343142936,0.5784995292910754,0.5751177861612197,-0.7559472159115539,0.5690344403372019,0.649583011769608,0.5208611966864198,0.5380277464414194,0.544782362693814,0.5035222417157292,0.5848276485461761,0.49825398472827914,0.623339386526717,0.46981843269862655,0.6517930463678064,0.639202315177093,0.6202408826227814,0.6251868980765148,0.6696276664744737,0.5647165143255327,0.6778414337372414,0.5224616917825401,0.6733593114813744,0.7000234408005822,0.6199977953142486,0.6824109845197075,0.6717813180997044,0.6144874378193815,0.6768825959381044,0.5694943030034609,0.6701604199858606,0.7285510574796965,0.6156827881754131,0.7086738515586339,0.6604166604920596,0.6448746789444812,0.667981997396474,0.6004514487506712,0.6653902908261737,0.733268352350346,0.6104730632929822,0.7140453757524496,0.6483939722959339,0.6636713473314851,0.658262890345469,0.6247316669005262,0.6580305884806595,-0.8081182363012706,0.5099767876278606,-0.7141235899679209,0.5367584666491201,-0.6895537348013969,0.5745145124408727,-0.6807205186829648,0.6129218331036089,-0.6663243164890932,0.6406725427609307,-0.8404472879034576,0.5938278050298677,-0.8206230395241209,0.6457150340049707,-0.7506924019923881,0.6527312614503737,-0.7063428031498621,0.6475063658339145,-0.8924586209365858,0.5925163661859306,-0.8694871669573424,0.6495448146976175,-0.7854084129464378,0.6538657479044329,-0.7357550144586495,0.6464185767955363,-0.9078975774953232,0.5893271934419038,-0.8829742307377795,0.6397679877444888,-0.8060962766216101,0.6449463044666267,-0.7571565828500031,0.6383609021633574,-0.9020023846869809,0.5859244452078836,-0.8784821072608909,0.6250758429661676,-0.8187519069969524,0.6326961737814348,-0.775201763351633,0.6288940085655741
-0.020916596022935406,-0.5646927847824663,0.04583430604876076,-0.6477863893270148,0.08268724968940762,-0.643984889026368,0.11228004185428131,-0.6381793602029276,-0.06605609480010703,-0.6505613489824752,-0.10194627038380846,-0.6475347040359014,-0.13566887091965338,-0.6422871281469777,0.1626353220942146,-0.5784173924041199,-0.17594817504255164,-0.5909254913897747,0.05427608733067211,-0.4572319057882745,-0.09147008121216509,-0.46379159861655395,0.49892285477800125,0.0328022099891042,-0.49892285477800163,-0.0328022099891042,0.6183050772960513,0.8240565285725822,-0.6984315530310182,0.7755777675595162,0.6482628084667782,1.5731079864141075,-0.8021319703465815,1.55122081989334,0.7012328411046368,1.8171463969961388,-0.8650101478205104,1.7865870579145198,0.6107287808876312,1.8125992946282665,-0.7936513571147437,1.7886208748452623,0.5692243389099858,1.7321370589104415,-0.7524000343918544,1.7121278107063604,0.641716067003004,1.5646944557186817,0.5292682955220772,1.637750972147736,0.4966358359051091,1.7589148755458464,0.4930746817956259,1.8764659980182192,0.4660384957581073,1.9646960516364087,0.6303490810323942,1.8652694808508201,0.6151979113760223,2.0149863759496514,0.5569168471783307,2.044391280442973,0.51433324294828,2.0400578697680523,0.6952222245202135,1.86436905041174,0.6758420318773517,2.023027105611465,0.6081788839453419,2.037126833124835,0.5627495687041906,2.0170490894198414,0.7262959168068888,1.8496988838048323,0.7052626216255359,1.9856521074416458,0.6418128419148625,2.006744797501308,0.5976615247744312,2.0002594865060503,0.7323854171429953,1.8312236494232723,0.714140703245364,1.9451602072329053,0.6654854898393823,1.9744655792014634,0.6280016794939098,1.9753856307475748,-0.8066006942176958,1.5329161107692597,-0.7120785437264966,1.6139948059952973,-0.6864222134175154,1.7279595468495768,-0.6770542596335631,1.8440551399275582,-0.6630888876104157,1.9281801012072013,-0.8367007414352733,1.7880607814263423,-0.8181175186547757,1.9439347799118911,-0.7480096860008271,1.9647463530198914,-0.7042098894961172,1.948287454946444,-0.8891337343049088,1.7833089060505332,-0.8672030347938426,1.955711725100045,-0.7828261886653585,1.9677530201120321,-0.7341135405690408,1.9444656200439638,-0.9048487296426079,1.7730880930237367,-0.8800416703432087,1.9253389649089325,-0.8028080732234417,1.940598478221609,-0.7543800572208255,1.920255314450579,-0.899410274393684,1.762494122215928,-0.8761701655972716,1.8809863443310477,-0.8158212492388384,1.9040743226021886,-0.772295309469997,1.8926405684133991
-0.021303753400703174,-0.542028558027843,0.04568433828082659,-0.6217857353777928,0.08260550259528227,-0.6181028497027593,0.11225899979727644,-0.6125098061663447,-0.06611669558838287,-0.6244561227186337,-0.1019727637446449,-0.6215329530857707,-0.13569060687841078,-0.6165009253606281,0.16268629515639343,-0.5551013559925152,-0.17580848318498501,-0.5672299427824506,0.054069059941632684,-0.43883416644878637,-0.0916884596086723,-0.44521670539014235,0.4990126495674968,0.03140661668544534,-0.49901264956749714,-0.03140661668544568,0.6184943739949509,0.7900793542847745,-0.6986154317664345,0.7444532630222337,0.6424513607275775,1.5097007362548223,-0.8008865241151977,1.4885851143014641,0.6995925748767192,1.7438671613387071,-0.8623241175548696,1.7146508681287522,0.6064510089008165,1.7402734426062216,-0.7918890798339357,1.7158300624361544,0.5639356240201094,1.662918296040653,-0.7508507977589639,1.6424129798783247,0.6414974006172032,1.499747240967466,0.5290466326715396,1.571547680647543,0.4964049687968018,1.6874202080616825,0.4929155205908943,1.800206635076538,0.4656018795027279,1.8850733691822907,0.630585528606446,1.7885153257111903,0.6152863755423491,1.9331310994462199,0.5571143313357598,1.9614392932374412,0.5149139505503351,1.9569977183948148,0.6953171416299684,1.7882339620767393,0.6757535367401312,1.941640124493449,0.6082293890255709,1.9549271969534574,0.5632808059524469,1.9353282687522326,0.7259064999336343,1.7751615064035928,0.7046531797257203,1.9065405245329505,0.6412072063990184,1.9266905420911908,0.5972729812518264,1.9196410481112363,0.731431374859801,1.7586770887983185,0.7126559919669392,1.8686741821670143,0.663947288995964,1.8969638922158258,0.626896991304811,1.8974615840947702,-0.805777527017481,1.4694547831994644,-0.7127127293088275,1.5489222107725735,-0.6866762884920754,1.6573899456026706,-0.6770713072613906,1.7673949116764667,-0.6642850693718614,1.8486959949548745,-0.8367742146967768,1.7159365151007702,-0.8175193097531238,1.8646823783896782,-0.7478968971869662,1.8847704411816957,-0.7045527200594395,1.869343704392059,-0.8894541248805828,1.7103205380321076,-0.8673506596627732,1.8755436308042421,-0.7833844776604318,1.8874759134039614,-0.7348074500617583,1.8654638299437567,-0.9050283218690626,1.6991844255220887,-0.880739960589462,1.8453052550973634,-0.8036298457713368,1.861313202898312,-0.7550137731201815,1.8427938621703943,-0.8993517914851444,1.6882779906260799,-0.8773941859751084,1.8021375015752474,-0.8177390398531577,1.8257015348147727,-0.7742489521779454,1.815723736829064
-0.02125720687208123,-0.7241781933252044,0.04565591915021441,-0.8308134056613689,0.0825435939072626,-0.8259203931657245,0.1121479103442221,-0.8184086303243621,-0.06598044639354256,-0.8343058347624411,-0.10176380978914205,-0.8303937106862694,-0.1354145943351296,-0.8236717333236476,0.16251474236810554,-0.7415418156637534,-0.17543133741615008,-0.7578365416495982,0.05403536512849914,-0.586358912844644,-0.0915318985078335,-0.5949247135564769,0.49824488947101736,0.041857258821066716,-0.49824488947101736,-0.041857258821065856,0.6175127501058848,1.0544833963452298,-0.6975874563113889,0.9943819786692296,0.6379788062669165,2.0157892506016,-0.7984692485449012,1.988159331407556,0.6961061744539342,2.328524184084008,-0.8586206630040382,2.290022884919497,0.6019472088657326,2.3238508485333917,-0.7883296254889817,2.2912554531688083,0.5593254808704847,2.220531363655733,-0.7477453453563387,2.193248904353928,0.6378393078932258,1.9997439185252512,0.5238606083033185,2.100479399046415,0.4921301092303876,2.2558122582400704,0.489566141305222,2.4045616668439296,0.4635778176465429,2.516167155783355,0.6281398052521158,2.383836141455933,0.6152761058756089,2.5803448266162032,0.556560895196839,2.62159243048161,0.5136942835936281,2.6159398066557618,0.692911925667146,2.383825626222352,0.6736907960404604,2.5933475987151167,0.6054401506768274,2.614603457622847,0.560104803662659,2.5888347347726257,0.7231347458104531,2.3671530376036967,0.7016274266795753,2.546565324513595,0.6376242732822534,2.576064669364699,0.5934619715443727,2.5665355818200397,0.7282862359713342,2.345855117761642,0.7083188814198859,2.4935255719632865,0.6591295618691182,2.533222407467542,0.6216274444937483,2.5350026822311986,-0.8044319410389602,1.9599995358778466,-0.7114188114372723,2.066351065499361,-0.6859670590340178,2.21153535273522,-0.6770578441227517,2.358305154321454,-0.66337086067619,2.465959201354796,-0.8359372527808535,2.288455200747802,-0.8171140082535078,2.4877193342903423,-0.7484722801129786,2.515564587180761,-0.7038967626684601,2.497555649529192,-0.8879518712712545,2.281426910059127,-0.8650621577763531,2.5019331869873365,-0.781973413565211,2.520296899476245,-0.7320946227948426,2.493196399433797,-0.9031315076217437,2.26729717923078,-0.8780808891882497,2.4623332745056525,-0.801332518657577,2.4854512441253442,-0.7514989074914971,2.4627451973515844,-0.8971304378458398,2.2530334934702942,-0.87526716434949,2.4041483724457926,-0.8157407513375425,2.4373125047918833,-0.7712037127020697,2.426301226496383
-0.021292369203649183,-0.3484792040456717,0.04582392426685143,-0.3998614595947542,0.08282157741293354,-0.39751100208828477,0.1125130029809771,-0.3938835286940539,-0.06605635085342716,-0.40154254289654895,-0.101872850904013,-0.39969155761020414,-0.13551458756180468,-0.3964801460058592,0.16302839892361784,-0.356850838229997,-0.1755443862416323,-0.36487716643795076,0.05420226132645005,-0.2821637304801817,-0.09176763360540778,-0.2863302905468933,0.49960011668615384,0.019993083983752494,-0.49960011668615384,-0.019993083983752276,0.6187331666325419,0.5069035612663741,-0.6994512000812042,0.47883826233402216,0.6364371253306979,0.9702537831707106,-0.7999490934834389,0.9573007375713875,0.6954318585803927,1.1210422346194588,-0.8593197268476563,1.1023541167204083,0.6002324055789543,1.118597142587916,-0.7890909559933676,1.1029140009803762,0.5573753126737288,1.0688453518737289,-0.7487952171458444,1.0557686211509378,0.6459350175526171,0.9606574021677052,0.532651633147877,1.0097379479947455,0.4983854665327815,1.084808435611253,0.4937182776785829,1.1563378313476953,0.464444699908481,1.2095574272050889,0.6342141017390187,1.145349662585241,0.6208896033675314,1.239085379750549,0.5615016614931653,1.2594718572542278,0.5167557010568947,1.2582288437714055,0.6979094190860227,1.1466842294690642,0.676599995909139,1.2472589416730933,0.6071712854827798,1.2564426721307214,0.560058946264893,1.2436676714867103,0.7269893451719913,1.140428447201143,0.7038714881288709,1.2266440208274938,0.6387955625605989,1.2398195676008845,0.5931190151669249,1.2345413819849986,0.7316842276424279,1.131351235604295,0.7093615439184894,1.2018759648129254,0.65934829839969,1.2202088731225151,0.6213184471601553,1.22057266584332,-0.8071752946557316,0.9440217530612888,-0.7159630096891814,0.9939284803002469,-0.6903102704274096,1.0627469270137782,-0.6801445751580496,1.1328757317791371,-0.6665854955666652,1.1850123125251695,-0.8399811320881093,1.1022988765674002,-0.8192708888066652,1.1973143606241057,-0.750317144261738,1.2106479250463396,-0.7056834855119026,1.2012788869838005,-0.8911323612417988,1.0989976722043813,-0.8680072753503224,1.2040204271671424,-0.7853852039705433,1.2125736275914338,-0.7355251896739426,1.1992281788334929,-0.9059003893596829,1.0919885551008193,-0.8820598511104739,1.1848881872411199,-0.8060354783550606,1.1958301391424921,-0.7563643304486112,1.1850508265760715,-0.9001516222507252,1.0850586669019697,-0.8786864224825036,1.1575322070862355,-0.8201208384697292,1.1731061888695051,-0.7759243723232954,1.1676123245685688
-0.021059853153566756,-1.1059380713703557,0.045524527372310324,-1.269185508615474,0.08224069445168591,-1.2617339416365265,0.11171568429710306,-1.2501846065973465,-0.06531641131245666,-1.274557804092327,-0.10069602249117898,-1.2688536913927313,-0.13385336435210013,-1.2587440938189685,0.16183622731432737,-1.1325585446665245,-0.17359341081524107,-1.15847416832533,0.053822252955507396,-0.895641396909285,-0.09091880574462072,-0.9089825449512777,0.495983087166835,0.06325169756185138,-0.49598308716683465,-0.06325169756185138,0.6142069253191649,1.609058205682849,-0.6943316421282526,1.5201367784883084,0.6313559220998363,3.0795317258025645,-0.7933468611677517,3.0386371741465643,0.689560293234989,3.558571011057376,-0.8526056578512112,3.499051384048166,0.5955278944958157,3.550534747203828,-0.7829551440944599,3.500822938736327,0.5523553800125124,3.3925198929207223,-0.7430091859409823,3.3511335532124895,0.6441909830450606,3.052776779210863,0.5330595238899809,3.2060861159941827,0.4988098493212648,3.441126575395845,0.49401555396079105,3.669179313367827,0.46347997233579036,3.8399708771329726,0.631137576861188,3.6425019072218605,0.6151162928038326,3.9342691404610983,0.5595526860272242,3.999670664345037,0.5163965474368198,4.0076000481247345,0.6953838437898703,3.645712500812864,0.6728069461136095,3.9586936823052823,0.6068569798089164,3.9852704954405644,0.5602172238044812,3.948112554993937,0.7252457899193365,3.6213620066015455,0.7023053878550293,3.8895555472119687,0.6407265719251701,3.929161250918577,0.5957274377833582,3.9165570863923627,0.730938737674063,3.588505814486817,0.7114938811433056,3.8076518796378016,0.6656314746227627,3.8647447002642554,0.6295731736605745,3.8695724662145223,-0.8006658744358582,3.002366408169166,-0.7111305789267759,3.1610393083971626,-0.6857371287577075,3.37839775192078,-0.6760065125458794,3.601516542431215,-0.6636252255711613,3.7664010610689607,-0.8346595998637139,3.501652132511898,-0.8140499321362216,3.8016882509418912,-0.7457695347519899,3.8425464773440337,-0.7008932198069177,3.8148882893438953,-0.8866992560085969,3.4917793476507875,-0.8636737397355203,3.8243174869703926,-0.7816763081619862,3.8486938279969563,-0.731676360454812,3.805656086363323,-0.9020851149871812,3.4691626857486217,-0.8774331288576902,3.7609655456791438,-0.8025223143931641,3.7929771756416693,-0.7530758112145085,3.7572540827224405,-0.896513470142815,3.4451314346337103,-0.8748259249710125,3.669900229944397,-0.8166564284225887,3.7172089831566635,-0.7724484925136016,3.6989946625970807
