pose_0_x,pose_0_y,pose_1_x,pose_1_y,pose_2_x,pose_2_y,pose_3_x,pose_3_y,pose_4_x,pose_4_y,pose_5_x,pose_5_y,pose_6_x,pose_6_y,pose_7_x,pose_7_y,pose_8_x,pose_8_y,pose_9_x,pose_9_y,pose_10_x,pose_10_y,pose_11_x,pose_11_y,pose_12_x,pose_12_y,pose_13_x,pose_13_y,pose_15_x,pose_15_y,pose_17_x,pose_17_y,pose_19_x,pose_19_y,pose_21_x,pose_21_y,pose_14_x,pose_14_y,pose_16_x,pose_16_y,pose_18_x,pose_18_y,pose_20_x,pose_20_y,pose_22_x,pose_22_y,left_hand_0_x,left_hand_0_y,left_hand_1_x,left_hand_1_y,left_hand_2_x,left_hand_2_y,left_hand_3_x,left_hand_3_y,left_hand_4_x,left_hand_4_y,left_hand_5_x,left_hand_5_y,left_hand_6_x,left_hand_6_y,left_hand_7_x,left_hand_7_y,left_hand_8_x,left_hand_8_y,left_hand_9_x,left_hand_9_y,left_hand_10_x,left_hand_10_y,left_hand_11_x,left_hand_11_y,left_hand_12_x,left_hand_12_y,left_hand_13_x,left_hand_13_y,left_hand_14_x,left_hand_14_y,left_hand_15_x,left_hand_15_y,left_hand_16_x,left_hand_16_y,left_hand_17_x,left_hand_17_y,left_hand_18_x,left_hand_18_y,left_hand_19_x,left_hand_19_y,left_hand_20_x,left_hand_20_y,right_hand_0_x,right_hand_0_y,right_hand_1_x,right_hand_1_y,right_hand_2_x,right_hand_2_y,right_hand_3_x,right_hand_3_y,right_hand_4_x,right_hand_4_y,right_hand_5_x,right_hand_5_y,right_hand_6_x,right_hand_6_y,right_hand_7_x,right_hand_7_y,right_hand_8_x,right_hand_8_y,right_hand_9_x,right_hand_9_y,right_hand_10_x,right_hand_10_y,right_hand_11_x,right_hand_11_y,right_hand_12_x,right_hand_12_y,right_hand_13_x,right_hand_13_y,right_hand_14_x,right_hand_14_y,right_hand_15_x,right_hand_15_y,right_hand_16_x,right_hand_16_y,right_hand_17_x,right_hand_17_y,right_hand_18_x,right_hand_18_y,right_hand_19_x,right_hand_19_y,right_hand_20_x,right_hand_20_y
0.5316024508349395,0.2173711061477661,0.5616197591260951,0.19513794779777527,0.5778422585957492,0.1949121356010437,0.5931609801667168,0.19456598162651062,0.5013519590021367,0.1970655918121338,0.48123733772952115,0.1973363161087036,0.4621578317135809,0.19771167635917664,0.6193465040998518,0.20521485805511475,0.43898197662093486,0.20863059163093567,0.5686548484510988,0.24080049991607666,0.4977277183377065,0.24164852499961853,0.7647648815086965,0.33729568123817444,0.29861596871516466,0.3479664623737335,0.8324944479840863,0.5064848065376282,0.25993781216588036,0.526084303855896,0.8297262715650741,0.6664190888404846,0.29571759607187426,0.6813830733299255,0.8597313839896991,0.7212771773338318,0.2799561146212471,0.7347170114517212,0.8242581727871067,0.7206705808639526,0.315245924240311,0.732416570186615,0.8092955562546603,0.7077006101608276,0.33038555913959283,0.7190702557563782,0.26067912115253977,0.6939889192581177,0.3174612570370325,0.7016739249229431,0.3401425733079066,0.7236604690551758,0.3458893583342261,0.7470001578330994,0.3472052638045321,0.7655152678489685,0.29224844261078176,0.7410985231399536,0.29879769425855585,0.7742516994476318,0.3185313908344475,0.7842110991477966,0.33376417077284587,0.7858392596244812,0.25695542355315715,0.7420327067375183,0.26852170521940977,0.7781036496162415,0.2934999810077319,0.7822042107582092,0.3073255647789873,0.7786951065063477,0.23392944924129475,0.7401294112205505,0.24626510465139856,0.7723633646965027,0.27125714536510315,0.7761172652244568,0.28576202463794,0.7736185193061829,0.22092986797427225,0.7375643253326416,0.22939859567411608,0.7621655464172363,0.2508835580610695,0.7675962448120117,0.26517297702519954,0.7665164470672607,0.8283283827697571,0.6825832724571228,0.7808289060343101,0.6913787126541138,0.7610558403454075,0.7137590646743774,0.7565711848632883,0.7362546324729919,0.7536712075007177,0.7549135088920593,0.8055955015193413,0.7317151427268982,0.8093344261216731,0.7636675834655762,0.799044966096143,0.7757464051246643,0.7871893000530026,0.7783083915710449,0.8398838593261887,0.7318983674049377,0.8396674005254853,0.7646571397781372,0.8217636544960347,0.7747354507446289,0.805030782974376,0.7747670412063599,0.8661910566412018,0.7291541695594788,0.8651350800338822,0.759166419506073,0.8463734867375912,0.769345760345459,0.829009924878331,0.7707724571228027,0.8851151901703769,0.724895715713501,0.8879132500284319,0.7495990991592407,0.8741297099023214,0.7591795325279236,0.8591379944602583,0.7617319822311401
0.49831341855558137,0.21650612354278564,0.5246377802973659,0.1940305233001709,0.5397030818097015,0.19364964962005615,0.5535392186932966,0.19338636100292206,0.47129483629970664,0.19560405611991882,0.45244542956810163,0.19594554603099823,0.43489830746546626,0.19633808732032776,0.576708061978593,0.20352153480052948,0.41319244501440905,0.20604129135608673,0.5303759255580617,0.24024954438209534,0.46714125888157454,0.24155381321907043,0.7080816628138341,0.33712583780288696,0.2866125926849191,0.34602126479148865,0.7693025285307905,0.5058494806289673,0.2505983788386374,0.5247578024864197,0.7670633656641107,0.6666998863220215,0.27940775573383836,0.6812008023262024,0.7949168582844723,0.7199859619140625,0.26649894566691734,0.7339028120040894,0.7623938824367719,0.720395565032959,0.2996495402279698,0.7322444915771484,0.7485659417050118,0.7063549757003784,0.3133616699796671,0.716963529586792,0.25266071134289203,0.6869200468063354,0.3033609126667818,0.698710560798645,0.32441582641324007,0.7213650941848755,0.3295973755203827,0.7458248734474182,0.3310762000969487,0.7648299932479858,0.28024986193241663,0.74129718542099,0.28765382665111155,0.7751054167747498,0.3044914975953018,0.7834860682487488,0.31801085643730426,0.7842792868614197,0.24976698572041045,0.742157518863678,0.26351354576347774,0.7781093120574951,0.2865644806282812,0.7819384336471558,0.3005714136995252,0.7786095142364502,0.22998934865933068,0.7400394082069397,0.24247318502677379,0.772103488445282,0.2651021471453303,0.7753925323486328,0.28035663778447223,0.7726896405220032,0.2189108619167671,0.736778199672699,0.22444870161637634,0.7618677616119385,0.24306824501098584,0.7669016718864441,0.25672729338564126,0.7652987241744995,0.7700317924342226,0.6780101656913757,0.7268222607895819,0.6892619132995605,0.7096994670201382,0.7121604084968567,0.7071678886891708,0.7366513609886169,0.7045709992900374,0.7559829950332642,0.7535488148009406,0.7320898175239563,0.7546993738160193,0.7643276453018188,0.7443647362549565,0.7751760482788086,0.7344271925698067,0.778415322303772,0.7844264938385438,0.7319801449775696,0.7804306439407647,0.7659221887588501,0.7626432519697685,0.7747288942337036,0.748485593602377,0.7752685546875,0.8067560382686071,0.728571355342865,0.8044662141484588,0.7594694495201111,0.7870713984893721,0.7690004706382751,0.7728588839876517,0.7710464596748352,0.8224033310978588,0.7237800359725952,0.8250332632508467,0.7493467330932617,0.81259737759847,0.758920431137085,0.799538003576973,0.7619484066963196
0.5221113594750075,0.216221883893013,0.5492836708685995,0.1935042291879654,0.5660878762513072,0.19310978055000305,0.5806000629244842,0.19294801354408264,0.49410251255222526,0.1947978287935257,0.4733595303542995,0.19515103101730347,0.4535915931142636,0.19560280442237854,0.60468618602706,0.2030511200428009,0.42782838570455406,0.20508384704589844,0.5544779314850002,0.2400975227355957,0.48701654606494643,0.24148035049438477,0.7467493290484103,0.3370855450630188,0.29093573788742416,0.3453899621963501,0.8129585808575447,0.5063619017601013,0.2512606909201632,0.5248305797576904,0.812012570881937,0.6680089235305786,0.2829568758993376,0.6815095543861389,0.8447675206777693,0.7197304368019104,0.2689982383715453,0.7338784337043762,0.8076150971831648,0.7204113006591797,0.30455160907389955,0.7324258089065552,0.791603002410843,0.7062698006629944,0.3195313217778872,0.7168763279914856,0.2574542155782324,0.6846588850021362,0.31068720335866534,0.698729395866394,0.33279298013964603,0.7214340567588806,0.33870519350904127,0.7465699315071106,0.33952037157530285,0.7662546038627625,0.285403806010732,0.7415821552276611,0.29437428941894883,0.7756848335266113,0.3119776896685368,0.7836838960647583,0.32662971188739254,0.7855113744735718,0.25163141041148973,0.7425113916397095,0.2677409747817852,0.7782631516456604,0.29185693551639397,0.781383752822876,0.3063030955231312,0.7779496908187866,0.2299002616771428,0.7399681806564331,0.2430145814629456,0.7719830870628357,0.26612925408260185,0.775144100189209,0.28222489422461533,0.7723144888877869,0.21785542033727742,0.7358824014663696,0.22074232465434815,0.7610779404640198,0.23966138998750536,0.7667470574378967,0.25498756820122565,0.7659276723861694,0.8178532088322689,0.6757324934005737,0.7702769475158371,0.6888271570205688,0.7524952543281725,0.7120987176895142,0.7507649508527934,0.7373221516609192,0.7475025634926155,0.7571353316307068,0.8017112243916126,0.7324369549751282,0.8027936848248205,0.7648952007293701,0.7912520699807594,0.7761108875274658,0.7801734095537121,0.7801302075386047,0.8357883128157416,0.7321714162826538,0.8316733718291769,0.7667288780212402,0.8122555992672894,0.7757106423377991,0.7962143299214245,0.7763283252716064,0.8593236088025219,0.7285032272338867,0.8575958877654708,0.7597059011459351,0.8388984061101991,0.7694730758666992,0.8228593702245097,0.771784245967865,0.8749750695521223,0.7235618233680725,0.8785245263404894,0.7493241429328918,0.8652505141521345,0.759300708770752,0.8507512396705974,0.7627129554748535
0.5336350491603675,0.21617066860198975,0.5593521164914647,0.1933787763118744,0.5760717708319636,0.19293522834777832,0.5899830513439541,0.19275259971618652,0.5068624987097943,0.19469663500785828,0.48610626018603614,0.19507920742034912,0.46655562356108526,0.19557496905326843,0.6129845729092236,0.2028011530637741,0.44007947988692664,0.20503981411457062,0.5637672982523992,0.24003806710243225,0.49847288036688653,0.24156610667705536,0.7528611402397614,0.33740538358688354,0.3054779339148641,0.3454103171825409,0.8172299111612643,0.5078660249710083,0.2667657586904057,0.5250545740127563,0.8183763411557099,0.669854998588562,0.29804696882943954,0.6820460557937622,0.8527944147009909,0.7200905680656433,0.28416291423413786,0.7338821291923523,0.814585576901148,0.7213231921195984,0.31892076448342344,0.7325758337974548,0.7978649648650873,0.706583559513092,0.3339365416056126,0.7167764902114868,0.27398473102251636,0.6836950778961182,0.32546339852834016,0.6979954838752747,0.3472721444746497,0.7209497690200806,0.3532186130322705,0.7465779781341553,0.3536401358931675,0.7664478421211243,0.29951412422689,0.741274893283844,0.3087076937906177,0.7758825421333313,0.3257103813730771,0.7839846014976501,0.34033757352101673,0.7858876585960388,0.2662941278295724,0.7425069808959961,0.283908543452209,0.7785853147506714,0.3080421295784953,0.7818209528923035,0.32276984555702376,0.778478741645813,0.24501979310852137,0.7402761578559875,0.2602965593730405,0.772472620010376,0.2829791683161903,0.7751275300979614,0.2986463152341376,0.7718397378921509,0.23349377310544095,0.7364131808280945,0.2377170053130361,0.7611472606658936,0.2560526683040382,0.7665775418281555,0.27095615562159214,0.7656691074371338,0.8249226007623968,0.6751128435134888,0.7792695953597398,0.6892179250717163,0.7615440870519203,0.7123855352401733,0.7597515545873073,0.7378017902374268,0.7571460069974487,0.7576821446418762,0.8092813116246212,0.7324562072753906,0.8110397090831345,0.7648108005523682,0.8002943648783781,0.7760719656944275,0.7896911016509153,0.7805582284927368,0.8425065753475294,0.7321060299873352,0.8386840703257724,0.766768753528595,0.8204013200145664,0.7767874002456665,0.804362929252723,0.7783195972442627,0.8658956899880736,0.7283668518066406,0.8630318382237998,0.7595245242118835,0.8451868915980436,0.7702349424362183,0.8290514999571427,0.7733893394470215,0.8821084497490127,0.7232233285903931,0.886398857459594,0.7488956451416016,0.8743035045466578,0.7593529224395752,0.8602132717782397,0.7632747292518616
0.47182281117730374,0.21604664623737335,0.49495744248610385,0.1933438777923584,0.5103878874030392,0.19289837777614594,0.523211860039686,0.19271817803382874,0.44786838036511295,0.19468778371810913,0.4284437647529691,0.19508281350135803,0.41063648628259647,0.19558270275592804,0.5440914656132576,0.20277445018291473,0.3847324346957846,0.20507435500621796,0.49867403555196754,0.2398088276386261,0.43887240498528246,0.24156376719474792,0.6735340283735528,0.33828994631767273,0.259841822512677,0.3454269766807556,0.7329932562778382,0.5099813938140869,0.22405369259318111,0.5251439213752747,0.7364944405021552,0.6711252927780151,0.25332810832540825,0.6822313070297241,0.7693186750444743,0.7202242612838745,0.2407733967406948,0.7338812947273254,0.7335918601196583,0.7216988801956177,0.2729759750270001,0.7326518297195435,0.7174824283199145,0.7066890597343445,0.28715653006270037,0.7166012525558472,0.23093238752753317,0.6834259033203125,0.27906921191449696,0.6980315446853638,0.2989864345339242,0.7210983037948608,0.30404278711221444,0.7471469640731812,0.3047126668684277,0.7670809030532837,0.25459178538440536,0.7409514784812927,0.26411189487296105,0.7756374478340149,0.27971657682996137,0.7841312289237976,0.2932974844989192,0.7864612936973572,0.22417660718024685,0.7423067688941956,0.24107712573703302,0.7786905765533447,0.2633847793558553,0.7827410101890564,0.27752909561697947,0.7801984548568726,0.20461146354522664,0.7402992248535156,0.2192170494439963,0.7729877233505249,0.2400545661790332,0.7760417461395264,0.2547888851068599,0.772844672203064,0.19421994750257499,0.7366278767585754,0.19853202964647543,0.7619211077690125,0.21533488375711993,0.7677492499351501,0.22905258805680745,0.766988217830658,0.7434565225643931,0.6743245720863342,0.7006451853197835,0.6888817548751831,0.6844184992651287,0.7121084928512573,0.6830013924205789,0.7378187775611877,0.680691344462172,0.7578282952308655,0.7291203874493608,0.7331680655479431,0.7296224178029127,0.765364944934845,0.7210189026597874,0.7764471769332886,0.7126440775844931,0.7805449962615967,0.760299267786842,0.7324545979499817,0.7557446925863648,0.766895592212677,0.7395425451783687,0.7763674259185791,0.7256204048598028,0.7776119709014893,0.7817872167681755,0.728207528591156,0.7785028327519683,0.7594189047813416,0.762506354619577,0.7697201371192932,0.7484032734038694,0.7725275754928589,0.7965983138327133,0.7227025628089905,0.7999859751942657,0.7484424114227295,0.7890840489767161,0.7585885524749756,0.7767643834752699,0.76226806640625
0.5351585323435415,0.21586370468139648,0.5595656298701789,0.19338908791542053,0.5758661812600617,0.19296421110630035,0.5893866535068114,0.19280561804771423,0.5102704430327275,0.19469361007213593,0.4897704531099555,0.19508764147758484,0.4711698470406069,0.19558914005756378,0.6112905924029532,0.2028018981218338,0.44337509302348704,0.2050887644290924,0.5632243695943646,0.23954565823078156,0.5002813577617596,0.24137850105762482,0.7475061981583321,0.33828726410865784,0.31140759202936863,0.3449108898639679,0.8105327331135155,0.5102634429931641,0.2729744471885221,0.525126576423645,0.817957084800202,0.6712069511413574,0.30337673038348073,0.6822379231452942,0.8530080435148244,0.7201979160308838,0.2910998653967487,0.7337522506713867,0.8145730641005986,0.7217162847518921,0.3251435766143683,0.732643723487854,0.7968236667233722,0.7066345810890198,0.33998314047672457,0.7161792516708374,0.28260622427695886,0.6838822960853577,0.3325261667397658,0.6985881328582764,0.3525021691495261,0.7215320467948914,0.3580211996362162,0.7472580671310425,0.35880899880117334,0.767127513885498,0.3058494017400001,0.7409713864326477,0.31571490347696146,0.7757822871208191,0.3320625200129937,0.7841516733169556,0.3467335032597308,0.7865140438079834,0.27414293700762676,0.7421987056732178,0.2919022410811015,0.7787203788757324,0.31537847607507485,0.7827257513999939,0.3303209761819505,0.7802659869194031,0.2535277692325134,0.7402181625366211,0.2686874828274998,0.7729707956314087,0.29078388514907155,0.7760738730430603,0.30646848686581957,0.7729929685592651,0.24256667695136538,0.7365445494651794,0.24629888300042282,0.7618533372879028,0.2638832021293906,0.7676706314086914,0.278379000296343,0.766899824142456,0.8234822194128633,0.6744332313537598,0.7783666577158045,0.6897581815719604,0.7608574226718702,0.7132179737091064,0.7593547402948136,0.7388431429862976,0.7577398487387024,0.758478045463562,0.8089471280197139,0.733293890953064,0.8086230422932882,0.7655351161956787,0.7984902598929006,0.7761191725730896,0.7892310679798626,0.7799115180969238,0.8414032661466343,0.7325767874717712,0.8359745967378454,0.7671343088150024,0.8189117300750379,0.7766179442405701,0.8047236732534956,0.7780389785766602,0.8639595126247009,0.7284087538719177,0.8600354602339867,0.7596278190612793,0.8430667905752371,0.7699794173240662,0.828368588930727,0.7729418277740479,0.8795517185548908,0.7229707837104797,0.883659094860018,0.7486149072647095,0.8722725316563273,0.7586127519607544,0.8594976967426903,0.7622315287590027
0.5069232691635176,0.21540141105651855,0.5363016406313821,0.1932145357131958,0.5557179522173925,0.19280709326267242,0.5718448842200061,0.1926683634519577,0.4775404988578409,0.19461742043495178,0.45311529802476,0.19507475197315216,0.43119133185248665,0.195595383644104,0.5978734812501888,0.2027144879102707,0.39813763231967386,0.20510001480579376,0.5405003511376334,0.23886993527412415,0.4649877216504967,0.24111536145210266,0.7597152842586126,0.3382859230041504,0.24183456055424862,0.3438583016395569,0.8339017235891499,0.5104813575744629,0.19509556140873396,0.5246304869651794,0.845902624982336,0.6714568734169006,0.22989278588192452,0.6822363138198853,0.8881163296359268,0.7202017903327942,0.21625341647664822,0.7335668206214905,0.8435789290007923,0.7217485904693604,0.25652382554651987,0.7325862050056458,0.8221087168190483,0.7066384553909302,0.2737847462337619,0.7158260941505432,0.206318185542531,0.6850695013999939,0.2666274408217514,0.699869692325592,0.29013562267309884,0.7228805422782898,0.2961657556176313,0.7484045624732971,0.29597922111689584,0.7680069804191589,0.2348330374074582,0.7416664361953735,0.24554361304242303,0.7766200304031372,0.26523681363557994,0.7847661972045898,0.28240306023693784,0.786797285079956,0.19637772355804262,0.7428882122039795,0.2170955363280672,0.7792388200759888,0.24486646942354323,0.7827344536781311,0.2615818945929132,0.7797779440879822,0.17162046991390106,0.7409031391143799,0.18954216737302831,0.7735538482666016,0.21566008855121552,0.7761973142623901,0.2333614478280421,0.772757351398468,0.1586609389110291,0.7373352646827698,0.16432343205030916,0.761968195438385,0.18545176338696193,0.7673154473304749,0.2019821995932061,0.7662228345870972,0.8473864203459515,0.6746380925178528,0.7957155314296631,0.6907873749732971,0.775366349194128,0.7133842706680298,0.7746274237000311,0.7385940551757812,0.7732103638578175,0.7581573724746704,0.831947688500502,0.7340938448905945,0.8331331554762831,0.7666619420051575,0.8202170580431597,0.7761922478675842,0.8087408468538695,0.7782471179962158,0.8711754144922239,0.7329193353652954,0.8642537837511022,0.7676830291748047,0.8433888675039732,0.7765641808509827,0.826609401596726,0.7772488594055176,0.8982757427817841,0.728236973285675,0.8927886879757855,0.7595313191413879,0.8725279580465264,0.770125687122345,0.855045232897713,0.7731801867485046,0.9164322430700717,0.7223745584487915,0.9197162330864193,0.7481497526168823,0.9061078933208447,0.758368968963623,0.8910000650405411,0.7624258399009705
0.4816678333203698,0.2150818109512329,0.50818828445435,0.1931815892457962,0.5252578980815067,0.19276075065135956,0.5400354291698947,0.19260993599891663,0.45617023932222894,0.19462135434150696,0.43525598041307834,0.1950949877500534,0.4166658969331877,0.1956552416086197,0.5634236072753601,0.20258399844169617,0.38889375390433745,0.20514509081840515,0.5124378258159465,0.2383124828338623,0.4456701579603367,0.24096140265464783,0.7051531432501064,0.33823704719543457,0.2532536709860203,0.34329524636268616,0.7693106354562381,0.5108385682106018,0.21200611056789376,0.5246359705924988,0.781226642696775,0.6720985770225525,0.2416987433463659,0.6822448372840881,0.8183339089958285,0.7203167080879211,0.2298789801944466,0.7335464954376221,0.7797189685008101,0.721935510635376,0.2648665594925533,0.7325860261917114,0.7607996562305354,0.7067360281944275,0.2798788044255145,0.7156553864479065,0.22182463300112104,0.6849994659423828,0.2736158837627233,0.7000730037689209,0.29466193793659595,0.7231568098068237,0.3002378009965971,0.7485011219978333,0.3002587927902697,0.767909586429596,0.24587524571581004,0.7422055602073669,0.2556083139115332,0.7769104242324829,0.27318000144402566,0.784846842288971,0.28865216378069675,0.7867085337638855,0.21254418522646373,0.7434365153312683,0.2312081722699102,0.7793928980827332,0.255822865950981,0.7828994989395142,0.271202277067504,0.7801478505134583,0.19110680874402056,0.7413641810417175,0.20742415879314882,0.7736285924911499,0.23028384169119312,0.7761239409446716,0.24616387423309427,0.7726857662200928,0.17984014650166097,0.7375926375389099,0.18492866795303892,0.7621073722839355,0.2038556922002313,0.7672219276428223,0.2189064624349244,0.7658418416976929,0.7799670659107067,0.6743223667144775,0.7344430240860561,0.6898645162582397,0.7171493827168712,0.7132617831230164,0.7163818508078602,0.7385121583938599,0.7148131032879649,0.7580767869949341,0.7666402856370891,0.7334749698638916,0.7680121183741644,0.7670525312423706,0.7554703689347609,0.77689129114151,0.7442323931715635,0.7792325019836426,0.8000686968664491,0.7324916124343872,0.7944731907441646,0.7677568793296814,0.7756729126646988,0.77706378698349,0.7606534399148059,0.7777190804481506,0.8231151271876105,0.7279940843582153,0.8184729320774823,0.7593199014663696,0.8008156173932051,0.7698891162872314,0.785670332212701,0.7729970216751099,0.8384302141917265,0.722206175327301,0.8421038126672876,0.7478010058403015,0.8306814411151902,0.7582969665527344,0.8178911101059043,0.762616753578186
0.5702724072457234,0.2151273936033249,0.5976795501338948,0.193519726395607,0.6153381818412987,0.19305366277694702,0.6306625973407936,0.19286902248859406,0.5436574379971961,0.19516529142856598,0.5218607243741213,0.19574719667434692,0.5025639682123987,0.19640958309173584,0.6551124975226065,0.20262694358825684,0.4737256354394245,0.20579472184181213,0.6022618673667648,0.2382841557264328,0.532893111831559,0.24098388850688934,0.8024717804025538,0.3382166028022766,0.33412905192363085,0.3430725932121277,0.8677809328461829,0.5108965039253235,0.29032331239046216,0.5246362686157227,0.8804400081453828,0.6720744371414185,0.32047197981022124,0.6822433471679688,0.9192586675749544,0.720262885093689,0.30821350861354596,0.7334001660346985,0.8790502625368033,0.721936047077179,0.344650699624082,0.7324745059013367,0.8592563184662018,0.7067230939865112,0.3601757039864393,0.7153064012527466,0.3000204484433509,0.6846759915351868,0.3541073441502358,0.6999521255493164,0.37562678265885513,0.7231463193893433,0.3815376829265703,0.7485064268112183,0.38116748085366264,0.7678958177566528,0.32551272953449834,0.7423979043960571,0.3355631457758852,0.7772611379623413,0.35368167988414706,0.7851718664169312,0.3696080770809295,0.786848783493042,0.2909354400481055,0.7434812784194946,0.31028116929055566,0.7794917821884155,0.3356827820646023,0.7830953598022461,0.3517264135029505,0.7803843021392822,0.2686575461885858,0.7412925362586975,0.28565484412319386,0.7738407850265503,0.30930504186085817,0.776463508605957,0.3259621274605004,0.7729446887969971,0.25693164828195925,0.737474262714386,0.26238653603114365,0.7625055313110352,0.2818229335906947,0.7676975727081299,0.2974907701299321,0.7662079930305481,0.8761230633455616,0.6740326285362244,0.8291398815000107,0.689582109451294,0.8107837956839157,0.7131156325340271,0.8106076933614169,0.7386336922645569,0.8082795719000111,0.7582414150238037,0.8619292591739008,0.7337796688079834,0.863519844605493,0.7669469118118286,0.8508566105380907,0.7766845226287842,0.8395759517892639,0.7792559266090393,0.897186220449775,0.7327504754066467,0.8915667207678233,0.7677960991859436,0.872247665004188,0.7768820524215698,0.8567316593557858,0.7776355743408203,0.921383224503146,0.7281400561332703,0.9165346744024266,0.7591708898544312,0.8983593515973329,0.7695088386535645,0.8828905981600572,0.7726450562477112,0.9373599212843067,0.7222493886947632,0.9407858858482281,0.7478080987930298,0.9288644899846419,0.7581530213356018,0.9156058350353057,0.7625779509544373
0.4583434619431367,0.2150793820619583,0.48384039529046263,0.19363656640052795,0.5005691060437474,0.19313791394233704,0.5151401216237845,0.1929343342781067,0.43272997813547803,0.1954374611377716,0.4119925905613012,0.19613565504550934,0.39361539227113945,0.19694563746452332,0.5386026702528346,0.2026561200618744,0.3662361910698249,0.20663228631019592,0.4887503254669615,0.23812445998191833,0.42291218994164104,0.24097351729869843,0.6789059173763674,0.3382079303264618,0.23499565092990615,0.34300169348716736,0.739742947722119,0.5108832120895386,0.1925000486514278,0.52461838722229,0.7515146461251885,0.6720150709152222,0.2205779071881147,0.6822272539138794,0.7881431505440452,0.7202523350715637,0.2092405469330528,0.7333077192306519,0.7501093145763794,0.7219334840774536,0.24381343549469217,0.7323678731918335,0.7314433727966146,0.706688404083252,0.2583270420750318,0.7150041460990906,0.2011285533663235,0.6842531561851501,0.2518222966808998,0.6993983387947083,0.27269777158275144,0.7225892543792725,0.27855963808973794,0.7480183243751526,0.2787648158164676,0.7675235867500305,0.22543379137732433,0.742048978805542,0.23537404078057533,0.7772340178489685,0.25273312952639687,0.7850705981254578,0.2681146310968386,0.786460280418396,0.19248934815740135,0.7431594729423523,0.21153334008961228,0.7791720032691956,0.23548977596517268,0.7826266288757324,0.2505385091563025,0.7797422409057617,0.17128438296409035,0.7408314347267151,0.18778727932359437,0.7731949090957642,0.21020681852855372,0.775945782661438,0.2260981052223451,0.7725762128829956,0.16022457314218155,0.7368041276931763,0.16560732927536093,0.761743426322937,0.18470197021263043,0.7670578360557556,0.20034031760952956,0.76566481590271,0.7439951541991245,0.6739237904548645,0.7000537623134704,0.6900315880775452,0.6828965562216148,0.7136418223381042,0.6822215079127453,0.7387059926986694,0.6804027636264693,0.7580324411392212,0.7317230123738396,0.7341956496238708,0.7325886313858471,0.7671224474906921,0.7197301704275565,0.7768049836158752,0.708229347387557,0.7795010805130005,0.7647681761169005,0.7329984903335571,0.7591593508162732,0.7677953839302063,0.740323084347465,0.7767444849014282,0.7254401578590118,0.777640700340271,0.7877500517603173,0.7283816337585449,0.7828909404379886,0.759614109992981,0.7650588219165527,0.7696175575256348,0.7503011081931205,0.7725112438201904,0.8027562207640974,0.7224672436714172,0.8053373837422145,0.7483400702476501,0.7930892925511224,0.7579968571662903,0.7802578715713876,0.7614368796348572
0.5079244705320146,0.21497002243995667,0.531607133715154,0.19366943836212158,0.5473926249184216,0.19316980242729187,0.5611932383091955,0.1929672509431839,0.48351376435433757,0.19552446901798248,0.4638553204936356,0.19627591967582703,0.4463327003583841,0.1971619427204132,0.583492818668982,0.20269997417926788,0.42044050462957017,0.20708081126213074,0.5366133033519264,0.2380187213420868,0.4744187438578119,0.2409486323595047,0.7167078151117433,0.3382870554924011,0.2968294338798864,0.34301143884658813,0.7730889682943329,0.5109350681304932,0.2562907053887705,0.5246213674545288,0.7835983449387192,0.6720668077468872,0.28232076034705506,0.6822021007537842,0.8182360376592795,0.7203656435012817,0.27153515204045375,0.733253002166748,0.7824556336988125,0.722148060798645,0.3045584355619187,0.7323264479637146,0.7646433103154042,0.7067116498947144,0.31822465384532145,0.7148427963256836,0.264050338891218,0.684255838394165,0.31200434148794653,0.6990706920623779,0.332052883987276,0.721961498260498,0.337646895899178,0.7476578950881958,0.33780586061329065,0.7673023343086243,0.2869849441521348,0.7414045333862305,0.2965892226724632,0.7766121029853821,0.3132791704956961,0.7844734787940979,0.32808409061842747,0.7859600782394409,0.25594262526819944,0.7429175972938538,0.2743856754753186,0.778860867023468,0.2972750867729213,0.7822051048278809,0.3118648143478356,0.7792927026748657,0.2360223515121582,0.7409752011299133,0.25224829942531174,0.7731883525848389,0.2734896546341692,0.7755236029624939,0.28841976428054494,0.7718243598937988,0.2256309795455808,0.7373034954071045,0.2322708035042227,0.7619165778160095,0.2504554879381019,0.7665987014770508,0.26472590685099207,0.764720618724823,0.7734755386604519,0.6734178066253662,0.7324920874572352,0.6900191307067871,0.7163572331252116,0.7137261629104614,0.715313955019637,0.7386606931686401,0.7134675137902972,0.7578724026679993,0.7626047386103714,0.7336686253547668,0.7640626849613148,0.7663609385490417,0.7523701181687876,0.7762851715087891,0.741698184387371,0.7794802784919739,0.7933994369146156,0.7325537204742432,0.7886081711488186,0.7673288583755493,0.771214621636971,0.7766981720924377,0.7567900813658662,0.7780999541282654,0.814861020478416,0.72819983959198,0.8102419344110364,0.7593883872032166,0.793780939398404,0.7697451114654541,0.7797001170200417,0.7731879353523254,0.8289515295685745,0.7225843071937561,0.8313501133702983,0.7483984231948853,0.8202934695846309,0.7582930326461792,0.8082171550439916,0.7622595429420471
0.4898139549991373,0.2148807793855667,0.5145713708673734,0.19368697702884674,0.5313281859255992,0.19318920373916626,0.5460398811161958,0.1929893046617508,0.4634779004873832,0.19556865096092224,0.44237982915948254,0.19635236263275146,0.4234697003984882,0.19728927314281464,0.5698460800313236,0.20272581279277802,0.39577488172903463,0.2074236124753952,0.5202449667024688,0.23798155784606934,0.454139114568253,0.24094171822071075,0.7121270238900567,0.33839815855026245,0.26426860810260483,0.34294021129608154,0.771349491934649,0.5110262036323547,0.22040446860895543,0.5245791673660278,0.7797718606871392,0.672163724899292,0.2479550630160226,0.6818897724151611,0.8165328099742786,0.7204347848892212,0.23650914660779632,0.7327526807785034,0.7796606928034511,0.7224669456481934,0.27192849233920785,0.7319240570068359,0.7604505269836832,0.7068028450012207,0.286501125121796,0.7142184972763062,0.2278885763209813,0.6830316185951233,0.27903181928358217,0.6977519392967224,0.3005240375053712,0.7206523418426514,0.30635389053491274,0.7464861273765564,0.30799935980961485,0.7659885287284851,0.25313650509298175,0.740475594997406,0.26239160743915113,0.7754436135292053,0.28054455027650044,0.7837316393852234,0.2963324066437232,0.7854578495025635,0.22061429286174697,0.7418342232704163,0.2368236436957211,0.7780338525772095,0.2617235062341074,0.7819604277610779,0.27799934585460473,0.7793422937393188,0.20021519131175916,0.7398048043251038,0.21418296415154933,0.7718207240104675,0.23802204852304495,0.7754547595977783,0.2554585533203152,0.7726222276687622,0.18996665419687433,0.7360478043556213,0.19628513998454594,0.7603518962860107,0.2166007288839033,0.7660143971443176,0.23319010842727525,0.7650744915008545,0.7702619473308187,0.673290491104126,0.7263203458370346,0.6890087723731995,0.7085876326411918,0.7128565311431885,0.7067627974729743,0.7380743622779846,0.704707627372318,0.7574217915534973,0.7562572552676634,0.7335328459739685,0.7578337744742847,0.7663589715957642,0.7452761108602443,0.7763398289680481,0.7338591828792527,0.7793729901313782,0.7891951506064162,0.7327316999435425,0.7839138557040408,0.7673983573913574,0.7654215636719275,0.7765409350395203,0.7501657201502888,0.7775535583496094,0.8119881219469689,0.728603720664978,0.8069661504042672,0.7596576809883118,0.7897109258306129,0.770068883895874,0.7749048131447066,0.7734981775283813,0.8270029649827522,0.7231448292732239,0.8298369255896153,0.7486762404441833,0.8184802990067868,0.7587675452232361,0.8060159589851414,0.7630565166473389
0.5239349462292608,0.21478299796581268,0.5529687813669873,0.19369074702262878,0.5728972030949784,0.19319258630275726,0.5904826525361817,0.19299224019050598,0.4922442724569136,0.19560375809669495,0.46710158409747315,0.19641852378845215,0.4445126283230807,0.19740727543830872,0.6191192512119462,0.2027493715286255,0.4116293517685929,0.20773065090179443,0.5602766815123307,0.23792505264282227,0.4816407147459411,0.24092848598957062,0.7881832843457718,0.3384762406349182,0.255896821200448,0.3429456353187561,0.8575282955438996,0.5113740563392639,0.20278384533554272,0.524669885635376,0.863583085615309,0.6727486848831177,0.23482663905899123,0.6816479563713074,0.9060566054833724,0.7210679054260254,0.22111739231326857,0.7320801019668579,0.8644709590567664,0.7231664061546326,0.2632549951895768,0.7313103675842285,0.8418530897308593,0.7073310613632202,0.2804345178597955,0.7134748697280884,0.21117823715332446,0.6810387372970581,0.2732832869303844,0.6948949694633484,0.2990656470081671,0.7174274921417236,0.3061159647697214,0.7436561584472656,0.3092227502453296,0.7636919617652893,0.2410833772928763,0.737809419631958,0.2501454203753397,0.7735790014266968,0.27293811110471716,0.7827717661857605,0.292113521616785,0.7844955325126648,0.2019798699241828,0.7394279837608337,0.21787582582996753,0.7773144245147705,0.24968020458018167,0.7822689414024353,0.271527235373993,0.7792619466781616,0.1785087868706073,0.7377868890762329,0.1942168656049274,0.7705554962158203,0.2241606248280333,0.7757681012153625,0.24676460590307245,0.7736349105834961,0.16739790191374535,0.7342918515205383,0.17682508010638368,0.7580357789993286,0.20203915894835622,0.7646611332893372,0.22361833330144978,0.7648773789405823,0.8529511828777112,0.6738077402114868,0.7995985331630309,0.6892966032028198,0.7791992103909885,0.713079571723938,0.7784873360117007,0.7384158968925476,0.7751400238989835,0.7579099535942078,0.8362366323491265,0.7335179448127747,0.8370766684820385,0.7660719752311707,0.8212627425960005,0.7761097550392151,0.8070882800551199,0.7792325615882874,0.8751822928431884,0.7327824831008911,0.868272603773903,0.7676622271537781,0.845118696695195,0.7767754793167114,0.8264806640303101,0.7777726650238037,0.9019231046665473,0.728670060634613,0.8964262811650988,0.7602413892745972,0.8742047549048989,0.7704159021377563,0.8554051799536017,0.7734503746032715,0.9195814065114268,0.7231649160385132,0.9232803918771179,0.7492538690567017,0.9084251613901801,0.7591850161552429,0.8922766992156896,0.7628426551818848
0.46851425147164605,0.2147594392299652,0.49534523956788834,0.1937236338853836,0.5140757005237848,0.1932264268398285,0.5306513884446099,0.19302663207054138,0.4382362370446756,0.19567051529884338,0.4145447612736782,0.19651386141777039,0.3931276070399459,0.19754678010940552,0.557617073704192,0.2027769833803177,0.36226604481723707,0.20805025100708008,0.5027923519136076,0.23791491985321045,0.42895670906782124,0.24092614650726318,0.71611824027531,0.33852729201316833,0.21647819178438754,0.34294983744621277,0.7808311075371598,0.511395275592804,0.16506176612034146,0.5246566534042358,0.7831899486825831,0.673225998878479,0.19596709538167661,0.6813501715660095,0.8201478739917851,0.721461296081543,0.18304998083791296,0.731378436088562,0.7829947331903319,0.7234523296356201,0.2224700405563232,0.7307850122451782,0.7627887850072326,0.7076115608215332,0.2386427817222278,0.7130530476570129,0.16820845211887467,0.6773891448974609,0.23053756116797525,0.6903699636459351,0.2607332691413128,0.7127233743667603,0.2691079603379184,0.7396174073219299,0.2700859075331698,0.7592236995697021,0.20143083969451206,0.7317006587982178,0.21147524150681904,0.7687502503395081,0.23429309360793932,0.7781400084495544,0.25323891739383303,0.7795785069465637,0.1638876494869228,0.7344335913658142,0.17950679675885153,0.7742113471031189,0.21041128654778063,0.7797704935073853,0.23271324469752558,0.7774094343185425,0.14286270057709677,0.7340802550315857,0.16137831383379067,0.7680298686027527,0.19028379087681352,0.7735761404037476,0.21250466362369805,0.771928071975708,0.13456896123092338,0.7315645217895508,0.14957025681197414,0.7552037835121155,0.1749574668432616,0.762369692325592,0.19674223367518542,0.7633567452430725,0.7741598203260089,0.6737845540046692,0.7239955440713107,0.6889950633049011,0.7043038872104478,0.7124282121658325,0.7027388053828139,0.7374002933502197,0.6989298901293901,0.7570415139198303,0.7574020432087369,0.7333692312240601,0.7587570279878301,0.7662721872329712,0.7439922346782752,0.7764444947242737,0.7307628363994483,0.7794961333274841,0.7942072608557049,0.7328233122825623,0.7872205609668863,0.7678651809692383,0.7653901573623408,0.7766454219818115,0.7481806677749222,0.7772774696350098,0.8196158011176743,0.7289331555366516,0.8135543524517069,0.7605081796646118,0.7927368104629386,0.7703127861022949,0.7753746895289593,0.7730208039283752,0.8365091911863655,0.723555862903595,0.8393838499674908,0.749621570110321,0.8251168637947438,0.759445309638977,0.8099344711209987,0.7629212141036987
0.5372085125720466,0.2147548943758011,0.5597009594233682,0.1937747299671173,0.5755073481496178,0.19328002631664276,0.5894837205255309,0.19308532774448395,0.5114924900922198,0.19573238492012024,0.4914973124958201,0.1965913474559784,0.4734098633066788,0.19765160977840424,0.6124025577881814,0.2028225213289261,0.44752658678355106,0.2082766592502594,0.5661379157818218,0.2379101812839508,0.5038862942832718,0.24092388153076172,0.7447287503965602,0.33849650621414185,0.32585922473494083,0.34275296330451965,0.7990355002737354,0.510572075843811,0.2802897914556239,0.5224441289901733,0.7981298213925293,0.6731154918670654,0.30855517976318536,0.6783031821250916,0.8274599674700949,0.7214255928993225,0.2982911290173344,0.7283346056938171,0.797324873238571,0.7234245538711548,0.331340778037153,0.7271872162818909,0.7812885542844981,0.7075649499893188,0.34508234715197045,0.7102546095848083,0.28342318390916144,0.6709463596343994,0.334441021040667,0.6829471588134766,0.36409544824684853,0.7046180367469788,0.3764361805930182,0.7302116751670837,0.3818342832004417,0.7492839097976685,0.31176307833070255,0.7242609262466431,0.3255309041182176,0.7618038058280945,0.3466575551572511,0.7716554999351501,0.36379479491771755,0.7736078500747681,0.2806029479622299,0.7282549738883972,0.29435650730365165,0.7689235806465149,0.320349362956548,0.7740744948387146,0.3394862455084291,0.7706922888755798,0.26435053242412976,0.7289076447486877,0.28156133254540777,0.7629745006561279,0.3069173917516706,0.7677554488182068,0.325553281599955,0.7655863165855408,0.2593223315133914,0.7268354892730713,0.27649632740969154,0.7496426105499268,0.29920632954907916,0.7556294798851013,0.31764133501259767,0.7558507323265076,0.7923152026780392,0.6738054752349854,0.7496817398858716,0.6886248588562012,0.7330395618345587,0.7121402025222778,0.7312546210419912,0.7373303174972534,0.7275401514301577,0.757127046585083,0.7769815622980646,0.7332688570022583,0.7778553741064239,0.7661364078521729,0.7652438998787751,0.7762182354927063,0.7541033122730638,0.7791852951049805,0.8080800423837563,0.7328413724899292,0.8020274144652283,0.7680886387825012,0.783210645316138,0.7766231298446655,0.768666756920575,0.7771010994911194,0.8295266465284336,0.7289645075798035,0.8242220292172082,0.7608079314231873,0.8062556684929983,0.7703236937522888,0.7916067534066449,0.7727628350257874,0.8438817690035527,0.7236132025718689,0.8461633103578858,0.750095009803772,0.8336341647449959,0.759852945804596,0.8206157281202486,0.7630937099456787
0.5243211952932327,0.2147161066532135,0.5459797109722665,0.19378581643104553,0.5612816324173835,0.1932980716228485,0.5747622688843077,0.1931113451719284,0.499187940426273,0.1957404911518097,0.4797547260752404,0.1966053694486618,0.4620268138197046,0.1976722627878189,0.5969735804536866,0.2028391808271408,0.43680289496578995,0.20835833251476288,0.552324390431717,0.23788821697235107,0.49200978525923095,0.24088983237743378,0.7241821664926495,0.33836764097213745,0.3192569738226305,0.34258633852005005,0.7768245567225004,0.5093261003494263,0.2731296691495458,0.5209062695503235,0.7730036995419385,0.6725111603736877,0.30311990115476256,0.672721266746521,0.7999005582263282,0.720780611038208,0.29675660486020844,0.7235041856765747,0.7721627150441884,0.7229934930801392,0.33003376321521355,0.7206265330314636,0.7573717636665503,0.7071698904037476,0.3430469309526844,0.7046657800674438,0.27530160221691635,0.6607925891876221,0.32492195263244567,0.6720247268676758,0.3611215197059091,0.6932135224342346,0.3787071372851358,0.7179976105690002,0.3864821481856018,0.7370709776878357,0.30917629892263254,0.7136598825454712,0.3280881177785282,0.7502239346504211,0.35059791927073614,0.7600263953208923,0.3671221290245851,0.7626921534538269,0.27824641319361615,0.7186366319656372,0.28908978879975333,0.7593472599983215,0.31426865491271705,0.7634344696998596,0.33150688234890907,0.7591379284858704,0.2610202867002415,0.7195403575897217,0.27271333466051056,0.7532660961151123,0.29736031779456223,0.7563621401786804,0.31315418910729387,0.7528021335601807,0.2536340263447988,0.7172686457633972,0.2674934223219073,0.7405568361282349,0.29044037813040813,0.7447917461395264,0.3069230413139174,0.7431561350822449,0.7683651289075062,0.6738150715827942,0.7264007967880718,0.6884688138961792,0.7106508922342434,0.7121032476425171,0.708654981342778,0.7374436259269714,0.7052621872573668,0.757196307182312,0.7530637039113253,0.7331968545913696,0.7534898432668484,0.7662036418914795,0.7416191286435733,0.7764014601707458,0.7309078084544383,0.7792662978172302,0.7833473372377759,0.7330108880996704,0.7768137589581402,0.7681560516357422,0.7590892287609816,0.776897668838501,0.7452401030712387,0.7773223519325256,0.804217802286871,0.7292423248291016,0.7986264840879495,0.7608896493911743,0.7817388426848182,0.7704713344573975,0.7679213656147514,0.7727853655815125,0.8181759605742046,0.7239491939544678,0.8205801386594935,0.7501052021980286,0.8090752448460057,0.7600751519203186,0.7967367512126922,0.763627827167511
0.49845542145255445,0.21469688415527344,0.5255198784102569,0.19381262362003326,0.5444129687284756,0.19333316385746002,0.5611767863329296,0.19316646456718445,0.46699910159453045,0.19575880467891693,0.44262298059896893,0.19662834703922272,0.42065962617394315,0.19769470393657684,0.5888553116501605,0.20289437472820282,0.3895155457816257,0.20846226811408997,0.53371253233852,0.23784539103507996,0.45844242725905965,0.24081549048423767,0.7473330390353337,0.3383697271347046,0.24584169046193854,0.341043084859848,0.813822176338792,0.5079596638679504,0.16180159143691436,0.4969758987426758,0.8080018120560502,0.6711217164993286,0.22690202448816107,0.6161462068557739,0.8397773635549273,0.7202965021133423,0.24453939784091183,0.6633936166763306,0.8044435718148556,0.722619354724884,0.28926962415154317,0.6555465459823608,0.7868064315346097,0.7066915035247803,0.2957928185727558,0.6402255296707153,,,,,,,,,,,,,,,,,,,,,,,,,,,,,,,,,,,,,,,,,,,0.80176440337124,0.6745895743370056,0.7495063624525209,0.6891273260116577,0.7300380491922541,0.7126187682151794,0.7277059257084074,0.7381836771965027,0.7232733528105665,0.7577718496322632,0.7836701302180861,0.7338433861732483,0.7822251583786543,0.7663757801055908,0.7668431499648092,0.7766554355621338,0.7532359886756385,0.7801124453544617,0.821498263905402,0.7333782911300659,0.8132119925210115,0.7683963775634766,0.7908407612124427,0.7778069376945496,0.7726505398781125,0.7788132429122925,0.8473623974629636,0.729378879070282,0.8408672882785891,0.7609311938285828,0.8193655727948992,0.7713351845741272,0.8012460501203831,0.7743220925331116,0.8644634709819814,0.7241105437278748,0.8679746305771899,0.7504655122756958,0.8538415023353361,0.7606914639472961,0.8380930262529819,0.7644926905632019
0.4755325819979402,0.21466732025146484,0.497957529055908,0.1938403695821762,0.5135662025775073,0.19336865842342377,0.5275130130432819,0.19321894645690918,0.44942004529433766,0.19577227532863617,0.42917101379463635,0.19664150476455688,0.41108901761963335,0.1977127194404602,0.5504995137803417,0.20293357968330383,0.3855221793417339,0.20861342549324036,0.5047592713009832,0.23782551288604736,0.44253059863336747,0.2407468557357788,0.6816167113741084,0.33835500478744507,0.2685110874580754,0.3396502137184143,0.7374675680013136,0.5070096850395203,0.17596962448439313,0.487485408782959,0.7321237986493381,0.6706333160400391,0.258051399401604,0.5915650129318237,0.7584172337836635,0.7202730178833008,0.2833488921224416,0.6355916261672974,0.7283893859539804,0.722618818283081,0.3207441369296125,0.6247907280921936,0.714021813875867,0.7066763639450073,0.32362207531614,0.6116772890090942,0.2340931104863617,0.5825298428535461,0.27805146144381254,0.5777061581611633,0.3231278499533739,0.5867338180541992,0.34985635194902237,0.6049104928970337,0.36004640382260605,0.619747519493103,0.288939531967612,0.6105991005897522,0.3037232479366085,0.6402692794799805,0.3211424234780841,0.6506386399269104,0.33570610340514073,0.6546841263771057,0.2656869148493333,0.6205740571022034,0.29996451954715325,0.633184015750885,0.3192883598760861,0.6275414824485779,0.32422360619216795,0.6208379864692688,0.25036024525410033,0.6254863739013672,0.284701335548993,0.6340242624282837,0.2988163860761863,0.6285366415977478,0.30018284412589624,0.6216986179351807,0.24039439505929386,0.6282669305801392,0.27033398951318877,0.6352865099906921,0.28373009633070384,0.6313339471817017,0.28666057340819645,0.62567538022995,0.7290264377642809,0.6751502156257629,0.6849825459387499,0.6898059248924255,0.6682659421854286,0.7130331993103027,0.665455784199845,0.7384902238845825,0.6621438768717811,0.7581305503845215,0.7121096896922126,0.7338194251060486,0.7115389005702097,0.7667334079742432,0.6992925095198246,0.7775227427482605,0.688262161508384,0.7813000082969666,0.7438490653021851,0.7335668802261353,0.7371482025104442,0.7689210772514343,0.718530712105402,0.7777778506278992,0.7036378177011547,0.7784172892570496,0.7656662814665065,0.7297087907791138,0.760210911797398,0.7615453004837036,0.7420066913167387,0.7711760997772217,0.7270302258416755,0.773356556892395,0.7804926548483886,0.7244208455085754,0.783658280510766,0.7508280873298645,0.7715493877677745,0.7609724998474121,0.7585586716855856,0.7646309733390808
0.5012817136329958,0.2146691530942917,0.5256935566679921,0.1939273476600647,0.5425637007988573,0.19344988465309143,0.5577518171121117,0.19331052899360657,0.4730143894903232,0.19586463272571564,0.45101405700405844,0.19674505293369293,0.4315119737343089,0.19784191250801086,0.5826782627534646,0.20298166573047638,0.40405704325176,0.20886912941932678,0.5328952540411593,0.2378341257572174,0.4654637357844573,0.2407412827014923,0.7250258981411148,0.3385373055934906,0.2766246309841066,0.3392472565174103,0.7860376663588752,0.5071114897727966,0.1631282781628429,0.4875517785549164,0.7803135463888101,0.6709318161010742,0.28120204469595095,0.5680865049362183,0.8086982311095121,0.7210533618927002,0.3147537202513389,0.6039875149726868,0.7760155927248288,0.7233356237411499,0.35359908830674197,0.5922706127166748,0.7603189841405191,0.7073809504508972,0.3531618832808692,0.5810499787330627,,,,,,,,,,,,,,,,,,,,,,,,,,,,,,,,,,,,,,,,,,,0.7774782103415036,0.6752772331237793,0.7296118803691288,0.6897252798080444,0.7119095366637149,0.7133316993713379,0.7090199099360871,0.7388296723365784,0.7052216693257741,0.7583088278770447,0.7614647071263926,0.7346929907798767,0.7599914842151144,0.7668098211288452,0.7466711639593796,0.7775391340255737,0.7346946960675081,0.7813324332237244,0.7957437584007285,0.734296977519989,0.7877647140032464,0.7691138982772827,0.7670095203605456,0.777901828289032,0.7502705026205727,0.7783508896827698,0.8188857051991296,0.7302340269088745,0.813214611702082,0.7616891860961914,0.7927317142658564,0.7712856531143188,0.7756899188766406,0.773354172706604,0.8342242621815278,0.7247894406318665,0.8375173115065231,0.7509170174598694,0.824128021718996,0.7611386179924011,0.8094416552378435,0.7648895382881165
0.5707467715278347,0.2146919071674347,0.5951726571585667,0.19403555989265442,0.6120712765781199,0.1935427039861679,0.6272857330655146,0.19339710474014282,0.54248172332217,0.19597575068473816,0.5204939936913361,0.19687584042549133,0.5010599481355391,0.19800548255443573,0.652243455919131,0.20306983590126038,0.47428191933795283,0.2092222273349762,0.602371280471466,0.23788881301879883,0.5348847321886632,0.2407630980014801,0.7949316045866257,0.33921656012535095,0.34629612539482,0.33959800004959106,0.8561032278657539,0.5077320337295532,0.2297265386258382,0.4909380376338959,0.8507536869783907,0.671896755695343,0.35118154877447616,0.5409070253372192,0.8789175601706266,0.7219269871711731,0.39451938734129155,0.5681616067886353,0.8459872744020828,0.7245625257492065,0.42506245640738,0.5494223833084106,0.8302160035501017,0.7085754871368408,0.42025326607852365,0.5409935712814331,,,,,,,,,,,,,,,,,,,,,,,,,,,,,,,,,,,,,,,,,,,0.8491433297410073,0.6757898330688477,0.8015888923269793,0.6904078722000122,0.7835641907864753,0.7134974002838135,0.7807180630790901,0.738865852355957,0.7765595448811023,0.7585282921791077,0.831841206356215,0.7345088720321655,0.8315471093074442,0.7672855257987976,0.8182758040863051,0.7779706716537476,0.8063644514622202,0.7815755605697632,0.8662794782602374,0.7340699434280396,0.8590852875105134,0.7692875266075134,0.8387656439755594,0.7781798839569092,0.8225188224172051,0.7788923382759094,0.8898089307573841,0.7300938963890076,0.8838896999647826,0.7616231441497803,0.864030057986016,0.7715027332305908,0.847574272735114,0.7740246057510376,0.9056568919881115,0.7246755957603455,0.9093292353997343,0.7508368492126465,0.8963038318976031,0.761233925819397,0.8820556741824132,0.7652438282966614
0.5461713660326862,0.21481795608997345,0.573170853137354,0.19417433440685272,0.5918531248970897,0.19365158677101135,0.6086713541454507,0.19347617030143738,0.515065229544624,0.19614765048027039,0.49084045508373964,0.19707831740379333,0.46945436885460473,0.1982412338256836,0.6363312871071635,0.2031053751707077,0.4413135494824362,0.20958809554576874,0.5810808026116598,0.2380286157131195,0.5065649934598937,0.240890771150589,0.794608136245017,0.33967074751853943,0.30049192421622356,0.339638352394104,0.861713199963287,0.5085103511810303,0.1730041726648524,0.4909634590148926,0.8557684094311836,0.6728450059890747,0.3203143615154121,0.5050381422042847,0.8870768565627712,0.7232385277748108,0.3875886785825137,0.5285423398017883,0.8503608582742551,0.7260134220123291,0.4115083925497777,0.510757565498352,0.8328709825795881,0.7099605798721313,0.39680583016181276,0.5016086101531982,,,,,,,,,,,,,,,,,,,,,,,,,,,,,,,,,,,,,,,,,,,0.8546537174541124,0.6763888597488403,0.8024714943792721,0.6911560297012329,0.7824065721007717,0.7142438888549805,0.7793574450200957,0.7394562363624573,0.7752766969993671,0.7589446902275085,0.8368105565065073,0.7348086833953857,0.8370432798611509,0.7673740983009338,0.8223811640455171,0.7779220938682556,0.8090944650347502,0.7814770936965942,0.8745654872308437,0.7342935800552368,0.8668730158646875,0.7694313526153564,0.8442846163820756,0.7783811688423157,0.8261140715441982,0.7790141701698303,0.9004796839052502,0.7302480340003967,0.8942845135340434,0.7618538737297058,0.8720047525110658,0.7716498970985413,0.8533893731594162,0.7739510536193848,0.9181485356824822,0.7248600721359253,0.9223843807517267,0.7510514259338379,0.9078010579702687,0.761307418346405,0.8917432242817324,0.7650753855705261
0.5613170251053714,0.21494242548942566,0.5848138369706937,0.1942080706357956,0.6010893813258508,0.19366754591464996,0.6158317705458314,0.19348618388175964,0.5347391381951728,0.19621698558330536,0.513858685199639,0.19716258347034454,0.4952253696501578,0.19833984971046448,0.639998440499549,0.20311717689037323,0.4715343023412227,0.20970043540000916,0.591614478508034,0.23818078637123108,0.5268664515546576,0.24101409316062927,0.7782040103641533,0.33979350328445435,0.34745678460364615,0.3392799198627472,0.8371110380837676,0.5089702010154724,0.23695071420974353,0.4916599690914154,0.8319622142012748,0.6735899448394775,0.3690613919551772,0.46819034218788147,0.8593899261520075,0.7241984605789185,0.41965966188257225,0.4872172772884369,0.8271050116257259,0.7270811796188354,0.43921131919122786,0.46404409408569336,0.8117529120624125,0.7111642360687256,0.4302752626030755,0.4570353627204895,,,,,,,,,,,,,,,,,,,,,,,,,,,,,,,,,,,,,,,,,,,0.8328040785108447,0.6763499975204468,0.7869239365086502,0.6906717419624329,0.7695068777655795,0.7137154340744019,0.7668069652408851,0.73915696144104,0.7630578011589388,0.7590532898902893,0.8163482950418065,0.7350183725357056,0.8164549824448135,0.7675967216491699,0.8036440570699602,0.7782406806945801,0.7918631278090865,0.7816857695579529,0.849412476676914,0.7345086932182312,0.8428951555133755,0.7696484923362732,0.8231347161281083,0.7788941264152527,0.8069555850701838,0.7797769904136658,0.872138730609166,0.7304413318634033,0.8667987131026619,0.7620093822479248,0.8472027954906542,0.7720611095428467,0.8305935127989222,0.7745572328567505,0.8877609507017764,0.7250275611877441,0.8913227314241046,0.7510835528373718,0.8785437170135435,0.7614279389381409,0.8642905385254636,0.7653079032897949
0.4771679828136002,0.21524465084075928,0.49973006923906244,0.1942739188671112,0.5153093524748217,0.19370432198047638,0.5295159663658934,0.19350221753120422,0.4519628320705656,0.19628314673900604,0.431979663476681,0.19721582531929016,0.41417508627728905,0.19838044047355652,0.5527043974081748,0.2031286060810089,0.3917330454184739,0.20971031486988068,0.5061464196840739,0.23842544853687286,0.4442555008671128,0.24114906787872314,0.6849900954170488,0.3398706614971161,0.27342012117698195,0.33890560269355774,0.7422756565453831,0.5089839696884155,0.16035138489624573,0.49192506074905396,0.7378947133743404,0.6737861037254333,0.2866450647377427,0.44167113304138184,0.7641318698025124,0.7243967056274414,0.3325740468933072,0.44873613119125366,0.7327235247692025,0.7272626757621765,0.3517710610279687,0.4274459779262543,0.71793828339222,0.7114219665527344,0.34584700213516706,0.42508378624916077,,,,,,,,,,,,,,,,,,,,,,,,,,,,,,,,,,,,,,,,,,,0.7381465210596684,0.6759829521179199,0.6947758382223261,0.6907414197921753,0.6780949372730058,0.7140761613845825,0.6755384379837273,0.7393431663513184,0.6724669340497489,0.7590198516845703,0.7236862012709281,0.7351139187812805,0.723501027384317,0.7677962183952332,0.711048623518405,0.7783166170120239,0.6997053647598189,0.7814428210258484,0.7554291553209773,0.7345705628395081,0.7488622570006722,0.7697097063064575,0.7298906719453634,0.7790566086769104,0.7143177379026058,0.7796922326087952,0.7771232350619753,0.7304127216339111,0.772044666127942,0.7619814276695251,0.7534270649463669,0.7721898555755615,0.7374863358987072,0.7747591733932495,0.7919548190023091,0.7249462008476257,0.795591532024618,0.7507453560829163,0.783751465277563,0.7613600492477417,0.7701675959454231,0.7656638622283936
0.4674597520339526,0.21532711386680603,0.4936792332901246,0.19429922103881836,0.5113292913038137,0.1937272697687149,0.5277248154578141,0.19351129233837128,0.43900055468295585,0.19629374146461487,0.41626034487603514,0.1972304880619049,0.3961231452840884,0.19839410483837128,0.5541079023325604,0.20313794910907745,0.3705087433464746,0.20967110991477966,0.500297342031621,0.23851704597473145,0.4294176357215743,0.2411852329969406,0.7049171709499547,0.3398649990558624,0.23683540768933178,0.3389202952384949,0.7704195565180028,0.5090904831886292,0.09834487641652154,0.49268388748168945,0.766174177480405,0.67384934425354,0.22434804076368525,0.4158744215965271,0.7967733587340818,0.724382758140564,0.29713741311245584,0.4071175456047058,0.7599727027730585,0.7272511720657349,0.30738633394122994,0.38845303654670715,0.7429908130938574,0.7114407420158386,0.29457000019303003,0.39045700430870056,,,,,,,,,,,,,,,,,,,,,,,,,,,,,,,,,,,,,,,,,,,0.7661826939372622,0.676000714302063,0.7164837893601089,0.6914429664611816,0.6975944374621602,0.7147141098976135,0.6950980697223071,0.7399209141731262,0.6921805856025895,0.7593809962272644,0.7493826380825404,0.7351547479629517,0.7496438094261639,0.7675314545631409,0.7361653211573097,0.7781617045402527,0.7237472811787119,0.7816525101661682,0.7856286037614112,0.7344550490379333,0.7791336101155358,0.7693901062011719,0.7584646175574608,0.778781533241272,0.7411375872582536,0.7797685861587524,0.8108323854787083,0.7302913069725037,0.8052648638668968,0.7617289423942566,0.7849872547954476,0.7719945311546326,0.767431400747522,0.7748218178749084,0.8283939918703005,0.7248172163963318,0.8323776019181796,0.750644862651825,0.8193142535682373,0.7612215280532837,0.8042327290604026,0.7656260132789612
0.4933082934846492,0.21589064598083496,0.5153770921484035,0.19460870325565338,0.5295467825807454,0.1940973699092865,0.5432940332749681,0.1938210427761078,0.47024775440261746,0.1964872032403946,0.45178713171738794,0.19738727807998657,0.43561940307214125,0.19850727915763855,0.5648349048545058,0.2032800167798996,0.41456039597333827,0.20969724655151367,0.519781204171523,0.23904474079608917,0.46205694699626176,0.2415500432252884,0.6889070863662586,0.33986911177635193,0.3066058044379724,0.3389318585395813,0.7426022295331729,0.5094046592712402,0.1828567813576327,0.4929232597351074,0.7394138269943622,0.674126148223877,0.2763883687886149,0.3985850214958191,0.764879980179987,0.7243707180023193,0.34348812798113815,0.38630661368370056,0.7343295943481769,0.7272319197654724,0.34971822535226094,0.3708954453468323,0.7203750466147321,0.7114805579185486,0.33815200675343793,0.37357789278030396,0.24859174820847052,0.40000903606414795,0.2623093325020476,0.37795892357826233,0.30204030474357213,0.3667592406272888,0.33825835221856226,0.3683556020259857,0.36353915169436807,0.3741556704044342,0.31007833631602444,0.37127485871315,0.3671571041003783,0.3665136396884918,0.4009328835304818,0.36543184518814087,0.42791125697133103,0.36703935265541077,0.3178144632265345,0.3873802423477173,0.3787658302381429,0.39191722869873047,0.4181526354556484,0.3972876965999603,0.44711133308091777,0.4031616449356079,0.32019056416502245,0.4008691608905792,0.3456002040833016,0.39245080947875977,0.33094950728925193,0.3873121440410614,0.31590324827089117,0.3858270049095154,0.3190555178692461,0.4107836186885834,0.33359199289138847,0.3981992304325104,0.32221924948603226,0.3920288681983948,0.31083191805721805,0.3902343213558197,0.739796731963026,0.6757766604423523,0.6988742001583794,0.6913408041000366,0.6831692734926262,0.7147107124328613,0.6813671622418367,0.7398375272750854,0.6792542280206463,0.7593111991882324,0.7247569088373672,0.7345997095108032,0.7261457131882529,0.7672698497772217,0.7155544403924659,0.7782149910926819,0.70542066762647,0.7818862795829773,0.7546580050368651,0.7341198325157166,0.7504553671024279,0.7693029642105103,0.7340033252352912,0.7789498567581177,0.7196442356748605,0.7797532677650452,0.7755122588064186,0.73016756772995,0.7720305634430432,0.761747419834137,0.7558444158858254,0.7722282409667969,0.7412684060942276,0.7749563455581665,0.7900462207656964,0.7248116135597229,0.7940493460263701,0.7507129311561584,0.7836249773813228,0.761482298374176,0.771085590511734,0.765956699848175
0.5270040690386929,0.2166500985622406,0.5503831168773785,0.1949281096458435,0.5646069320224916,0.1944625973701477,0.5789183731636515,0.19413883984088898,0.5028420108038597,0.1967565268278122,0.48369982920042937,0.19762727618217468,0.46747602535874117,0.1987077295780182,0.6006454898788922,0.2035130262374878,0.44539147845657967,0.20975248515605927,0.5538201020116634,0.23972287774085999,0.49439557011384394,0.2420601099729538,0.7295881915237384,0.3399503529071808,0.33428686246384415,0.341487854719162,0.7856672404151247,0.5093550682067871,0.20462574202907344,0.49196600914001465,0.783105879809865,0.6738995313644409,0.2670804876226761,0.3734036087989807,0.809901515433502,0.7236330509185791,0.3321742117723516,0.3485901951789856,0.7777760714919367,0.726761519908905,0.34620196454559915,0.3369324803352356,0.7632875991506416,0.7110832333564758,0.33541132194611056,0.34304532408714294,,,,,,,,,,,,,,,,,,,,,,,,,,,,,,,,,,,,,,,,,,,0.7817796073011701,0.674720287322998,0.7400895857301848,0.6906719207763672,0.7235989324538346,0.714028000831604,0.7216587060845127,0.7391303181648254,0.7175679890812428,0.7586858868598938,0.766691923108735,0.734019935131073,0.7681792774883355,0.7664132118225098,0.7570965905974536,0.7773651480674744,0.7466125436694125,0.7817845940589905,0.7969998424927016,0.7333441972732544,0.7922009371457462,0.7680997252464294,0.7753268645364397,0.7776800394058228,0.760646428356089,0.7791765928268433,0.8183150725463211,0.7293007969856262,0.8140728686869412,0.7604379057884216,0.7977528922962922,0.7707660794258118,0.7830779843694992,0.7739824056625366,0.8334152111950471,0.7239479422569275,0.8368602663086635,0.7498335242271423,0.8262087831952827,0.7606371641159058,0.8135027595959097,0.765561044216156
0.48809277647932525,0.21709831058979034,0.5126246935146893,0.19516617059707642,0.5274863298366514,0.19472052156925201,0.542485772058968,0.1944015473127365,0.4627310239133803,0.19687561690807343,0.44261006240597767,0.19768501818180084,0.42558039992357816,0.19873221218585968,0.5646260533597347,0.20364096760749817,0.40179221473214416,0.20969319343566895,0.5158097632212834,0.24015721678733826,0.45358089880450914,0.24236373603343964,0.6991723474827969,0.33995020389556885,0.2852378909607195,0.3418886065483093,0.7591169807636535,0.5090522170066833,0.14879641569279828,0.49099135398864746,0.756861750869465,0.6737422943115234,0.2041521191588063,0.36819133162498474,0.7849474200637501,0.7230631113052368,0.2661799416343523,0.34282559156417847,0.7511745073620969,0.7262400388717651,0.2826083117049008,0.3306249976158142,0.7359356548890921,0.7105876207351685,0.2729340974897472,0.3365331292152405,0.1934638115238098,0.3505314886569977,0.2049864548820694,0.33027198910713196,0.24251469504004144,0.3216777741909027,0.27888605233110525,0.3240038752555847,0.3027303732594035,0.3300524652004242,0.2604108946244516,0.318646103143692,0.310556975033086,0.3051297068595886,0.34193901869963583,0.2954677641391754,0.367855428347341,0.2874912917613983,0.2725775822250423,0.331938773393631,0.33711601219579634,0.3325209617614746,0.3786681579763077,0.33579301834106445,0.4111247476510635,0.3392587900161743,0.27481141120292024,0.3460931181907654,0.3008726937202287,0.3468872606754303,0.2868728276295102,0.3455865979194641,0.27447643019356827,0.3451775908470154,0.27165500939044923,0.3587697744369507,0.28724534357930703,0.35714787244796753,0.2747418415575309,0.3557055592536926,0.2638017731430408,0.35536259412765503,0.7545599189799463,0.6742149591445923,0.7106079037789675,0.6895532608032227,0.6937169805702195,0.7132930159568787,0.6914014147593301,0.738774836063385,0.6869245564096463,0.7583897113800049,0.7394692728526057,0.7330041527748108,0.7405861873415447,0.765531599521637,0.7287565475054637,0.7768399715423584,0.717620404029076,0.781246542930603,0.7714206408955834,0.7327563166618347,0.7655861910853693,0.7680429816246033,0.7472711402339168,0.7772825956344604,0.7317754767651864,0.7783148884773254,0.7937150621294025,0.7291656732559204,0.7882799627512749,0.7608566880226135,0.7701811878266486,0.7707575559616089,0.7543827113925531,0.7732304334640503,0.8093562651629485,0.7241820693016052,0.8125840033631211,0.7501738667488098,0.8006190910684919,0.760722279548645,0.7869977745192404,0.7651524543762207
0.4536723118785264,0.21763265132904053,0.4792134978140597,0.19537636637687683,0.49472084141995937,0.19494500756263733,0.5104554775704164,0.1946161538362503,0.4269304725015859,0.19700808823108673,0.40567399953374256,0.1977722942829132,0.3877416887801499,0.19879461824893951,0.5327934976462625,0.2036951780319214,0.3618495539157165,0.20969358086585999,0.4823457528798951,0.24067631363868713,0.4171182176526412,0.24284915626049042,0.6729571867895003,0.33993014693260193,0.2384207071203208,0.343057245016098,0.7373751279532867,0.5089191198348999,0.09658823429492176,0.4911460280418396,0.735614118238648,0.6736641526222229,0.1543192805984079,0.36112895607948303,0.7651454888446043,0.7226393818855286,0.21860646029830966,0.3348211646080017,0.7294543992801223,0.7258676290512085,0.236838549407944,0.3225957453250885,0.7134653102810461,0.7102643251419067,0.2278065232937197,0.3298819661140442,0.1360499510718642,0.34904745221138,0.1505311881904232,0.32660651206970215,0.1917181792819438,0.3176926374435425,0.22987119640789339,0.320237398147583,0.25449106702923113,0.32701873779296875,0.21890112859714383,0.3133624494075775,0.26980958352119677,0.29858073592185974,0.3000569221424699,0.2870875298976898,0.32391087918934647,0.2780068516731262,0.22976038516735306,0.32735294103622437,0.29706683866825634,0.328632652759552,0.34074193761433497,0.33193182945251465,0.3727785662668471,0.33564668893814087,0.2309675486816411,0.34155508875846863,0.25735297906855564,0.34151265025138855,0.2438640730592195,0.33892539143562317,0.22908183257090475,0.3382854759693146,0.22643307291783754,0.3535187840461731,0.24057400122661327,0.35108575224876404,0.22867817305190552,0.34927213191986084,0.21657993761123293,0.3497980833053589,0.7317265547170766,0.673777163028717,0.6859362420910188,0.6895470023155212,0.6678725398664885,0.7133719325065613,0.6654412726482657,0.7384223937988281,0.6611817249623031,0.7578587532043457,0.7153075909055189,0.7328713536262512,0.7175039354937648,0.7652276754379272,0.7052031877859518,0.7764118313789368,0.6934401860982468,0.7805814743041992,0.7484112415034233,0.7325839400291443,0.7432930642050364,0.7676301598548889,0.7242968115405325,0.7770528197288513,0.7080342294796805,0.7782028317451477,0.7719914954861732,0.7290427088737488,0.7669230887449714,0.760558545589447,0.748367351012066,0.7703678011894226,0.731990527672274,0.7728368639945984,0.7888757545067464,0.7239238619804382,0.7927502278817726,0.7498809695243835,0.7806275621676013,0.7602011561393738,0.7665726648219487,0.7643241882324219
0.4320073180865957,0.21782639622688293,0.4569373443719481,0.19550645351409912,0.4716406172721161,0.19511263072490692,0.487025810911087,0.19475889205932617,0.40567997845474446,0.19709892570972443,0.384845729175716,0.19784565269947052,0.3673736879730682,0.19884958863258362,0.5081673429209379,0.20372025668621063,0.34124258403159263,0.20969736576080322,0.45972943323882065,0.24080614745616913,0.3958837638421879,0.24299529194831848,0.6453128385190343,0.33992189168930054,0.2211476447296922,0.34365028142929077,0.7096452218125233,0.5088478326797485,0.0823075671789843,0.4911314845085144,0.7084414691504846,0.6735950112342834,0.13628553414471237,0.35854393243789673,0.7371863282311233,0.722171425819397,0.19557791478607742,0.33193105459213257,0.7021469744612936,0.7253373861312866,0.21462248222269859,0.319318950176239,0.686554227799227,0.7096794247627258,0.20694909057388958,0.326852947473526,0.11581391964199156,0.3441520035266876,0.1346886413504433,0.32141777873039246,0.17599124711216713,0.3124569058418274,0.2118915412474618,0.3154628276824951,0.23426326732397917,0.32278239727020264,0.2039887849888603,0.30717968940734863,0.25259628318703964,0.2924935519695282,0.2805541075143698,0.28189194202423096,0.30387751838779825,0.27339819073677063,0.21454847372569918,0.32194751501083374,0.2791810749907976,0.32459190487861633,0.32101038255832176,0.328888475894928,0.35117663003870003,0.33357563614845276,0.21493202842006504,0.3370686173439026,0.23662008471545015,0.3383883833885193,0.22137772953338503,0.3369607627391815,0.20594928996544465,0.33687683939933777,0.21027556331483305,0.34970492124557495,0.22074282716779176,0.34750446677207947,0.2074724657697692,0.3463478088378906,0.19411688142687009,0.34708958864212036,0.7040029484374821,0.6738871335983276,0.6584050033691379,0.68971186876297,0.6409252115083243,0.7133808732032776,0.6385605748687923,0.738404393196106,0.6342991532653843,0.7579962015151978,0.6881697941924841,0.7326852679252625,0.6898825524673429,0.7648523449897766,0.6775618181693731,0.7762113809585571,0.665941798241511,0.7806109189987183,0.7208638536732487,0.7323876023292542,0.7157741404945256,0.7675666809082031,0.69695279887207,0.7767842411994934,0.6810378854719068,0.7778380513191223,0.7438713051941026,0.7287276983261108,0.7392951245612875,0.7604979276657104,0.7207013642113472,0.7702219486236572,0.7043900698064022,0.7725311517715454,0.7601230635699509,0.7235273122787476,0.7640288465663689,0.7496817708015442,0.7517253283321127,0.7601928114891052,0.7377401916354517,0.7644399404525757
0.5100587655976044,0.21818506717681885,0.5368936075106079,0.19572973251342773,0.5524779991896644,0.19538848102092743,0.5690677064251604,0.19503340125083923,0.481494592727237,0.19729609787464142,0.4589436784031673,0.19805505871772766,0.440085379698827,0.19905760884284973,0.591047351369797,0.20390217006206512,0.41099976606869815,0.20985040068626404,0.5397658106525458,0.24117302894592285,0.47079181274206827,0.24345174431800842,0.739320059470531,0.3398967981338501,0.2822726211507652,0.34405267238616943,0.809444820640668,0.5087721347808838,0.13168130772501088,0.49011126160621643,0.8086492669017611,0.6734343767166138,0.19367381588092336,0.3524933457374573,0.8390675460388266,0.721727728843689,0.2562996846925289,0.3274538815021515,0.8014603122623176,0.7247461080551147,0.27744947009765203,0.31570810079574585,0.7847544987858915,0.7089671492576599,0.26954016774007006,0.32282766699790955,0.16365561054596528,0.34078526496887207,0.1847288006565373,0.31781089305877686,0.22970842878275324,0.3091597557067871,0.26896489725214295,0.3128942549228668,0.2924636667690008,0.3213830292224884,0.26307011597403107,0.3028178811073303,0.31509701133750884,0.28758910298347473,0.3443630453228801,0.27642080187797546,0.36839477731007025,0.2672985792160034,0.27429996790869354,0.3174923360347748,0.3440513663806512,0.3207639455795288,0.3886363851816382,0.3253001868724823,0.42042178381545064,0.3301219642162323,0.27418945581019494,0.3329845368862152,0.2958624231982203,0.33726564049720764,0.27848190427832903,0.3360690176486969,0.261579999438392,0.3353639841079712,0.2684135963678795,0.3463813364505768,0.27946061987274284,0.34682580828666687,0.2640778766523279,0.34595292806625366,0.2489585026938059,0.3460119068622589,0.8029764360031683,0.6737771034240723,0.7536969314249936,0.6896595358848572,0.734834075902646,0.7132077217102051,0.7324471924021201,0.7382426261901855,0.7279552071714941,0.7576667070388794,0.785787377534179,0.7324032783508301,0.7875065204838035,0.7648072838783264,0.7743225716173917,0.7760127186775208,0.7620291657693204,0.7803488969802856,0.8213147017451803,0.7321540713310242,0.814966943119317,0.7673749923706055,0.7944895662250052,0.7765119671821594,0.7774561064196747,0.7775750756263733,0.8462912510464873,0.7285730838775635,0.8405942653077264,0.7604196667671204,0.8203127945404212,0.7701892256736755,0.8027199204919364,0.7725377678871155,0.8639445121953919,0.7234246134757996,0.8682617082605079,0.7497044801712036,0.8550210029291615,0.7601141333580017,0.8400622660672168,0.7641729712486267
0.4824218827573424,0.21828611195087433,0.5061253886023137,0.1958075761795044,0.5198363344864803,0.19549816846847534,0.5345104202595551,0.19515486061573029,0.45708967812649975,0.19731584191322327,0.43714359113015516,0.19806580245494843,0.42048462703151074,0.1990726888179779,0.5534295578745555,0.20397861301898956,0.3940418684917411,0.20984458923339844,0.5084650044451539,0.24134430289268494,0.4474955424078842,0.24359841644763947,0.6843840717149781,0.33974701166152954,0.2802881914504942,0.3440418243408203,0.746638867334087,0.5087262988090515,0.1482080152388885,0.4896586835384369,0.7464476682694384,0.6734350919723511,0.19940821776564174,0.3538362383842468,0.7729566942944188,0.7216947078704834,0.2533990941960437,0.3278261125087738,0.7396902200792174,0.7246765494346619,0.27230653176543573,0.3152152895927429,0.7250019762677592,0.7088796496391296,0.26612346732684816,0.3226129710674286,0.1756898492576916,0.3408782482147217,0.19378827947177873,0.31747791171073914,0.23293335475385288,0.30812427401542664,0.26814698529883885,0.3107548654079437,0.28836322208776105,0.3191770017147064,0.2623667039429613,0.3013624846935272,0.30871822076213434,0.28456631302833557,0.3342197647085476,0.2724907696247101,0.35519362041716124,0.26255691051483154,0.2735208457426996,0.3155178725719452,0.33518093820323597,0.3190000057220459,0.37344385626502485,0.3234116733074188,0.4009499097059698,0.32784685492515564,0.27361765788479275,0.3305346965789795,0.2922809020653099,0.33583053946495056,0.2760404194298977,0.33431315422058105,0.260859397226932,0.3331972062587738,0.26828004464105226,0.3435622453689575,0.2767749332175053,0.3456697463989258,0.2623227878053835,0.34475594758987427,0.24916253062250066,0.34446650743484497,0.741270676660227,0.6737730503082275,0.6975049682402258,0.6896653771400452,0.681055097393631,0.7131195664405823,0.6792086532211425,0.738045334815979,0.6753332834925585,0.757419764995575,0.7255991046458696,0.7323572039604187,0.726984298280843,0.7645798921585083,0.7153658580325487,0.7757711410522461,0.7044658726857329,0.7802005410194397,0.7570359801323997,0.7319621443748474,0.7520172832578904,0.7671422958374023,0.7340769511390834,0.7763331532478333,0.7190019831310446,0.7775009274482727,0.7792384061763715,0.7282763719558716,0.7747548307155717,0.7601929903030396,0.7569009543959664,0.7700279951095581,0.7412999103876295,0.7723888158798218,0.79488605372772,0.7230392098426819,0.7988657734429069,0.7492725849151611,0.7871113898075434,0.7597810626029968,0.7737211628206428,0.7639061808586121
0.554901889597592,0.2183792144060135,0.5794243410777008,0.19582954049110413,0.5929399299946827,0.195552796125412,0.6078604430348269,0.19521217048168182,0.529311633064053,0.1973305344581604,0.5090724453388993,0.19808177649974823,0.4923774616208754,0.19908754527568817,0.6269616996021886,0.20399102568626404,0.46502027413333197,0.20983973145484924,0.5811902378217931,0.24143144488334656,0.519058442633961,0.24368944764137268,0.7609038933977529,0.3396891951560974,0.3498023173497567,0.34401583671569824,0.8243244475824923,0.5086982846260071,0.21612324657279466,0.4894666075706482,0.824573391916816,0.6734686493873596,0.26583770036626175,0.3537723124027252,0.8513013794384865,0.7216905355453491,0.32081461453177473,0.3277337849140167,0.8175070692884209,0.7246398329734802,0.34016531585761106,0.31438660621643066,0.802610910223626,0.7088226079940796,0.3331816632989632,0.3218289315700531,0.24069637433859598,0.341060996055603,0.2577126970847899,0.316609650850296,0.2969493867699955,0.3062490224838257,0.3329164718605367,0.309490829706192,0.354451024181391,0.31759893894195557,0.33009905052872707,0.30188843607902527,0.3777240166412521,0.2832506000995636,0.40313348660983533,0.27077463269233704,0.4244979614425656,0.2607378363609314,0.34309089552925953,0.3162148892879486,0.40404465890399865,0.31883004307746887,0.443158644587376,0.32343778014183044,0.471300597228537,0.3281899094581604,0.34379295725151976,0.3307740092277527,0.35845398368855896,0.3339184522628784,0.34191583289946237,0.33146026730537415,0.3269711660536294,0.3302130103111267,0.33834744172503356,0.34253281354904175,0.34574637960580157,0.3430880308151245,0.33083030365979643,0.3414050042629242,0.31777967550232505,0.34107938408851624,0.8190467075930356,0.6739055514335632,0.7749216412694707,0.6898264288902283,0.758143153441448,0.7132174372673035,0.7558351305337588,0.7381104230880737,0.7519342241917873,0.7574436664581299,0.803593142747233,0.7326459884643555,0.8054816767699335,0.7644584774971008,0.7936393727674966,0.7755181789398193,0.7823982449784759,0.7798841595649719,0.8355449578964914,0.7322641015052795,0.8304439009939519,0.7671027779579163,0.8122893801970855,0.7760834097862244,0.796995951079607,0.7771893739700317,0.8581448465116308,0.7285857796669006,0.8533611919672736,0.7601418495178223,0.8354438722179869,0.7697924375534058,0.8198243667237087,0.7720444798469543,0.8740776842476629,0.7233783006668091,0.8779729191159229,0.7493010759353638,0.8660005048342228,0.7597312927246094,0.8523967745434425,0.7639136910438538
0.4833529759472329,0.2186778336763382,0.511611899000174,0.1959797441959381,0.5266669390200694,0.19575345516204834,0.5437334598528317,0.19541381299495697,0.45412585860498317,0.19747193157672882,0.4310989965028494,0.1982196569442749,0.412351095744835,0.1992138922214508,0.5656160992708527,0.20408625900745392,0.3806702157653543,0.20989994704723358,0.5134097671832264,0.24161294102668762,0.442350176502324,0.24390307068824768,0.7189131218206113,0.339596688747406,0.24962473752857448,0.3440078794956207,0.7914898043406666,0.5085446834564209,0.09727604984982807,0.48955613374710083,0.7923052221452686,0.6734749674797058,0.15012960457270297,0.3551572859287262,0.8227300034469702,0.721625804901123,0.21264489970939923,0.3290720582008362,0.784142429457147,0.7245451807975769,0.2340679517830818,0.3147399425506592,0.767166857898963,0.7087162733078003,0.22513395803742892,0.32238322496414185,0.11852431235998209,0.34242451190948486,0.1435468935293674,0.3181796371936798,0.19047058223225274,0.3081732392311096,0.23219659231696688,0.31130731105804443,0.2580484852601846,0.3189590871334076,0.22548628165223522,0.30177363753318787,0.27921294559927384,0.28388711810112,0.30778409225157427,0.27148309350013733,0.3325771465739882,0.2613685429096222,0.23625355509648255,0.31573107838630676,0.3078748128188402,0.3200705945491791,0.35321729539931995,0.3257744312286377,0.3867802459707146,0.33149510622024536,0.23447226819358166,0.330437570810318,0.2580796656904466,0.3375297784805298,0.23836905961862195,0.3354467749595642,0.2208656697012232,0.333442747592926,0.22734834035431112,0.34328141808509827,0.24289719757963937,0.3466986417770386,0.22448267584738454,0.34514668583869934,0.20845227537572414,0.34401923418045044,0.7860663916051219,0.6737536191940308,0.7358287720629372,0.6896910071372986,0.7167558782139525,0.713330864906311,0.7139382803605226,0.7383127808570862,0.7088384884720736,0.7576066851615906,0.768026416214865,0.732602596282959,0.7695451090052049,0.7642715573310852,0.7565531614150158,0.7755101323127747,0.7443588686948296,0.7802320122718811,0.8042672244717916,0.7323316931724548,0.7985244600923166,0.7669249176979065,0.778334864672482,0.7761926651000977,0.7611914219469708,0.7776423692703247,0.8300728804200119,0.7287206053733826,0.8247519285604382,0.7600886821746826,0.8048601862971649,0.7700490355491638,0.7873645343105036,0.7727479934692383,0.8483434690169743,0.7235335111618042,0.8528959643067661,0.7493956089019775,0.8396904803225334,0.7598897218704224,0.824471838338476,0.7642480134963989
0.44693113107434085,0.2189635932445526,0.472852435068092,0.1961490362882614,0.4863481743478379,0.19596289098262787,0.5018870678289927,0.1955985575914383,0.419929005720389,0.1977381408214569,0.39958490479886527,0.19849015772342682,0.383318663533588,0.19951340556144714,0.5221257311408622,0.2042258232831955,0.3551505424637539,0.21025137603282928,0.4747376732665076,0.24175970256328583,0.41045552235420873,0.24407538771629333,0.6603245576839752,0.33958953619003296,0.23761006900123147,0.34546977281570435,0.725309431375145,0.5084435939788818,0.10263886971547298,0.4897897243499756,0.7265589529107924,0.6734434962272644,0.14464954080846917,0.3585751950740814,0.7538826114574421,0.7214534878730774,0.19878412888726466,0.33031636476516724,0.719152081038332,0.7243813276290894,0.21798792377760356,0.3177153468132019,0.7038832726914833,0.708598256111145,0.21018447598375004,0.3260200619697571,0.11593475835985155,0.3466455340385437,0.13519513581107165,0.32126742601394653,0.1776944775975415,0.311038076877594,0.21530070720034947,0.315358430147171,0.23893909805034771,0.3234666585922241,0.21109288796269218,0.30494433641433716,0.2607061945682234,0.2863168716430664,0.2872807309188547,0.2738229036331177,0.3098249747433279,0.26381421089172363,0.22276555258587064,0.3196219801902771,0.2880572600244835,0.3231258988380432,0.3286661260765533,0.32944753766059875,0.35785668285954847,0.33615642786026,0.22203947554818385,0.334304541349411,0.24092778187751848,0.3388160765171051,0.22296571232172224,0.33640405535697937,0.20716339653892327,0.3351450264453888,0.2160766181050096,0.3464280962944031,0.2264709805029999,0.34790053963661194,0.21014432726528562,0.3464743196964264,0.1962620406576383,0.3460780382156372,0.7204795645850265,0.6744318604469299,0.6753669670983026,0.6903548240661621,0.6580502650092853,0.7139346599578857,0.6556558352796864,0.7387167811393738,0.6518061604698707,0.7579769492149353,0.7045773750012913,0.7329821586608887,0.7062801065359603,0.7646055817604065,0.694228828163978,0.7758241295814514,0.6827984983205129,0.7801711559295654,0.7371310824317696,0.7327366471290588,0.7325184789376356,0.7673759460449219,0.7139720377439679,0.7769177556037903,0.6981570144968131,0.7779871225357056,0.7602339395204203,0.729032039642334,0.7564999369807398,0.7605175971984863,0.7383106785689624,0.7706688046455383,0.722142662568705,0.7731348872184753,0.7766697739180989,0.7237469553947449,0.7817408077749899,0.7496587038040161,0.7699585155133698,0.7602404356002808,0.7560700812405341,0.7644566893577576
0.5510038716094483,0.21984820067882538,0.5777939017325412,0.1968400627374649,0.5915300925929963,0.19662606716156006,0.6066549417961521,0.19631101191043854,0.5242130003646186,0.19878129661083221,0.5054118435636961,0.19952192902565002,0.49010167841947333,0.20075874030590057,0.6276655571754813,0.20487532019615173,0.4638652746235874,0.21121981739997864,0.5802978202085908,0.24260322749614716,0.5169694618359223,0.2447587251663208,0.7632804222876867,0.3395876884460449,0.34920796693154954,0.3460427224636078,0.8262163805476712,0.5084322690963745,0.2187870958342473,0.4908120632171631,0.8281357530614666,0.6734189987182617,0.25367044977679487,0.3618268370628357,0.8546341831008218,0.7214165329933167,0.3051493038121089,0.33348554372787476,0.8206280350176546,0.7243150472640991,0.3237072418515985,0.3209131062030792,0.8058063260884663,0.7085403800010681,0.31680984174005844,0.3290993571281433,0.226437737283588,0.3495246171951294,0.24635455795629313,0.3248918950557709,0.2884602709822026,0.31449952721595764,0.3246492645520219,0.3190257251262665,0.3478859590752783,0.3269624412059784,0.32063815685811203,0.30849412083625793,0.3688213781713314,0.2903481125831604,0.394191527512851,0.27743324637413025,0.4156427561028215,0.2668548822402954,0.33105497854105803,0.3231326639652252,0.39493814081136513,0.32739943265914917,0.43466519521027946,0.33429545164108276,0.4639581344633377,0.34133434295654297,0.3305817970967652,0.3377707302570343,0.3517400461633496,0.34315401315689087,0.334850792715199,0.3404063284397125,0.3195470873859155,0.3385019600391388,0.325102831037411,0.34961289167404175,0.337373585963024,0.35123181343078613,0.32202762267768015,0.3494901657104492,0.30911172737988885,0.3486076891422272,0.8220673625337843,0.6746854186058044,0.7784680528172824,0.6907510757446289,0.7613183207896583,0.7143002152442932,0.7589486453428129,0.7392143607139587,0.7538605990218858,0.7585422992706299,0.8066712011031841,0.7330963611602783,0.8089180054867077,0.7649719715118408,0.7970363871214396,0.7762460708618164,0.7859233521544526,0.7807865142822266,0.8385941934479528,0.7327827215194702,0.8340688239241214,0.7676964998245239,0.8156031737616011,0.7769907712936401,0.8000510347161159,0.7781438231468201,0.8611172129999108,0.7291521430015564,0.8572273277707185,0.7608243227005005,0.8391137375223819,0.7708213925361633,0.8231703759346444,0.7733031511306763,0.8771548475119166,0.7240104675292969,0.8821260115562884,0.7500463128089905,0.8703200941473385,0.760539174079895,0.8566566434946878,0.7647004127502441
0.5434241166111851,0.22094273567199707,0.573512200312826,0.19764533638954163,0.5885643901018617,0.19746772944927216,0.6048809201821994,0.19734367728233337,0.5144396848732602,0.1997787058353424,0.4943518129276603,0.2004885971546173,0.4779818177246526,0.20184114575386047,0.6284296700821057,0.20609302818775177,0.4500723645319161,0.21193373203277588,0.5762078678539062,0.24362583458423615,0.5071002052288285,0.2455722540616989,0.7759655774912947,0.3395977020263672,0.3253297741352652,0.34609076380729675,0.8436998090028555,0.5084231495857239,0.18407819752663837,0.49314793944358826,0.8466104356330262,0.6733943223953247,0.21952094143348488,0.36557039618492126,0.8751360560545598,0.7213661074638367,0.2749636144831287,0.33790382742881775,0.8381041346162444,0.7242469787597656,0.29379930395984183,0.3253989815711975,0.822053538591269,0.7085107564926147,0.286157490032696,0.3328407406806946,0.1906756654942899,0.3514827489852905,0.21138638780902066,0.32741761207580566,0.2572238867812546,0.3171132802963257,0.29702218887837306,0.32087185978889465,0.32173424463571415,0.3283977508544922,0.29006370316288504,0.311987966299057,0.3449526826133721,0.29396575689315796,0.3738254601327897,0.28126010298728943,0.39773608834928775,0.27085810899734497,0.30225107787548966,0.3260192275047302,0.3724119667972174,0.33036062121391296,0.41590503845034954,0.33732137084007263,0.4468862460402072,0.3444313108921051,0.30263800423585285,0.3401326835155487,0.3278988831393952,0.34582072496414185,0.30992251733978615,0.34289801120758057,0.29292152382943254,0.34088167548179626,0.29758741776084563,0.3515597879886627,0.3134329420824298,0.3533094823360443,0.2972296408783217,0.3512358069419861,0.2827320235671717,0.3501920998096466,0.8389541568268019,0.6747563481330872,0.7913547440329389,0.6908137202262878,0.7727399460767359,0.7143017053604126,0.77091224452026,0.739145815372467,0.7655381940530999,0.7583410739898682,0.8225019864626495,0.7329518795013428,0.825057765806059,0.7651079297065735,0.8122170546184176,0.7762261629104614,0.8002599095128169,0.7807535529136658,0.8572030482722393,0.7324956059455872,0.851819183659274,0.767691433429718,0.8316703761218093,0.7765728235244751,0.8149806155412991,0.7776696681976318,0.8818635797641032,0.7289047837257385,0.8764972194858204,0.7608594298362732,0.8564402547755173,0.77021324634552,0.8392148176097912,0.772251307964325,0.8994985011775656,0.723810076713562,0.9036465158180214,0.7502483129501343,0.8901260651735314,0.7605147957801819,0.8751657914515516,0.7644751667976379
0.504868164625929,0.22175359725952148,0.5312434565738258,0.19821442663669586,0.5443132287800458,0.19805949926376343,0.5584606223173196,0.19802993535995483,0.4797312064173696,0.20049262046813965,0.4623973296175329,0.20119671523571014,0.448296412113728,0.2026093304157257,0.57900607880244,0.20688357949256897,0.4242634105962671,0.21241891384124756,0.5335178278247971,0.24444910883903503,0.4735523083054094,0.24632224440574646,0.7069016423135668,0.33969026803970337,0.31586528966449284,0.34644246101379395,0.7650705121071404,0.5084602236747742,0.19537649057265538,0.4954667091369629,0.7682468297301203,0.6734088063240051,0.2226238355586616,0.367855429649353,0.79260719660978,0.7213609218597412,0.2691841326493994,0.34017521142959595,0.7603582934136524,0.72416752576828,0.2851759544185277,0.3274674415588379,0.7464912809231293,0.7083662152290344,0.27888234341739726,0.33461886644363403,0.20098644642801208,0.35327738523483276,0.21861433258516563,0.32883501052856445,0.2566820478786467,0.31855764985084534,0.29134058886744796,0.32154709100723267,0.31362913486482913,0.32840803265571594,0.28852114872908147,0.3138660192489624,0.3354857682504243,0.2951776385307312,0.3602451364837198,0.2824302017688751,0.38189645571736053,0.2725442051887512,0.298508031893615,0.32780808210372925,0.3587328705252423,0.33224356174468994,0.39580368601948407,0.3391878008842468,0.42246034381046615,0.34649658203125,0.29784691587685436,0.3418031632900238,0.3200143954603258,0.3456965386867523,0.30330090858367004,0.34233617782592773,0.28811741399951485,0.34049534797668457,0.2929170571934174,0.35356128215789795,0.3079704315909092,0.35392633080482483,0.2929693467020228,0.35122227668762207,0.27932191202649426,0.3501872718334198,0.7609214063113074,0.6743642687797546,0.7197424970234256,0.6903079152107239,0.7033444308824586,0.7135231494903564,0.7016077584301846,0.7383484244346619,0.697224715853446,0.7576920986175537,0.7459515489965153,0.7328743934631348,0.7479498595975587,0.764733076095581,0.7370952437917384,0.7758278250694275,0.726870262287595,0.7803155183792114,0.7763446511515047,0.7325511574745178,0.7718195437615928,0.7672673463821411,0.7550120564864172,0.7760999202728271,0.7409165712462645,0.7773436903953552,0.7979331657930964,0.7290318608283997,0.7934836653475834,0.7603163123130798,0.7768984879030403,0.7695837616920471,0.7624972075171792,0.7716834545135498,0.8133915456251027,0.7240111827850342,0.8173329546972039,0.7497906684875488,0.8062162559958824,0.759871244430542,0.7937152513243354,0.763842761516571
0.509368445463244,0.2232743799686432,0.5366831397183434,0.19936752319335938,0.5502521909659756,0.19908592104911804,0.5647584764311729,0.19913139939308167,0.48344321502893983,0.20197048783302307,0.4657437257817821,0.20268866419792175,0.4512349821907518,0.20411927998065948,0.5861256860710726,0.20798730850219727,0.4265181664158975,0.21308808028697968,0.5389876162991744,0.2458687573671341,0.47734725961343355,0.2475619614124298,0.7178548140551495,0.34001073241233826,0.31429380806566565,0.3473917245864868,0.777188727659393,0.508491575717926,0.19219599400748855,0.49703699350357056,0.78108790518056,0.67341148853302,0.21601436479042072,0.3681793808937073,0.8057642765917105,0.7213326692581177,0.26148605467269576,0.342265784740448,0.772726147697327,0.7239902019500732,0.27761394936234657,0.3294594883918762,0.7584894694734812,0.708160400390625,0.27177216415796135,0.33656224608421326,0.19654040366701467,0.353368878364563,0.2151680976161781,0.32894930243492126,0.2545558113495058,0.31872349977493286,0.2896418540377886,0.32182031869888306,0.3116298223880214,0.3287089467048645,0.28823747758694057,0.314376562833786,0.33573869448188476,0.29554253816604614,0.3613942848998262,0.2829347848892212,0.3836502545158665,0.27324336767196655,0.29893996081328705,0.32896581292152405,0.3595757634086525,0.33265745639801025,0.3976387603556234,0.3393022418022156,0.42446078064378884,0.3464025855064392,0.2975769792014649,0.34329190850257874,0.3170092832857562,0.34651824831962585,0.3011589601651556,0.34295541048049927,0.28592526610348873,0.34115421772003174,0.29105593189192375,0.35477304458618164,0.3037774213523747,0.35492533445358276,0.28919355743589126,0.352169394493103,0.27526476766636804,0.35114574432373047,0.7725887548507738,0.6741340756416321,0.7300716338946021,0.6898775696754456,0.7130316434209037,0.7130913138389587,0.7112746406255746,0.7378863096237183,0.7064489135404626,0.7571606636047363,0.7570687382920916,0.7326872944831848,0.7587438691096801,0.7644771933555603,0.7476189159901871,0.7755334377288818,0.7371408760398892,0.7801154255867004,0.788480046735256,0.732412576675415,0.7831897010927162,0.7667340040206909,0.7660096957715764,0.7760559320449829,0.7514183263775499,0.7776325345039368,0.8107383433770847,0.7287655472755432,0.8058185520101008,0.7597085237503052,0.7890866466407916,0.7695141434669495,0.7742467771125652,0.7721902132034302,0.8266574940210064,0.7236212491989136,0.8308570217439418,0.7490276098251343,0.8199412387453224,0.759440541267395,0.8071292902542211,0.7639721632003784
0.5366475766864713,0.22426016628742218,0.5682877155448829,0.20027431845664978,0.5839639977747617,0.19994476437568665,0.6005652202695012,0.2000904530286789,0.5068312748824035,0.20289810001850128,0.48649721724846035,0.20355737209320068,0.4698045212988388,0.2049577236175537,0.625333963914652,0.2090759575366974,0.4413729839656812,0.2135114222764969,0.570651812967255,0.24680456519126892,0.49987630619445517,0.24833562970161438,0.777028552029804,0.3402964770793915,0.31117155823404125,0.3483046889305115,0.8446414207984808,0.5085431337356567,0.17228030548440337,0.4983104169368744,0.8492680876680957,0.673410952091217,0.1977136869369582,0.36861512064933777,0.8771680205923853,0.7212745547294617,0.24866339963410858,0.3433154821395874,0.8396343453131914,0.7238894701004028,0.26706800995216246,0.33040183782577515,0.8232478208447864,0.7081156969070435,0.2607566817558384,0.33752068877220154,0.1756222050008314,0.35360628366470337,0.19670269736629634,0.32905688881874084,0.24267646201208096,0.31881481409072876,0.2834502253404613,0.322081595659256,0.30873692797414437,0.3290705680847168,0.27946432624240014,0.3144630193710327,0.3358526083191398,0.29557153582572937,0.36579727535162876,0.28280550241470337,0.39135847394785445,0.27297574281692505,0.29139586666436124,0.32901278138160706,0.36220478770745684,0.33265653252601624,0.40727349433518567,0.3395034670829773,0.43897301534137395,0.3465617597103119,0.29060174855956117,0.3431466817855835,0.3147135842822349,0.346532940864563,0.29685838167769757,0.3432950973510742,0.2788362589174747,0.34139788150787354,0.2843839349613272,0.3545275926589966,0.30021163977808923,0.35492560267448425,0.2832831539889826,0.35236242413520813,0.2666219823622419,0.3512720763683319,0.8402810097206795,0.6736905574798584,0.7905631458490983,0.6892111301422119,0.7707621667830067,0.712555468082428,0.7682659242373836,0.7372601628303528,0.762891291778841,0.7565596699714661,0.8213299778060247,0.7324263453483582,0.8228829853958107,0.7642651200294495,0.8096789055804373,0.775319516658783,0.7971043294500246,0.7797888517379761,0.8576711718643022,0.7322606444358826,0.8512374128744398,0.766597330570221,0.830893414117094,0.7760711312294006,0.8133569700435568,0.7775119543075562,0.8834203446304156,0.7286754250526428,0.8771530522088591,0.7597600817680359,0.8573103431038461,0.7695759534835815,0.8395329685338552,0.77215176820755,0.9016109373032042,0.7235734462738037,0.9059002863582046,0.7489868402481079,0.8932263745916639,0.7593969702720642,0.8784194681726472,0.7638986110687256
0.5168963667617356,0.22479209303855896,0.5474725273230971,0.20079660415649414,0.5625572843875272,0.2004837989807129,0.5784762812267366,0.20071224868297577,0.4882325208715498,0.2033686637878418,0.4686627976805291,0.20399907231330872,0.45258946284636925,0.20539434254169464,0.602310955259369,0.20993316173553467,0.4253457156137743,0.21386511623859406,0.5493845874311333,0.24742797017097473,0.48140084625906066,0.2489163875579834,0.7481310493603327,0.34065088629722595,0.2994262404192068,0.3493364751338959,0.8127673216122367,0.5085641741752625,0.16765881349914535,0.4991789758205414,0.8168639698523804,0.6734040975570679,0.19072068838905984,0.3693363070487976,0.8433657382652359,0.7212141752243042,0.23954237105517176,0.34378108382225037,0.8073467995812882,0.7238814830780029,0.257009584543539,0.33082836866378784,0.7917483341010545,0.7081044912338257,0.25087901318379496,0.3379206359386444,0.16868510297970543,0.35325610637664795,0.19044854220969798,0.329171746969223,0.23559678785532603,0.31924208998680115,0.2759210801877634,0.3223918080329895,0.30136841171004664,0.32941511273384094,0.26782986352647387,0.3140811622142792,0.3229030350436612,0.29587045311927795,0.352149248665029,0.28319814801216125,0.37666407904062993,0.27321380376815796,0.27887604911276215,0.328593909740448,0.34796215777798584,0.33231180906295776,0.39092928826005446,0.3390640616416931,0.4209992318351506,0.34614303708076477,0.278554463135065,0.3429282009601593,0.30448291899127716,0.3462800085544586,0.2881558574392169,0.34323835372924805,0.27128788558157385,0.3418079614639282,0.2734155606688893,0.35448989272117615,0.2894579115323381,0.35438990592956543,0.27347211005205324,0.3518919348716736,0.2580437291152653,0.35128262639045715,0.8086902383676831,0.6736423969268799,0.7608512785190891,0.6894659399986267,0.7412726092520181,0.712782084941864,0.7387335237648736,0.7373380661010742,0.7334797769565552,0.7565149068832397,0.7908954021185927,0.732451319694519,0.7917481886364033,0.7639981508255005,0.7790486881904466,0.7751045823097229,0.7671370970278538,0.7798093557357788,0.8256332336191957,0.7324086427688599,0.8186191463340696,0.7664006352424622,0.7990924806798118,0.7756612300872803,0.7824305231344671,0.7770307660102844,0.8501385724263042,0.7288936972618103,0.8437350002823722,0.7596738934516907,0.8247888113188305,0.7694422006607056,0.8077287897554069,0.7721198797225952,0.8673429676560694,0.7238346338272095,0.8712069451865775,0.7491375803947449,0.8587292056014144,0.7594771385192871,0.8442109606211827,0.763972818851471
0.5068853705935158,0.225160151720047,0.5390672911448975,0.20121483504772186,0.5548585385332191,0.2008986920118332,0.5713458810199411,0.2011977732181549,0.47711573900367577,0.2037770003080368,0.4567348448383807,0.20440717041492462,0.4398305517953376,0.2058551013469696,0.5963362496191651,0.21054275333881378,0.411567024469749,0.2142244130373001,0.5406846505953988,0.24787263572216034,0.4697868368454821,0.24936768412590027,0.7487251636955938,0.3410874009132385,0.2792679330351492,0.3497850000858307,0.8155804524516517,0.5087265968322754,0.1433337331747055,0.4996604025363922,0.8197923481780091,0.6734135746955872,0.16731874080784515,0.37003523111343384,0.8473214165478696,0.7212006449699402,0.2188766123826263,0.3440841734409332,0.8098888513529663,0.7238693833351135,0.23720861067851098,0.33115994930267334,0.7936716511962576,0.708120584487915,0.23066031805688972,0.3381756544113159,0.14344430464864652,0.3540658950805664,0.16439328777452636,0.32941877841949463,0.2099666255103152,0.3189047574996948,0.2522150323043559,0.32194194197654724,0.2797468735074689,0.32925769686698914,0.2467024118945094,0.31453901529312134,0.30412983968835167,0.29613640904426575,0.3346621143746493,0.283359557390213,0.36045276823133254,0.2733859121799469,0.25875508239425427,0.32875218987464905,0.33104417472456,0.3325478434562683,0.3758744311327265,0.339297354221344,0.4074781969589771,0.3464764654636383,0.2583211909662816,0.34283000230789185,0.2857897128127956,0.3463381230831146,0.2680324506804979,0.3431027829647064,0.2501320647715566,0.34157827496528625,0.2524959241112243,0.3543160855770111,0.2702482483212917,0.35433971881866455,0.25329453807192864,0.35183092951774597,0.2369576882611786,0.3511461019515991,0.8112177601771852,0.6741190552711487,0.7613330465741075,0.689765214920044,0.7418487651337792,0.7134071588516235,0.7390120427645368,0.7379024028778076,0.7328486801727742,0.7569750547409058,0.7930082223526114,0.7328924536705017,0.7948559168831465,0.7644554376602173,0.7815467730798992,0.7754694819450378,0.7690120474184279,0.7797347903251648,0.8295469476558004,0.7326260209083557,0.8231183806562548,0.7668502330780029,0.8023249420806287,0.7757365107536316,0.7848713621654929,0.7761909365653992,0.8552082659340674,0.7288892865180969,0.8490368507306677,0.7599688768386841,0.8288281381151407,0.7695680260658264,0.81107038219062,0.7718183994293213,0.8730564238194194,0.7236269116401672,0.8773221808821038,0.7490390539169312,0.8640053643073909,0.759450376033783,0.8488267991157952,0.7638469338417053
0.44606685102951427,0.22518964111804962,0.4755800374254384,0.20129327476024628,0.4900192399873828,0.2010059654712677,0.5051265747294797,0.2013133317232132,0.41879214416588567,0.20382067561149597,0.4000956181127446,0.20445044338703156,0.3845893257432742,0.20590250194072723,0.5280183874071528,0.2106669694185257,0.3586413096494162,0.21431942284107208,0.47700368255753317,0.24790255725383759,0.41198142223338646,0.24944543838500977,0.6675698664000257,0.34126684069633484,0.23631160601066267,0.3499206602573395,0.7285196605629366,0.5087982416152954,0.11303514389414021,0.4999085068702698,0.7323639271388815,0.6734198331832886,0.1353581982614108,0.3707425594329834,0.7573946540072892,0.7211883664131165,0.18292442617431817,0.34410613775253296,0.7231686849021121,0.7238589525222778,0.19995020402039979,0.33118826150894165,0.7083463298404407,0.7081348299980164,0.19387292356202812,0.33817368745803833,0.11317385651772391,0.3535524010658264,0.13310648976764913,0.32917866110801697,0.175046405555954,0.3187502324581146,0.21385189299014132,0.32183703780174255,0.239325546376269,0.32892221212387085,0.20943373317796157,0.31438034772872925,0.26111702277746823,0.29620012640953064,0.28877133120906184,0.2837008237838745,0.3123730865477318,0.27384528517723083,0.22024520637532757,0.32876360416412354,0.2854836209672196,0.3329857587814331,0.3261568288820858,0.339821457862854,0.3546755106932652,0.34701576828956604,0.21939803064564775,0.3429281711578369,0.24309994314783895,0.34653112292289734,0.22652488994413106,0.34318476915359497,0.21032202312735584,0.34155017137527466,0.21384694953611974,0.35435348749160767,0.2290177484801977,0.35444018244743347,0.21360684388550946,0.35198765993118286,0.19897564731702372,0.35125502943992615,0.7245224950428882,0.6742978692054749,0.6788866162992849,0.6898689866065979,0.6612835335374326,0.7136873602867126,0.6586197080809445,0.7383487224578857,0.6528492350894176,0.7575206756591797,0.7082949457690617,0.732814610004425,0.7099892276023083,0.764693558216095,0.697872682543252,0.7759391665458679,0.6864752359790492,0.7804719805717468,0.7418080131034404,0.7325990796089172,0.7358861033161828,0.7672356963157654,0.7165606097714401,0.7761189937591553,0.7006529228606421,0.7767964601516724,0.7652878183052265,0.7289866805076599,0.7598269030120072,0.7604590058326721,0.7408457105959487,0.7698602080345154,0.7244825992801509,0.7719475626945496,0.7815355591518172,0.7238343954086304,0.7853549692054285,0.7496129274368286,0.772639500322521,0.7598536014556885,0.7585034498564901,0.7639156579971313
0.5538604426765539,0.22516492009162903,0.5822561160579548,0.20128507912158966,0.5961050305411867,0.20100434124469757,0.6106366181805388,0.20130911469459534,0.5276068304737955,0.20377668738365173,0.5095913457711311,0.20440053939819336,0.4946646355897898,0.20583200454711914,0.6326135094569141,0.21065513789653778,0.469606605657456,0.21430735290050507,0.5835771877473346,0.24785050749778748,0.5209949748432091,0.24942472577095032,0.7666945495916835,0.3414143919944763,0.35121917781362344,0.3499680757522583,0.8245279910329505,0.5088512301445007,0.2336391924961586,0.5003452897071838,0.8289268523145322,0.6734641790390015,0.2552790674867197,0.37120163440704346,0.8530322075706988,0.7211794853210449,0.30131508019410325,0.3443155586719513,0.8201870015730806,0.7238649129867554,0.31775787804736383,0.331398069858551,0.8059219324274689,0.7081865072250366,0.31183107340816474,0.3383089601993561,0.2342129373535994,0.353559285402298,0.25378674142215246,0.3290935158729553,0.2946460225545562,0.31864944100379944,0.3318117887231297,0.3219306766986847,0.35570983693277025,0.32923364639282227,0.32718050241684843,0.31461068987846375,0.37691393174733856,0.2962888777256012,0.4031791986919695,0.2836589515209198,0.4256575117939645,0.2738156020641327,0.33691026942343943,0.32919085025787354,0.3994794879601898,0.33341720700263977,0.4386581419183184,0.3401787281036377,0.4662805164783488,0.3473272919654846,0.33556860099195734,0.34340357780456543,0.3588454313654091,0.34663721919059753,0.3431297152536795,0.3430050015449524,0.32734587918514324,0.3412957489490509,0.3298131344545396,0.3547777533531189,0.34513074735753674,0.3546675145626068,0.3306422621687305,0.35213884711265564,0.31656936230146543,0.35147953033447266,0.8219200081045069,0.6743650436401367,0.7777599902056326,0.689896821975708,0.7609531826126805,0.7137249708175659,0.7584387055443178,0.7385076880455017,0.7524434125512988,0.7577553391456604,0.8058520709575088,0.733049213886261,0.8075952586427548,0.764897346496582,0.7960786321595333,0.7762167453765869,0.7852556637615532,0.7808425426483154,0.8381037558762041,0.7328494787216187,0.8326029856374664,0.7673544883728027,0.8142091906928703,0.7761645913124084,0.7989840119495519,0.7768955230712891,0.8606867607112265,0.729289710521698,0.8554754165623235,0.760595440864563,0.8373480061489176,0.7700033783912659,0.8216141716022656,0.7721730470657349,0.876424882059487,0.7241752743721008,0.8801057040716802,0.7498208284378052,0.8678909317577834,0.7600519061088562,0.8542750451307272,0.7641297578811646
0.5601031632707141,0.22512204945087433,0.5899781426127778,0.2012692391872406,0.6045251021954406,0.20099851489067078,0.6198082091453281,0.20129568874835968,0.5324843921242062,0.2037266492843628,0.5134856044111084,0.20434562861919403,0.4977590407090921,0.20575964450836182,0.6428919137544361,0.2106422632932663,0.47133487984417505,0.214297816157341,0.5913432806675877,0.24776634573936462,0.5254454100371342,0.2493969202041626,0.7837940705950829,0.3416438400745392,0.3459879135147345,0.3502330183982849,0.8435353637489043,0.5092171430587769,0.22356667327419627,0.5008925795555115,0.8491614064615509,0.6735867261886597,0.24619360580411967,0.37137168645858765,0.8746865361700749,0.7212107181549072,0.29492743863513066,0.34446415305137634,0.840098811693603,0.7239679098129272,0.3121086137536541,0.33154377341270447,0.8250541125043327,0.70835942029953,0.30577668257838847,0.3384377956390381,0.22311101080559964,0.35327139496803284,0.24451569846643167,0.3292027711868286,0.2883434673405956,0.3190727233886719,0.3271374965888291,0.3224855959415436,0.3518340113811304,0.32963621616363525,0.321134045373338,0.31472793221473694,0.3739510162008451,0.2964300215244293,0.4021823628433828,0.28376802802085876,0.4261326909345684,0.2739175260066986,0.3309652656342919,0.32918503880500793,0.3978065166189247,0.3335112929344177,0.43934508839862346,0.3403201699256897,0.46853140466148163,0.347486287355423,0.3297416645744819,0.34332075715065,0.3559313981866054,0.34670698642730713,0.33903347318674654,0.3430458605289459,0.3220607991815641,0.34116750955581665,0.3240588379803171,0.3547767102718353,0.3419170516861721,0.35473716259002686,0.32616170856033433,0.35202860832214355,0.31067992847659937,0.351134330034256,0.8413269216472309,0.6742308139801025,0.7951144234908367,0.6899808049201965,0.7776904373950771,0.7139203548431396,0.7752118843731302,0.7386976480484009,0.7690375883528233,0.757835328578949,0.8252079785058657,0.7329503297805786,0.8262543941289286,0.7648671865463257,0.8141590751082377,0.7761207818984985,0.8029799774016202,0.7807419896125793,0.8590826636959293,0.732781171798706,0.8526670009534375,0.767505407333374,0.8332109127751608,0.776287317276001,0.8173486243240816,0.7770314812660217,0.8828474226259254,0.7292436957359314,0.8771520556708298,0.7608029246330261,0.8578432110562911,0.7701587677001953,0.8413614428655235,0.7721162438392639,0.8994057011086641,0.7241837382316589,0.9034146008729644,0.7501623630523682,0.8903161234292751,0.7604250907897949,0.87575768025767,0.7643649578094482
0.4196365151603212,0.22504837810993195,0.4500457829073995,0.20123572647571564,0.4648143468670296,0.2009829729795456,0.4803476629756624,0.20126843452453613,0.39150889530022986,0.2036328762769699,0.37209568886262645,0.20424452424049377,0.3560710329306742,0.20560915768146515,0.5037925639393078,0.2106010615825653,0.329244745415935,0.21425899863243103,0.4513861588050895,0.24763663113117218,0.38418976948711436,0.2493264228105545,0.6469697120139988,0.3417869806289673,0.2014357484775558,0.3502764105796814,0.7069757834218006,0.5093702077865601,0.07748296499833501,0.5009251832962036,0.7133139489373709,0.6736425161361694,0.10057502329014198,0.37180212140083313,0.739391030084497,0.7212103605270386,0.1503909603662901,0.34440258145332336,0.70408591579289,0.7240442037582397,0.16784303424380467,0.33147746324539185,0.6887603543664219,0.7085051536560059,0.16135911807276393,0.3383742570877075,0.07844354384516428,0.3534397780895233,0.09941172243922462,0.32921332120895386,0.1435158922764152,0.3190616965293884,0.18336578351946528,0.32197460532188416,0.20825472280324625,0.32880645990371704,0.17650013602983336,0.3149474859237671,0.23043077995545738,0.2963094413280487,0.2590744911018639,0.28356361389160156,0.2832660194094818,0.27376002073287964,0.18723131011954833,0.32959192991256714,0.25483450459706547,0.3331046402454376,0.2969771836764393,0.33974921703338623,0.3265240545738976,0.3468874990940094,0.18637023860152138,0.3438533842563629,0.21253683336084223,0.3459677994251251,0.19623339213728871,0.34221115708351135,0.1794576313897657,0.34071651101112366,0.18059917172871492,0.35522446036338806,0.1983074286212022,0.35425958037376404,0.18274932522980084,0.35138440132141113,0.16738085171553388,0.35083311796188354,0.7057472368547516,0.6741863489151001,0.6586187319616081,0.6900616884231567,0.6406119889024867,0.7138285040855408,0.6377843043991345,0.7386183738708496,0.6319577168785082,0.7576462626457214,0.6887129289872519,0.7329362034797668,0.689916544992441,0.7649086713790894,0.6776581590701791,0.7760691046714783,0.6663182637617217,0.7808852195739746,0.7231851619220153,0.7328084111213684,0.7166173916628802,0.7673027515411377,0.697199421195496,0.7764132022857666,0.6810741475217852,0.7776004076004028,0.7475675379790424,0.7292407155036926,0.7413828243700915,0.7604786157608032,0.7222572865277406,0.7699998617172241,0.7056766002628156,0.7722919583320618,0.7646795747534899,0.7241071462631226,0.768519024558984,0.7499810457229614,0.7556375178693192,0.7602113485336304,0.7409894516253446,0.7642896771430969
0.5060863454441444,0.22495374083518982,0.5341629302446069,0.2011827975511551,0.5477835340036832,0.20095208287239075,0.5621190419242551,0.201216459274292,0.48009641857269403,0.20351123809814453,0.462085290282775,0.20412209630012512,0.4472438217033274,0.2054295539855957,0.5837062779343304,0.21054060757160187,0.42247442904544047,0.21420863270759583,0.5353769184433731,0.24749577045440674,0.47318756280370816,0.2492343932390213,0.7158024100528321,0.3418380916118622,0.3038999500683977,0.35027068853378296,0.7708418314391593,0.5094143152236938,0.19032930431161244,0.5009276270866394,0.776901523621944,0.6736441850662231,0.21161659729518162,0.37213775515556335,0.8011136454443624,0.7212063074111938,0.2578360076075072,0.34439340233802795,0.7684221202118255,0.7240432500839233,0.27386078407394393,0.3314571976661682,0.7542154167036281,0.7085155248641968,0.26783421869331514,0.33833175897598267,0.19098521168823068,0.35323455929756165,0.21070911466805925,0.3293876349925995,0.2510794293342598,0.31927022337913513,0.2877038862147658,0.3221753239631653,0.31104624764684813,0.32922765612602234,0.281262839079019,0.314738929271698,0.3312229827715161,0.29621192812919617,0.35769420703396965,0.2834377586841583,0.38027518098735963,0.27358558773994446,0.29085314748518704,0.32902809977531433,0.35346772960122813,0.3330526649951935,0.3924775146010418,0.3399191200733185,0.42028729970749445,0.3471214771270752,0.2901419791806212,0.3431865870952606,0.31577610700536346,0.34658390283584595,0.30026185357175206,0.3431084454059601,0.2846142664124974,0.34135735034942627,0.2850456421755012,0.3547389507293701,0.3029633409814956,0.3549211621284485,0.2884307583427089,0.3522700369358063,0.27418233225534916,0.3515419363975525,0.7695178834160713,0.6739730834960938,0.7261499402919125,0.6898861527442932,0.7096464451675745,0.7136425375938416,0.7069598020035076,0.7384334802627563,0.7015785149906217,0.7576389312744141,0.7543432954169405,0.7327380180358887,0.754738238309709,0.7648462057113647,0.743249585612333,0.7763461470603943,0.7326689775736529,0.7811339497566223,0.7864048163162615,0.7325327396392822,0.7795583460519343,0.767436146736145,0.761348787555888,0.7763177752494812,0.7466190640775251,0.7772722840309143,0.8090205039844854,0.7290002703666687,0.8026852840879611,0.760735034942627,0.7846830821818566,0.7699909806251526,0.769531438295197,0.7718288898468018,0.8248261542586176,0.7239839434623718,0.8276783653121023,0.7500566840171814,0.8152763121257418,0.7601956129074097,0.8017343266655943,0.7640566229820251
0.45578504908853523,0.22489333152770996,0.4843148989846476,0.2011510133743286,0.49810075529917447,0.20093531906604767,0.5126131783632858,0.20119032263755798,0.4293621689962876,0.203428715467453,0.4109987208495877,0.204039067029953,0.3958750133178317,0.20530274510383606,0.5345048075522844,0.2105168104171753,0.3708718355336262,0.21417561173439026,0.4855070210578074,0.24739333987236023,0.4222135944988529,0.24917104840278625,0.6684618132127297,0.3419191241264343,0.2503974582425125,0.35028332471847534,0.7240916505656069,0.5094524025917053,0.13563374538072945,0.5009255409240723,0.7302732354043506,0.6735959053039551,0.1571265139694739,0.37234002351760864,0.7549456556466555,0.7211281061172485,0.2042253283316605,0.34438756108283997,0.7216362519683633,0.723967969417572,0.22040475062915021,0.3314268887042999,0.7071216158063439,0.7084935307502747,0.2142684001703765,0.3382972180843353,0.1365809177536071,0.3532593846321106,0.156888203562916,0.329399049282074,0.19822897308146692,0.3193783760070801,0.23561356183500837,0.32237058877944946,0.2590027206084838,0.3296864628791809,0.2274000848623427,0.31461554765701294,0.2783011690895668,0.2962600886821747,0.30551643882827145,0.2836143672466278,0.32835285963330724,0.2737327218055725,0.2370274631439884,0.3292141556739807,0.30045119422522865,0.33286789059638977,0.34012208077676337,0.33965471386909485,0.3679668762749612,0.34674352407455444,0.23673285286792004,0.3437226712703705,0.2621620184676471,0.346650630235672,0.2474739559059207,0.34343621134757996,0.23197365288013738,0.34203600883483887,0.2321325935480823,0.355412095785141,0.24943781204506202,0.3551104962825775,0.23524008479712433,0.35258954763412476,0.2210912133620971,0.3521263599395752,0.7229265551123549,0.6738765835762024,0.6785942472624316,0.6896793842315674,0.6617956940592593,0.7133828997612,0.6589947839340613,0.7382578253746033,0.6537748907317438,0.7574344873428345,0.7076592644708647,0.7326504588127136,0.708552484199286,0.76491379737854,0.6967237441348167,0.7761414051055908,0.685843618310044,0.7807448506355286,0.7401392258786326,0.7324590086936951,0.7336604152844746,0.7675275802612305,0.7149666455090985,0.7765698432922363,0.6998175879467589,0.7776532769203186,0.7630689321136731,0.7288792729377747,0.7569766759541289,0.7606581449508667,0.7384659897329677,0.7699665427207947,0.7228932915801606,0.771935760974884,0.7791075879714935,0.7236995697021484,0.7824898722107905,0.7499281167984009,0.7700061892926714,0.7600752115249634,0.7561232919880533,0.7639027833938599
0.4491777637179557,0.22479355335235596,0.47946592149488165,0.20111024379730225,0.49406287252224235,0.20091025531291962,0.5094275413880458,0.201150581240654,0.4210773706473838,0.20333151519298553,0.4015264882452904,0.20394182205200195,0.385426175718454,0.20515210926532745,0.5326306129402444,0.21046563982963562,0.3590096769618911,0.21410246193408966,0.48071162280642976,0.24723437428474426,0.41340410374800707,0.24903836846351624,0.6747005859727686,0.3420025706291199,0.23111556581162152,0.3502919375896454,0.7336680721666159,0.5095256567001343,0.10976984957826944,0.5009127855300903,0.740160710642094,0.6735931038856506,0.13242888689845073,0.37247106432914734,0.7664118958168634,0.7211223840713501,0.18257136941995974,0.34440305829048157,0.7309953188730214,0.7239574790000916,0.19968109400237147,0.33145779371261597,0.7155311560511289,0.7084923982620239,0.19312967657427899,0.3383237421512604,0.11084639694088416,0.3537551164627075,0.13162728137589336,0.32960444688796997,0.17584656652728892,0.31920361518859863,0.21596144151837113,0.3221853971481323,0.24169378598074057,0.32932204008102417,0.2079989025200721,0.3146151602268219,0.26165217400713014,0.296444833278656,0.2904642440030652,0.28399109840393066,0.3147043569188739,0.2743126153945923,0.21817911130587994,0.3292752206325531,0.28517328485284565,0.3331107199192047,0.32691437753292735,0.339860200881958,0.3564605265958754,0.34699833393096924,0.21754267712929604,0.3437451124191284,0.24471771951391172,0.3467356860637665,0.22844725738740196,0.34354135394096375,0.21188979893508997,0.34218016266822815,0.2123876598640402,0.3553553819656372,0.23066080233613084,0.3550129532814026,0.21534100887153704,0.3526266813278198,0.20067304661104202,0.35225462913513184,0.7327675771902045,0.6740221977233887,0.6849695854692106,0.6897567510604858,0.6672659907793496,0.7133572101593018,0.6646071054782049,0.7382596135139465,0.6594373312466243,0.7573989033699036,0.716153224409893,0.7326693534851074,0.7174880364626703,0.7648969888687134,0.7051130934153284,0.7759619951248169,0.6936845875142574,0.7804062962532043,0.7505908633225944,0.7325246930122375,0.7441680626347357,0.7674239873886108,0.7245360346973331,0.7761101126670837,0.7086442398826147,0.7769424915313721,0.7748880839201325,0.7289811372756958,0.768759853615491,0.7605469822883606,0.7493186350306166,0.7697134017944336,0.7329904607201424,0.7716009616851807,0.7919566667916097,0.7238442301750183,0.7960466577956706,0.7499018907546997,0.7829699943303654,0.7600235342979431,0.768448783877154,0.7638278007507324
0.5262678012127612,0.22442488372325897,0.5585413608653086,0.20086570084095,0.574073194694848,0.20070600509643555,0.5904312703910379,0.20086714625358582,0.4961093299430299,0.20290009677410126,0.475146242114231,0.20353586971759796,0.4578787707225031,0.20456095039844513,0.6151118413143678,0.21013569831848145,0.4301366029336772,0.2137306183576584,0.5598754539598858,0.24682489037513733,0.4878700263763647,0.24865594506263733,0.766252740076827,0.342047780752182,0.2941230048377494,0.3502892255783081,0.8290675509994155,0.5096529722213745,0.16515614518200203,0.5009680986404419,0.8358023301707133,0.6735981702804565,0.18887940670447745,0.37276491522789,0.8636661265127114,0.7211209535598755,0.24264495869208325,0.3443954885005951,0.8258024580258283,0.7239543795585632,0.26073443481268405,0.33146795630455017,0.8092876838950381,0.7084919214248657,0.25374951318615313,0.3383553624153137,0.1666169740940371,0.3532871603965759,0.19052547798373115,0.32920709252357483,0.23799984507693542,0.31915777921676636,0.2801992782896073,0.3220632076263428,0.30592971359212306,0.3291064500808716,0.26992244109409275,0.31380558013916016,0.3274774507710694,0.29627731442451477,0.35805188034317353,0.28420746326446533,0.3833380593160154,0.2745305299758911,0.2804650830219831,0.32839277386665344,0.3516476735817107,0.33292892575263977,0.39562829358768126,0.3399985134601593,0.42639865295041657,0.3472847640514374,0.28017710897944903,0.3430359661579132,0.3077542175528813,0.34715017676353455,0.2912197331651074,0.3439449965953827,0.27415265569131214,0.3423495590686798,0.2752699359590682,0.35485929250717163,0.2927076494936499,0.355133056640625,0.2767773733866579,0.352415531873703,0.2614646979423524,0.35157066583633423,0.8273123166750053,0.6737954616546631,0.7766778392629735,0.6896910667419434,0.758167902881111,0.7133694887161255,0.7561657039548008,0.7384606599807739,0.7497250275431799,0.7577465772628784,0.8109006714511973,0.7325192093849182,0.8113517752981726,0.7644979357719421,0.7984216953904874,0.775863528251648,0.7866228556062723,0.7806685566902161,0.847550702617469,0.7323519587516785,0.8405031318823679,0.7671858668327332,0.8198722810532451,0.7762508392333984,0.8027753544570695,0.777402937412262,0.8728191007442795,0.7287941575050354,0.8669802492234406,0.7603055834770203,0.8463151986393979,0.7701581120491028,0.8283859771226034,0.7725783586502075,0.8903383035179072,0.7236818075180054,0.8953656674911429,0.7496787309646606,0.8818070535920414,0.7602206468582153,0.8662535044313913,0.7644541263580322
0.45460900813993066,0.22413215041160583,0.4850169455540424,0.20068541169166565,0.49960865934345944,0.200557678937912,0.5150117790224468,0.2006644457578659,0.4261092124395527,0.2025764286518097,0.40630577073147517,0.20322251319885254,0.38999122490526184,0.2041088342666626,0.5382513488990824,0.20986661314964294,0.3640755171422699,0.21337565779685974,0.4862636583920867,0.24649424850940704,0.4182418061322777,0.2483367621898651,0.6803859348507578,0.34207719564437866,0.2361357663055567,0.3502576947212219,0.7394893319271291,0.5097787380218506,0.1149725213565284,0.5009737610816956,0.7456826887565712,0.6736156344413757,0.1374085311162061,0.372913658618927,0.7719953107757531,0.7211311459541321,0.18798407150733093,0.3444206714630127,0.7362549521971722,0.7239532470703125,0.20502256331798543,0.33149799704551697,0.720603187352586,0.7084932327270508,0.19845307196571188,0.33838364481925964,0.11733797732195927,0.3541247248649597,0.13886622585313688,0.3295028507709503,0.1828210549841634,0.31923776865005493,0.22229432898463108,0.3223472833633423,0.24708430180926907,0.32927483320236206,0.21375709651215868,0.314064085483551,0.2678296276299065,0.29645705223083496,0.29650466337615944,0.28433215618133545,0.3201760887729545,0.2746928334236145,0.22395247342682822,0.32907983660697937,0.2915227578851754,0.3333982229232788,0.3326439999515721,0.3403501510620117,0.3612102267515742,0.3475746512413025,0.22342625514491038,0.3438817858695984,0.24982733335780707,0.34684842824935913,0.23443919358934026,0.34369218349456787,0.21811507627635734,0.3424232304096222,0.21846206935805743,0.3557267189025879,0.23441681267789755,0.3548938035964966,0.21951329614289622,0.3520331382751465,0.2048926544027591,0.35121574997901917,0.7387750641746631,0.6743733286857605,0.6909610400435142,0.6899020671844482,0.6732508718174319,0.7135518789291382,0.6711360358039037,0.7386192083358765,0.6652333817510704,0.7579589486122131,0.7225896444655017,0.7321420311927795,0.7234492280245368,0.7645695805549622,0.7113479510454513,0.7759691476821899,0.7003657908019721,0.780921220779419,0.7570802301768108,0.7319743037223816,0.7509931204086849,0.7673332095146179,0.7312735804322162,0.7762495875358582,0.7153139624146533,0.7772484421730042,0.7811684244380391,0.7284811735153198,0.7757856906999928,0.7604781985282898,0.7559531431325192,0.7698600888252258,0.7392647400145275,0.7718580961227417,0.7980936595855423,0.7234281301498413,0.802643353739015,0.7499194145202637,0.7893061096059165,0.7601502537727356,0.7746683530511468,0.763887882232666
0.5226682884134696,0.22394387423992157,0.5537568166050449,0.20055913925170898,0.5686345804690545,0.20045249164104462,0.5843710888836301,0.20051679015159607,0.4934789263775971,0.20237727463245392,0.4732111314902221,0.20303471386432648,0.4565046498986261,0.2038462907075882,0.6081033486349354,0.2096441090106964,0.4301712090367994,0.21317660808563232,0.5550194412677306,0.24626247584819794,0.4853780471030339,0.24813024699687958,0.7531536117824585,0.3421223759651184,0.29961080763517206,0.3501873314380646,0.813487388675304,0.5098870992660522,0.1760995885231103,0.5009685754776001,0.8197688465097023,0.673612117767334,0.1990598388117649,0.3730652332305908,0.8466482626894317,0.7211228609085083,0.2507124447386547,0.34442925453186035,0.8100510305553749,0.7239171266555786,0.2680926166593316,0.33151698112487793,0.7939845765645794,0.7084631323814392,0.26138214968587764,0.33839595317840576,0.17801160970126342,0.35477396845817566,0.1986716098710467,0.3300028145313263,0.2432406263508244,0.31940147280693054,0.2837936829781126,0.3225434422492981,0.30930687172947796,0.32945504784584045,0.2761469418695415,0.31447461247444153,0.3313343884612326,0.2963692247867584,0.36112506777606423,0.28423428535461426,0.38580787291622365,0.27471986413002014,0.2871485896422349,0.3293146789073944,0.3562782159216504,0.33347249031066895,0.3982634455161993,0.3404316306114197,0.42747673822945775,0.34776565432548523,0.28681944296571543,0.34386178851127625,0.3128598328920267,0.34722304344177246,0.2970446328569724,0.3438830077648163,0.28039483683047434,0.34248635172843933,0.2816367990418206,0.35532814264297485,0.29709351099318104,0.35491716861724854,0.2817477371592927,0.35203781723976135,0.2667477053275161,0.35114559531211853,0.8131383421335228,0.6741801500320435,0.7641921541958563,0.689894437789917,0.7462936053105594,0.7137519121170044,0.7443259153487453,0.738710880279541,0.738255730171451,0.7578887343406677,0.796892571473635,0.7323848009109497,0.7979737006498638,0.7645859122276306,0.785374326103836,0.7758256196975708,0.7739343002774197,0.780535876750946,0.8322773643716336,0.7321638464927673,0.8259022900178105,0.7672489285469055,0.8054782739254059,0.7760282158851624,0.7888857081683468,0.7768144607543945,0.8566878173412396,0.7286235094070435,0.8510860052700516,0.7603957653045654,0.830576942673189,0.7698912620544434,0.8131490183386085,0.772002100944519,0.873438710493447,0.7235741019248962,0.8779896063225262,0.7497161030769348,0.8643248627125389,0.7600575685501099,0.8491533942678047,0.7639980316162109
0.5405996081396195,0.22383686900138855,0.56847299515831,0.20050247013568878,0.5818018415189397,0.2004072368144989,0.5959182731136372,0.20044736564159393,0.5144124805026091,0.20226743817329407,0.4962187732211684,0.20292608439922333,0.4812482072308307,0.2036973536014557,0.617195055887216,0.20953169465065002,0.457626543260774,0.21305043995380402,0.5695954750479224,0.24612131714820862,0.507135765965871,0.24801912903785706,0.747241754855825,0.34216275811195374,0.3405936240008693,0.3501242995262146,0.8013629581794177,0.5099301934242249,0.22982868180294017,0.5009648203849792,0.8069621389584002,0.6736228466033936,0.25048504992468845,0.37320154905319214,0.831069995995854,0.7211299538612366,0.296825731604806,0.3444320261478424,0.7982055846507298,0.7239260077476501,0.31240556102983214,0.3315344452857971,0.783790593461307,0.708469033241272,0.3063854665713942,0.3384087085723877,0.23040426367811453,0.35443761944770813,0.2499934847380842,0.32988956570625305,0.2901836108587755,0.31929710507392883,0.3268881758046686,0.32214513421058655,0.3505945564667073,0.3288038969039917,0.31923811526218193,0.3141324520111084,0.36839007576085364,0.29628756642341614,0.3947783485642994,0.28419923782348633,0.416672697138614,0.2746397852897644,0.32891219497213703,0.32911598682403564,0.39127914546254483,0.3330473303794861,0.4287609421036702,0.33994174003601074,0.45470967788107564,0.34720444679260254,0.32860005856705193,0.3438970446586609,0.35322083903474566,0.34735456109046936,0.33896134627764657,0.3442187011241913,0.32402486882555065,0.3427828848361969,0.32395291498647294,0.35567519068717957,0.338811057173039,0.3553187847137451,0.3249334081375252,0.35254043340682983,0.31148044954406096,0.3515828549861908,0.8014146607569994,0.673873782157898,0.7577100942509841,0.6896800398826599,0.7412604698888716,0.7133723497390747,0.7398542118719282,0.7384266257286072,0.7345275440490909,0.7578198909759521,0.7866851564067211,0.7322108745574951,0.7875759514461629,0.7642669081687927,0.7763725759102714,0.7756426334381104,0.7661046653989867,0.78047114610672,0.8183912086175887,0.7319815754890442,0.8128868376030383,0.7669509649276733,0.7950388343321528,0.7760023474693298,0.7802353575283069,0.7771590948104858,0.8402901153536549,0.728509247303009,0.8354757197950929,0.7601838707923889,0.8176618376207476,0.7698957920074463,0.802217678624426,0.7722930312156677,0.8554118169643541,0.7235739231109619,0.8593511756998152,0.7496729493141174,0.847414587287892,0.7601046562194824,0.8339566798330975,0.7642576694488525
0.5273675471610014,0.22373969852924347,0.5566231008399048,0.20044195652008057,0.570597546292296,0.2003614902496338,0.5854177387870596,0.2003861367702484,0.49985670564577,0.2021273672580719,0.48075073171324234,0.20278243720531464,0.4650271307122977,0.20350277423858643,0.6077507380797355,0.2094511240720749,0.44019462488411376,0.21288330852985382,0.5577806367814254,0.24602368474006653,0.4922017447115326,0.24792508780956268,0.7442712776129154,0.34220951795578003,0.3172042264950562,0.3499930202960968,0.8011032640038784,0.5101512670516968,0.2011144902767138,0.5009630918502808,0.806966481254467,0.6736518144607544,0.22281066706615815,0.37332451343536377,0.8322928180424067,0.7211428880691528,0.2715016203967287,0.3444308638572693,0.7977698366657595,0.7239352464675903,0.28784274935655396,0.331542432308197,0.7826417517785901,0.7084882259368896,0.2815175567978217,0.3384082019329071,0.20127836572913274,0.3540748953819275,0.2221006825218581,0.32986509799957275,0.2645297102584325,0.3196510076522827,0.3032231159653428,0.32276052236557007,0.32829426574154824,0.32943201065063477,0.29377569356989885,0.314250648021698,0.34577628503953023,0.29637181758880615,0.37393948381513675,0.284168004989624,0.3971624589196981,0.2744938135147095,0.3037633290272849,0.32919830083847046,0.36942688466911267,0.33295589685440063,0.4090841289165928,0.3396289050579071,0.4367045511389793,0.34672731161117554,0.30350127185892617,0.34398093819618225,0.33037335970749676,0.3471706807613373,0.31498878897301236,0.3442355692386627,0.2991694842976964,0.34309396147727966,0.29890824744654654,0.355885773897171,0.3153266229435429,0.35500669479370117,0.300601860684081,0.35228297114372253,0.286398170751687,0.35159000754356384,0.8022907415235236,0.6735935211181641,0.7564468357859637,0.6894935369491577,0.7390107884315636,0.7132418155670166,0.7366486850285457,0.7383346557617188,0.7307764442886593,0.7577114701271057,0.7867010231270477,0.7323499321937561,0.7870998340101063,0.7641726136207581,0.7754286342009946,0.7755162715911865,0.7647775672009134,0.7804284691810608,0.8196980777756123,0.7321234941482544,0.8133997506054714,0.7669987678527832,0.7943413892509434,0.7760818004608154,0.7785779686854836,0.7773632407188416,0.8424594877306345,0.7285448908805847,0.8368766822459537,0.760197639465332,0.8177644533947082,0.7698456048965454,0.801319964466562,0.772199273109436,0.8582085527449387,0.7234296202659607,0.8620924129302272,0.7495823502540588,0.8494682779634474,0.7600487470626831,0.8352678351200052,0.7642750144004822
0.5612161675482198,0.2235630750656128,0.5905462481804274,0.2003144919872284,0.6045058278730493,0.20024935901165009,0.6193513460186933,0.2002514898777008,0.5336041563415441,0.20191073417663574,0.514428781084122,0.20257237553596497,0.49867268271571796,0.20323224365711212,0.6417966738386416,0.2093181610107422,0.47380697789656934,0.2126809060573578,0.5917075986801996,0.24587181210517883,0.5258892603490486,0.24778339266777039,0.7787560413088763,0.3422580659389496,0.35051087198105196,0.3499531149864197,0.835965662569976,0.5102342367172241,0.2341495392713022,0.5009599328041077,0.841647115611032,0.6736618876457214,0.2560132836259289,0.3733882009983063,0.8670163487764786,0.721143364906311,0.3048986477458005,0.3443373441696167,0.8323804392983841,0.7239302396774292,0.3211913472112633,0.3315269351005554,0.8172070039721397,0.7084863185882568,0.3148609485374036,0.3383888602256775,0.2351137042047508,0.3542671203613281,0.25430954001367984,0.32958653569221497,0.2955910503301387,0.3189747929573059,0.33414736598390854,0.32205304503440857,0.358975371294418,0.32908788323402405,0.32699395276417365,0.31445762515068054,0.3786788481233147,0.29633837938308716,0.4069086514597458,0.2842278480529785,0.43043694907377705,0.27476030588150024,0.337342913425293,0.3296319842338562,0.402145044364933,0.333122581243515,0.44223295396559287,0.33966147899627686,0.4701595504357227,0.34672388434410095,0.3370530384761378,0.34434014558792114,0.36256148564530494,0.3464726507663727,0.3475263046989249,0.34307247400283813,0.3318221631078819,0.3419766128063202,0.3323221271369994,0.3558598756790161,0.3481376536399311,0.35443568229675293,0.3337014493412675,0.3516053259372711,0.31967826029588703,0.35110247135162354,0.8370917126207496,0.673814058303833,0.7911982500510494,0.689507246017456,0.7739329718072553,0.7132550477981567,0.7714840802706113,0.7384918332099915,0.7655823250099798,0.7580356597900391,0.8218339674842756,0.7321510910987854,0.8224111126892619,0.7641340494155884,0.810407863316772,0.775557279586792,0.7993413439171255,0.780388355255127,0.8549784158560406,0.7318395972251892,0.8488381255225644,0.7670506834983826,0.8294471433480064,0.7761868238449097,0.8133682343688088,0.7772657871246338,0.8778451556380144,0.7282328605651855,0.8723829081035552,0.7600257992744446,0.8528548368066727,0.76956707239151,0.8361809610365866,0.7716917991638184,0.8936773727415891,0.7231631875038147,0.8976171084835122,0.7495070695877075,0.8844712898210086,0.7598361372947693,0.8698866522751482,0.7637308835983276
0.4342275742411985,0.22338910400867462,0.46475632525253735,0.2001909464597702,0.47924366223010273,0.20013323426246643,0.4946908545731742,0.2001088410615921,0.4054152692111101,0.20172218978405,0.3854098532466483,0.20239195227622986,0.36899219762545804,0.20300567150115967,0.5181408419190741,0.20915734767913818,0.3430990687090175,0.21249279379844666,0.46599855825143216,0.24570944905281067,0.397359077476443,0.2476525753736496,0.6609598483356015,0.3422660231590271,0.21465978431819616,0.34984090924263,0.7210108487507789,0.5102506279945374,0.0934210581450343,0.5009574294090271,0.726604540367309,0.673678457736969,0.11624630372842215,0.3734174072742462,0.7530238146059669,0.7211533784866333,0.16719826887859232,0.34427428245544434,0.7168211161543914,0.723924994468689,0.1841403196950032,0.3315051198005676,0.701002253984221,0.708475649356842,0.17753601903006225,0.3383631110191345,0.09439550385499255,0.3543931543827057,0.11379553660453869,0.3296282887458801,0.15653063764667982,0.3188515603542328,0.19708775921672184,0.3215133845806122,0.22418336824741744,0.32821890711784363,0.18985659163505852,0.31439489126205444,0.24438490558614412,0.29610610008239746,0.2739504795623709,0.28406497836112976,0.29879478237149265,0.2747723162174225,0.20075170365966685,0.32927605509757996,0.2694894058477371,0.33319196105003357,0.3110635297872596,0.3400084972381592,0.3399839140886147,0.34733790159225464,0.20046078969255937,0.3437638282775879,0.22826119986664753,0.3461385667324066,0.21165260181842763,0.34256452322006226,0.19470451484972193,0.34128114581108093,0.19580845209899855,0.3553961217403412,0.21398094934473455,0.35416847467422485,0.19856318770870993,0.3512016832828522,0.1833836219286264,0.3504738509654999,0.7221797907170765,0.6738229990005493,0.6740033662577521,0.6897019147872925,0.6563799445695783,0.713370144367218,0.6538359028201453,0.7385452389717102,0.6475268735813648,0.757872998714447,0.7058611065633945,0.7321827411651611,0.7066486637119176,0.7645555138587952,0.694455207473887,0.7758319973945618,0.6833206852195032,0.7804197072982788,0.7406546313307149,0.7318817973136902,0.7339104276566689,0.7670629024505615,0.7139434787692575,0.776135265827179,0.6976093649245023,0.7771643400192261,0.7646202275199743,0.7282437682151794,0.7586815823007034,0.7600272297859192,0.7386199836879591,0.7698001265525818,0.7214006627516397,0.7721245288848877,0.7810583489119629,0.7231220602989197,0.7851073570110634,0.7492635250091553,0.771830536445187,0.7597789168357849,0.7569399559208267,0.763949453830719
0.5289270664137834,0.22322694957256317,0.5622282748980397,0.20009171962738037,0.5779954414041347,0.2000364065170288,0.594793714538972,0.19999629259109497,0.4973950748745223,0.20156970620155334,0.4755368787405654,0.20224681496620178,0.457589605815021,0.20282605290412903,0.6205260337318106,0.20904576778411865,0.42935690573062313,0.21233198046684265,0.5636468952964973,0.24556656181812286,0.4885840341943803,0.2475341260433197,0.7767334977212889,0.3422756493091583,0.2890979943501236,0.3497515618801117,0.8428241467566653,0.5102757215499878,0.15673745652667176,0.5009602308273315,0.8487952149214754,0.673700213432312,0.18160510879145622,0.37344467639923096,0.8775961904856912,0.7211558222770691,0.23732170591762433,0.34423190355300903,0.8378334533071403,0.7239235639572144,0.25579061998715474,0.3314778208732605,0.8205352757020059,0.7084746360778809,0.2485642881852192,0.33833378553390503,0.15761937230530126,0.35512930154800415,0.17900868848526755,0.3301742970943451,0.22539822332233672,0.3192410469055176,0.2692146355088587,0.3217889070510864,0.29855161325102375,0.3284352123737335,0.2625069399606506,0.31407272815704346,0.3214701063762353,0.2959539294242859,0.35361852968854973,0.2839018404483795,0.3805294683046445,0.2744823098182678,0.27424072422415724,0.3288860321044922,0.34938272711126733,0.33278605341911316,0.39406333793125764,0.33974501490592957,0.4253214551869477,0.3469604551792145,0.2735972874633252,0.3435976505279541,0.3040134110538216,0.3470773696899414,0.28611577735436766,0.3440685272216797,0.26783113720433316,0.34271302819252014,0.267644599861006,0.3553796708583832,0.2869564051603528,0.3549233675003052,0.27011910747670226,0.35214751958847046,0.253556269444855,0.3511625826358795,0.843552266788422,0.6737514138221741,0.7915071772636973,0.6896823644638062,0.7720247176123904,0.7133677005767822,0.7691879451100613,0.7384880185127258,0.7627807385877149,0.7578720450401306,0.8258785169255093,0.7322195768356323,0.8271756148789624,0.764655590057373,0.8137135504221656,0.7759541273117065,0.8013265342360748,0.7804303765296936,0.8638379297034021,0.7318471074104309,0.8567647302310095,0.7672920227050781,0.834877421783638,0.7761978507041931,0.8170492127565228,0.7769579887390137,0.8900568069708437,0.7281856536865234,0.8839129381038886,0.7602378726005554,0.8620051027438413,0.7697867155075073,0.8434273101831221,0.771809995174408,0.9080628118423518,0.7230659127235413,0.9121322137434947,0.7495397925376892,0.8972472361878711,0.7597696781158447,0.880991872576123,0.7635976076126099
0.4581637890896001,0.22308532893657684,0.48858662500552874,0.19999872148036957,0.5029553353762214,0.19994430243968964,0.5182279204725183,0.19988711178302765,0.4293104933784565,0.20143325626850128,0.4093335700812233,0.2021140158176422,0.39288442758487735,0.20265968143939972,0.5418572071143487,0.20894789695739746,0.3671015866082669,0.21217629313468933,0.489923808595563,0.24544374644756317,0.421214769244023,0.24742655456066132,0.6848886019532933,0.3422885835170746,0.23893323539566352,0.34969836473464966,0.7459348334802666,0.5103486776351929,0.1179704016280513,0.5009561777114868,0.7511852864524411,0.6737833619117737,0.14069511765209697,0.37341850996017456,0.7773699605548532,0.7211921811103821,0.19166673964717784,0.34417998790740967,0.7408484683155907,0.7239252328872681,0.2085380924198434,0.3314589858055115,0.7250297327612772,0.7084762454032898,0.20192711670450186,0.3383135199546814,0.11718316913794291,0.3548090159893036,0.13824136613665594,0.32991859316825867,0.1812987669527054,0.3193097412586212,0.22054151879897266,0.3224168121814728,0.24697025477948034,0.3290586471557617,0.2154864152522544,0.31416746973991394,0.2681414718056724,0.29608154296875,0.29701464505243513,0.28399860858917236,0.3216124708624942,0.27459582686424255,0.22606768782176384,0.329139769077301,0.29420481086121714,0.3327893018722534,0.33540498250768136,0.33974435925483704,0.36445077270200205,0.3469916880130768,0.22511353042526674,0.3440089821815491,0.2524848969728191,0.3473862111568451,0.23612236628786934,0.34442880749702454,0.21945164458387667,0.34307098388671875,0.21893982480676774,0.3559167683124542,0.23620951340094282,0.3557007908821106,0.2206107154624655,0.35291704535484314,0.20551474423291752,0.3518308997154236,0.7462572992107056,0.6736665964126587,0.6987883880546225,0.6895883679389954,0.6810258650494954,0.7132071256637573,0.6779219718035168,0.7383725047111511,0.672879572749941,0.7577996253967285,0.7302947459390758,0.732422947883606,0.7314819736858936,0.764917254447937,0.7189203704043964,0.7761757373809814,0.707256360975489,0.7804409861564636,0.7649494627955069,0.7320657968521118,0.7584686010745413,0.7673832178115845,0.738545743246721,0.7761115431785583,0.7223896248885595,0.7767637968063354,0.7890410359659016,0.728386640548706,0.7833130938975258,0.7603068947792053,0.7634531875469626,0.7697771787643433,0.746700457625999,0.7717036604881287,0.8057550100454246,0.7232538461685181,0.8094963405287983,0.7496356964111328,0.7957966145076861,0.7596991062164307,0.780947274604285,0.7632586359977722
0.5445209022521263,0.22297203540802002,0.57533644542791,0.1999085247516632,0.5898722645597695,0.19984978437423706,0.6052313693701767,0.1997758448123932,0.5152480163780957,0.20133113861083984,0.49505795653553614,0.20201773941516876,0.4783305053700725,0.20254328846931458,0.6293259799560986,0.20884668827056885,0.4523493882596051,0.21206502616405487,0.5767615937944288,0.24534697830677032,0.5070545341250714,0.2473461627960205,0.7744637606687902,0.3423149287700653,0.32261673970333693,0.34966760873794556,0.8367409653811676,0.5105409622192383,0.20016006363378544,0.501030445098877,0.8420640116774848,0.6738764047622681,0.223100718397411,0.373443067073822,0.8686185000787036,0.7212379574775696,0.27460819303899003,0.3441562056541443,0.8313417009816279,0.7239447236061096,0.29161784643199273,0.331445574760437,0.8153032860557813,0.7085059285163879,0.28496521365094857,0.33830857276916504,0.20013254846464293,0.35566407442092896,0.21962135113832096,0.3307678997516632,0.2629632021836751,0.319876104593277,0.3036178227415009,0.3225516676902771,0.3302633534500795,0.3293801248073578,0.2969416520168145,0.31429198384284973,0.3522702099011442,0.29626092314720154,0.382230143402042,0.284422367811203,0.40697839292062893,0.2749749720096588,0.3076711940317628,0.32911261916160583,0.37729592513326543,0.3327053189277649,0.4191116424409903,0.3394642770290375,0.44833644004306367,0.34641990065574646,0.3076207194245053,0.3437545895576477,0.3353332674216048,0.34648218750953674,0.3199610377670469,0.3437776565551758,0.3036445063089479,0.34302854537963867,0.30313567454108664,0.3553043603897095,0.3201804359882777,0.3542807102203369,0.3049933281024578,0.35151442885398865,0.2900647037175574,0.35099974274635315,0.8366212870502061,0.6735447645187378,0.7887435187916259,0.6895309090614319,0.7707684842999308,0.7130696773529053,0.7673917475370445,0.7382608652114868,0.7623512288776255,0.757735013961792,0.820669286387501,0.7326212525367737,0.8219073605291272,0.7649849057197571,0.8090045901876622,0.776090681552887,0.7970638022249165,0.7802319526672363,0.8555700186575483,0.7321479916572571,0.8489838055423581,0.7673251628875732,0.8287677129510698,0.7759467959403992,0.8125133708371561,0.776681661605835,0.8799206179393032,0.7283478379249573,0.8740795922564742,0.760212242603302,0.8540770405179529,0.7695770859718323,0.8373832511428593,0.7714730501174927,0.8969939792535006,0.7230932116508484,0.9010717924022911,0.7494633197784424,0.8873322861287686,0.7594362497329712,0.8724212338492601,0.7628664374351501
0.4855539839958523,0.22287873923778534,0.5206555054796603,0.199811190366745,0.5371918872295453,0.19973722100257874,0.5546791410339864,0.19963620603084564,0.4521453347781381,0.20125210285186768,0.42912242041703913,0.20194752514362335,0.4100265853725911,0.2024610936641693,0.5821933979749203,0.208669975399971,0.3803956504536772,0.21199755370616913,0.522304953846307,0.245248481631279,0.4427970311070755,0.24727585911750793,0.7478897608917565,0.34237855672836304,0.23255710844520458,0.3495863676071167,0.8193589837346044,0.510691225528717,0.09294434374986893,0.5010321736335754,0.8250800515580365,0.6739524006843567,0.11904049902491327,0.37346357107162476,0.855332447222122,0.7212921380996704,0.1777834470786095,0.3441164195537567,0.8127429629521999,0.723970890045166,0.19717937302170463,0.3314216136932373,0.7944496659012344,0.7085383534431458,0.1895897991356501,0.3383026421070099,0.09199353355271928,0.3559132516384125,0.11299185499515925,0.33075082302093506,0.16257745319202752,0.3192662000656128,0.2090437473261544,0.32195061445236206,0.24053399217323987,0.3286779820919037,0.2040460400157316,0.31449803709983826,0.26566480076057897,0.29621461033821106,0.2994108202739964,0.2842203974723816,0.32801343766526636,0.27487602829933167,0.2175927708271498,0.3293449878692627,0.29659585465182337,0.33297199010849,0.34423851170677044,0.3398570716381073,0.3781574432908251,0.3471107482910156,0.217596482271547,0.34388959407806396,0.24751843566947054,0.3469460904598236,0.22800918695744832,0.34366363286972046,0.20866641714577494,0.342407763004303,0.2112956043567338,0.3552528917789459,0.22852614992370374,0.3547900915145874,0.21028695748439485,0.35183417797088623,0.19320256035013147,0.3508133888244629,0.8181547437425342,0.6737768650054932,0.7638935091323757,0.6898899078369141,0.7438511320518348,0.713433563709259,0.7405859682242845,0.7387566566467285,0.7342273567299598,0.7583691477775574,0.8010493563282912,0.732671856880188,0.8012960436658901,0.7647284269332886,0.7869222793279681,0.7760345935821533,0.7737032690568205,0.7803707718849182,0.8406569836929806,0.7323182821273804,0.8332331876566665,0.7675440907478333,0.8102946467981967,0.7762982249259949,0.791667072321859,0.7771576046943665,0.8681621682142769,0.7285774350166321,0.8622046401444736,0.7604296803474426,0.8393090695644688,0.769908607006073,0.8200017234276529,0.7718556523323059,0.8874369361169399,0.7233307957649231,0.8930977960645957,0.7496722936630249,0.8775052758631835,0.7597792148590088,0.8601975734910234,0.7633007764816284
0.4652757959439179,0.22280439734458923,0.49379572171278147,0.19974055886268616,0.5072468496267792,0.1996457278728485,0.5214692465643853,0.19950778782367706,0.4380200809971079,0.2012149542570114,0.41928866210224375,0.20191903412342072,0.4037306840815161,0.20242929458618164,0.5438890469652429,0.20848771929740906,0.3795918511760714,0.2119828462600708,0.4952116405203618,0.24516081809997559,0.43044008906760445,0.24722790718078613,0.6790973028853081,0.3424270749092102,0.25930830914852726,0.349575936794281,0.7374383434368234,0.5108375549316406,0.1457283658305757,0.5011240243911743,0.7419594227699513,0.6739785671234131,0.16685837966641337,0.3735402822494507,0.7665796438880496,0.7213308215141296,0.21464285178381837,0.34402337670326233,0.7317780268070228,0.7239863276481628,0.2304430520741098,0.3313935399055481,0.7168786031764236,0.7085545659065247,0.22426084250937417,0.3383086919784546,0.14486876561326908,0.3568262457847595,0.1612688119565845,0.3313003480434418,0.20167364945855742,0.31977275013923645,0.24012599813373886,0.3222253620624542,0.26577445480129563,0.3288925588130951,0.23459199846952744,0.3148275911808014,0.28545266318298773,0.2963024973869324,0.31319503934526904,0.2844217121601105,0.3364798473102717,0.2750706672668457,0.24546845681024612,0.33001166582107544,0.3100060817367262,0.33300459384918213,0.34918701162289584,0.33950868248939514,0.37702114475140686,0.34641674160957336,0.24589651044662858,0.3446207642555237,0.27091455779642165,0.3463476896286011,0.2558599668217591,0.34296301007270813,0.24029134203738034,0.3420696258544922,0.24171639623837743,0.3557295799255371,0.2571352610255314,0.35382771492004395,0.2428170432150655,0.3508089482784271,0.22886420755526296,0.35031232237815857,0.7360407625880868,0.6739904880523682,0.6916656562384055,0.6900887489318848,0.6754598713492161,0.7133464217185974,0.6728563513974628,0.7386285662651062,0.6674555202439032,0.7582840919494629,0.7218812386522311,0.7325332760810852,0.722036338824284,0.7648617029190063,0.7102636379345763,0.7760614156723022,0.6993790181945919,0.7801129817962646,0.7542774260402244,0.732099711894989,0.7479648691892745,0.767673134803772,0.7292639128011346,0.7765158414840698,0.7140929127324194,0.7775462865829468,0.7766780824181131,0.7284225225448608,0.7715401625133257,0.7606155872344971,0.7528191888660813,0.7700415253639221,0.7371423835589259,0.7719207406044006,0.7924326729133314,0.7232656478881836,0.7969217111974904,0.7497507333755493,0.7841775015211213,0.7598781585693359,0.7700608333279116,0.7633436918258667
0.5605493353330209,0.2227315902709961,0.589604810453437,0.19962216913700104,0.6033994321523618,0.19949133694171906,0.6179461893897803,0.19930920004844666,0.5325981687634168,0.20115721225738525,0.5135610854585243,0.20187786221504211,0.497650473172621,0.20239636301994324,0.6409293750741696,0.20821447670459747,0.47303211022134645,0.2119734287261963,0.5912292419460139,0.2450905740261078,0.5250032752041381,0.24719329178333282,0.7794343036643591,0.34245145320892334,0.35067646683396775,0.3495640456676483,0.8388922178323991,0.5109858512878418,0.23481454979163457,0.501151978969574,0.8436028494389691,0.6740158796310425,0.2557303411942643,0.3735574781894684,0.8688975095407271,0.7213411927223206,0.3043024426724159,0.34380024671554565,0.833088744411819,0.7240099310874939,0.3205799905359813,0.33131974935531616,0.8178618792221656,0.7085740566253662,0.3142917213358197,0.3383142352104187,0.23161562204204508,0.3575214445590973,0.24807397699952494,0.33202746510505676,0.28867049955603763,0.32029473781585693,0.32755719089603685,0.32221418619155884,0.3548068266278838,0.32855769991874695,0.324097703868129,0.31463611125946045,0.376414862184723,0.29679298400878906,0.40472496508146566,0.2849724292755127,0.4287364836024674,0.2757505774497986,0.3347695966867214,0.3292020857334137,0.4009574210795344,0.33311450481414795,0.44112934822467575,0.3399149179458618,0.47027425702583764,0.3469812572002411,0.33510453526228945,0.3435458242893219,0.36323930694691386,0.3466694951057434,0.34715549200482554,0.34375864267349243,0.3308335191190394,0.34282177686691284,0.3303515728578848,0.35485273599624634,0.3485986185960519,0.35411471128463745,0.3331441009161779,0.3513473570346832,0.3181749626521897,0.35080111026763916,0.8373146145703548,0.6739481687545776,0.791906336834667,0.6897768974304199,0.7752422157483775,0.7131578922271729,0.7730318820693877,0.7384848594665527,0.7673222024360618,0.7580833435058594,0.8224521444238625,0.7324863076210022,0.8234679462457063,0.7647507786750793,0.8112335560458865,0.7758097648620605,0.8001174130050871,0.7802170515060425,0.8552442651536298,0.7320716977119446,0.8487971438840594,0.7675706744194031,0.8291637559339186,0.7761059999465942,0.8136410214695372,0.7770451903343201,0.8779807443390409,0.7283312678337097,0.8723798957106914,0.760535478591919,0.8528475798358349,0.7697831988334656,0.8367931183666977,0.7716866731643677,0.8941243991680926,0.7229686379432678,0.8986568500441174,0.7495397329330444,0.8856568663392579,0.7597596049308777,0.8714581623284803,0.7634261846542358
0.5636999226663699,0.2226174771785736,0.5945749755180405,0.19945360720157623,0.609253999520658,0.199283629655838,0.6247494986768973,0.19905756413936615,0.5339156701026807,0.20103278756141663,0.5136912759852136,0.20177383720874786,0.49673059138691217,0.2022891342639923,0.649202122474433,0.2079189270734787,0.470594402980186,0.21187463402748108,0.5963369083032608,0.24500370025634766,0.5258862187026163,0.24714544415473938,0.7967122103505129,0.34245818853378296,0.34055037583850983,0.34955042600631714,0.8599206360639061,0.511066734790802,0.21762370189158273,0.501278817653656,0.864959497976737,0.6740406155586243,0.23950460059100925,0.37356850504875183,0.891867463192509,0.7213442921638489,0.29089120886126996,0.34356674551963806,0.8536474571194792,0.7240229845046997,0.30828554774212175,0.331119567155838,0.8374751286181628,0.7085952758789062,0.3017097785336769,0.3382568955421448,0.21264100505551498,0.3574248254299164,0.23184725195406455,0.332806795835495,0.274541365120587,0.3214224576950073,0.31532984616699783,0.3230244219303131,0.34451633140849186,0.3294869363307953,0.3102903634438256,0.3148617446422577,0.3668338788874093,0.2971462607383728,0.39732348155362146,0.28513455390930176,0.4234569310911947,0.2757512331008911,0.3214849981100603,0.32903945446014404,0.3930759702347162,0.33330193161964417,0.43607537601615415,0.3405146598815918,0.4675806974373016,0.347698450088501,0.3226493461643623,0.343454509973526,0.3533823064843779,0.34778162837028503,0.33591599012218654,0.345343679189682,0.3183837583090476,0.3442777097225189,0.31842750717898405,0.35509321093559265,0.3382763110399433,0.35528814792633057,0.3218259325422195,0.35288214683532715,0.30595637689619787,0.3520998954772949,0.8581234266439958,0.6739267706871033,0.8102224310716728,0.6901888251304626,0.7919140037405878,0.7134667634963989,0.7895693856726413,0.7385441064834595,0.7834992482280865,0.7580365538597107,0.8421748089750923,0.7323474884033203,0.8428779314640377,0.7644562125205994,0.8296315186196899,0.7756140828132629,0.8175868485231457,0.7801468968391418,0.876849622816544,0.7319760918617249,0.8702258686205395,0.767419159412384,0.8496252634362232,0.776064932346344,0.8331485917946311,0.7769754528999329,0.901229867431931,0.7283356189727783,0.8952789255729124,0.7605264782905579,0.8748793168661674,0.7697818279266357,0.8578782430774238,0.7715182900428772,0.9186284789486614,0.7230037450790405,0.9230337491307766,0.7496121525764465,0.9091534524096702,0.7597596049308777,0.8940753569123402,0.7632374167442322
0.5627586017626416,0.2224791944026947,0.5937369649477444,0.19932594895362854,0.6085177326507606,0.1991235911846161,0.6240954636864274,0.1988682597875595,0.532776351020291,0.20093154907226562,0.5125177353558507,0.20168852806091309,0.49544264369353197,0.20219786465168,0.648725893953205,0.20766432583332062,0.4692693581618332,0.2117566615343094,0.5956141324254965,0.2448873221874237,0.5248292081883495,0.24704837799072266,0.7971606632069961,0.34246382117271423,0.33889984935875833,0.3493849039077759,0.8605903885588448,0.5111626386642456,0.21552607676481722,0.5012215375900269,0.8656760287113179,0.674136757850647,0.23709680916185952,0.3735809922218323,0.8926380591893992,0.7213696241378784,0.2877896317795544,0.3434991240501404,0.8541703613145525,0.7240446209907532,0.30525561043874533,0.33108121156692505,0.83794293749302,0.7086243033409119,0.29893269957146823,0.3382563591003418,0.20986729589321151,0.35878580808639526,0.2284564050900646,0.3341771066188812,0.2708177469055032,0.3226488530635834,0.31227627697586624,0.32373273372650146,0.3426143398165524,0.32950085401535034,0.30623139705117386,0.31545814871788025,0.3640185765132187,0.2977602779865265,0.3947682557625692,0.28572458028793335,0.4209369551412167,0.276216983795166,0.31794964181417523,0.3292633891105652,0.39159882042262134,0.33336561918258667,0.43536902845543307,0.3404684364795685,0.4673814040521043,0.3474106192588806,0.31955886788605553,0.3435598313808441,0.35278448275554175,0.34802713990211487,0.3344014202429795,0.34609609842300415,0.3164540055810706,0.34502169489860535,0.3158019279956182,0.3556360900402069,0.33864720735946585,0.3555215895175934,0.3217496548540708,0.353359580039978,0.3052210491893504,0.3525405824184418,0.8586889328145327,0.6738146543502808,0.810625975457989,0.6900520920753479,0.7918851930074218,0.7135477662086487,0.7894102846855696,0.7386589646339417,0.783327064521368,0.758033275604248,0.8427862086290355,0.7324726581573486,0.8433919477240571,0.7643867135047913,0.8302829612205416,0.7754800915718079,0.8182866121365067,0.7799896597862244,0.8774117375451387,0.7320268750190735,0.8706208556205024,0.7671558856964111,0.8502515118767904,0.7760825753211975,0.8337451765712873,0.7773537039756775,0.9017223111535032,0.7282513976097107,0.8959235792353827,0.7601526975631714,0.8759300065280857,0.7696000337600708,0.8590110642048593,0.7717307209968567,0.919176035611741,0.7228264808654785,0.9235380175019362,0.7491771578788757,0.9100674220026281,0.759350061416626,0.8952785092917928,0.763113796710968
0.540325082901192,0.22235552966594696,0.5684209086998601,0.1992286890745163,0.58182719326378,0.19900521636009216,0.5959724184343326,0.19872179627418518,0.513098591157948,0.200818732380867,0.49470662184403985,0.2015816867351532,0.4792085479934725,0.2020740509033203,0.6183358938303837,0.20746023952960968,0.4554512345569721,0.21158304810523987,0.5701601761677251,0.24478121101856232,0.5059178945239545,0.24694988131523132,0.7531332181962003,0.34246769547462463,0.33720638622492566,0.34921708703041077,0.8106544434427274,0.5111802816390991,0.22588757438990764,0.5008782148361206,0.8154509644586547,0.6741771697998047,0.24409380962379604,0.3738773465156555,0.8398665716854008,0.7213899493217468,0.2877808759915497,0.343611478805542,0.8048577287560162,0.724056601524353,0.3033493076963806,0.3311811089515686,0.7901355891590702,0.7086384892463684,0.2981539145856959,0.3384206295013428,0.2195699851578847,0.3602543771266937,0.23695000674395494,0.33457377552986145,0.27642206159263766,0.3230098485946655,0.31478557234092297,0.32423335313796997,0.34302590977589176,0.3297037184238434,0.3074124155092755,0.31567081809043884,0.3592478071172208,0.2981027364730835,0.3866653605584127,0.28618940711021423,0.41046476217654543,0.27688080072402954,0.31816318221452666,0.32975462079048157,0.3850881192707873,0.33363375067710876,0.42476695229030587,0.34042415022850037,0.4542451617508777,0.3472311794757843,0.319844445242199,0.3443194329738617,0.35000422352384003,0.34882983565330505,0.3326198732482032,0.3468707799911499,0.3159866838028218,0.34584733843803406,0.3164026375725612,0.35668161511421204,0.335797897235174,0.3564266860485077,0.3196704985168453,0.3541048765182495,0.3046920006047197,0.35323312878608704,0.8087367007742698,0.6735069155693054,0.7649776449692621,0.6898568272590637,0.7484590992021719,0.7131427526473999,0.7458768693876272,0.7382900714874268,0.7400869474137743,0.7578464150428772,0.7942475112712317,0.7324416637420654,0.7945005065275942,0.7642902135848999,0.7826105952164708,0.7754557132720947,0.7716163896695157,0.7798140645027161,0.8257385946778905,0.7320615649223328,0.8195182011754439,0.7669694423675537,0.8012553932986811,0.7760910391807556,0.7860777423688793,0.7773306965827942,0.8478455452707017,0.7282233834266663,0.8428350537997356,0.7599096894264221,0.8249917958348136,0.7697999477386475,0.8093931298982406,0.7722155451774597,0.8635925187713492,0.7228001952171326,0.8680449422643429,0.7488863468170166,0.8563177230857001,0.7594714164733887,0.8428231332546213,0.7637466192245483
0.4826353780399977,0.22218456864356995,0.5160584594210571,0.19911661744117737,0.5320124514962425,0.1988728940486908,0.5488573134486595,0.19856473803520203,0.45019946072145794,0.2007063627243042,0.4282937823402573,0.20148387551307678,0.40983499178460187,0.20196528732776642,0.5754969075374063,0.20728270709514618,0.38155399611179946,0.21146921813488007,0.5181656727289232,0.24465768039226532,0.44169813907883393,0.24683019518852234,0.73607588575999,0.34247416257858276,0.24110113691125631,0.34866809844970703,0.8046564538767227,0.511221170425415,0.10908230442557826,0.5005571842193604,0.8102902781911199,0.6742668151855469,0.12937526333184485,0.37402480840682983,0.8393256113516386,0.7214639186859131,0.18021058516669802,0.34389954805374146,0.7975912595112699,0.7241056561470032,0.19778421451646047,0.3315153121948242,0.7800703164407367,0.7086867690086365,0.1916905646544481,0.33869045972824097,0.09992145284736488,0.36028537154197693,0.12290898391255949,0.3355899453163147,0.17068511202850611,0.32423722743988037,0.21535118374966122,0.32599136233329773,0.24830980128764285,0.33211788535118103,0.2045541040707929,0.3165038824081421,0.26723872471416377,0.29921361804008484,0.30074232214722824,0.2872941792011261,0.3296382685825625,0.2779213488101959,0.21703163423141492,0.3305891752243042,0.2962055141750682,0.33454492688179016,0.3434866330919203,0.3413698673248291,0.3786275884668422,0.34799709916114807,0.21905738004205288,0.3452898859977722,0.2547888657521136,0.349854975938797,0.23477085469354816,0.34758707880973816,0.2149220026669401,0.34638917446136475,0.21468588567740685,0.35763776302337646,0.23740417756623894,0.35779404640197754,0.21934550937044905,0.3555549085140228,0.20187527040159708,0.3547118604183197,0.801618092843847,0.6734973788261414,0.7496882918540183,0.6897422671318054,0.7302466187393472,0.7129806280136108,0.727321162539613,0.7382673621177673,0.7203856025858077,0.7579675912857056,0.7851055231355986,0.7324541807174683,0.7845544777772184,0.7641310691833496,0.7704780835627237,0.7753779292106628,0.7576221557081637,0.7798614501953125,0.8226831693704367,0.7321290373802185,0.8150218152856082,0.7670013904571533,0.7934096577557346,0.776055097579956,0.7755932116563262,0.7773799896240234,0.848951224099562,0.7282997965812683,0.8427686537527406,0.7599124908447266,0.821523278356373,0.7695648670196533,0.8032615558925525,0.7718158960342407,0.8676376875683957,0.7228679656982422,0.8726919231677196,0.7489567399024963,0.8582809373831006,0.7592501640319824,0.8421524343965778,0.7631569504737854
0.5284732752340314,0.2221537083387375,0.5563397801813463,0.19910095632076263,0.5696457314854386,0.19885246455669403,0.5837123386026222,0.19852519035339355,0.5013891969360414,0.20068609714508057,0.48311142189460365,0.2014617919921875,0.4677089192093747,0.2019437551498413,0.6059813233323235,0.20722989737987518,0.4441245855519032,0.2114526778459549,0.5581468257615021,0.2446243315935135,0.4944026444285109,0.24680733680725098,0.7402005800687875,0.3424763083457947,0.32818939026855537,0.34770599007606506,0.7974460344404951,0.511236310005188,0.21677974966613828,0.5003053545951843,0.801952266677109,0.6743366718292236,0.23190144826760456,0.374123215675354,0.8261626938513756,0.721528172492981,0.273862088197979,0.3441254496574402,0.791300901592935,0.7241722345352173,0.2876562951712226,0.33186236023902893,0.7766697085342732,0.7087635397911072,0.28249740105687776,0.3390614688396454,0.20790568550896793,0.36165305972099304,0.2278873758926579,0.33692455291748047,0.26998204873729215,0.3264940083026886,0.3075562291167156,0.3299036920070648,0.3333240651547496,0.3376145660877228,0.2955173537159784,0.31848597526550293,0.34981514273804337,0.30194106698036194,0.3791842324220141,0.2906174957752228,0.40445302663191185,0.2817990779876709,0.30593866921909885,0.332780122756958,0.37154478643211186,0.3360562026500702,0.41091671511968253,0.34203383326530457,0.4404456781785491,0.3480786681175232,0.30780255719537863,0.3474697768688202,0.33781153741545994,0.35211679339408875,0.32212836299197734,0.3495740592479706,0.30553521393485206,0.3483777344226837,0.30435555224020444,0.35947680473327637,0.3217012509479933,0.359626442193985,0.3074740756419916,0.357003390789032,0.29308378449612305,0.3559352457523346,0.7945848568809969,0.6736315488815308,0.7510349789919358,0.6897409558296204,0.7347381515295058,0.7130687236785889,0.7326818331831113,0.7382798194885254,0.7270343194494655,0.7578689455986023,0.7803782282152705,0.7322968244552612,0.7808711490636145,0.7641766667366028,0.7693615233534474,0.775328516960144,0.7589536740058698,0.7799105048179626,0.8118779151625731,0.731964111328125,0.8057074381500358,0.7668622732162476,0.7876389013583581,0.775690495967865,0.7729599315709402,0.7770687937736511,0.8338969653984906,0.7283051013946533,0.828435066241245,0.7599421739578247,0.8106259928200007,0.7692992091178894,0.7955781760989447,0.7714686393737793,0.8493871469834451,0.7231003046035767,0.8530436548793976,0.749373197555542,0.8407983204845896,0.7595049142837524,0.8274098517556234,0.7632912397384644
0.487856152270411,0.22213323414325714,0.5171640470153216,0.19908131659030914,0.5311374555408913,0.198833629488945,0.5461548757111526,0.1985117495059967,0.4593069587966008,0.20066411793231964,0.43981738614633237,0.20144033432006836,0.4236279852682367,0.20192524790763855,0.569531469222665,0.2072192132472992,0.39820861855239115,0.21144214272499084,0.5189607312598288,0.24460139870643616,0.45185986734006633,0.24678567051887512,0.7117361880918394,0.34245535731315613,0.27557594595867685,0.3471251130104065,0.7724075441872665,0.5112363696098328,0.15716947708680126,0.5002492666244507,0.7770883868348857,0.674390971660614,0.17260210446659116,0.3741382956504822,0.802726152683145,0.7215451598167419,0.21767932087246084,0.3445824384689331,0.7657657009522169,0.7241942882537842,0.23231889757499322,0.33214741945266724,0.750266758188295,0.7088011503219604,0.22662229391672603,0.33910292387008667,0.14697324142360127,0.3636140525341034,0.17088829692704177,0.34005507826805115,0.21835929891271522,0.3298959732055664,0.2606522155462299,0.3323110044002533,0.288613929023509,0.3392813801765442,0.2412490071171567,0.3208496570587158,0.30082006060229183,0.3060888946056366,0.3335486654946553,0.2962579131126404,0.3609173610099208,0.28833669424057007,0.2507373646102032,0.3351880609989166,0.31990147117633544,0.33840271830558777,0.36126004891196034,0.34375429153442383,0.39189141225594126,0.34908783435821533,0.2522775148713794,0.3502366840839386,0.28437731532857974,0.3558107018470764,0.2676190812744383,0.35357579588890076,0.24970768858502007,0.35235595703125,0.2490337392160504,0.36257997155189514,0.2674663315682822,0.36263445019721985,0.25257712581406466,0.36012378334999084,0.23804448792600735,0.35907772183418274,0.7694266466402834,0.6738643646240234,0.7230419095739162,0.689582347869873,0.7056256390389637,0.7128453850746155,0.7035435743200363,0.7381162047386169,0.6976898747042217,0.7578349113464355,0.7544791870972565,0.7322427034378052,0.754796813952967,0.7641856670379639,0.7423377936339556,0.7753532528877258,0.7309912033686344,0.7797382473945618,0.7880464783064862,0.7319016456604004,0.7813608220533789,0.7671325206756592,0.7616376734412417,0.7758986949920654,0.7456058942769102,0.7770228981971741,0.8111116138352304,0.7282677888870239,0.8053655890925941,0.7601997256278992,0.785748432933742,0.7695276141166687,0.7692697609852226,0.7714978456497192,0.8271962490245467,0.7231475710868835,0.8311770647948483,0.7495969533920288,0.8177463768865619,0.7597180008888245,0.8030900460859244,0.7633198499679565
0.511130427247904,0.22210688889026642,0.5374249380822355,0.19906914234161377,0.5499698881649339,0.19881930947303772,0.5636152913267026,0.19849902391433716,0.4854670595506982,0.20064827799797058,0.46781715436914,0.20142324268817902,0.45331531273697817,0.2019096314907074,0.5845115046331605,0.2071978598833084,0.43012469175652374,0.2114284783601761,0.5389578317195889,0.2445838898420334,0.47882136895586735,0.24676978588104248,0.7128108254188907,0.3424580693244934,0.31969548060159736,0.34710657596588135,0.7674771174908767,0.511243999004364,0.2125565457345052,0.5012065172195435,0.7716979346510006,0.6744384169578552,0.22630658079210303,0.3762534260749817,0.7948874489175372,0.7215573787689209,0.2671001980941995,0.3465427756309509,0.7614784750931902,0.7242109179496765,0.2803060461082136,0.3340432345867157,0.7474906230248548,0.7088322639465332,0.2751453758686917,0.34080809354782104,0.20818232221517466,0.3688255250453949,0.2307792702297206,0.34579330682754517,0.2767318344596669,0.33514100313186646,0.32045095514228894,0.334028422832489,0.35172144147345935,0.33732762932777405,0.2888684071066951,0.3255486786365509,0.3431558551944174,0.312534898519516,0.3759431087601389,0.304395854473114,0.4030092837787596,0.2980290353298187,0.2961645609016166,0.3387634754180908,0.35829589131238115,0.3424783945083618,0.396452604603318,0.3473261594772339,0.4253043834773235,0.3519226312637329,0.29799917637336143,0.352571576833725,0.3324048251316863,0.36129337549209595,0.31720761933476843,0.35983893275260925,0.30115062330530645,0.3581908941268921,0.2966897124658141,0.3643127381801605,0.318585130338062,0.3669567406177521,0.30521880880596614,0.36508291959762573,0.29218301529052226,0.3633032739162445,0.7649558967045254,0.6740255355834961,0.723253904428893,0.6896081566810608,0.7075569698674896,0.7128629088401794,0.7055025926320663,0.738203227519989,0.7002968000850956,0.7579701542854309,0.7510956013203164,0.7323826551437378,0.7517350922424221,0.7647567391395569,0.7407415653501009,0.7758779525756836,0.7306205717105776,0.7798105478286743,0.7815013962573066,0.7319501042366028,0.7756858992028182,0.7673380374908447,0.7580818119774572,0.7757258415222168,0.7439832252765459,0.7762523889541626,0.802400202436372,0.7282462120056152,0.7974628038246679,0.7602232694625854,0.7799492774181811,0.7693395614624023,0.7653856179086104,0.7709299325942993,0.8170246995910243,0.7230625748634338,0.8208567755824197,0.7495320439338684,0.8087579893105852,0.7595536708831787,0.7957063539759178,0.7629306316375732
0.4705643183048818,0.22208401560783386,0.49763559278092445,0.1990615427494049,0.5105249574190397,0.19883222877979279,0.52463966674063,0.19851574301719666,0.4442861854817461,0.20064261555671692,0.42613551133258104,0.20141801238059998,0.41126221969473903,0.20191793143749237,0.5459852426512646,0.2072945386171341,0.38723375988997505,0.2114305943250656,0.4990864346977396,0.24459290504455566,0.43747874391678204,0.24675989151000977,0.6778183508050811,0.3424585461616516,0.2732839217987865,0.3474651873111725,0.7340371258695593,0.5112481117248535,0.16380636422433636,0.5020986795425415,0.7383784677895161,0.6744484305381775,0.1785918432861618,0.37719595432281494,0.7622619929538202,0.7215637564659119,0.22514351359421572,0.34821176528930664,0.7278738599362846,0.7242158651351929,0.23829985967411116,0.33543938398361206,0.7134878777030754,0.7088497877120972,0.2313388029956045,0.3418540954589844,0.165042860227165,0.3722868263721466,0.1947498286846794,0.3516571521759033,0.24273249286154472,0.3406296670436859,0.28575694884028235,0.33880457282066345,0.31841480673446343,0.34061959385871887,0.24778608873017688,0.3279273509979248,0.3063691710755349,0.31988346576690674,0.3419200323302635,0.3144873082637787,0.3708954189692611,0.31001919507980347,0.24855062058415942,0.3413664400577545,0.3164550680192817,0.3488994836807251,0.3555161565352152,0.3553948402404785,0.3841075216459239,0.36034783720970154,0.24757109259348753,0.3565056324005127,0.2970946545315093,0.36949408054351807,0.28111653698816086,0.36933648586273193,0.2619561645149128,0.3666970431804657,0.24577582771098558,0.3708736300468445,0.2807477631822532,0.37694501876831055,0.2662783898874066,0.37604591250419617,0.2510301148168449,0.3733646869659424,0.7315786988524453,0.6741556525230408,0.6885461801121926,0.6898981928825378,0.6725326254315401,0.7131774425506592,0.6705266883933226,0.7382137775421143,0.6656791480992159,0.7576355338096619,0.7171572144596617,0.7323277592658997,0.7180112169575531,0.76475989818573,0.7065925260286893,0.7758851647377014,0.6961698462360139,0.7799904346466064,0.7482749873710648,0.7319731116294861,0.7426543973055686,0.7671968936920166,0.7246185849968577,0.7753133773803711,0.7105374921890034,0.7757570743560791,0.7699515916597081,0.7283502221107483,0.7650473519459149,0.7600948214530945,0.7471014004147346,0.7687774896621704,0.7325336159138153,0.770143985748291,0.7852251278822745,0.7230865955352783,0.7893331048741871,0.7494522929191589,0.7768934992796165,0.7590939402580261,0.7639121931513218,0.7620630860328674
0.43899210743168193,0.22206613421440125,0.4670399738535684,0.19906112551689148,0.48038492147115397,0.1988523155450821,0.4950817827116758,0.19853881001472473,0.4118867979338023,0.20064540207386017,0.3931405226133074,0.2014172524213791,0.37777012758682893,0.20192687213420868,0.5171264015098165,0.20739345252513885,0.3528621993497684,0.21142205595970154,0.46845899182192274,0.24460701644420624,0.40498699721763787,0.24674499034881592,0.6534670855711076,0.34246188402175903,0.23595485295403526,0.3469013273715973,0.7116863310507282,0.511168360710144,0.12145732321553628,0.5021065473556519,0.7160702572638286,0.6745580434799194,0.13987048300788635,0.37974318861961365,0.7408908556230757,0.721648097038269,0.1925805088430679,0.3560381829738617,0.7052581789810203,0.7243512868881226,0.21048922501172476,0.34151774644851685,0.6903390051498105,0.7090632319450378,0.20172234852635526,0.3457857072353363,0.12625062295413214,0.38078364729881287,0.16327674118414176,0.359625905752182,0.2140154338468559,0.3491097092628479,0.25821751039508656,0.34777823090553284,0.28752154727906953,0.35037487745285034,0.20477684140876565,0.3338242173194885,0.2684266591630952,0.32950884103775024,0.30814351357058845,0.3299317955970764,0.34037183936886617,0.33086884021759033,0.1992686650114218,0.3463269770145416,0.2719561323520405,0.3557142913341522,0.31869279454478594,0.3648985028266907,0.3524619289965073,0.37326571345329285,0.19628544946281057,0.3621847629547119,0.24875700920389357,0.3782968521118164,0.23689666950913568,0.3813227415084839,0.21938219978309303,0.3806816637516022,0.19626152208588366,0.37832799553871155,0.23731958842030368,0.38676953315734863,0.22817212866395473,0.3867979049682617,0.21406345686637024,0.3845736086368561,0.7098914075967571,0.6741010546684265,0.6652443356826974,0.6896353960037231,0.6489988246089513,0.7130601406097412,0.6465556072181026,0.7381767630577087,0.6406994237816572,0.7576130628585815,0.694439370071791,0.7324262261390686,0.6952765253860438,0.7647095918655396,0.6835696103205543,0.7758506536483765,0.672817232694101,0.7799246907234192,0.7267668379972512,0.7320420742034912,0.7208535115424909,0.7670981287956238,0.7022512043211427,0.7754257917404175,0.6876202359132831,0.7759577631950378,0.7492869755520405,0.7283270359039307,0.7441777570358056,0.7599719166755676,0.7256495540113533,0.768948495388031,0.7104378671558839,0.7705762386322021,0.7651638502167045,0.723031222820282,0.7690365180468602,0.7493062019348145,0.7561858003273739,0.7591443657875061,0.7426426357616878,0.7623879909515381
0.5264211663395373,0.2220500260591507,0.5555259297853523,0.1990647315979004,0.569452851477689,0.19886399805545807,0.5848676340622415,0.19854024052619934,0.498206919239167,0.20072683691978455,0.47881284099673577,0.2015075981616974,0.4628597826575442,0.202122762799263,0.6076907502821063,0.20744922757148743,0.43685620086841853,0.21155886352062225,0.5569616587898502,0.2446022480726242,0.4914173364566718,0.24673227965831757,0.7496158906894392,0.3424971103668213,0.31816156215836133,0.345919132232666,0.8102638445872442,0.5111696124076843,0.19580859975906154,0.5020706653594971,0.8145245753620856,0.6746827960014343,0.23029252967701136,0.3829456865787506,0.8405688676710557,0.721718430519104,0.2841289689632139,0.3676187992095947,0.8033626056715784,0.7244768738746643,0.3068618703908243,0.3525213599205017,0.7877604565981029,0.7092682123184204,0.29611650034874276,0.35508018732070923,0.2086071008159328,0.39037835597991943,0.24223139762702905,0.36743974685668945,0.2937235135699674,0.3563237190246582,0.3402168191153764,0.3577041029930115,0.37078306219571133,0.3638223707675934,0.281242691203879,0.3492037057876587,0.34868362626664473,0.3474310636520386,0.388487023236923,0.34989526867866516,0.4216472481496889,0.3527403175830841,0.27414760434819635,0.36585870385169983,0.34719103566687365,0.37238770723342896,0.3932498387448892,0.37874987721443176,0.42521982399270136,0.38495779037475586,0.2707013642492107,0.382681280374527,0.3340542904500725,0.38971930742263794,0.33919071782001936,0.389085590839386,0.3304864092797444,0.3878937363624573,0.27067575375867176,0.39732953906059265,0.3193920568898394,0.4000559151172638,0.3173662705916922,0.3978050947189331,0.3052984743172101,0.3952959477901459,0.8086486669746196,0.6739665865898132,0.7623768518822714,0.6895415186882019,0.7449013882682763,0.7128880023956299,0.7417298916259347,0.7381305694580078,0.7366003661255313,0.7577261924743652,0.7925483921084172,0.732745885848999,0.7936288675232224,0.7649688720703125,0.7812674439967466,0.7759672999382019,0.7696711820480707,0.7796462178230286,0.8261889450995547,0.7322406768798828,0.8199064920715764,0.767266035079956,0.8005474136650528,0.7755418419837952,0.7850263352825585,0.7759778499603271,0.8494350723491975,0.7283437252044678,0.8441776695704529,0.7599021196365356,0.8250604018420417,0.7690674066543579,0.8091852610554612,0.7708097100257874,0.8657247457268277,0.7230002284049988,0.8702331730380721,0.7490975856781006,0.8572426633718999,0.759127676486969,0.8431262030286524,0.7627014517784119
0.5179129750489686,0.2220516949892044,0.5494726032051991,0.1990969181060791,0.564627610895366,0.19890671968460083,0.5814656386688775,0.198566272854805,0.48744243140756993,0.20082727074623108,0.4665090142367418,0.20159855484962463,0.44930277832643034,0.20226748287677765,0.6060698147410077,0.2074870765209198,0.42090086454862413,0.2116667479276657,0.5509578980647373,0.2446097880601883,0.48030540191290666,0.24672138690948486,0.7602638016011293,0.3424999415874481,0.2971379826707331,0.344510942697525,0.8258963415616188,0.5111400485038757,0.15930951957119915,0.5016118884086609,0.829783975093491,0.6746989488601685,0.22458376805196278,0.3870725929737091,0.8584705463226341,0.7217020392417908,0.2736430663812749,0.37892186641693115,0.8179013122583478,0.7244832515716553,0.30432824295681693,0.3634096086025238,0.8008673830140552,0.7092746496200562,0.29617849860524864,0.3644314408302307,0.18527782491126157,0.4061432480812073,0.22199031526053847,0.3942906856536865,0.25853471637266723,0.38872599601745605,0.2930125773382114,0.39854326844215393,0.318742161006257,0.4110572040081024,0.2751465607762096,0.3623528480529785,0.3393480245348034,0.36510735750198364,0.3794201339203268,0.371219277381897,0.4116166698257243,0.37831130623817444,0.26069810540385635,0.37031590938568115,0.3321200353580125,0.3733985126018524,0.37995149196316524,0.382429838180542,0.4139626241336985,0.39176565408706665,0.24690023592835855,0.3828902244567871,0.3066040207681789,0.4024801552295685,0.30113078596038706,0.4085557758808136,0.28777080718519055,0.408279150724411,0.23472147919061687,0.3973688781261444,0.28293732974066754,0.41353753209114075,0.28166214642756454,0.41760751605033875,0.27152485323231207,0.41505923867225647,0.8241539735152487,0.674371063709259,0.7735554656275934,0.6895910501480103,0.7548987761394943,0.7128665447235107,0.7522213547192054,0.7381359934806824,0.7461611753961637,0.7576525211334229,0.806992609528326,0.7325736284255981,0.8078876163254016,0.7649036049842834,0.7946043871566788,0.776067316532135,0.7824382827055488,0.7800766229629517,0.8440731560349841,0.732269823551178,0.8365975163953243,0.7673836946487427,0.8152802752024186,0.7755663990974426,0.7982948273927104,0.7758669853210449,0.8693676986168303,0.7285076379776001,0.8634074457616231,0.7599431276321411,0.8422352689239235,0.7690772414207458,0.8245662176886343,0.7708324193954468,0.8868379607723819,0.7232850193977356,0.8908862365498831,0.7491253018379211,0.8763544204663402,0.7593060731887817,0.8606042613723104,0.7631285190582275
0.4943212723307819,0.2220676690340042,0.522020808950391,0.1991642415523529,0.5352783020042687,0.19901859760284424,0.5500372545742385,0.1986953318119049,0.4680373158140675,0.20086248219013214,0.4497098773869696,0.20161405205726624,0.4347600742852703,0.2022794783115387,0.5714907435546885,0.20770633220672607,0.409639713969676,0.21170859038829803,0.5230755757789389,0.2446202039718628,0.4614009858222917,0.2467038631439209,0.7064679694062399,0.3425413966178894,0.3014398687614001,0.3439975380897522,0.7639269511730071,0.5111454725265503,0.1805562129619986,0.5013366341590881,0.7668424607947022,0.6746646761894226,0.24863497245181715,0.40868479013442993,0.7923871625330581,0.7216609120368958,0.2817741150946364,0.3989975154399872,0.7565265538380993,0.7244808673858643,0.3069044203926265,0.38390108942985535,0.7414556813854946,0.7092800140380859,0.30415358504464923,0.3859187662601471,0.21577611866066831,0.4225175678730011,0.2716695805899577,0.4128445088863373,0.31998380180526825,0.4039730727672577,0.35583662747052597,0.3998534083366394,0.3876412466060979,0.4001522660255432,0.3181184690202461,0.37647557258605957,0.36260200940777243,0.3862786889076233,0.3825391712897528,0.40479856729507446,0.3905323427927478,0.42055046558380127,0.28907157022046387,0.37966668605804443,0.3410886177072727,0.40226125717163086,0.36183375120249367,0.4236412048339844,0.36872888356223527,0.44024980068206787,0.257608107220122,0.389421284198761,0.3033719559934738,0.41786327958106995,0.3189579053603978,0.43413349986076355,0.3258360414458777,0.44437679648399353,0.22690358939806618,0.40229445695877075,0.260284704438643,0.43169623613357544,0.27305003727676563,0.4481075406074524,0.27796388966542557,0.45886534452438354,0.76243201077581,0.6739159822463989,0.7183822578812806,0.6895067095756531,0.7026554157202809,0.7127728462219238,0.700527854703792,0.7379719018936157,0.6946092930066701,0.7575426697731018,0.7467262559687866,0.7327203750610352,0.7475627653575978,0.7647174596786499,0.7358022083495586,0.775725781917572,0.7248849459357108,0.7798750996589661,0.7784595306654322,0.7322975397109985,0.7726462726949495,0.766984760761261,0.7544719005186392,0.775902271270752,0.7396782901839323,0.7771397829055786,0.8006949813051645,0.7284083366394043,0.7964710579126124,0.759727954864502,0.7786463898998791,0.7693307995796204,0.7633927160317313,0.7717458605766296,0.8165360410900679,0.722871720790863,0.8210205296735524,0.7485229969024658,0.8093253634193263,0.758720874786377,0.7963595011535638,0.762664794921875
0.5081045945141924,0.22208914160728455,0.5342757080014876,0.19922269880771637,0.5466312703697628,0.19911879301071167,0.5605215261412123,0.19880208373069763,0.4839510688012537,0.20091137290000916,0.46660762794849386,0.2016526758670807,0.4525664325511277,0.20231540501117706,0.5805918429628645,0.20788447558879852,0.4291712589996843,0.21176835894584656,0.5350280013408377,0.24461841583251953,0.4772365821605929,0.24665164947509766,0.7071470208420851,0.3426949381828308,0.32759088954449866,0.34158778190612793,0.7612165742868172,0.5110085010528564,0.21482290499817489,0.4992579519748688,0.7636624645709646,0.674392819404602,0.2924115255379074,0.4225691854953766,0.7878614626810344,0.721493124961853,0.3231635458015723,0.4255954325199127,0.7540057014648366,0.7243381142616272,0.3496655209476633,0.4124130606651306,0.7398276204104474,0.7090839147567749,0.349864087912608,0.4096359312534332,0.2771369225994023,0.4377128779888153,0.32376152656247137,0.43154826760292053,0.3583709552838667,0.4265822172164917,0.3774945342987661,0.42606669664382935,0.39413924304918124,0.43346714973449707,0.35127017188488546,0.3982478082180023,0.38487658446187,0.4138357937335968,0.40123190637724615,0.42949649691581726,0.4086617712656301,0.4440542757511139,0.31973284707049165,0.40053755044937134,0.35529785198352165,0.4227566421031952,0.37543684586650017,0.4410635828971863,0.3866618132838532,0.45705175399780273,0.2876935769493046,0.4092184603214264,0.31623112894993566,0.43836385011672974,0.33362369623173893,0.45421990752220154,0.3452085077148505,0.4650695323944092,0.2583220936655729,0.4209135174751282,0.2755497298146501,0.44880080223083496,0.2870246392610142,0.4631332457065582,0.2939286670954858,0.4724959433078766,0.7594327196306814,0.6735361814498901,0.7184331698706881,0.6894293427467346,0.7029687446589943,0.712834894657135,0.7011174309521694,0.738062858581543,0.6959619979274317,0.757618248462677,0.74509810859386,0.732546865940094,0.7456793182852128,0.7640315890312195,0.7353103624976443,0.7754119038581848,0.7255422919578794,0.7800368666648865,0.7750571727015095,0.7321336269378662,0.769368750714245,0.7666159868240356,0.7528184221727104,0.7756193280220032,0.7389318516642152,0.7769899368286133,0.795948865927384,0.7282545566558838,0.7915409166615307,0.7595094442367554,0.775173664488116,0.7693261504173279,0.7608927083814261,0.7718713283538818,0.8107977897636248,0.7228143215179443,0.8146262782764766,0.748475968837738,0.8037016597898995,0.758940577507019,0.7912163636732159,0.7633129358291626
0.4469846603954994,0.22219590842723846,0.47762300575994693,0.1993812471628189,0.4920662866776323,0.1993180215358734,0.5082905073262926,0.19901606440544128,0.41899298935347273,0.2011214792728424,0.39880692314990823,0.20183268189430237,0.38233184224782457,0.20254962146282196,0.5317780566873864,0.20812661945819855,0.35521529570186533,0.21197184920310974,0.4784665626389217,0.2446904182434082,0.41114397904150823,0.24664421379566193,0.6797990516737672,0.34300777316093445,0.2356983609497645,0.3404632806777954,0.7435105410173053,0.5108658075332642,0.10708810737700185,0.497856080532074,0.7458580171726298,0.6742075681686401,0.2076338724761805,0.44017475843429565,0.7742350396700681,0.7214587330818176,0.24286822905511157,0.45107775926589966,0.7343009079500992,0.7243150472640991,0.2742275875627369,0.43476971983909607,0.7177240360975293,0.7090282440185547,0.27465795210178073,0.43070143461227417,0.18903250795798385,0.4532793164253235,0.2265339601857535,0.45380574464797974,0.2584038079827515,0.45681196451187134,0.27871566967896627,0.4635869264602661,0.3004399630205123,0.47342872619628906,0.26634134646163193,0.42440614104270935,0.29565790747010795,0.4377114474773407,0.3116914801720213,0.4536280035972595,0.32328439525653196,0.46748101711273193,0.22589361984181242,0.423340380191803,0.24912559572887533,0.4480172395706177,0.25691757241782875,0.47076475620269775,0.26124814527793977,0.48657673597335815,0.1880951251059838,0.42985963821411133,0.21020509873228632,0.4581892490386963,0.22010600415527054,0.47717395424842834,0.2263674629275463,0.4894866645336151,0.15758012728239812,0.44027993083000183,0.17101733655163195,0.46307307481765747,0.1791527206862491,0.47712019085884094,0.1831270982928464,0.48615971207618713,0.7406936427041038,0.6733879446983337,0.6927924144008238,0.6894547343254089,0.6748280288599334,0.7127865552902222,0.6721302398427064,0.737983226776123,0.6659502211381382,0.7576388716697693,0.7245717975914314,0.7323312759399414,0.7250450926282574,0.763674795627594,0.7126613064331141,0.7750576138496399,0.7011865506931376,0.7797796130180359,0.7594377191579066,0.7320070266723633,0.7528544826035306,0.7664434909820557,0.7332675069294424,0.7754489183425903,0.7167645851428396,0.7767703533172607,0.783722350850589,0.7282184362411499,0.7781418976512173,0.759482204914093,0.7588989505448885,0.7694014310836792,0.7419769540267437,0.7720555663108826,0.8007934897448589,0.7228859066963196,0.8051574935883492,0.7484841346740723,0.7925251124086016,0.7590743899345398,0.7780135080604033,0.7636379599571228
0.5300538596445643,0.2222675383090973,0.5624411968723592,0.19948026537895203,0.5776411206293046,0.19944661855697632,0.5947389256280754,0.1991470456123352,0.5006887087528101,0.20128130912780762,0.47945030660419086,0.20199677348136902,0.4620090538287298,0.20279832184314728,0.6195762675243821,0.20834748446941376,0.43376296867082875,0.21225154399871826,0.5633244143404919,0.2447831928730011,0.4924000406596551,0.24668920040130615,0.7756327732990995,0.3433876931667328,0.30712462378682526,0.340320885181427,0.8434204652100961,0.5108774900436401,0.1770170903735183,0.4971291422843933,0.8450853490146332,0.6741247773170471,0.29149025689160313,0.4532598853111267,0.8751011822337346,0.7214609980583191,0.32338513277005054,0.4740263521671295,0.8328561425831106,0.7243534326553345,0.3599720484764784,0.4580325186252594,0.8153089853838558,0.7090595960617065,0.3614715842319348,0.45146268606185913,0.263890115521898,0.4663794934749603,0.3053421240470962,0.466797798871994,0.3376671668211717,0.4711240530014038,0.35774597524254714,0.4795115888118744,0.3762082868933195,0.49046677350997925,0.3457258038795968,0.446763813495636,0.3671496254504494,0.4631715416908264,0.37824108166447395,0.4801550805568695,0.3881997958731114,0.4943103492259979,0.30360223263501934,0.4474451243877411,0.31649233044165387,0.47116079926490784,0.32266730187570725,0.4929245710372925,0.3272067068084271,0.5086259841918945,0.26342570016037226,0.452585905790329,0.274715327475159,0.4761226177215576,0.28405317748086417,0.49537718296051025,0.2888028887975384,0.5087988376617432,0.23162782949804442,0.45981112122535706,0.23966978535766892,0.47754451632499695,0.2468038294109826,0.49090978503227234,0.24875225507042065,0.5005912184715271,0.8398567755707285,0.6734699606895447,0.7888699402050278,0.6893110871315002,0.7700093986420122,0.7126601338386536,0.7674414186197325,0.7379441261291504,0.7612015715764872,0.7575379610061646,0.8223929087913507,0.7322601079940796,0.8227885575481213,0.7637614607810974,0.8095973891441973,0.7750391960144043,0.7973582433378698,0.7797864079475403,0.8593314009879721,0.7320164442062378,0.8524360175041028,0.7665378451347351,0.8317403129247753,0.7756383419036865,0.8141586375866631,0.7769790887832642,0.8851609082281804,0.7282838821411133,0.8790428763133585,0.759525716304779,0.8587540697056971,0.7695077061653137,0.8408030194620428,0.7722354531288147,0.9033479608363895,0.7229599356651306,0.9076564871907913,0.7484183311462402,0.894429182610251,0.7589996457099915,0.8792955984014222,0.7636482119560242
0.45791181761485555,0.2225615233182907,0.4865929605843591,0.1998402178287506,0.49993299273390807,0.19978758692741394,0.5147831488010637,0.19957390427589417,0.4326915263425398,0.20174327492713928,0.4143173114265814,0.20245841145515442,0.3990150379270828,0.20346219837665558,0.5364886122212278,0.20886480808258057,0.37468082163149563,0.21281249821186066,0.48738595354758346,0.24509553611278534,0.42543280765224595,0.24688546359539032,0.6728603747550919,0.3442959189414978,0.26418592598629803,0.34040671586990356,0.73201642796335,0.5111883282661438,0.15109198449126382,0.49094367027282715,0.7328536625759788,0.67412269115448,0.247688557309451,0.4771234095096588,0.7590862081574291,0.7215062379837036,0.2749303025793259,0.5058556199073792,0.7220922673818523,0.7244794368743896,0.3119847986929343,0.4929436147212982,0.7067631065066534,0.7091501355171204,0.31342463276695004,0.4838276505470276,,,,,,,,,,,,,,,,,,,,,,,,,,,,,,,,,,,,,,,,,,,0.7284625278199186,0.6735081076622009,0.6842815008880608,0.6894350051879883,0.667554330745491,0.7126832008361816,0.6651879060112633,0.737921416759491,0.6597182551737435,0.7574838399887085,0.7128497235930754,0.7323170304298401,0.7133251702715003,0.763738751411438,0.7020106537580371,0.7749913930892944,0.6914647603766392,0.779788613319397,0.7450009828236784,0.7321247458457947,0.7390452109188789,0.7663622498512268,0.7213377424992178,0.7756738066673279,0.7059760213812858,0.777111828327179,0.767668551065716,0.728401243686676,0.7622827512450492,0.7593666911125183,0.7450571744178385,0.7696372866630554,0.7294003970796753,0.7726165652275085,0.7836420019399044,0.7231177687644958,0.7872093961220767,0.7483352422714233,0.7761155507794667,0.7591201663017273,0.7629949813793911,0.7640736103057861
0.5147228322096283,0.2227153778076172,0.5497748821078123,0.200121209025383,0.5660264902393874,0.20005759596824646,0.5838872743143921,0.1999356746673584,0.4846201401138995,0.2020236700773239,0.4625901716274909,0.2027302235364914,0.44392625716767664,0.20380842685699463,0.6101332319472741,0.20945759117603302,0.4149749777500691,0.21323899924755096,0.550858516994838,0.24530741572380066,0.4759391573913006,0.24697501957416534,0.7746701765301465,0.34546929597854614,0.28173910463021684,0.34171444177627563,0.8460982510988109,0.5118308067321777,0.15027065685433008,0.48994484543800354,0.8469637338123462,0.6741097569465637,0.25636251660928444,0.4981890618801117,0.8785630032630718,0.7215511202812195,0.29015525190983127,0.5363524556159973,0.8336643060033161,0.7245690226554871,0.3341188666813244,0.5273516774177551,0.8151918212903954,0.7091726660728455,0.3371345734998245,0.5176292061805725,,,,,,,,,,,,,,,,,,,,,,,,,,,,,,,,,,,,,,,,,,,0.8419106039199402,0.6736323833465576,0.7884611350344574,0.6892222762107849,0.7682459432221732,0.7126163244247437,0.7646688630025145,0.7378683090209961,0.758224142500817,0.757417619228363,0.822204109937599,0.7324598431587219,0.8233453195073832,0.7639422416687012,0.8099671010284176,0.775057315826416,0.7974695079713923,0.7796679735183716,0.8610935002950846,0.7322009801864624,0.8544433410167929,0.7664268016815186,0.8331266183893682,0.7754589319229126,0.8149105070176762,0.7767136096954346,0.8883865721653099,0.7284484505653381,0.8824158913160298,0.7593216300010681,0.8616514321716058,0.7693083882331848,0.843236360187343,0.7722806334495544,0.9074718102178005,0.7231965661048889,0.9119436868432009,0.7484782338142395,0.8986610212835815,0.7590211629867554,0.8833129550791796,0.7638494968414307
0.5467169149194577,0.22271911799907684,0.5779398472879116,0.20021836459636688,0.5923743973562076,0.20016741752624512,0.6081908520407877,0.20007148385047913,0.5201473399579887,0.20209041237831116,0.5006521116103548,0.20279279351234436,0.4841010220743076,0.20388492941856384,0.631532549074002,0.20976635813713074,0.45868259160501634,0.21337632834911346,0.5789006478793062,0.2453218251466751,0.5124016389560242,0.24697180092334747,0.7774857252832836,0.3462243676185608,0.3403403362462332,0.3418983817100525,0.8410392673308024,0.5124156475067139,0.22761098260890547,0.48827943205833435,0.8417805425031529,0.6740565299987793,0.3139835745956719,0.5270325541496277,0.8697700334312605,0.7215536832809448,0.34596443677912453,0.5666615962982178,0.829713607819255,0.7245720028877258,0.3826457847010211,0.55744868516922,0.8133670760600442,0.7091567516326904,0.3858020189509875,0.5466182231903076,0.2922771911811044,0.5277101993560791,0.3433591696943519,0.5268822908401489,0.3825649163607487,0.5439038276672363,0.39890531030984566,0.5662874579429626,0.4022556931849933,0.5839360952377319,0.33998132819501053,0.55961674451828,0.360670091407597,0.5890418291091919,0.3773009724751248,0.6058125495910645,0.3918031102419264,0.6174719333648682,0.31190379020135117,0.566111147403717,0.33749400756657844,0.5967587232589722,0.3596655005919981,0.6141780614852905,0.3775513664128702,0.6259124279022217,0.29264014753123074,0.5701640844345093,0.3198207755884821,0.5980651378631592,0.34426796042109725,0.6137233376502991,0.36252270504045114,0.6240958571434021,0.28250694607584415,0.5722976922988892,0.304268785143195,0.5938026905059814,0.32398088278151943,0.6059114933013916,0.3403191949002854,0.6133686304092407,0.8366230591134225,0.6736224293708801,0.789035073874537,0.6888829469680786,0.771200751301171,0.7124574184417725,0.7680349334529566,0.7378180623054504,0.7625543356384005,0.7574499845504761,0.8196252016096119,0.7320699691772461,0.8202899515704841,0.7641487717628479,0.8080788680829759,0.7755122780799866,0.7967660584896787,0.7799713611602783,0.8542858819398637,0.7318943738937378,0.8479812382504854,0.7669744491577148,0.8283266780952754,0.7758726477622986,0.8119896940406861,0.776751697063446,0.8783168083871529,0.7282662987709045,0.8729716013313662,0.7598984837532043,0.8535207016123326,0.7696436643600464,0.8367623263838427,0.7720780372619629,0.8950010991707594,0.723151683807373,0.8986730889384241,0.7488886117935181,0.8859371688457391,0.7594553232192993,0.8716998183608681,0.7639806866645813
0.49576982849820034,0.2226697951555252,0.5322948413132935,0.20023515820503235,0.5491362462551823,0.2001924216747284,0.567548142039786,0.20009949803352356,0.4649188525097711,0.20209252834320068,0.4422681533567292,0.2027948796749115,0.4229837533682553,0.20388460159301758,0.5949813499794723,0.20987346768379211,0.3937913214070028,0.2134133130311966,0.5334275748714329,0.24528586864471436,0.45592308664894593,0.24690720438957214,0.7654221278236244,0.34625130891799927,0.25584584796463083,0.3419173061847687,0.8399278323095681,0.5128293633460999,0.12960277235019352,0.48536959290504456,0.8396149215628859,0.6740564703941345,0.23024486540456887,0.5568612217903137,0.8721722729379526,0.7215806841850281,0.25974213866112605,0.5953378677368164,0.8255079317510101,0.7245756983757019,0.3023321176830913,0.5888051986694336,0.8064968896542797,0.7091532349586487,0.3085735247439184,0.5780998468399048,0.1890670821843058,0.5406278371810913,0.2547204312665488,0.5494089722633362,0.2966437816213439,0.5708720088005066,0.31288282083268076,0.5973087549209595,0.3108942237009731,0.6168743371963501,0.24458407144935124,0.5805227756500244,0.26323311712107167,0.6113102436065674,0.27540394032987947,0.6291489601135254,0.286512522700872,0.6427174806594849,0.20591944151096625,0.5864256620407104,0.226337202217013,0.616773784160614,0.24393178382789354,0.6346985697746277,0.25889852560182525,0.6474390029907227,0.17987806759670816,0.5909768342971802,0.19652016127063412,0.6175628304481506,0.21290010230136158,0.633706271648407,0.2274629534001262,0.6451212763786316,0.1656017865484192,0.5933696031570435,0.1751715705334026,0.6147870421409607,0.18715190451694524,0.6271105408668518,0.2001971970291815,0.6362544298171997,0.8326442535127975,0.6734867095947266,0.7774612475513994,0.6890023946762085,0.7575617295905593,0.71233069896698,0.7538668406934719,0.7375919222831726,0.7470696031320577,0.7572305202484131,0.8135398900923638,0.7320637702941895,0.8145762919615193,0.7644547820091248,0.8004053318874276,0.7755944728851318,0.7873460328145101,0.7798474431037903,0.853806452466396,0.7318241000175476,0.8460571868849451,0.7668934464454651,0.8233144625376959,0.7755577564239502,0.8046962731101032,0.7764531373977661,0.8819582178743454,0.7281018495559692,0.8753757197029579,0.7595950365066528,0.8529304361696982,0.7691640257835388,0.8336680285720253,0.7715427875518799,0.9016182445528504,0.7228423357009888,0.9061847178199722,0.7485520243644714,0.8911757055002234,0.7590031027793884,0.8744756204840142,0.7634136080741882
0.4596329653182713,0.22264237701892853,0.48851199353735536,0.20027892291545868,0.5018073488702971,0.20024876296520233,0.5161979589039459,0.20017902553081512,0.435598733650888,0.2021043300628662,0.41797858691493883,0.2028033286333084,0.4028017107471977,0.20388856530189514,0.5379088783427156,0.21000678837299347,0.38029672673543286,0.2134445160627365,0.48949833222582195,0.2452426254749298,0.4287040289638754,0.24682478606700897,0.6718207877268892,0.34624841809272766,0.2722372321122683,0.341900497674942,0.7302217894093963,0.512925922870636,0.17834240577714358,0.4837471544742584,0.7290702417757683,0.6740866303443909,0.25058974871432216,0.5741779208183289,0.7543709333676724,0.7216664552688599,0.2672367944480097,0.6168063282966614,0.7179538620186364,0.7246338129043579,0.3081424571835639,0.6120926141738892,0.703155242904236,0.7091839909553528,0.3114050553348266,0.6003788709640503,0.2194418335061948,0.556050181388855,0.27288129141930767,0.5706436634063721,0.30198021595552343,0.5954241752624512,0.3093230359805027,0.621906578540802,0.30771724566405584,0.6407901644706726,0.26141588237144614,0.6039852499961853,0.27417789656983965,0.6338381767272949,0.2819849858419414,0.6513262987136841,0.28985259493191573,0.6653537750244141,0.22984151051491025,0.6080498695373535,0.23960486112238918,0.6380997896194458,0.2469755654814288,0.6569781303405762,0.2531229306957637,0.6709627509117126,0.2087140977987574,0.6105757355690002,0.2176173920015167,0.6369674801826477,0.2252094671724386,0.6548068523406982,0.23245873869713304,0.6682096719741821,0.19675440534396213,0.6114278435707092,0.2013280259277621,0.6340227127075195,0.20813599755689255,0.6474191546440125,0.21525875743199,0.6577820777893066,0.7240414938122992,0.6733042001724243,0.6802717397067304,0.6891034245491028,0.6646462894693226,0.7125458121299744,0.662489529614421,0.7377936840057373,0.6566018393089326,0.7573075890541077,0.7083797382374779,0.7316465973854065,0.709585285145526,0.7644478678703308,0.6981650284035812,0.7755995392799377,0.6876464415848715,0.7798445820808411,0.740097430983767,0.7313374876976013,0.7343880562434449,0.7667385339736938,0.7164895904316922,0.7756556272506714,0.7017797686678248,0.7765778303146362,0.7623263895782293,0.7276723980903625,0.7572479675249417,0.7595316171646118,0.7396575072833035,0.7693089842796326,0.7245525864593891,0.7718150615692139,0.7779449588401345,0.7224424481391907,0.7815046513003576,0.7485247254371643,0.7699910754239782,0.7591605186462402,0.7571900362645202,0.7637135982513428
0.4237008073293968,0.2225620001554489,0.454400271865354,0.20028845965862274,0.46853556659204865,0.20026478171348572,0.48374712391905916,0.20020589232444763,0.3982883423358765,0.20210722088813782,0.37973013139910494,0.20280654728412628,0.363631909620977,0.2038905918598175,0.5069883328300293,0.21010756492614746,0.3401599986810427,0.2134653776884079,0.45555867285156465,0.245144322514534,0.39112523684838096,0.24671301245689392,0.6492943351184499,0.34619349241256714,0.22552349797051618,0.3418280780315399,0.7109241396534203,0.5129252672195435,0.13247251761321926,0.4836901128292084,0.708705154508796,0.6740725636482239,0.2014574712055784,0.5895794630050659,0.7353772366245241,0.7216709852218628,0.21208055213844254,0.6371897459030151,0.6968244336023709,0.7246129512786865,0.2602748685072883,0.6324573755264282,0.6811475179201381,0.7091130018234253,0.26533203319122023,0.616976797580719,0.17383150158473595,0.5734923481941223,0.22902180235018124,0.5927976965904236,0.255033759625552,0.6195897459983826,0.259178938480958,0.6469171643257141,0.2605865295703229,0.6673819422721863,0.21257244590971616,0.6260547637939453,0.22202051087037147,0.6565154790878296,0.22865100026182955,0.6744953393936157,0.23587844979739733,0.6892064809799194,0.17806287718378588,0.6283736824989319,0.18853139365400318,0.6588003635406494,0.19686351429412993,0.6785580515861511,0.20392921919564871,0.6935898065567017,0.15528439042984207,0.6294642686843872,0.164618682626251,0.657241940498352,0.17328799382773105,0.676383912563324,0.18187797627560395,0.6912449598312378,0.14216840254770322,0.6295719146728516,0.14659638303326178,0.6533670425415039,0.15359594017215317,0.6684417128562927,0.16092585456917938,0.6807920932769775,0.7047391330702596,0.6733315587043762,0.6582419386636947,0.688484251499176,0.641338982699434,0.711886465549469,0.6388096892776916,0.7373467683792114,0.6327940237418025,0.757043182849884,0.6882794052711027,0.7319737076759338,0.6887813235328846,0.7646576166152954,0.6765073234798054,0.7755677103996277,0.6651818691618119,0.7793309092521667,0.7219881247345573,0.7316014170646667,0.7155437301236425,0.7669333815574646,0.6962262941064367,0.7760063409805298,0.6803318920730379,0.7767484188079834,0.745319449999647,0.7276947498321533,0.7402135503359084,0.7595142722129822,0.7211879692084492,0.7695167064666748,0.7048574844945306,0.7719895839691162,0.7614826748753962,0.7223598957061768,0.7650213547116413,0.7484302520751953,0.7527316068430232,0.7592141628265381,0.7389399891127166,0.7638009786605835
0.5520610333382163,0.22252599895000458,0.5840043476184078,0.2003026306629181,0.5987056912015896,0.20029127597808838,0.6144750934237687,0.20024816691875458,0.5257287176959338,0.20210972428321838,0.5064816255178641,0.2028087079524994,0.48976183762655656,0.20388798415660858,0.6389594249290875,0.21025319397449493,0.46562595206047225,0.21346864104270935,0.5852633907837769,0.24508412182331085,0.5182757842047019,0.24665150046348572,0.7873161618055561,0.3460124731063843,0.3462522693054319,0.34180572628974915,0.8508279508260578,0.5129223465919495,0.253374286862435,0.4842302203178406,0.8471463135931365,0.6738326549530029,0.3203922658864562,0.6047645211219788,0.8747625896881654,0.721479058265686,0.3257140511541129,0.6537149548530579,0.8351960257761427,0.7243849039077759,0.37837551376629464,0.6502147316932678,0.8189530510632317,0.7088439464569092,0.386657775238559,0.6335691809654236,0.29251428625868403,0.5917807817459106,0.34903825248311693,0.6119614839553833,0.375064719225135,0.6385821104049683,0.37938171127853715,0.6661418080329895,0.37941307393360313,0.6873338222503662,0.3299530866653591,0.6499418616294861,0.3410704817448894,0.6802482008934021,0.3478886365378919,0.6974755525588989,0.354608670509936,0.7115409970283508,0.29391185081789784,0.6513855457305908,0.3077269023324302,0.6819851994514465,0.3185070858566302,0.7003070116043091,0.3268759096971822,0.7140070199966431,0.27017521797210214,0.6509395837783813,0.2823026273737912,0.6794695258140564,0.29261258711784605,0.6975919604301453,0.30229514973001875,0.7111228704452515,0.25689786855642166,0.6492949724197388,0.2632827794162971,0.6741800904273987,0.2725813565478459,0.6890974044799805,0.2818837864969516,0.7007327079772949,0.8449445903937527,0.6731222867965698,0.7964093873620863,0.6885637640953064,0.7787106237349195,0.7119119167327881,0.7765354021591045,0.7372241020202637,0.7707737475524287,0.7569696307182312,0.8285910722238354,0.7321770787239075,0.8287601641046504,0.7648214101791382,0.8150108625420702,0.775606632232666,0.8026565689962128,0.7794173955917358,0.8635633492412815,0.7317250370979309,0.856236442492565,0.7671158313751221,0.8351317161298191,0.7758173942565918,0.8182697700729542,0.776304304599762,0.8876484280263118,0.7277706265449524,0.88203829357178,0.7596583962440491,0.8612358153452266,0.7693126201629639,0.8437286843819647,0.7714674472808838,0.904287126710721,0.7223892211914062,0.9079478795120254,0.7487086653709412,0.8942737619032658,0.7593317031860352,0.8793590370411852,0.763623833656311
0.5168047551353743,0.2224847376346588,0.5507348585206042,0.20031127333641052,0.5663125092673706,0.20030531287193298,0.5829812796587384,0.20027188956737518,0.489039671999985,0.20211195945739746,0.4687214442537148,0.20281007885932922,0.45101168035934663,0.20388057827949524,0.6091888719658184,0.21031856536865234,0.425653908983311,0.21346025168895721,0.5521045667667769,0.24503067135810852,0.4811230173475652,0.24660494923591614,0.7666246461359233,0.34570595622062683,0.2988312283844845,0.3417917788028717,0.8336606663927381,0.512868344783783,0.2046642816271673,0.48772892355918884,0.8278415393738064,0.6733993291854858,0.2730343961921633,0.6200873255729675,0.856611430727606,0.7209934592247009,0.2742071803106187,0.6705698370933533,0.8156441274645914,0.7238916754722595,0.32970626532642283,0.6667932271957397,0.7985754906336152,0.7083872556686401,0.34104479093855933,0.6512803435325623,0.23930708275973145,0.6114314794540405,0.30015248643907955,0.6302090883255005,0.32756162064342087,0.6554390788078308,0.3325561421612014,0.6827378273010254,0.3323905659168713,0.7037859559059143,0.2819636674665102,0.6698623299598694,0.29563427753582594,0.7040913701057434,0.3054999858855943,0.7207621932029724,0.31450178008821467,0.7337850332260132,0.24238843114656763,0.6724610328674316,0.2606949475184883,0.7083559036254883,0.27629080517686955,0.7247018218040466,0.2882404812008481,0.7362695336341858,0.2155709453901629,0.6721944808959961,0.23083968807584865,0.7057914137840271,0.2480371064301927,0.7192327380180359,0.26323111698075635,0.7268661260604858,0.20142398461654695,0.6701776385307312,0.2128355664137824,0.6974051594734192,0.22984318342800747,0.7090757489204407,0.24550497448388944,0.7152458429336548,0.8282600698023088,0.6725977659225464,0.7766757755018866,0.6877745389938354,0.7576451344506558,0.7113029360771179,0.7554172636130964,0.7367846965789795,0.750120423565008,0.7566863894462585,0.8108756687510665,0.7319608330726624,0.8115841385335696,0.7646849155426025,0.796697283914517,0.7753922343254089,0.7833084238979526,0.7791211009025574,0.8477496926212365,0.7315089702606201,0.8400606624537756,0.7670847773551941,0.817273836502988,0.7758323550224304,0.7991495796960822,0.7764719724655151,0.8730320081564581,0.7275389432907104,0.8666814526211026,0.75949627161026,0.8442600599549029,0.7690717577934265,0.8256827633849277,0.7712855339050293,0.8905192515954832,0.722059428691864,0.8941056322858789,0.7484968304634094,0.8795136686913498,0.7590484619140625,0.8638933573985402,0.7632460594177246
0.48615028582721864,0.2224813997745514,0.5183097914653346,0.2003214806318283,0.5330515942038417,0.200313538312912,0.5487734376933878,0.20027825236320496,0.459946614283081,0.20212428271770477,0.44083732927295355,0.2028246819972992,0.42406089781174,0.20389103889465332,0.5739216586172105,0.21032381057739258,0.4003602372622515,0.21346375346183777,0.5196803245041784,0.24499809741973877,0.45258495044309527,0.24658620357513428,0.7230454299280977,0.3452301621437073,0.2801938198096605,0.3417808413505554,0.7855701320173618,0.5127948522567749,0.19472507192222357,0.4921443462371826,0.7796706935787191,0.6731306910514832,0.25664379928025577,0.6346792578697205,0.8069674847341162,0.7205590009689331,0.2533962146716635,0.6850968599319458,0.7683248510161881,0.7235183119773865,0.3028869426824684,0.68172687292099,0.7522232983469319,0.7080102562904358,0.3199140814068851,0.6678947806358337,0.22174775646985184,0.6302704811096191,0.2807370009080872,0.6445199251174927,0.3074851834673165,0.6687737703323364,0.31157762459513316,0.6960961222648621,0.31555342843705814,0.7168261408805847,0.25973862319083896,0.687395453453064,0.2745920310981268,0.721840500831604,0.2877331173836606,0.7354052662849426,0.2990658045543159,0.7449748516082764,0.22333887595662086,0.6899764537811279,0.24277298412625603,0.7267784476280212,0.2616954697604885,0.7389367818832397,0.27638044551933627,0.7448767423629761,0.19891646603865645,0.6885474920272827,0.21480002020593028,0.721797525882721,0.23523868272567322,0.7314419746398926,0.2524190134724228,0.7348047494888306,0.18547747842015813,0.6857260465621948,0.19523716172564368,0.7108238339424133,0.21459776504176625,0.7193322777748108,0.23168909920304043,0.7221276760101318,0.7808075207214559,0.6730451583862305,0.7327551874431045,0.6882774233818054,0.7152976229872388,0.7116489410400391,0.7127053638012587,0.7369197010993958,0.7081394363970012,0.7565810084342957,0.7633804365178046,0.731995165348053,0.7645035331695674,0.7642953395843506,0.7516019037711246,0.7750581502914429,0.7397762128983768,0.7789896726608276,0.7978725800426725,0.7315555214881897,0.7916876049016806,0.7667017579078674,0.7716898277282387,0.7759787440299988,0.7554301946943133,0.777024507522583,0.8221073279360944,0.7275427579879761,0.8174172510139726,0.7591447830200195,0.7977733035608134,0.7691599130630493,0.7810919072256083,0.7716714143753052,0.8392339947482258,0.7219982147216797,0.8441344141655827,0.7482889294624329,0.8311578062221877,0.7590046525001526,0.8165026277853751,0.7631770968437195
0.4703591571434999,0.22247841954231262,0.5028495751688085,0.2003336399793625,0.517673237351265,0.20032739639282227,0.5334350786166046,0.20029577612876892,0.4441176896644103,0.20213346183300018,0.42499809031788083,0.20283345878124237,0.40810423250810646,0.20389430224895477,0.5590531365513803,0.2103518545627594,0.384574866967348,0.21346554160118103,0.5042528055126839,0.2449837476015091,0.43671570188177644,0.24657702445983887,0.7087406548515498,0.3449897766113281,0.26323665431634274,0.3418133854866028,0.7712445106317635,0.5127918124198914,0.18025222656613676,0.4971234202384949,0.765089882778889,0.6730292439460754,0.24069053795276413,0.6453389525413513,0.7926155234407596,0.7205411195755005,0.23340061245258995,0.696022629737854,0.7539926881050459,0.7234729528427124,0.2788008722322095,0.6935568451881409,0.7378777857490226,0.70790034532547,0.29994747202768274,0.6804212927818298,0.20286796721138517,0.6430209875106812,0.26100867730291055,0.6557868123054504,0.28645838942146873,0.6790610551834106,0.28997410916915023,0.7048752307891846,0.29382309522210026,0.7245555520057678,0.2407749091692878,0.6993017792701721,0.25512003511853826,0.7330657839775085,0.2700704704622329,0.7452998161315918,0.28314577354672654,0.7531070709228516,0.20469085421727737,0.7022203803062439,0.2265089263056226,0.739068329334259,0.2501067262775614,0.7486347556114197,0.26737967766448534,0.751930296421051,0.1806748758824148,0.7010638117790222,0.2009676678115287,0.733462929725647,0.2235878433540559,0.740851104259491,0.23977857163672417,0.7422550320625305,0.16791102517755008,0.6983411312103271,0.1805952280117734,0.7227194905281067,0.20155311030840692,0.7301838994026184,0.2180443659798465,0.7325564026832581,0.7667502650527845,0.673385500907898,0.7186439607555073,0.688557505607605,0.701199382449501,0.7116950154304504,0.6992165867490435,0.7368521094322205,0.6948592100324252,0.7564163208007812,0.7501504805942781,0.7320628762245178,0.7508462186259196,0.7639877200126648,0.7384012478522238,0.7748965620994568,0.7269558957139566,0.7791888117790222,0.7852137159385029,0.7316979765892029,0.778347701717247,0.7666354775428772,0.7581419491542392,0.7757115364074707,0.7415797351263387,0.7767099738121033,0.8094043138467091,0.7277464270591736,0.8039667692221351,0.7594726085662842,0.7837354889577175,0.7693938612937927,0.7664771763374211,0.77182537317276,0.8262332707206961,0.7223005294799805,0.8307447511037341,0.7484309673309326,0.8174195794164589,0.7591351270675659,0.8023052331538255,0.763417661190033
0.4593920994218575,0.22246089577674866,0.4901563984269601,0.20033812522888184,0.5042250115427336,0.2003357708454132,0.5191344351935523,0.20030789077281952,0.43457963328516674,0.20213548839092255,0.4164985255940114,0.20283488929271698,0.4005287494648921,0.20388779044151306,0.5437910984700317,0.2104082852602005,0.37836687480084824,0.21346330642700195,0.4915618622506205,0.2449420690536499,0.4275280796812798,0.24653656780719757,0.6851580448388493,0.3449852466583252,0.2626641123265335,0.3419739007949829,0.743947089340715,0.5129042863845825,0.18850096239890707,0.504652202129364,0.7392109687048901,0.6729736924171448,0.24089442049110282,0.6535105109214783,0.7659088505520569,0.7205691337585449,0.23006378687904622,0.7039503455162048,0.7290181008590582,0.7234110832214355,0.26874233263875713,0.7022457122802734,0.7137674174759194,0.7078248858451843,0.28795070180287397,0.688972532749176,0.20457923130948613,0.6523190140724182,0.25785075491949033,0.6646097898483276,0.2797727388528042,0.6881201863288879,0.28361825066463864,0.7136742472648621,0.2888156786533621,0.7330121397972107,0.23965433743264597,0.7082054615020752,0.25235344647481883,0.7427899241447449,0.26722660360993744,0.7540913820266724,0.2792172885333986,0.7607442736625671,0.20638008195844743,0.7110170125961304,0.2272498938305358,0.7486202120780945,0.25093329198549424,0.7549258470535278,0.26635821825233463,0.7553654909133911,0.18385087248265627,0.7097680568695068,0.20315655452489673,0.7428107261657715,0.2257661025133805,0.7469971179962158,0.23990837346790184,0.7457342147827148,0.17160436205770405,0.7069064378738403,0.1849886662426021,0.7313591837882996,0.2062009308245007,0.737018346786499,0.22100561105168576,0.7375538945198059,0.742011943511436,0.673315703868866,0.6961275751158285,0.6883679628372192,0.6794852664479148,0.7114786505699158,0.6769286134313481,0.7366848587989807,0.6727147442556319,0.7563945055007935,0.7252527912196317,0.7317787408828735,0.7257747699991713,0.764014482498169,0.7139891067786571,0.7750740647315979,0.7029182756702301,0.7789345383644104,0.7582498668952659,0.7314449548721313,0.7519671702412336,0.7666861414909363,0.7330230967187877,0.7759259343147278,0.717251252597817,0.776766836643219,0.7810439173738664,0.727613091468811,0.7759621059464723,0.7595204710960388,0.7569425680765078,0.7695672512054443,0.7404935217619957,0.7718876600265503,0.796975415968088,0.7222639918327332,0.8011126619038665,0.748360276222229,0.7886593403097321,0.7590401768684387,0.7744251419183282,0.7631782293319702
0.5172108267498559,0.2224576771259308,0.5464014953581272,0.20035485923290253,0.559708752486458,0.20035810768604279,0.5737718968700973,0.20034131407737732,0.49386704160080974,0.20214159786701202,0.4768313025500265,0.2028392255306244,0.4617305100604,0.20388825237751007,0.5973406660800689,0.21046307682991028,0.4409307754464348,0.21346132457256317,0.5477399478612712,0.2449268400669098,0.48713131991061037,0.24652846157550812,0.7308312303413099,0.344978392124176,0.33125445556944644,0.34203818440437317,0.7861984116372464,0.5131049752235413,0.2642603206084971,0.5077310800552368,0.7819702296286605,0.6729041934013367,0.3079145627668934,0.66114342212677,0.8075089765182257,0.7205780744552612,0.29450697316987134,0.7106622457504272,0.7727607448173239,0.7233914732933044,0.3290716533906987,0.7100350260734558,0.758348318630206,0.7078196406364441,0.34531592720913834,0.6952846646308899,0.2747711037064535,0.6601105332374573,0.32488676971582825,0.6731178760528564,0.3438083988946955,0.6962730288505554,0.345597688059817,0.7214787602424622,0.3490937550780392,0.7405506372451782,0.30529893809175546,0.7161659002304077,0.3169453534892335,0.7505512237548828,0.33030649227356224,0.7606391310691833,0.34206150735501,0.766031801700592,0.27360385011269556,0.7178994417190552,0.2923850974725924,0.7538667321205139,0.3133286880660342,0.7596099376678467,0.32753626745590103,0.7593119740486145,0.2528968401992762,0.7158052921295166,0.2690002014242237,0.7476620674133301,0.288886553506602,0.752654492855072,0.30242693323852543,0.7517001628875732,0.2420091267704798,0.7124074697494507,0.25246554569014573,0.7362493872642517,0.2710703507317445,0.7429421544075012,0.2852096371331434,0.7439497709274292,0.7843162530148912,0.6730930805206299,0.7418597598591401,0.6884249448776245,0.726284776628578,0.7115784287452698,0.7241554379198415,0.7366185784339905,0.7201937368893379,0.7561860084533691,0.7700913671587993,0.732079029083252,0.7708478977771644,0.7639163732528687,0.7597366317702436,0.7748971581459045,0.7495372685598795,0.7790293097496033,0.801196040860732,0.7316413521766663,0.7951365259112698,0.7665416598320007,0.777010093470475,0.7755781412124634,0.7622351965372163,0.7764164209365845,0.8226951754536281,0.7276087403297424,0.8179729549538078,0.7592312097549438,0.7997132176876662,0.7689225673675537,0.784124852505525,0.7710130214691162,0.837635609701374,0.7220519781112671,0.8414548701511259,0.748089611530304,0.8293994688585081,0.7586524486541748,0.8158035990629449,0.7627283334732056
0.49342656493148873,0.22245319187641144,0.5231270306151782,0.20036013424396515,0.5366381740903509,0.20036379992961884,0.5508647616072563,0.20035120844841003,0.4698888856546024,0.20214609801769257,0.4527042635290787,0.20284442603588104,0.4374222186382038,0.2038925439119339,0.5749296324509758,0.2104836255311966,0.41650177937202426,0.21346113085746765,0.524515990774094,0.24489279091358185,0.46303028450614686,0.24650950729846954,0.7100881384596116,0.34496045112609863,0.30495914431323157,0.3422412574291229,0.7658488275205565,0.5136064887046814,0.24146897074554205,0.5121923089027405,0.7616518683153276,0.6729596853256226,0.278549434757432,0.6645046472549438,0.788249276949507,0.7206910848617554,0.26340274414472276,0.7132230401039124,0.7529001302257942,0.7234503030776978,0.2962874534026325,0.7127317190170288,0.7382745763709382,0.7079122066497803,0.31122714116424616,0.6976862549781799,0.24501448458890196,0.6661333441734314,0.2944827296937571,0.679131805896759,0.31314417181387955,0.7024152874946594,0.31384773410680744,0.7274079918861389,0.31660296516733244,0.7464866042137146,0.27543143600189063,0.7223672866821289,0.2843432684492929,0.7560422420501709,0.2978753758867404,0.7656125426292419,0.3094103729428837,0.770205557346344,0.24407087841738012,0.7235011458396912,0.2595707987733254,0.7587225437164307,0.28068310386815054,0.762967586517334,0.2939217483864871,0.7614625096321106,0.22333872417883646,0.7208614349365234,0.23701549597707475,0.7521219253540039,0.25681859511729044,0.7553724646568298,0.2691101177685683,0.7533511519432068,0.21151931386431577,0.7171205878257751,0.21882647544470585,0.741357147693634,0.23667730559807934,0.7470548152923584,0.24930226592883073,0.7470418214797974,0.765583587823949,0.672767698764801,0.7224361726613694,0.6879910230636597,0.7068822798683874,0.7112095355987549,0.7048148555763477,0.7365187406539917,0.699943598988261,0.7561120986938477,0.7504717611919794,0.7315593957901001,0.7518115016133805,0.7639189958572388,0.7407809417612908,0.7748241424560547,0.7304769589868004,0.7787391543388367,0.7820070944184985,0.7310028076171875,0.7767623928378391,0.7661504745483398,0.7591109970243363,0.7755813598632812,0.7442250863833406,0.7765905857086182,0.8038742649188992,0.7269471883773804,0.7995344643061209,0.758662223815918,0.7819085898379959,0.7689613103866577,0.7663332773444288,0.7715730667114258,0.8191818637078886,0.7214539051055908,0.8232805136490337,0.7474860548973083,0.811786142407982,0.7583920359611511,0.7983164711190486,0.7629370093345642
0.5008484457997019,0.22244767844676971,0.5321585207717939,0.2003645896911621,0.5463696726642007,0.20036914944648743,0.5613006058224678,0.20036089420318604,0.4761988251810001,0.20214876532554626,0.4581737416186409,0.2028467208147049,0.4421228449410132,0.20389099419116974,0.5867130332798015,0.21049483120441437,0.420259053266875,0.21345746517181396,0.5336368370759713,0.24486005306243896,0.4688807869743346,0.24648182094097137,0.728566740511264,0.3449094891548157,0.30247085776625543,0.34311190247535706,0.7872122707448501,0.5135646462440491,0.23797224343879617,0.5169882774353027,0.7839198404573413,0.672914981842041,0.2715877236048363,0.6703531742095947,0.8125914123341301,0.7206266522407532,0.255540210193058,0.7177809476852417,0.7754540891164695,0.7231756448745728,0.2867721966553936,0.7186877131462097,0.760293230578053,0.7077499628067017,0.3014395084726272,0.7034889459609985,0.23691892000434808,0.6692094206809998,0.2867291027338168,0.6832351088523865,0.3051526256551479,0.7072035670280457,0.3063942158730745,0.7319528460502625,0.308189773155838,0.7505409717559814,0.26618198243994,0.7262149453163147,0.2723654646573692,0.7597513794898987,0.2859498238331705,0.7687733769416809,0.29774515303708954,0.7727952003479004,0.23329711682535878,0.7263531684875488,0.24480674802421692,0.7613080739974976,0.26592591364186335,0.7653189301490784,0.27961676025591464,0.7633131146430969,0.21179680409641527,0.7230993509292603,0.22298697298052353,0.7541109919548035,0.24325068495430827,0.7574476599693298,0.25663956654769954,0.7551915645599365,0.1999313319313255,0.7186269760131836,0.2049017937313342,0.7425436973571777,0.22280554107754885,0.7482172846794128,0.23630101263239767,0.7478683590888977,0.787384236338327,0.6725709438323975,0.7425556904384907,0.6879020929336548,0.726229484774168,0.7113773822784424,0.7245425679170131,0.7364127039909363,0.7196024529864415,0.755751371383667,0.7726176137073724,0.7314795255661011,0.7742812919708142,0.7636482119560242,0.762360576884052,0.774466872215271,0.7512382441889445,0.7784346342086792,0.8055423266752911,0.7308865189552307,0.8001406522642946,0.7658997774124146,0.7813249097252501,0.7754494547843933,0.7654232868378266,0.7765542268753052,0.8283953647791538,0.7268334627151489,0.8237773094179235,0.7584710717201233,0.8050765979177589,0.768744707107544,0.7885415866540436,0.7713910341262817,0.8441925506924786,0.7212094068527222,0.8485330415564475,0.7472067475318909,0.8364337310421198,0.7580466270446777,0.822279308657895,0.7624966502189636
0.47683573008644375,0.2224416434764862,0.5072729334992817,0.2003694325685501,0.5210665970557223,0.2003745287656784,0.5355250617624724,0.2003706991672516,0.45301190069895453,0.2021498680114746,0.43555494305733095,0.20284613966941833,0.419988940032527,0.20388250052928925,0.5602921166911756,0.21053192019462585,0.3988743508379332,0.2134503871202469,0.5087046600650706,0.2448396235704422,0.44578273457402645,0.2464580088853836,0.6976564722456371,0.34482342004776,0.2844237795816601,0.3435925543308258,0.754570881543872,0.5134426355361938,0.22301355150607596,0.5192130208015442,0.7513744980095638,0.67268967628479,0.25347035853920596,0.6719402074813843,0.7794462199833101,0.7203909158706665,0.2378599824549572,0.7188338041305542,0.7436711362045983,0.72282874584198,0.2676813937682158,0.7195483446121216,0.7290453122124496,0.7075063586235046,0.2817593098188912,0.7035393714904785,0.220006647558442,0.6721050143241882,0.26642921252206114,0.6869537234306335,0.2823634125975869,0.7106518149375916,0.2820413105459302,0.7348700761795044,0.2841808867525348,0.7528907060623169,0.2439558805101981,0.7287943959236145,0.2484504409470556,0.7607847452163696,0.2597377220435554,0.7704014182090759,0.2708609883912266,0.7754479050636292,0.21250286517830788,0.7285303473472595,0.22186359386776175,0.7623465657234192,0.23979878712468564,0.7683133482933044,0.2526938631131447,0.7682089805603027,0.1918267248595196,0.7251286506652832,0.2004981147590755,0.7546722888946533,0.2182118566465685,0.7600117325782776,0.23117932032752492,0.7595192790031433,0.18116584897122012,0.720537543296814,0.18457838559920453,0.7434271574020386,0.20033477885182796,0.7500708103179932,0.2128817250089858,0.7507784962654114,0.7560989704999479,0.6722936034202576,0.7124093223990026,0.6871590614318848,0.696662118343391,0.7106816172599792,0.694775402347175,0.7360832095146179,0.6897774725994062,0.7557794451713562,0.7410416019475863,0.730832576751709,0.7429152709397565,0.7638114094734192,0.7310202444999797,0.774785041809082,0.7200137389042507,0.7785156965255737,0.7732477009495471,0.7303716540336609,0.767748024487817,0.7660852670669556,0.7490702778838848,0.7754812836647034,0.7337714404140069,0.7764533162117004,0.7956266243103077,0.7265388369560242,0.7906633982687317,0.7588527202606201,0.7721038032141272,0.7689434289932251,0.756127316275235,0.7713198661804199,0.8112107077011244,0.7211573123931885,0.8152297147747823,0.747553288936615,0.8030146062509802,0.7582423090934753,0.7892378309485074,0.7623959183692932
0.47822162410285063,0.22237101197242737,0.510634754569135,0.20035898685455322,0.525325239186723,0.2003745138645172,0.5406950810463853,0.2003728598356247,0.45290029642730245,0.2021011859178543,0.4343252169809401,0.20278581976890564,0.4177574573326066,0.20376548171043396,0.5671855097723999,0.21054084599018097,0.39548535574534543,0.21338947117328644,0.5121559546418427,0.2447706162929535,0.44504180654806413,0.24638232588768005,0.7130309273923002,0.34446215629577637,0.27345741206764446,0.34388306736946106,0.7736973039237935,0.5128957033157349,0.2086541974885851,0.5207991600036621,0.7703965031368929,0.6713610291481018,0.2366875356004605,0.6729878187179565,0.8004331851110009,0.7192972302436829,0.21936804260445153,0.7200453877449036,0.7623295053326219,0.7218478322029114,0.24973490317601263,0.7214509844779968,0.7467821889583012,0.706682562828064,0.26429794673648477,0.7057273387908936,0.2040483045728767,0.6743471622467041,0.2522696853945892,0.6888121962547302,0.2675441399804136,0.7119668126106262,0.2673353857584731,0.7356646656990051,0.2696045895399678,0.7535842657089233,0.2263381043522222,0.7306110262870789,0.23050629247761548,0.7631121277809143,0.24273035986115923,0.7720385193824768,0.25408162137424023,0.7759174704551697,0.19331074458332279,0.7300618886947632,0.20447200562472356,0.7645103335380554,0.2255746191235206,0.7687917947769165,0.2393630940944431,0.7671855092048645,0.17189350437753237,0.7262609601020813,0.1816563267620943,0.7564274668693542,0.20198781982804997,0.7599740028381348,0.2157788281385949,0.7578513026237488,0.16102684962305353,0.7212145328521729,0.16314032338831552,0.744167685508728,0.18095091482570902,0.750123918056488,0.19490161149564664,0.7499286532402039,0.776149154455009,0.6723161935806274,0.7302000033482291,0.6872304677963257,0.7131092498089595,0.7105084657669067,0.7110787077310586,0.7358628511428833,0.7059004208017774,0.7556291222572327,0.7602727854119562,0.7309373617172241,0.7617911002923162,0.7638625502586365,0.7490174389518012,0.7748167514801025,0.7371212983082684,0.7784505486488342,0.794384344168699,0.7303870320320129,0.7886867929873701,0.7661377191543579,0.7692192039179263,0.775595486164093,0.7531216602517288,0.7766184210777283,0.8182958331591075,0.7263827919960022,0.8133453356842073,0.7585479617118835,0.794057613727954,0.7685937881469727,0.7773556574501783,0.7709131240844727,0.8352388085537369,0.7207944393157959,0.8393576669270384,0.7470657825469971,0.8264288385346511,0.7576363682746887,0.8119478470297268,0.7616754770278931
0.4486740344260066,0.22232086956501007,0.48025964534153714,0.2003563940525055,0.4945609611487407,0.20037885010242462,0.5095220462944399,0.20037841796875,0.4240792502576126,0.20206809043884277,0.4060293724569377,0.20274591445922852,0.3899281356027978,0.20368483662605286,0.535440061495953,0.210547536611557,0.36832634796094843,0.21333304047584534,0.48169747616855396,0.24473342299461365,0.4163521745362559,0.24632856249809265,0.676949678477287,0.34425002336502075,0.24915343424486006,0.34401756525039673,0.7360656676253593,0.5123854875564575,0.18685600165378613,0.5219337940216064,0.7333549995886736,0.6703504920005798,0.21085723957460928,0.6748988032341003,0.7629080710212057,0.71869957447052,0.19398190709593743,0.7216155529022217,0.7253173556907755,0.72120201587677,0.22294638961088542,0.7234314680099487,0.7101727467701233,0.7059758901596069,0.23658574801670273,0.7078546285629272,0.1796641124400887,0.6746430397033691,0.2264060247373433,0.689403772354126,0.24191976670534432,0.7122880816459656,0.24235341341948455,0.7363178133964539,0.2435139072751118,0.7546493411064148,0.20018403973644347,0.730736255645752,0.20587502037260463,0.7634890079498291,0.2184828096909296,0.7721987962722778,0.22968781137697075,0.7753076553344727,0.1685485136362201,0.7301156520843506,0.17881001576611746,0.7645416259765625,0.20029761387586115,0.7691085338592529,0.21508430357147917,0.7674187421798706,0.14867158622761303,0.7262784838676453,0.15739985456961308,0.7565887570381165,0.17837175360681728,0.7602792978286743,0.19338514713099597,0.7580907344818115,0.1387119171169357,0.7211636304855347,0.14081119251809876,0.7441351413726807,0.15859210952563738,0.7501493096351624,0.17345285147471073,0.7499819397926331,0.7395014050024334,0.6717692613601685,0.6952403799498639,0.6870009303092957,0.6781277452130048,0.7103517055511475,0.675953220961493,0.7356253266334534,0.6717987733018065,0.7556481957435608,0.7239654747091819,0.7311822772026062,0.725446519778289,0.7638713121414185,0.7132393852883313,0.7747877836227417,0.701619882438443,0.7784538269042969,0.7566488436146469,0.7305710315704346,0.7513953729911672,0.7659656405448914,0.7327356410366896,0.7756461501121521,0.7169063051851954,0.7767459154129028,0.7796507863756147,0.7263864278793335,0.775412440179465,0.7581862211227417,0.7572835186068654,0.7685337662696838,0.7411466231653044,0.7712537050247192,0.796009906954507,0.7206017374992371,0.8004355376587032,0.7465642094612122,0.7886461864269284,0.7573122978210449,0.774948844354509,0.7617391347885132
0.4514728746490053,0.22223906219005585,0.4868516098413954,0.2003520280122757,0.502741496967423,0.20038285851478577,0.5195737560766005,0.20038335025310516,0.4240639444007294,0.20200438797473907,0.4038266278947766,0.20267406105995178,0.3858726369764709,0.20355215668678284,0.5485674565979295,0.21055278182029724,0.3618009568971913,0.21326228976249695,0.4882928084940357,0.24469506740570068,0.4152378114570594,0.246271014213562,0.7055852388575808,0.3440864086151123,0.2286404300638985,0.3440600335597992,0.7716999129488419,0.5121924877166748,0.15947073768434133,0.5217376947402954,0.7690013299589559,0.6697250604629517,0.18442596764294208,0.6735730171203613,0.80285461192539,0.718183696269989,0.16606182104531866,0.7205529808998108,0.7604083533672902,0.7207556366920471,0.1989105585395724,0.7220755219459534,0.7433676850695315,0.7055562734603882,0.21437974388740816,0.706486701965332,0.1491713489932584,0.6742684841156006,0.2024115968578702,0.6892030835151672,0.22147292815795963,0.7120685577392578,0.2224403518850054,0.7362354397773743,0.2227726111083792,0.7544631958007812,0.17306858060668504,0.7305508255958557,0.18120876025282717,0.7633589506149292,0.19598555804064505,0.7719390988349915,0.2091507824737947,0.775294840335846,0.13831412116606076,0.730205237865448,0.15170047102253514,0.7642713785171509,0.1754308306093722,0.7691361904144287,0.1918588352858943,0.767830491065979,0.11667308844191374,0.7267402410507202,0.12853074890490757,0.7566385269165039,0.1519682734033317,0.760834276676178,0.1691428809640477,0.7589961290359497,0.10546782031559021,0.7221994400024414,0.11054049387404732,0.7446424961090088,0.13042206038765405,0.7508087158203125,0.14702592221471628,0.7510054111480713,0.7753477971276361,0.6719092130661011,0.7257676547332937,0.6871294379234314,0.706807215714852,0.710474967956543,0.704977220088556,0.7358377575874329,0.7008817549048366,0.755743682384491,0.7593235138679418,0.7310187816619873,0.7605839440099165,0.7636293768882751,0.7471676310494206,0.7745896577835083,0.7345455878171274,0.7784042954444885,0.7961517094582996,0.7304040789604187,0.7899278359299612,0.7659134268760681,0.7689707957665478,0.7757383584976196,0.7511748440411176,0.7767793536186218,0.8217099706806814,0.7262008190155029,0.8168010471989667,0.7582707405090332,0.7962640235076811,0.7689034342765808,0.778039527056882,0.7717154622077942,0.8394897034959298,0.7204203605651855,0.844302607983563,0.7465715408325195,0.8311939974458135,0.7575111389160156,0.8157504730028194,0.7620403170585632
0.4878255751085894,0.2220931500196457,0.5221712066421081,0.20030760765075684,0.5375491757710216,0.2003578394651413,0.5539910606013637,0.2003500908613205,0.4612463587469785,0.20189301669597626,0.4415717276372343,0.20256562530994415,0.4241773210906832,0.20339016616344452,0.5821953988035651,0.21054299175739288,0.40089358379843115,0.21320262551307678,0.5235335727629323,0.24462279677391052,0.4525601696276649,0.24619555473327637,0.7338234622234218,0.3439406752586365,0.27178961257717416,0.3441174328327179,0.7977156484404438,0.5121263265609741,0.2049397024000793,0.5214507579803467,0.7957814303928493,0.6692363023757935,0.22691058200938266,0.6726557016372681,0.82987093680096,0.7178440093994141,0.208974308557215,0.719237744808197,0.7879950497645959,0.7204355001449585,0.24147018844793725,0.7203804850578308,0.7711260073110362,0.7052145004272461,0.25657634004479457,0.7052797079086304,0.19444022990693996,0.6733960509300232,0.24621636788962734,0.6884187459945679,0.26468658837081693,0.7113361954689026,0.26661277603191075,0.7354251146316528,0.26745847150568,0.7536107301712036,0.21746441626669882,0.7300158739089966,0.22694885527348435,0.7622590065002441,0.24140822922732222,0.7710062265396118,0.2545086628674211,0.7747921347618103,0.18400901569905606,0.7298460602760315,0.19809276648249477,0.7633198499679565,0.22097951535585963,0.769112765789032,0.23766990012809774,0.7686857581138611,0.16332913122963655,0.7264631390571594,0.17552537281907163,0.7559682130813599,0.19789771649845397,0.7608652710914612,0.21506027326227561,0.7596984505653381,0.1529423420039534,0.7219727039337158,0.1580502756228432,0.7442665696144104,0.17702548953769,0.7508256435394287,0.1933074296974552,0.7514911890029907,0.8016621782025197,0.6724128723144531,0.7538060844411103,0.6874313354492188,0.735070898042035,0.7105771899223328,0.7331943661653579,0.7357794642448425,0.7297939763585961,0.7557175159454346,0.7864163052478784,0.7312038540840149,0.7877878068542629,0.7639822363853455,0.774416918637615,0.7748141288757324,0.7617450424128759,0.7784954309463501,0.8221088683520205,0.7306597828865051,0.8164070729167543,0.7661049962043762,0.79586335506981,0.7756245732307434,0.7785682600920925,0.776447057723999,0.8468746539932644,0.7265350818634033,0.8424700238342988,0.7584390044212341,0.822470088398008,0.7686250805854797,0.8049902208575052,0.7711819410324097,0.8640107620529234,0.720845103263855,0.8686216773697036,0.7470285296440125,0.8559425811644411,0.7574684023857117,0.8414898746415969,0.7614755630493164
0.47750992645931184,0.2217882126569748,0.511346741937971,0.2001822292804718,0.5264633019092078,0.20025356113910675,0.5428629593396601,0.20021343231201172,0.4511952535081391,0.20166997611522675,0.4316307747318267,0.20235459506511688,0.4144750244399166,0.20310728251934052,0.5705455584419284,0.21043899655342102,0.3914831835074601,0.21303217113018036,0.5126284606588241,0.24447739124298096,0.44238867106566315,0.2460489720106125,0.7194464715461829,0.34372761845588684,0.26384143632251766,0.3441224694252014,0.7823538039844617,0.5119578242301941,0.1982847855555865,0.5211348533630371,0.7811480610038981,0.668887734413147,0.2185485386597878,0.6718829274177551,0.8158671601867691,0.7176451086997986,0.20071811363498226,0.7184773683547974,0.7739779684324904,0.720256507396698,0.23330198248545764,0.7195039987564087,0.757035305782758,0.704970121383667,0.24846404082265572,0.7046626806259155,0.18697354346475153,0.6724033951759338,0.23826373530867068,0.6871643662452698,0.2569203874384772,0.7102820873260498,0.26032217036973876,0.7346322536468506,0.2613932323818427,0.7529953122138977,0.2106407122166962,0.7287663817405701,0.21973664830234726,0.7614379525184631,0.23538547384667227,0.7704232931137085,0.2500227408240102,0.7743892669677734,0.17793457104302332,0.7288865447044373,0.1928830337818049,0.7627948522567749,0.21658372764551057,0.7684599757194519,0.23377104378940342,0.7679955959320068,0.1579593552237562,0.7258071899414062,0.1708014141466943,0.7560051679611206,0.1933088462402755,0.7610950469970703,0.2109233535810014,0.7602027654647827,0.1480991082703553,0.7216081619262695,0.15310291261362352,0.744705080986023,0.17185230303960006,0.7515509128570557,0.18867653932051448,0.7525266408920288,0.7862297277820571,0.6725034713745117,0.7392415261723233,0.6879411339759827,0.7212727919202094,0.7109212279319763,0.7197744661460955,0.7363917231559753,0.7155547285400077,0.7563865780830383,0.7714180866844559,0.7314769625663757,0.7717912893896219,0.7638837695121765,0.7594187090203972,0.7748537659645081,0.7477852049786303,0.7791552543640137,0.8065428977717761,0.7307100296020508,0.8006601840050254,0.7657809853553772,0.7815417996541472,0.7759389281272888,0.7649806121397555,0.7777682542800903,0.831050407555643,0.7264366149902344,0.8263628422536179,0.7580533027648926,0.807835646399529,0.7689630389213562,0.7911540732565412,0.7724603414535522,0.848058161169119,0.7207508683204651,0.8523094646271896,0.746822714805603,0.8404662472239742,0.7575544118881226,0.8264229987853275,0.7621003985404968
0.4903517185876609,0.22131657600402832,0.5197683961759391,0.19995149970054626,0.5330139256247672,0.20004184544086456,0.5476665115038543,0.1999647468328476,0.4668727821894131,0.2012835294008255,0.44944936720391043,0.20198531448841095,0.43437633332048076,0.20264697074890137,0.5717691607472684,0.21024735271930695,0.41397079826115024,0.21276874840259552,0.5210760815151027,0.2442537546157837,0.45888630848825956,0.24585740268230438,0.702268564625242,0.34372061491012573,0.30158547030150024,0.34412744641304016,0.7570642048330438,0.5122090578079224,0.24443696471434803,0.5207446813583374,0.7561536216617571,0.6689169406890869,0.2618837255363164,0.6718831658363342,0.7872415490138311,0.7176867723464966,0.24635801174335553,0.7188389897346497,0.7501860691443983,0.72029709815979,0.2750434837196575,0.7198289632797241,0.7351414133514065,0.7050055265426636,0.28857591534431465,0.704845130443573,0.23494992383823832,0.671631395816803,0.2802648294122499,0.6860699653625488,0.2964333021761703,0.7093715071678162,0.29927967879158535,0.7338302731513977,0.30094388976976194,0.7523316740989685,0.2547180188279595,0.7281463146209717,0.26283988564073035,0.7605233788490295,0.27672295070829395,0.7695947885513306,0.2894706692103851,0.7737013697624207,0.22576825796899452,0.7283249497413635,0.23918074359074626,0.7624300718307495,0.26096941594911366,0.7680525779724121,0.2766279748769971,0.7676247954368591,0.20856734504836097,0.7254819273948669,0.2205761025344114,0.7558160424232483,0.2410348106823905,0.7608893513679504,0.2566626346413935,0.7599769830703735,0.20082477641631252,0.7214552164077759,0.20729138201904707,0.7443170547485352,0.22420634825511218,0.7512670755386353,0.23842565069725682,0.7525497078895569,0.7594770750635556,0.6726710796356201,0.7187546745338719,0.6885514259338379,0.7034287221137795,0.711871862411499,0.7020488653347371,0.7374404668807983,0.6982426340487008,0.7571722865104675,0.7480204163526947,0.7316379547119141,0.748345028583606,0.7637585997581482,0.7373164936568806,0.774567723274231,0.7270275726652241,0.7787200212478638,0.7783332491942254,0.7308579683303833,0.7728059233503022,0.7656622529029846,0.7560747617830547,0.7758255004882812,0.7415114187877012,0.7778873443603516,0.7993034795885301,0.7266583442687988,0.7948829948208067,0.7579577565193176,0.778745830320523,0.7690536975860596,0.7640897409734807,0.7727603316307068,0.8137337545010002,0.721071183681488,0.8182566679318526,0.7469797134399414,0.8079834806962861,0.7579466104507446,0.7954455243755904,0.7627971172332764
