pose_0_x,pose_0_y,pose_1_x,pose_1_y,pose_2_x,pose_2_y,pose_3_x,pose_3_y,pose_4_x,pose_4_y,pose_5_x,pose_5_y,pose_6_x,pose_6_y,pose_7_x,pose_7_y,pose_8_x,pose_8_y,pose_9_x,pose_9_y,pose_10_x,pose_10_y,pose_11_x,pose_11_y,pose_12_x,pose_12_y,pose_13_x,pose_13_y,pose_15_x,pose_15_y,pose_17_x,pose_17_y,pose_19_x,pose_19_y,pose_21_x,pose_21_y,pose_14_x,pose_14_y,pose_16_x,pose_16_y,pose_18_x,pose_18_y,pose_20_x,pose_20_y,pose_22_x,pose_22_y,right_hand_0_x,right_hand_0_y,right_hand_1_x,right_hand_1_y,right_hand_2_x,right_hand_2_y,right_hand_3_x,right_hand_3_y,right_hand_4_x,right_hand_4_y,right_hand_5_x,right_hand_5_y,right_hand_6_x,right_hand_6_y,right_hand_7_x,right_hand_7_y,right_hand_8_x,right_hand_8_y,right_hand_9_x,right_hand_9_y,right_hand_10_x,right_hand_10_y,right_hand_11_x,right_hand_11_y,right_hand_12_x,right_hand_12_y,right_hand_13_x,right_hand_13_y,right_hand_14_x,right_hand_14_y,right_hand_15_x,right_hand_15_y,right_hand_16_x,right_hand_16_y,right_hand_17_x,right_hand_17_y,right_hand_18_x,right_hand_18_y,right_hand_19_x,right_hand_19_y,right_hand_20_x,right_hand_20_y,left_hand_0_x,left_hand_0_y,left_hand_1_x,left_hand_1_y,left_hand_2_x,left_hand_2_y,left_hand_3_x,left_hand_3_y,left_hand_4_x,left_hand_4_y,left_hand_5_x,left_hand_5_y,left_hand_6_x,left_hand_6_y,left_hand_7_x,left_hand_7_y,left_hand_8_x,left_hand_8_y,left_hand_9_x,left_hand_9_y,left_hand_10_x,left_hand_10_y,left_hand_11_x,left_hand_11_y,left_hand_12_x,left_hand_12_y,left_hand_13_x,left_hand_13_y,left_hand_14_x,left_hand_14_y,left_hand_15_x,left_hand_15_y,left_hand_16_x,left_hand_16_y,left_hand_17_x,left_hand_17_y,left_hand_18_x,left_hand_18_y,left_hand_19_x,left_hand_19_y,left_hand_20_x,left_hand_20_y
-0.06740173227205824,-0.34756904568285596,0.02497987348109534,-0.40216029046505075,0.07102314367969823,-0.4004630347688488,0.10846600441723869,-0.3981326109028794,-0.10484261818953812,-0.3993873707110248,-0.1423068614615276,-0.3974032894253347,-0.1719600785187383,-0.3953088906052261,0.1650138191987624,-0.3642768405622709,-0.19679391746121602,-0.36028331176769884,0.027129839651874012,-0.2843801153293375,-0.14267233936722154,-0.2877441191566676,0.49999042476534017,0.0030943727918176928,-0.49999042476534017,-0.0030943727918176928,0.6431161215309514,0.478231380657183,-0.632292541362382,0.4703725501774895,0.5665105360748371,0.8697386404999305,-0.5145135919770512,0.8798557117675171,0.5506433335687939,1.0174357052195635,-0.49170333072147504,1.019532010762489,0.4648879300913155,1.0038479898413755,-0.4141698522258627,1.0019708212279304,0.45002107609182046,0.9687563907263057,-0.3929006315899725,0.9627988352842449,0.5777322808259652,0.8980797598699954,0.4870343794175634,0.8968108358352087,0.4264527563219562,0.9358884389994472,0.37920825074857384,0.9735671885883617,0.3317523713314662,0.9983980312521268,0.47539397281359264,1.0161112138341064,0.397479830726993,1.0667010645901087,0.3511954962865126,1.0943420081028334,0.31718391945284885,1.1173810760964626,0.5163714890705946,1.0286061046491164,0.4460094674791076,1.0823714660625288,0.39798606563493577,1.112362173058368,0.36138733832742737,1.1347549982114837,0.545253845331745,1.02888557573631,0.49178062109281145,1.078991799869201,0.45314047462061274,1.1075991794612265,0.42276406483776957,1.1298468212912682,0.5634772124617886,1.0211199022856812,0.5252434703386083,1.0616177415596928,0.49864577659581666,1.0849345101121857,0.47713140588344083,1.1011984471586747,-0.5525698045865098,0.9135492744741843,-0.45047712333132717,0.9235855824110176,-0.38648185351790143,0.967296385826347,-0.33674675936191245,1.004397398401677,-0.292603129867099,1.032986800321427,-0.4575318615601479,1.0381542915447697,-0.3955383102184706,1.0935680148335736,-0.3555566480499479,1.1191762556287719,-0.32588817721020036,1.1345801244902574,-0.5197180600035969,1.04657696720038,-0.46565456885828077,1.1038708553813414,-0.41890329161933876,1.1271083587424373,-0.3798927642399164,1.138153186855035,-0.5628785014972161,1.041284040854569,-0.5201036946933574,1.089234442453743,-0.4762051471777861,1.1091745410916205,-0.4398300512178273,1.1163462703847196,-0.5862402823276412,1.02976403017705,-0.5485379029952434,1.0644722418113937,-0.5106967414806574,1.0797968454814821,-0.4785461942137366,1.0833078031602168
-0.0668926257708587,-0.3452865463125441,0.024974981991269872,-0.3989910849520773,0.07107881129616248,-0.3973142237023112,0.10839478825002145,-0.39489393600551714,-0.10503976992896788,-0.39807456403024943,-0.14224301041046897,-0.3965041988491989,-0.17231370823276845,-0.3944482416033037,0.165384745954685,-0.3601573940916144,-0.19714144397853278,-0.3595013332955789,0.02733310435560522,-0.28207545178555404,-0.13992130745099698,-0.2846974784328833,0.49999246121030855,0.002745675300919557,-0.49999246121030855,-0.002745675300919557,0.647784588582016,0.4800103818425187,-0.6341171156889219,0.47222958741697607,0.5668620349983137,0.8800544922835287,-0.5170437674030233,0.8851987673210427,0.5509378889257798,1.021699651564724,-0.49339679786774415,1.0242170917750535,0.4658485189384613,1.0067342770157275,-0.4153152988690464,1.0098697558906105,0.45103659693804626,0.9706422375893548,-0.3940504584968141,0.9676869461070728,0.5833353365913713,0.8974407342389473,0.4902849847859091,0.9011264598524772,0.42873564495779154,0.939880389488244,0.38289629964552074,0.9771868182835247,0.331815560882767,1.0000082813085678,0.4721399370280381,1.019761784580104,0.39737226286624133,1.0686508117423175,0.3514604879510401,1.0967112129770664,0.31670969200040244,1.119518353764242,0.5136167286858354,1.0326279282645054,0.44661975518194125,1.0834470474822109,0.40123462941347177,1.1123088120262188,0.3656779688788167,1.1356671543678993,0.5430943494581505,1.0332993002148327,0.48953409031485023,1.0818986089653244,0.4518528280942345,1.1107202712433029,0.4215376974123278,1.1345711621653636,0.5634200602330639,1.0257532540880534,0.5246500351299792,1.0666058689793538,0.4968777154797673,1.0902303321408409,0.4743840270984942,1.1079886794762865,-0.5632248685912682,0.9090646624922981,-0.4508347215852457,0.9233609839294793,-0.3832786351954532,0.9691806873155316,-0.336318472468343,1.0097903697721444,-0.2897740638461897,1.0370855542979667,-0.4548434477632565,1.0387484343155287,-0.3922275786219311,1.095265621768296,-0.35261301889258634,1.1205423255706433,-0.32118109466266975,1.1384396668145373,-0.5196540975560939,1.047086431995254,-0.4667942640456524,1.1055296194355508,-0.4199431549297341,1.1289189250914784,-0.38266796225323146,1.1412357768530907,-0.5595763125950614,1.0426184393896218,-0.5174123263241497,1.0929130918968422,-0.4722100477924567,1.1124819065010187,-0.43453922034514453,1.1210385570121895,-0.5815795666310679,1.0336379870398353,-0.5481243875983872,1.0727682505258567,-0.5124273009314969,1.0888204783256066,-0.4792273987385231,1.0946447186561685
-0.06216608722994835,-0.34436619250335543,0.028855011808638215,-0.3979241124916619,0.07389234740389501,-0.3961605636621071,0.11027008689011572,-0.39364987811713253,-0.10289433300566443,-0.3974284475603975,-0.13932715776380505,-0.39614706572016645,-0.17101629314392025,-0.3941821412656588,0.1687531496025361,-0.35834828340963487,-0.19696480507467554,-0.35917866312902297,0.030218884868729486,-0.2809376888959028,-0.13389018675010286,-0.2835836955803332,0.49999414839481277,0.002419002055792766,-0.49999414839481277,-0.002419002055792766,0.6514111222928348,0.4788703818377367,-0.6360234343084653,0.47475033154937524,0.5686194621654383,0.8841186484864312,-0.5189909126780784,0.8909065755423674,0.5526295609384854,1.02555767032587,-0.49497270896085377,1.0293249288355089,0.4681087973624866,1.0099685383725379,-0.4161397389146192,1.0163004741949138,0.45308746744279027,0.9720697346036257,-0.39503551874435344,0.9728258927283425,0.5873756555341159,0.9003770049839813,0.4925192273521037,0.90419934876554,0.43084764320525265,0.943609648655768,0.38404224807579257,0.98188994868753,0.3330030782256202,1.005829351761425,0.4768551903640019,1.0238463363198225,0.39901983782920014,1.073376333745013,0.3515664047985682,1.101275588748237,0.3160927198743282,1.1238278817987,0.5177216277275866,1.0368988120044462,0.4480585785117602,1.0877928191777477,0.4018987608991182,1.1165776758602994,0.3667192285931701,1.1394479052444737,0.5456232064271447,1.0374837000405386,0.490703737075081,1.0853011332675049,0.45268574135303197,1.1140369189510013,0.42265893732391896,1.1381995335609887,0.5647382058474095,1.0296580375394015,0.5289602533914234,1.068594030001436,0.5032761644346856,1.0908618752830024,0.4835123069851309,1.1072036114725405,-0.5598884465661339,0.9096034463105158,-0.4489967367346442,0.9262169182831228,-0.38149937250218985,0.9723083918859386,-0.335111832648807,1.0143153540855026,-0.2887981043260364,1.0418784932484013,-0.45620661970724735,1.042161710825121,-0.3940838967515337,1.099438638452129,-0.3562524118323003,1.1253958300721323,-0.32514802780025787,1.1448591105664714,-0.5213474141368851,1.0514826035732354,-0.46800689644383575,1.1102646029846355,-0.4205263308413028,1.1330625244064136,-0.38268192890421227,1.1449605330770534,-0.5626405231538146,1.047240217507285,-0.5199657716342391,1.0975081935505788,-0.47341543634945027,1.1167243421053865,-0.43489531718720825,1.1241646810791235,-0.585104139851528,1.0373445516365325,-0.5523392355847438,1.0753551662055203,-0.5160612100088595,1.090707827884854,-0.48336099334737576,1.095819276379754
-0.056014555451425196,-0.3444812660440809,0.03290981380942901,-0.3977126632245079,0.0767254503650221,-0.3959379501933055,0.11275362396177588,-0.3934180520880806,-0.10012815651601754,-0.39773227425869767,-0.1363098643176152,-0.39675812265984106,-0.16929069539745234,-0.39499186325070657,0.17114029314559592,-0.35784873562113995,-0.1965869961271052,-0.35951331198912617,0.03430442187429253,-0.28060388376420736,-0.127621388992142,-0.28325072310121246,0.499995911539591,0.002021990032984968,-0.499995911539591,-0.002021990032984968,0.6527293838251553,0.4774013305880546,-0.636801835769156,0.47631214812373207,0.5701520761533101,0.8863805842924001,-0.5192290996256492,0.8943005671890805,0.5541446807277387,1.0278870988687931,-0.49536859732574795,1.0322635424358448,0.4700442151752935,1.0121495348455822,-0.4163999937463541,1.0199044154230101,0.45468709837032695,0.9734598735302643,-0.3953873695527966,0.9760515418600897,0.5884236732854464,0.9024175502826137,0.492800133675121,0.906695425300858,0.43154347691185674,0.9460846495111844,0.3850800427139229,0.9844306899132984,0.3340131834851556,1.008613935760163,0.47907898097883406,1.0260119691284932,0.4011092053606893,1.0756746372390407,0.3533869686540267,1.103552697757801,0.3175641462006218,1.1264151250506453,0.5199427632991678,1.039166215768375,0.4496516145338874,1.090120542570587,0.4032500594804827,1.1190079724092883,0.36781206506971365,1.1422976669810607,0.5476446325369347,1.0398874089838162,0.491246310023781,1.0879865334889052,0.45283222994283745,1.1168323454958877,0.4226686111986038,1.1411682356926418,0.5658475054864304,1.0325288561130517,0.5282359376736944,1.0724132503803734,0.5013838114671051,1.0952648625130015,0.48047783296732677,1.1123150310444987,-0.5609717848395163,0.9100119831667051,-0.44967146514441114,0.9276309743652786,-0.38232642078237633,0.9744033935835714,-0.33660293520430973,1.0166357728239446,-0.2896940943764521,1.0432383289409837,-0.45697471010723373,1.0448632040879224,-0.3910346782679921,1.1024569440568912,-0.3523174998994656,1.1279262356641688,-0.321857833256904,1.147167637795961,-0.5217925663984547,1.0540919582715464,-0.46389210027170374,1.113437069691757,-0.4171237880762779,1.136811232033827,-0.38052131578195836,1.149149960833089,-0.5621488575931922,1.0491821493348366,-0.5173128996566795,1.0993969382194682,-0.47170071439830796,1.1190387750807906,-0.434241037981269,1.1270814210604314,-0.5836796511718001,1.0388141070079127,-0.5510483277379428,1.0760352338467614,-0.514536962900889,1.0913574409573585,-0.48158597618721855,1.0963291290385977
-0.054759029410606744,-0.34430422619888523,0.03385764865036477,-0.3976404417271034,0.07773273821336174,-0.39585422635231704,0.11357500203423034,-0.39331765101733623,-0.099459264615523,-0.3979462023524772,-0.13568996135825254,-0.39714886560000257,-0.16911501204408713,-0.39537958930214057,0.17277220675754054,-0.3573825308800482,-0.19763623424994506,-0.3594612710832593,0.0357549624244122,-0.2801535073225955,-0.126466874000337,-0.28255103821035293,0.4999984144537172,0.0012591837708842955,-0.4999984144537172,-0.0012591837708842955,0.6538015296470527,0.4768101211501672,-0.6375787973705074,0.47803878715088405,0.5721104651948331,0.8892904972689389,-0.5192785815358532,0.8973960170253987,0.5566784860619173,1.0305844813395482,-0.4954475634188002,1.0351462364766149,0.47423675304283847,1.0148681725996347,-0.41636744850773333,1.0232000039101445,0.45793889218827427,0.9759575355813963,-0.39535106033047845,0.9791551121023511,0.5904921754073892,0.9051749623514379,0.49465855904627015,0.9093504791029253,0.4332090743053475,0.9486339129720175,0.3869457806337903,0.9871395208877645,0.33578332187185495,1.0115208189774538,0.48085629741955194,1.0285068041148486,0.4032343147091572,1.0785316701317575,0.3555294850175582,1.1064877306658187,0.31956734465230174,1.1293205090917333,0.5219436401122016,1.0418527393534907,0.45166100967891804,1.0931275309413455,0.40546410072988226,1.122062766132598,0.37010778953689266,1.1454514480303708,0.549733190205889,1.042705728174484,0.49324966675341864,1.0910563001669733,0.45460196261343155,1.1200638178970044,0.42411546458805227,1.1445964018316133,0.5681781304950615,1.035374331091394,0.5305474567631249,1.075330527489345,0.5033895216430144,1.098114340324474,0.4823385695193228,1.115013915595777,-0.5598585748718773,0.9114756131747168,-0.448599014352617,0.9298497796688046,-0.3816090112929894,0.9772121245419407,-0.33527768699669946,1.0196068622244134,-0.28891941105169994,1.0461688435855245,-0.45649063540086976,1.0482802618055553,-0.39050826739083655,1.1054235177277119,-0.35141315216641783,1.1309757380822059,-0.32102074488411647,1.1501381545769767,-0.5214023440224685,1.0569739172855108,-0.4619385031409317,1.1164927587326077,-0.4132068362072734,1.140130657656871,-0.3746246938387021,1.15310777364167,-0.5617058943662572,1.0517787641141383,-0.5159290333773906,1.102912556745894,-0.4691500922588926,1.1234691895721327,-0.4307546226327834,1.1324761151063008,-0.5825033775494124,1.041221810172502,-0.5493156110990366,1.0802471117114592,-0.5118003562596657,1.0971684951870613,-0.4782495997924449,1.1033804044494488
-0.05468204544622386,-0.343809086808758,0.03381968219996562,-0.39734910402121687,0.07766458235699505,-0.3954605710747151,0.11278770292781276,-0.3926989809994838,-0.09928028448987952,-0.39789037746177647,-0.13535531275852297,-0.39713010137351373,-0.16954479588532992,-0.3953812397094659,0.17366652393488796,-0.3565397447188962,-0.1978328496595726,-0.3595509023401301,0.035583105118933665,-0.2793230239784444,-0.1269923444727977,-0.2817730238039328,0.4999978463591929,0.0014675272293632152,-0.4999978463591929,-0.0014675272293632152,0.6553362148852553,0.47827314086990114,-0.637874591514511,0.4787963844547223,0.5733584102394685,0.8929067979072195,-0.5193540813135165,0.899502359534423,0.5582638837003981,1.0329596951362956,-0.49550549316081693,1.0374827506033004,0.4761259052504893,1.0173442603080045,-0.4164121220073596,1.025747065989266,0.4595760774413755,0.9781853368286908,-0.39540339067508745,0.9815366233856079,0.5925472594473745,0.9073644755990252,0.4965726545650394,0.9113543968174895,0.43510973491720295,0.950802896951254,0.3885984766658236,0.989338845986576,0.3372744489226592,1.014021821520269,0.4826662440052597,1.0308697429442586,0.4047328965987234,1.080994252970789,0.3567958716981293,1.1089590056747045,0.32071005985862516,1.1319141372047532,0.5237251365110006,1.0442577178807473,0.45315621246552035,1.0955321549349855,0.4066672082075096,1.1243708576747717,0.3711137063945694,1.1476676292141275,0.5514614423570642,1.0451815333462033,0.4943875047347033,1.0936805402645196,0.45551857002082874,1.1227199410556117,0.42482289516772853,1.147388904815702,0.5693673900583688,1.0381172641549647,0.5306001093882767,1.0786617047769682,0.5029518579233815,1.1017524208221703,0.48133004281083713,1.1190242670827988,-0.5606225322568118,0.9122540351049649,-0.4481638312679979,0.9314972829633276,-0.38123329776795567,0.9792807278356123,-0.3348741084712618,1.0220419134637222,-0.28883080224710567,1.0490526292297058,-0.4560633807473713,1.0500405966390083,-0.3906471490738652,1.1068772957024335,-0.3516503912684506,1.1326411009881279,-0.32063608593622395,1.1523246207523323,-0.5206904885634331,1.0587042685758687,-0.46192572824121103,1.1174240401152007,-0.4128760036721866,1.1411819638504725,-0.3733009854650118,1.1547391790328263,-0.5609589521936001,1.0537800917469111,-0.5147358968933773,1.1043822384088902,-0.46749108108281046,1.1248886064464154,-0.42829232020796043,1.1342080843360025,-0.5819788792077214,1.0434303363865551,-0.5487381442611632,1.08185844971327,-0.5112984104547392,1.098363906905976,-0.4774312668059535,1.1045300488833631
-0.058256256543180875,-0.344293295510946,0.030484649400466343,-0.39797401638869334,0.07457821784783375,-0.3961241679928011,0.10956036807195654,-0.39337556163939125,-0.10102876487299514,-0.39886119453921887,-0.1367545654915435,-0.3982546119492182,-0.17171128824630694,-0.39652808677971874,0.1729572342449148,-0.3567768772314707,-0.19814066862129895,-0.3606002065026538,0.03141859347774602,-0.2795801110998557,-0.1300215090509696,-0.28214141321613334,0.49999792307265595,0.0014411533681084237,-0.49999792307265595,-0.0014411533681084237,0.6559866510622889,0.4803995636181615,-0.6379800511896894,0.47911595747574576,0.5729281660144436,0.8951767046269656,-0.5192465173776791,0.9002712699203356,0.5570441069658927,1.0345366923302697,-0.4954324553106309,1.0384882585144921,0.4758335804344602,1.0189137802643284,-0.41638869278306523,1.027054281495387,0.4593403616875276,0.9790356738993992,-0.3953693844901695,0.9825902966700552,0.5930269999165311,0.9078944252342668,0.4969136397622577,0.9119105909352399,0.4355362644395527,0.9513688004412891,0.38906955714916674,0.9900008233618302,0.3376011979129077,1.014641690520398,0.4831884415852053,1.031389183960924,0.40519016038564964,1.0816187443791518,0.35716578006688837,1.1096508112755743,0.3209971978670366,1.1326144275768877,0.524290502623891,1.0448055414695956,0.4534668911570799,1.0960703435051995,0.4068191677740115,1.1248880504819356,0.3710758428184722,1.1480921968988103,0.552049877092157,1.0457378361975114,0.49464812096523036,1.094143628556663,0.45561393169147074,1.1232839207798118,0.42476188972020695,1.1479851266359404,0.570118361927346,1.0386083861264925,0.5312771465291567,1.078983221541501,0.5034775004472567,1.102242346270504,0.4816724146282671,1.1196853153594533,-0.5603492656452664,0.9130907004050741,-0.44773327170810856,0.9315942011349783,-0.3807902356799841,0.979023578670731,-0.334930626401275,1.0222538501719036,-0.28912290290463705,1.0497450679227638,-0.45725723344098596,1.0497082324536378,-0.39073801147648063,1.107311209202954,-0.35079131966717136,1.132936325594399,-0.3191999568435621,1.1526166370954096,-0.5220148128391199,1.0589653432040225,-0.4618406378773429,1.118275121653362,-0.4124925172483122,1.141992628059735,-0.3729603619124504,1.1557971324520324,-0.5619171783842757,1.0544193240199127,-0.5146918391094092,1.1059209451350094,-0.4667737043788359,1.1265523814358398,-0.4268209649551925,1.13588467502806,-0.582213487511239,1.0441297205677584,-0.5477146997350594,1.0827819480180065,-0.509550885865181,1.0992753042107195,-0.47527610034947915,1.1055777430215483
-0.06068448660386001,-0.34492260153091986,0.028058660282078554,-0.3985265146131465,0.07239176635939584,-0.39673078648127563,0.10733966025495853,-0.3940159323838664,-0.10230184479332398,-0.39949978365366423,-0.1378721606035382,-0.39896845961120014,-0.17354801243926776,-0.39722446819542073,0.17221083318177766,-0.35701782071575217,-0.19849947899553114,-0.36140004088663674,0.028779467898692585,-0.27994630509725194,-0.1323844247829641,-0.2826474429489997,0.49999802808389815,0.0014042479173534263,-0.49999802808389815,-0.0014042479173534263,0.6566695924872679,0.4813425589221229,-0.6381705022766552,0.4796923467498633,0.5730620967400376,0.8969600656543079,-0.5184410501324211,0.901056513518968,0.556719344728936,1.0355212355605834,-0.4949946579309171,1.0395481052768256,0.47596056538639736,1.0197993241425785,-0.41584401385665415,1.0281331637496227,0.4594840198211246,0.9796523199867759,-0.39466028654095403,0.9833798386573546,0.5933206134398683,0.9079688138012212,0.4974977524461849,0.9123119478284539,0.43654234420809485,0.9520993732132823,0.3901668582128897,0.9907955492189713,0.3381412415487279,1.015301908134071,0.48425837836323327,1.0316727114144952,0.40629468799873986,1.0818644075935786,0.3581610474468718,1.11000024324285,0.3217868015087419,1.1330636118625,0.5252258821467228,1.0450721427400524,0.45454025861545416,1.0964450173675744,0.40784823329681413,1.1251968808921664,0.37201548686158886,1.1483824925433253,0.5530189147841249,1.0460870761658878,0.495279639576364,1.0948330319250779,0.45609105378908504,1.1239538246437515,0.42515270382577125,1.1485553378645927,0.5710011534821569,1.0391504372823106,0.5317718658531156,1.079980159831186,0.5034663475256868,1.103346454658276,0.48122677868305597,1.1209072367853576,-0.5587425425288313,0.9138463797616466,-0.44659343027070664,0.9325116118651959,-0.3801511800024866,0.9797837759351703,-0.33438017135993986,1.0227163811396882,-0.28916145645873803,1.0498834854537735,-0.4560876161335308,1.0504106843095724,-0.38955708687067775,1.1078449707165607,-0.35012580260126913,1.1337174539489172,-0.3196962256599835,1.1533648929974254,-0.5213202241653232,1.059439617869685,-0.46131223379798303,1.118950935762548,-0.41224815739380305,1.1428977818596389,-0.3733430406835271,1.1566415287655094,-0.5615051800384445,1.0547469430256966,-0.5147041122856238,1.1058820693950868,-0.46699392214492763,1.1267716021484548,-0.42755899396063146,1.1365823960878247,-0.5817290107937328,1.0444328763131852,-0.5482225602486205,1.0831245146135424,-0.5108485753222051,1.1000914073670727,-0.4770441144170953,1.1069005779826986
-0.06009809084052037,-0.3458059752838621,0.028617956763393255,-0.3991100265763184,0.07292172616818174,-0.3973553884869086,0.10762913733314315,-0.39463885225454676,-0.101950304139041,-0.40030138850045005,-0.13764399010575828,-0.39982331030486984,-0.17398398415737432,-0.398040204128733,0.17259564920321893,-0.3573002059721631,-0.1992628887726074,-0.36199245492878407,0.029339835928758447,-0.28072438770572394,-0.13198881155376754,-0.28324893626141406,0.49999831292440083,0.0012988736477979699,-0.49999831292440083,-0.0012988736477979699,0.6574393474813137,0.4815991615531385,-0.637877061600416,0.4805509308428292,0.5733062492594976,0.8975315238081121,-0.517358826092838,0.9012952249166184,0.5564777592480836,1.0358111980388673,-0.49414041959059485,1.0398945118698557,0.47584018450618504,1.0200275005630373,-0.41492838085338146,1.0284112833406764,0.459329519366396,0.9798044319764458,-0.3936243500382946,0.9835756970693481,0.5948681431789966,0.9088512327473469,0.4990805953266714,0.9125332428243753,0.4382061990148812,0.9523863638105035,0.3914567871643527,0.991251490907513,0.3394372035675946,1.0160196890490207,0.4868686112826758,1.0316593957673472,0.4081800690291665,1.0823303897097767,0.3596403308355776,1.1105320866591541,0.3232168579016265,1.1336628884693916,0.5274815688831386,1.0452824067186863,0.45556788116272506,1.0969869159836,0.40753272949185004,1.125531330189615,0.37075319918332655,1.1482190200412306,0.5542041630656075,1.0466619399455446,0.4950262996903662,1.0961675301830198,0.4544193932774203,1.125295746457424,0.42212406797287805,1.1497424064986035,0.5702025401712976,1.0405979624186923,0.528572845541011,1.083178518651062,0.498073210132101,1.1077490905093483,0.47349342396555033,1.1263578673936243,-0.5583795512157447,0.9141418960149406,-0.4466760049241522,0.9329044280729406,-0.3799518293709082,0.9803644418757346,-0.3333949553050075,1.023225140584738,-0.2878442974542706,1.0499272432458429,-0.45497115155736795,1.0510468504634534,-0.38889465935891293,1.1083091004086372,-0.34996241909126174,1.1341892042563706,-0.3199625567604498,1.1538513003495494,-0.5198957176957927,1.0598375756016023,-0.46047450031348075,1.1192280557018681,-0.41181621385535677,1.1428998886869097,-0.37344639020930226,1.1564424463496725,-0.5597774442956369,1.0551443295743108,-0.5134000429504072,1.1062748011870556,-0.4662419008885117,1.1267990539744,-0.4274684355296839,1.13619434775628,-0.5798831336918994,1.0451576697396454,-0.546537446008718,1.0843337453588289,-0.5089208576815252,1.1011288163119108,-0.47489482398366256,1.107490127189024
-0.059501433589491025,-0.34730672059681045,0.0291204282370519,-0.4003350987791902,0.07340281985772983,-0.39863388186309684,0.10806863895384382,-0.3958526074534428,-0.10167514971909569,-0.40170023973647734,-0.13749691331931727,-0.40120303712093225,-0.1744488329062426,-0.39929111082530494,0.17311883310200438,-0.3578209398351656,-0.20070738902058113,-0.3626533985344274,0.029972755929592164,-0.28219955101753247,-0.13156466031450842,-0.28432177407641523,0.49999867537141035,0.001150924339386305,-0.49999867537141035,-0.001150924339386305,0.657970192967674,0.48156810336857836,-0.6377389291409498,0.4818336907131475,0.5736710368130447,0.8975527060490858,-0.5161732334870688,0.9013127406559384,0.5566841747838567,1.0358052916977138,-0.4933454441893712,1.0400161783581645,0.4761813634685844,1.0200048390078598,-0.41412408149623836,1.0284629225612656,0.4596881280471949,0.9797521955013883,-0.3926176270609314,0.9835734348562126,0.5950821081186475,0.9088108036681257,0.4992373983376504,0.9124957421122986,0.43840290470652254,0.9525214466656167,0.3916721856282185,0.9914036539725608,0.339730948185513,1.0157971157388774,0.4863408014768431,1.0320811547070874,0.40800367546845145,1.0824734306404513,0.359792351644271,1.110501354126209,0.3235854107481064,1.1334239763985727,0.5273013569783936,1.0453544702301292,0.45605710479674094,1.0968718132160962,0.4088025005835513,1.1254152319724107,0.37265662689659884,1.1481821603690352,0.5546448875969445,1.0463261815659042,0.4963208889427309,1.095627500059018,0.4566514097764838,1.1246366250549553,0.4252821196677516,1.149042602848385,0.5716111188122095,1.0396364338432211,0.5310990772053457,1.0817945393236241,0.5016787113185427,1.105985819113495,0.478225877128357,1.1242135558307735,-0.5576683333773651,0.9144218349001529,-0.44567994293221447,0.9328822871984834,-0.3791558834373924,0.9803019379230574,-0.3327925303856778,1.0233239243517975,-0.28688614986235844,1.0499109917931704,-0.4545969933260281,1.0510452739426588,-0.38811350776525466,1.108278452695382,-0.34869455544941297,1.1340873258355781,-0.3183637517441865,1.153671882415195,-0.5192643483371568,1.0600496614487467,-0.45894837582929465,1.1194018998688842,-0.4104044832846749,1.1432241631670517,-0.37216341290507887,1.1572349615184623,-0.5589680746545163,1.0557796331217166,-0.5117294937068068,1.1070419792475947,-0.4642719510539942,1.127924076484211,-0.4249976895131327,1.1377531463921822,-0.5789796890823399,1.046186579725025,-0.5456417379396921,1.0858101209456035,-0.5082220490317518,1.1027181732656053,-0.47415679292893737,1.1091802943413374
-0.05908744179470076,-0.34737246526430426,0.029492601455797744,-0.4002514465866859,0.07374860073003045,-0.3985406378207206,0.10838706559407506,-0.395716164098147,-0.10155860791499885,-0.4016857464271167,-0.13736125577200958,-0.4011536231108135,-0.17477099577340188,-0.3992023897309979,0.17366117981003995,-0.35768202804057336,-0.20170391362236595,-0.36250529770236334,0.030446464460661606,-0.2824157898931271,-0.13121647551831028,-0.28452665339463135,0.49999875951918166,0.001113768054641623,-0.49999875951918166,-0.001113768054641623,0.6581104533722488,0.48129725738757606,-0.6370264244211735,0.48268770619780776,0.5737582542747396,0.8970464003524651,-0.5143297985516174,0.9009591769154345,0.5567837816663517,1.0352443653974037,-0.49201409176172095,1.0399188302310103,0.47671454980368083,1.019423078658421,-0.4129966660356283,1.0283352850562217,0.46030175528116596,0.9791448764402116,-0.39118242808010895,0.9832613747171468,0.594656225641569,0.9086849311450582,0.5003641389494927,0.9122199565137106,0.43955691885992226,0.9519181979281269,0.39259177819646096,0.9908126870742856,0.34080756052456734,1.0155065905662497,0.486674369684702,1.0314334496914173,0.4087806437904669,1.0815711230381546,0.36061406737797697,1.109554266187185,0.32470117335726817,1.132587191629319,0.5265433414424013,1.0450081615509519,0.45598978313293576,1.0963090556423438,0.40865582643805065,1.1246468560262133,0.37256051763027537,1.1472899334381135,0.5529669550064511,1.0464265155622194,0.49426925814395095,1.0959637459625315,0.4541330562837217,1.1248383434402176,0.4223930207981977,1.149156420234488,0.5687997887251728,1.0406121988715253,0.5268025986303496,1.0838802440578552,0.496101516393242,1.1089723808867686,0.4712903560713097,1.128135418547821,-0.5579344244509334,0.9132147838038388,-0.4455007954125683,0.9318109197453266,-0.37842686446181706,0.9797385836484559,-0.33184469862636423,1.0226210421899318,-0.2865061700016051,1.0491247972919315,-0.45391496957710453,1.0504704328236527,-0.3880658432629489,1.1077129353109563,-0.3485107019188689,1.1337912391951936,-0.3176561410760644,1.153456295546801,-0.5185686398281677,1.0589842684204596,-0.4597142339549247,1.1184549256052467,-0.4110747812293159,1.1423736693502116,-0.3722837337766519,1.1563687462578618,-0.5582348521202128,1.054254680505004,-0.5115561177934909,1.1055423780481228,-0.46407919849231405,1.1265332751090418,-0.42485019059383705,1.136443607934039,-0.5780997468265286,1.044319329223906,-0.5441410760286035,1.084060596884254,-0.5062873271634398,1.1013282802995847,-0.4721769304263853,1.1080851879434928
-0.05735726897918435,-0.34728325519897835,0.030651477061673402,-0.4000968840854103,0.07452463524388918,-0.39837707661953237,0.10899388015718431,-0.395544244440927,-0.10101677368137775,-0.40154594931181287,-0.13685147729850722,-0.4010011672871899,-0.17439039373843898,-0.3990518369027413,0.1743101534604113,-0.3575603654318297,-0.20187516212217943,-0.3623806902161545,0.032358643935807195,-0.28233197898236195,-0.13015450553226238,-0.28443330561264635,0.49999884688348795,0.0010738320084340146,-0.49999884688348795,-0.0010738320084340146,0.658315388591388,0.4809910035909569,-0.6364696294040068,0.4829362807421832,0.5739702157925346,0.8965837074300866,-0.5129712541608595,0.9005862408876635,0.5568926389485337,1.0347646108760706,-0.49106043714531705,1.0397013115430829,0.47725567438114447,1.01886260906427,-0.41223150866539504,1.0281395668248046,0.46111144036016094,0.9784896582155399,-0.3901233885004557,0.9829572830106574,0.5939754636026556,0.9080293510611505,0.49969272472690285,0.91143420436561,0.4382540903389116,0.9515055671830545,0.39171472908284743,0.9904655197111737,0.3407261543283366,1.0148838454150817,0.4849324981041607,1.0313087830114258,0.4076112349851941,1.0810467635696899,0.3598122112822842,1.1090337206797853,0.3237865248116299,1.1317619168288666,0.5254912106924345,1.044389322307304,0.45632299185066905,1.0958678573896345,0.4097790964693054,1.124567084364962,0.37387514439305614,1.1474385863530552,0.552974055507866,1.0453783112135424,0.49547749957345816,1.0948636173346613,0.4565764906742326,1.1237638571982669,0.4256801364969515,1.1479843301618327,0.570093401263717,1.0389981099284498,0.5283364430167454,1.0814464535847286,0.49866416527259577,1.1058000649548163,0.4747730346830581,1.1243172952802798,-0.5568185815686417,0.9130238961751654,-0.44419585544731527,0.9315172192945044,-0.3774153344678192,0.9792568871753116,-0.33141367925295606,1.0225617683199888,-0.2855604135933496,1.0497211788640552,-0.4542728115277405,1.049186564271922,-0.38763621467706977,1.1070894053127134,-0.3474175614862593,1.1330654091536076,-0.31614398182383263,1.1527017440416323,-0.5189124009794497,1.058100929406232,-0.45989148585912,1.1179534443258128,-0.41124808436747856,1.142030336654894,-0.37253503557157813,1.1563188768487507,-0.5582385184749383,1.0537553138009923,-0.5114557571289323,1.105492294025395,-0.46354035754333495,1.1264142595324351,-0.4237795136100386,1.1361036852974886,-0.577640109330411,1.0440359353294149,-0.544136014816098,1.0838502269821508,-0.5063355617850263,1.100907056767963,-0.4722166124005524,1.1074936294530515
-0.05272987876670062,-0.34713695458433314,0.0337801397660138,-0.3997135757783578,0.07645457692324012,-0.3979396760476488,0.11078166280922082,-0.39516043137022844,-0.09962484125231756,-0.40129289815603914,-0.13588849559697533,-0.40058534414502944,-0.1737041662300546,-0.3985466955639873,0.1755431884076022,-0.3575583664844535,-0.20237542256375768,-0.3618292105811028,0.03699696881723333,-0.28204672549637105,-0.12731685657369607,-0.28365939908495974,0.49999874352881424,0.001120923550936931,-0.49999874352881424,-0.001120923550936931,0.6584287421089668,0.48075543830812256,-0.6363568695137767,0.4829417115075783,0.5739010426146706,0.8963778851620837,-0.5122248646716764,0.9004424051352313,0.556836351149529,1.0346735069823396,-0.4909792159471094,1.039560163499542,0.47727059741477157,1.0186858088943447,-0.41216443118792073,1.0280442067611282,0.46117463669363573,0.9781742887847543,-0.38976849198623176,0.9828558233333281,0.5934226638621201,0.9083437912958483,0.49846438174338586,0.9115148697673269,0.4371458277014904,0.9515852333857808,0.39092620147628476,0.9906433139065418,0.34107428147572494,1.0153450548493521,0.4844719859664382,1.0312367179366295,0.4068533109586767,1.0810989421218156,0.3592173402092966,1.1091539395202985,0.3237613278556524,1.1318649119932973,0.5251982452836418,1.044316849901324,0.45576054331269233,1.0957917476750987,0.4092683370568375,1.124089649052507,0.37359607421516833,1.1465612896639175,0.5528324197819844,1.0455952557406336,0.4948558562872365,1.0949419959162454,0.45517581518242883,1.1236133209445127,0.42373912177870476,1.147531531688335,0.5701291614849113,1.0397133523776538,0.5281499133171431,1.0824959147788926,0.497874432826245,1.1069881373009671,0.4735027005697346,1.1254120194128892,-0.5570113848990487,0.9130806936631477,-0.44431774628512566,0.9313664997010763,-0.37723709220017276,0.9788248263074982,-0.33067612268557806,1.0216433846603652,-0.2853307034840723,1.048911691909908,-0.45388696776936444,1.0489138901359616,-0.3874510121692004,1.1070792262930642,-0.34749337633055877,1.1329636128527234,-0.31625294329668463,1.152439483520432,-0.5186320066723437,1.0579910524570098,-0.45824962215103454,1.1183988539670637,-0.40905318568183924,1.1422741993028407,-0.3704143480862426,1.1559206492545995,-0.5581771316531102,1.0536098505430123,-0.5106115728320102,1.1053176228893427,-0.46263473965519014,1.125948798737358,-0.42349903427691066,1.1354838790232014,-0.5778937767682545,1.0437922982092782,-0.5439361302484107,1.0836130257815177,-0.5061649736929172,1.1003320461997272,-0.4725758735098761,1.1064961468323409
-0.05081138841450631,-0.34705567691863826,0.035723204165060064,-0.39948230245050936,0.07774354591702985,-0.3976213833512245,0.1118866790745219,-0.3948307602241874,-0.09909651767972512,-0.401244042130758,-0.1354992794430846,-0.4005104303754076,-0.17352971009309248,-0.3984626226340192,0.17663476769405465,-0.3574438968569838,-0.20313160722022672,-0.3617014687594887,0.039122091097488265,-0.28180001495653095,-0.12664408210369224,-0.2832843407354726,0.4999988235227998,0.0010846546990442975,-0.4999988235227998,-0.0010846546990442975,0.658560752082215,0.48026637753070045,-0.6360316387879573,0.48297664060214723,0.5735470937513591,0.8944650444349825,-0.5111516316139924,0.9001648389420044,0.5568155807069957,1.0342717602253229,-0.49061599716883936,1.0392624630965208,0.47728563762257453,1.0184273672476296,-0.4119206310378179,1.027886226577264,0.46114233271160865,0.9777686133093537,-0.3892098490708795,0.9828002517302369,0.5922815640103586,0.908031882332869,0.49574056478221284,0.9111563087677427,0.4333944863029396,0.9504255892661968,0.38728471061093067,0.9905532799994947,0.336142747027573,1.01536297046112,0.48058699354736323,1.0325157899849629,0.40328927422933897,1.0828156900798274,0.3574046440605993,1.1109385500812512,0.32361138622206187,1.1338586116117653,0.5247288407669166,1.0455721698203306,0.4559057418070661,1.0968335058623342,0.4097812677801031,1.125242502608706,0.37447421880890763,1.1479246434276262,0.5563242167431556,1.0463183507125808,0.5006039278730138,1.0947581559138588,0.4608147109465098,1.1229168688631614,0.4288150620752243,1.1463315911803091,0.5774630323918931,1.039634866704564,0.5366963075071318,1.080932242691454,0.506276935694839,1.1040014854533715,0.48096928762378677,1.1209922111898698,-0.5549853632699748,0.912855820917765,-0.44314937284590217,0.9307821574895205,-0.3743220154899434,0.977203757670743,-0.3276245811350025,1.0194164140856639,-0.2833791587326883,1.0468444686833687,-0.45012476303875554,1.048364716093997,-0.38466730804816596,1.107663294003577,-0.3462582922473772,1.1337860815103094,-0.3164882571577771,1.1531240077081262,-0.5158772149855505,1.0580709745007564,-0.4560747726590385,1.119708785549904,-0.4074820773007143,1.1431741965175009,-0.37028670439076344,1.1554346683834837,-0.5573615482983523,1.0537882643244514,-0.5102632065549664,1.105076387051652,-0.4632994163918382,1.1238221214551956,-0.4261046616361611,1.1309982057356,-0.5798631880693312,1.0436120713020094,-0.5457681335775769,1.0816751267609108,-0.5074681876642048,1.0966679778845798,-0.4744942589736473,1.1007987594771536
-0.049390007388748165,-0.34698324981240397,0.03696812532622273,-0.3993511427817181,0.07847621513536551,-0.3974372829555119,0.11249511215628243,-0.394619946756583,-0.09893744103093141,-0.4011757017334011,-0.13543603320405942,-0.4004175709423871,-0.1736378628102541,-0.39834957959139844,0.1773843811294144,-0.3573078998071484,-0.20403592168207374,-0.3615192494270554,0.040920838746895595,-0.28164902087071175,-0.12615519443058706,-0.2829567535850982,0.49999844502311164,0.0012469861548529849,-0.49999844502311164,-0.0012469861548529849,0.6580281829230835,0.48104218939992033,-0.6359155429305501,0.4823338603121251,0.5715798570112459,0.8938229550507073,-0.5110044174471549,0.8994872800064391,0.5551645579011512,1.0344120468278033,-0.4905578119099851,1.0387528518276878,0.4751394427780422,1.0191198383471853,-0.4119190225076647,1.0277451633991381,0.4580561374336199,0.977581958699808,-0.3890886121501125,0.9827016924653266,0.5868944421906299,0.9044944438763248,0.4871782439945152,0.9071111448283425,0.42310881333445444,0.9482476167015369,0.3787187969167545,0.9896884391340212,0.32826043944228994,1.0138861618824289,0.47513161779749213,1.0326179297960674,0.3991820820177283,1.085074677478733,0.3552611525919514,1.1131571598693524,0.32356215638359137,1.135596870320843,0.5226670018356018,1.0447802833370152,0.4513051011439512,1.0995799949328064,0.40323899123204165,1.1286356577992065,0.3666213769863362,1.1511147677141684,0.5582539151344657,1.0444584981719385,0.5030190247958017,1.0962958368679032,0.4624422449524786,1.1245913783780617,0.42991380080581043,1.1469027316924587,0.5836281305725953,1.0359583728087869,0.5444230560916645,1.0804601354399563,0.5135838467812892,1.1042572740963443,0.4873050910476428,1.1211669197846992,-0.553529617447447,0.9107306788140148,-0.4392385006544714,0.9262086276224266,-0.37010328741057946,0.9717454841719747,-0.32284603338289886,1.0141248924293864,-0.2731365402751127,1.0400846086051667,-0.4403852035059589,1.045823751357386,-0.37888415111101004,1.1056119566940312,-0.342270037514498,1.1317416259561446,-0.31442333414308493,1.14983256914684,-0.5099755697851803,1.0552553239667177,-0.4511461304864602,1.119545776007228,-0.4079123579053045,1.1440882097409206,-0.3787417227369626,1.157004918862968,-0.558317750502111,1.0505610220384745,-0.5129235282471513,1.1067391657343237,-0.46750988082117684,1.1281470769960884,-0.4341723748697389,1.1369824409996485,-0.5901451038475644,1.038907704074363,-0.5602802418960341,1.0834204491343746,-0.524793680540716,1.1004390954289884,-0.4956121315837122,1.1052730114838885
-0.0487634484251972,-0.3467200813771913,0.03736183785283717,-0.3990404937906836,0.07858437997670108,-0.39712190310436607,0.11249109496110236,-0.3942982980488754,-0.09905903992027641,-0.4008702049542149,-0.13560244550079043,-0.4001046820583034,-0.17389669538433863,-0.3980283233610525,0.17742801049800253,-0.35701481270744506,-0.2048896570627072,-0.3611595405460792,0.04180115056039739,-0.28142205848903273,-0.12603452372492585,-0.28262793278603243,0.49999840768215326,0.0012618697679526057,-0.49999840768215326,-0.0012618697679526057,0.6573583683373517,0.47884103504618836,-0.6379337692063854,0.48187020828806154,0.5690273474209119,0.8851315535827285,-0.5090862703071662,0.8985965269653272,0.5543383603633992,1.0307060620845219,-0.4902778956761966,1.0382413448358023,0.4737051565107426,1.0153373112694033,-0.40862861234082326,1.027253613831355,0.4546440650267889,0.9731480671754819,-0.3841360630442567,0.9818959793418134,0.5746041259964755,0.8978544926778681,0.4741285686817936,0.9012493338329327,0.4096431830662086,0.9409991916417415,0.36706879437354684,0.9813587245721318,0.3182428010989815,1.0052586751369115,0.45993568846674665,1.0254044259822748,0.39229206227758817,1.080815733528464,0.35052842491083586,1.1101138806646906,0.319030783905165,1.1334636834425946,0.5065859165098954,1.039112857934234,0.4408187729615369,1.0981750839025277,0.3946539532997777,1.1301467490297252,0.3585648894156053,1.1559684449552423,0.5423281033676381,1.0397425583803936,0.4932441125894296,1.094138060763381,0.45297729965503236,1.1241207722487219,0.419748976830663,1.1480107101512125,0.5710767885157758,1.0309532239673316,0.5398626567286221,1.0756585266507448,0.5122993062038156,1.0998140058435348,0.4884885094813369,1.116351220631826,-0.5500961462272029,0.9045664054055594,-0.4355180969775916,0.9183526069399565,-0.3645422430626152,0.9633895619167293,-0.31908667650629985,1.0075548666353131,-0.2677833722737045,1.0312297380382223,-0.4329900369093287,1.0382863332362249,-0.37660400354727475,1.1011904040089049,-0.34076703929717816,1.1304249090177043,-0.31334208296757426,1.1491175893933188,-0.5025236559753897,1.04914719146509,-0.44479085095556115,1.1166071607391086,-0.4059715535207387,1.1463934594518723,-0.3775278430931492,1.1635976821403322,-0.5531893044958968,1.0472379276422747,-0.5077003395386579,1.107287703863749,-0.4678587904320365,1.1366265874479193,-0.4346867716880741,1.1532138655476563,-0.5885984331727666,1.0381103572674986,-0.5635403399065576,1.0849878590286361,-0.5342521368527415,1.1068483811608412,-0.5069249068502752,1.1179858906203541
-0.048239257117304236,-0.3464649745187441,0.037272723704852094,-0.3986891952868192,0.07820983768445007,-0.39673223571686744,0.11192294036913669,-0.3938891542260676,-0.09936096979167224,-0.40056792029902044,-0.13594851626689589,-0.3997810895017942,-0.17431624987370564,-0.3976818354801967,0.17699190598708783,-0.3567249659908298,-0.20580290318360323,-0.36079203312934044,0.04224440145619568,-0.2812695325522897,-0.12583931034944157,-0.2823686852907847,0.4999975721575843,0.0015581516361763488,-0.4999975721575843,-0.0015581516361763488,0.6564816155652462,0.4801916293455286,-0.6405296063590988,0.48078586960124675,0.5554203708773443,0.883513816937185,-0.5068648201738264,0.8954038262759583,0.5432385141117595,1.0292070379828873,-0.490203221816967,1.0362534208814707,0.45775310222475163,1.013504249497031,-0.40604577735092506,1.0248113857018248,0.43545765703694567,0.9712504667415689,-0.3789001319657792,0.9793668655696122,0.5576102537279857,0.8838879732816474,0.45715762938956783,0.8841714665587472,0.3967600029931631,0.9257119966634187,0.35765025654803095,0.9652201401825043,0.31048560329486413,0.9903636656556097,0.4495986303865471,1.010098769386709,0.37623755489006033,1.0695988040255713,0.3293836486155118,1.1028039470171354,0.29474118101372365,1.127550034089205,0.49067571061213355,1.0248708234227242,0.4192730669332936,1.087384377901831,0.36694102970029246,1.1224483876808722,0.32422982300979963,1.1500096862524904,0.5161112204653244,1.0274462297395666,0.45636987415774233,1.0850490506742427,0.40948214042452535,1.1188814396605498,0.3693523659949293,1.1462467580971294,0.5332598246643903,1.0204514782252665,0.4981963626984451,1.0673900216231231,0.47042908640278885,1.0970160277529823,0.4461042676014242,1.1188622662021952,-0.551952303120822,0.8877616966356431,-0.4306240281857551,0.8979141797876692,-0.3536805974256253,0.9395077108093637,-0.3074961872308366,0.9832540103444561,-0.25867330373654623,1.0103265226813065,-0.42507447609493176,1.019822999651058,-0.36782259792478145,1.0857932547649485,-0.3322850037243822,1.1198843484857683,-0.30452594462516364,1.1432381685747472,-0.49609084306456386,1.0341410535838915,-0.4373100870205464,1.1062307918381953,-0.39485354494298464,1.1407764334752928,-0.3639074462054124,1.1605738509460444,-0.5500960384455503,1.0356902690189418,-0.5049665793200856,1.103215628558663,-0.4637968502046644,1.135384446126162,-0.43060574492368126,1.1537368696033476,-0.5885339606052653,1.0294152069593083,-0.5633786229122807,1.0835250346416012,-0.5338606386772585,1.1095186290861845,-0.5053473778983351,1.1248363049656616
-0.048730981610454874,-0.3456132693214726,0.03650228570588803,-0.39784729090935284,0.07737421888447059,-0.39583825326658484,0.11099429631572115,-0.3929682825070668,-0.10001321165927413,-0.399766290521885,-0.13654882579321073,-0.39889633309230943,-0.17496149699484298,-0.3967298827201428,0.1764025156746539,-0.35590758326210026,-0.20683755760656716,-0.3599313671091584,0.04183866269000994,-0.28059801776648485,-0.1261798903567574,-0.2815406482607079,0.4999974188260921,0.0016066011469568614,-0.4999974188260921,-0.0016066011469568614,0.6539810460830756,0.4817248603216892,-0.6511671696316884,0.47235803380489944,0.5255605624203696,0.8795776888775486,-0.4973635500691704,0.867683234377555,0.5162242271423689,1.0229570649045543,-0.4843604040457641,1.0174306304230476,0.4229288301725777,1.003701095583198,-0.3891565700114069,0.9937623190580916,0.40060459449056524,0.9620190252305117,-0.36103188889482385,0.950199226409347,0.5310565056630872,0.8586899597189342,0.43762943576525176,0.8585521338503272,0.3771312629754442,0.8964497355608457,0.3403257398488188,0.9348003304287998,0.30309046800688405,0.9632278729530859,0.42561834885858973,0.976527659077626,0.35781649888871003,1.0415619163823522,0.306955061608381,1.0787947270480618,0.2659407904047787,1.1060869836725025,0.46199357634185567,0.9922852031269789,0.3938645266660468,1.061273340037369,0.33166376685650245,1.101153419197226,0.27857113659608473,1.129275365673559,0.4792744517425487,0.9985447946595478,0.4205341057055307,1.059710903330452,0.3657372476412261,1.0954734346656743,0.31478324278842984,1.12266943195331,0.48579574834705597,0.9967872413707832,0.44065121324165574,1.0487377491307304,0.3994168034979172,1.0806708269916698,0.36009103591676345,1.1020432711346213,-0.545060940214082,0.8486789886912242,-0.4278537121650599,0.8561575461152927,-0.34806819005702583,0.8941146262512518,-0.29205482727744675,0.9371852101909464,-0.2381647759200884,0.960868015149228,-0.4096172850949619,0.967322586531632,-0.34650069426564595,1.039292848634799,-0.3052346994270183,1.0782279728562205,-0.2740651331239176,1.1045326141543232,-0.4788057344036748,0.9875274760197864,-0.41462413792894204,1.0666168270861414,-0.3668066287110431,1.1063454071761407,-0.3310300823445389,1.1303839888309655,-0.532608892567085,0.9949945479548045,-0.47944051277173844,1.0698432923852683,-0.4382898513856604,1.1067970330134511,-0.4054981648521833,1.129501930618283,-0.5685962113308687,0.9934986997379782,-0.5349857735064999,1.0516010542046388,-0.5040945252148571,1.0819353246433343,-0.4744407016364024,1.1010592108406088
-0.04841180919695269,-0.344803794738429,0.03662363301735024,-0.39718747147988165,0.07720233459331687,-0.39519163586635886,0.11094425864602714,-0.3923346132163405,-0.10034853730991726,-0.39907035781433353,-0.13697619935233715,-0.39812575630118435,-0.1754701877532871,-0.39589138874582674,0.17686552791003224,-0.355346250997347,-0.20749042061861137,-0.3592551223447836,0.042461758631819765,-0.2797790518409794,-0.12566570165344884,-0.2805615704557762,0.499997162654585,0.0016844397776319714,-0.499997162654585,-0.0016844397776319714,0.6548506242608404,0.47089049536737504,-0.6693155754350151,0.4584490025294463,0.49666495405631084,0.8353449038431283,-0.48463271456147283,0.8208893082017424,0.4739498570221619,0.9770640168765978,-0.46517320636071446,0.9464990132355793,0.3811347771297463,0.9556167652567361,-0.3633596062737791,0.9147247557651846,0.3590986049641121,0.9161780729097962,-0.3401410176830462,0.8769163845116785,0.47111233075616704,0.822914200597759,0.3934060948749031,0.8220978791455136,0.3437631795092135,0.852258204776995,0.3205382400823538,0.8861205898504314,0.2967974488694592,0.9138288098513934,0.3918741093085927,0.9417264623191889,0.32915366145245517,1.0048682505936262,0.2756389212834016,1.0436542408792842,0.2309851681480159,1.072187113536873,0.4176580942517185,0.9584392680394206,0.34914786908194717,1.0221985214779203,0.28350644633888084,1.0617287204959334,0.22382292734540524,1.0911388280017356,0.4224564582439788,0.9668119918654964,0.3565631872897797,1.0242056588482062,0.29805819227345415,1.058397467937506,0.24241530740490438,1.0840999163393923,0.4154735432012474,0.9690651046307119,0.3652020999246939,1.016799901038844,0.31856060337020486,1.0461843320458974,0.2746946270687747,1.0662271611304672,-0.5246878477440677,0.7993688512450222,-0.41480465675112654,0.7959973084358987,-0.32434771742997914,0.8238651870913152,-0.2637264599236848,0.8597890672291975,-0.20787529494560278,0.8787111444588022,-0.3800565690479742,0.884472240577025,-0.3018490268440623,0.9522239164167359,-0.2562507746283682,0.9912278837875176,-0.22704887894353767,1.021098392768227,-0.4461146885872261,0.9131310373401801,-0.36756488411807625,0.9921318877514481,-0.31951773583420623,1.0357121447157365,-0.28877012858240436,1.0663562265098168,-0.502377292142335,0.930397663286086,-0.43361276037325275,1.0048574610010668,-0.39050253357090237,1.044159166495639,-0.35730923981326823,1.071153361307988,-0.5454139721650243,0.9380122475134645,-0.49623623847347686,0.9976506960570085,-0.46195640542968935,1.0285485381419157,-0.43136415465303035,1.0504895160542096
-0.049893142448832924,-0.344871774360588,0.035270743928696,-0.3974562862092674,0.07597464683241874,-0.3954517676161072,0.10979101002129157,-0.39257227242967907,-0.10196010300691648,-0.39932748057776685,-0.1386815308805028,-0.39833355618457694,-0.17728065674330376,-0.3960472938961195,0.176660279786243,-0.35549756103292873,-0.20944701712715796,-0.3594090439085218,0.041837483994375,-0.2797159005878367,-0.12608798818683387,-0.2804514943203039,0.4999971625460476,0.001684471994808955,-0.4999971625460476,-0.001684471994808955,0.6569347332994122,0.4653661352886443,-0.6809185119361147,0.443703738492261,0.4149919645139685,0.7922872661133212,-0.4793050375012007,0.7432835109120777,0.3527907883208622,0.940348284559644,-0.432999121090936,0.8620957616865321,0.2730728285527113,0.9109535619470944,-0.3424305205216135,0.8212286521324416,0.27191901777867666,0.8636319853586182,-0.3312078041563693,0.7821540773657798,,,,,,,,,,,,,,,,,,,,,,,,,,,,,,,,,,,,,,,,,,,0.38222206812774756,0.7701709850501853,0.29502494453716355,0.8354114743513992,0.2609196836702068,0.9051264547046426,0.2304264652892841,0.9525675609959469,0.1845313038715558,0.9880955402387188,0.3471262031371239,0.9282949531403258,0.2719611886245771,0.9744284893720561,0.20227441344748784,1.0058235887982578,0.1358213754083066,1.0299755716044041,0.35731580223697373,0.9078301809838478,0.2815135698126721,0.9573811987534806,0.20854513608187894,0.9888339407969684,0.1383989999048032,1.0160229090995976,0.3542680001923538,0.8751098490333928,0.2952118380587676,0.9249608548659081,0.23735193138177818,0.954994986083506,0.18243727491960537,0.9815633035924128,0.3405667197429797,0.8366182725194711,0.3183031145558541,0.8681444027882919,0.2961861489010639,0.8936596814146663,0.2724985930731455,0.9155100670793004
-0.05422760604382495,-0.3446543913128679,0.02997633220985987,-0.39774447500192356,0.07161819386940069,-0.3958451020452244,0.10576894374549829,-0.3930296480934306,-0.10625798878935974,-0.39944300739749894,-0.14311529776069676,-0.39831898924512427,-0.18181737723772415,-0.3959328793607893,0.17358222524173378,-0.35581037826862416,-0.21272443147843811,-0.35914019764376925,0.03856266236710154,-0.27923827798915274,-0.12919880379911453,-0.27980435210585686,0.4999987778267486,0.0011055187730739458,-0.4999987778267486,-0.0011055187730739458,0.6609211922680034,0.4538734520732101,-0.7041721209822555,0.44292223292111066,0.33098996431281946,0.7458537373600702,-0.4553778615593632,0.6587169068230528,0.22993870678397418,0.8784400634399699,-0.36476983091600834,0.7419614955147869,0.15485051854059267,0.832980646442267,-0.2950250350833948,0.6985868242112455,0.17271120418728234,0.7888892878259267,-0.30149037867678313,0.6691650255369618,,,,,,,,,,,,,,,,,,,,,,,,,,,,,,,,,,,,,,,,,,,0.2935915915588051,0.7278513953862209,0.2595885611211463,0.7576007398675655,0.2237528175013638,0.8071298825134522,0.18346564781877478,0.8512736043635674,0.12997812029546796,0.8829040291192857,0.21332275032330889,0.8573083292581484,0.14745710552753485,0.9078512516695152,0.0766811673835053,0.9148461529139488,0.015370848330185986,0.9108303062773598,0.22393581322360895,0.8650379693512349,0.1453763559748981,0.909246731849618,0.06763583214283099,0.9159466076111247,0.00034514949946800856,0.9121978134667881,0.2345571440029261,0.8672419103012264,0.15361943135494652,0.9083452574407869,0.07814692453525347,0.9150483025559168,0.013066590448120296,0.9109241467042039,0.24911219382059566,0.8617740863112512,0.18544428906555036,0.8959329662683823,0.11720617638581957,0.9060524367913615,0.056681994829042806,0.9064993156522357
-0.060504157533750776,-0.34512827292018783,0.02171949453642568,-0.39886938931776406,0.06534623022705463,-0.3970045159009366,0.1004574842523788,-0.394263144693132,-0.11141672473932522,-0.4003418056970974,-0.14802682953473412,-0.39898605448324553,-0.186561996287592,-0.3965439608200764,0.16862823953845993,-0.356904238947108,-0.21528459230664845,-0.35977354983088516,0.03414906995461478,-0.279245861664979,-0.13346855715422637,-0.27932672592330116,0.4999997710470519,0.00047849022524137084,-0.4999997710470519,-0.00047849022524137084,0.665563286416823,0.44441979933378156,-0.7190712112466423,0.426207406066913,0.2661013435184495,0.67226301684024,-0.44513495020693106,0.5465259292371696,0.13410922687653173,0.7787832043278892,-0.3271312054582981,0.6194805460516192,0.08604567643585055,0.7248707847524516,-0.2614246765667501,0.5578960475772125,0.12404278885727268,0.680968326571413,-0.2773925749758563,0.5338933432485381,,,,,,,,,,,,,,,,,,,,,,,,,,,,,,,,,,,,,,,,,,,,,,,,,,,,,,,,,,,,,,,,,,,,,,,,,,,,,,,,,,,,
-0.060185628944273234,-0.3428077982830365,0.02179126021273954,-0.3973457513388044,0.06588289377463753,-0.39550111230016505,0.10084292378893395,-0.39281012052120834,-0.11038543696844491,-0.39901851684492334,-0.14705661606982198,-0.39772346247911133,-0.185594775333118,-0.39529795423520175,0.16681925356981103,-0.3555662500400605,-0.21229826392752232,-0.3586868038529171,0.0334426083934115,-0.27597923468733376,-0.13246988092515774,-0.2771106629446398,0.499997366533437,-0.001622793772428067,-0.499997366533437,0.001622793772428067,0.6711576534732122,0.4331428426916804,-0.732806625992301,0.43038674150204426,0.25471828035879707,0.5721124245246244,-0.4036789377997168,0.4364948463658031,0.10963307702248615,0.6549179535999152,-0.2537802315751123,0.4698780524267561,0.07817078997249162,0.5984333300826795,-0.19201621271091068,0.40807345762837377,0.11235632771309431,0.5659773154370884,-0.21940475948737534,0.38928519933684197,0.08208111293306025,0.5625834134570021,0.13419494971521637,0.5433886998385138,0.18401106112680057,0.5458801874745389,0.20389215529913204,0.5491254270268207,0.20962832569931975,0.5616402143832155,0.12018922297285219,0.631697522683171,0.08235755823420254,0.6680715161259686,0.041324501007651795,0.6697406277100558,-0.007679186939623742,0.6616571777966948,0.05005967141444106,0.6448903387716223,-0.008085015879946178,0.6769073259852886,-0.07681918681333166,0.6763174089730826,-0.1460273236331167,0.6642538983872333,-0.0035717609848871907,0.6470981428609566,-0.07475294610328323,0.6714619381803104,-0.13974327372371648,0.6642746387446704,-0.20261237780733837,0.649418278953323,-0.04389693171649377,0.6403660177126959,-0.10205825305593966,0.658632983127703,-0.15463512875765764,0.6550880523703059,-0.20347943610583552,0.6435398491887006,-0.4162311691571223,0.4124950512793229,-0.2932540732725868,0.39817237290015056,-0.17154861185360284,0.3798974732544459,-0.08798077024472409,0.3606699091369297,-0.024797359267859868,0.3359897189688868,-0.21292263220459873,0.35196466609154303,-0.10274630397414024,0.3583233256089051,-0.049048544190122015,0.3809829316926673,-0.010495838837214026,0.40522646077829155,-0.26561406706182533,0.36697929290574977,-0.15971484596540472,0.37689708127754656,-0.1040466826263413,0.40150140906435955,-0.06390706153543094,0.4279523246482288,-0.31967833262525325,0.39506312884596356,-0.22411643974838513,0.41397471570588007,-0.16609619459862088,0.4417971396241677,-0.11985076539494308,0.4661847376356139,-0.3673114866173188,0.4325854977844429,-0.3002989045482475,0.45896681485342233,-0.25674095239852446,0.48024168888493696,-0.22053935447710887,0.49792402677486985
-0.058837841338278817,-0.34092794295712947,0.024035943272426114,-0.3968706702030084,0.06855935490123505,-0.39488190685998564,0.10325708685494811,-0.3922813435644131,-0.10952246735262267,-0.39886319901022,-0.14656675212980566,-0.39753346228275094,-0.18556443303963965,-0.39532873021330894,0.16684909066603243,-0.3561884191506027,-0.21204514792573223,-0.3593615441504023,0.03546930019988251,-0.27330664612521677,-0.13173821338917094,-0.2752450155923665,0.4999761179440343,-0.004886868692021224,-0.4999761179440343,0.004886868692021224,0.6826001457472458,0.438208886231861,-0.7374224538450498,0.43977940151989064,0.2294519387068394,0.5110630873573723,-0.3424863172624942,0.3538009740898671,0.05920706797630891,0.5571253421455198,-0.1793531063082646,0.3687626061535127,0.03895942801662596,0.5096257357748617,-0.13432216641280775,0.306087897571831,0.08632235155635484,0.48752112371876516,-0.16746303728508247,0.2973204189075591,,,,,,,,,,,,,,,,,,,,,,,,,,,,,,,,,,,,,,,,,,,-0.3867945695637282,0.3947619046835005,-0.28318891333690743,0.3952628873768856,-0.21023462828473222,0.3700717208060784,-0.16476485345063305,0.3552895641383491,-0.14451066791768727,0.3459426262840464,-0.17916082129585548,0.2955605746724649,-0.09620046620006154,0.27294273336655595,-0.0225663565011588,0.26513076763364063,0.04303260453131858,0.2638272131992229,-0.20787364704708078,0.29549737118009906,-0.1120980448577834,0.2735827918961491,-0.02885637087670422,0.2725718879308372,0.0436032659078241,0.27845262802118537,-0.24606235140763574,0.3099574574902939,-0.16005232223142932,0.2959676670999079,-0.08647838957703968,0.30042090915889375,-0.024307197459038383,0.3082991752145358,-0.2891048446813568,0.3365044726991132,-0.22551523387555134,0.32783194003840643,-0.17210018883800135,0.32857109713954863,-0.12579412904144058,0.3337550503986924
-0.061810171152841015,-0.34015372339020067,0.02443795217926076,-0.3962818259009651,0.06981725909494821,-0.3939884218561844,0.10493174342871475,-0.3911980288438928,-0.10918945413685603,-0.39877946662842306,-0.14653791721560286,-0.39747662649784976,-0.1855761072211699,-0.3952917243020763,0.16834262802818423,-0.3554933812245561,-0.21094882541195295,-0.3589670762777603,0.030852043784288668,-0.27147745850159377,-0.13433649132672143,-0.27405685791501294,0.49997122138041145,-0.0053644935809050755,-0.49997122138041145,0.0053644935809050755,0.6835223519433318,0.4494845748891192,-0.753211691945891,0.4430377655846201,0.19107844189245582,0.4479770001978332,-0.3329165682671712,0.30859319916149325,0.015143991766430906,0.4563136122739623,-0.16173607099974532,0.30657921138273997,-0.005151010591855494,0.3933424251052123,-0.12237433139658156,0.2513972549528792,0.04401963756364136,0.3774690775795913,-0.16170399342917682,0.2465338400519189,,,,,,,,,,,,,,,,,,,,,,,,,,,,,,,,,,,,,,,,,,,-0.3875510011089249,0.3454694604863503,-0.23687546847987012,0.32879410257108316,-0.14308250139884232,0.2968789824929982,-0.08611380295068577,0.2732797769898551,-0.035289346212353384,0.25344943708949336,-0.1597002477128667,0.2361640363299556,-0.0812258497751221,0.2180735667871254,-0.004006673490133449,0.20984101122040147,0.06649868861249765,0.20709009282377622,-0.1900028119596233,0.23546629582601544,-0.08983977991698641,0.2117875720880706,-0.0038684767725844452,0.20481976898220947,0.07210294603017971,0.2037050911863124,-0.22123192723031754,0.2501906830967282,-0.1266429242960687,0.22822202815962264,-0.044850880506510746,0.22593221594924043,0.023460830972010002,0.22987669024766177,-0.2539959293588129,0.27790449493554287,-0.18644910079358187,0.26160432368269004,-0.12947350317836295,0.2585460722873364,-0.08137628006725599,0.2606562216523616
-0.059851266954673174,-0.33610436301250074,0.027485460276683207,-0.39346858690828856,0.07304353624843862,-0.39126713799703866,0.10790137061446028,-0.3886152077092698,-0.10640146342975393,-0.3969131090909644,-0.14389928648997807,-0.39609903667189444,-0.18319236497698863,-0.3946364245541822,0.17152933687254604,-0.3548669374469635,-0.20805591032270496,-0.3589672790384738,0.02981597163611744,-0.2678291086611799,-0.13282717003354366,-0.2715074063647543,0.4999819713996661,-0.0042459716559939105,-0.4999819713996661,0.0042459716559939105,0.685959560668286,0.4590880021619344,-0.7625839253971356,0.44953028058930794,0.1335101718085142,0.3704796565886451,-0.3242693472721893,0.292094677812544,-0.025485655751690754,0.3649888186291582,-0.15453010189407668,0.2806975922242823,-0.014772791200205162,0.29054019073171744,-0.11610434887852662,0.22274328147523714,0.025402817670194276,0.2861369343028043,-0.15680309278480078,0.21965711468147658,,,,,,,,,,,,,,,,,,,,,,,,,,,,,,,,,,,,,,,,,,,-0.3329453273955364,0.3096432260950666,-0.18830200431902633,0.28878165660166366,-0.07022768696910252,0.2677474539808477,0.013957391937405635,0.2612550283087216,0.08203623755610472,0.25372952928085934,-0.09957610756342294,0.20413340165160207,0.0036911358131742136,0.19549227807163788,0.08783863276755755,0.19133222851229575,0.15481670013966967,0.1903193805582756,-0.12433788040901504,0.20697234518396143,6.110653284415486e-05,0.19608634545608405,0.09157258618649228,0.19267657223486714,0.16617017918806135,0.1937912644102942,-0.14552793337709669,0.22384728717954472,-0.029915162170065172,0.21138793767349573,0.05215141348861358,0.21043827616951752,0.11732196109460083,0.21313313164497089,-0.16450846878962683,0.2530763635594841,-0.08842115302549208,0.2457444402735777,-0.035397465296913004,0.24222823266886226,0.009581389595911193,0.24077795661177112
-0.05458763333799238,-0.3338775872310257,0.033594070967689495,-0.3923443676227291,0.07849232614390948,-0.39014765339249946,0.11249111013490616,-0.38777638115739427,-0.1016764614239063,-0.39550613618703256,-0.1394799741138865,-0.3947761138024042,-0.1792245053473189,-0.39370452561974234,0.1763475495542155,-0.35491233257433313,-0.20593737115633878,-0.3591327564227584,0.034660204212699004,-0.2659192153242165,-0.1297912823349975,-0.268884606133035,0.49998430416477163,-0.0039617658776246395,-0.49998430416477163,0.0039617658776246395,0.6828820778261937,0.46501959882974325,-0.7654327692072139,0.45355555966020816,0.1707145858571484,0.3375588031364104,-0.3160572451815547,0.2821207414058737,0.021903164192480125,0.3147898933754614,-0.1580275568910373,0.26427261891233206,0.016606961613262694,0.2497770794246817,-0.11921968541555444,0.20778164583864517,0.0539453957116106,0.2519773339455732,-0.15335776900646833,0.20271996945306428,-0.06458201837790299,0.2353890491718222,-0.0004861397085284979,0.19537068729332432,0.05017014535119876,0.17134251781922336,0.10018679381441821,0.1637228730542499,0.14568863242305954,0.1711487410936124,-0.0011254150508871437,0.2067859571527224,0.053122314258157874,0.18839400266303097,0.10447574757493967,0.18378613373962852,0.14015696438941774,0.17886577997720016,-0.06637347770360176,0.23460180412996645,-0.12664808223396107,0.21173109294978334,-0.1815092933391145,0.1908203300304686,-0.22786188546903444,0.16811976955454122,-0.12791088223777486,0.2532084880859203,-0.2062450151897659,0.22387913072534343,-0.26596502235033037,0.19891170046341897,-0.3103851937855482,0.1734282547748302,-0.17042016372558066,0.2602790265441662,-0.23787346620644523,0.23187838135025726,-0.28496012676746413,0.21065144879959516,-0.3217360881555654,0.1888801784969744,-0.32710013426399565,0.27664759654439625,-0.22651274572357072,0.23623431163003353,-0.08120035949686433,0.21436853724199176,0.03396168318987765,0.215476214714155,0.11262997622984437,0.21688243261518647,-0.0975174146554238,0.177416717334078,0.06093812002612678,0.1693762837361596,0.17779892422389232,0.183628843683083,0.25884614808692646,0.20181141526791962,-0.12027042923380961,0.19931514909720408,0.05240226248804641,0.1915668256042988,0.14313037504034765,0.20221869319568586,0.19399178020596958,0.20967519558689737,-0.13948748820018908,0.22613465713105685,0.030354054754677385,0.21839500373773146,0.0929312209809711,0.22531287619254112,0.11455358232330692,0.23001488794721542,-0.15710476929241562,0.2523852621308079,-0.03404990145310322,0.23392315208534903,0.023525050820561822,0.23471010812388549,0.04741290918312793,0.23665307743974315
-0.05366441235161415,-0.33297820150372265,0.03523893889533104,-0.3924907883954638,0.0801910170075285,-0.3904279054085535,0.11477780720488762,-0.38813993039306915,-0.09915314767830195,-0.3950816012807324,-0.13706897261425446,-0.39435836132010094,-0.17694837095229735,-0.39342748396315974,0.1792614733654787,-0.35539704027533886,-0.2030671190343044,-0.3594839696923716,0.035764032415946334,-0.2646071705549864,-0.12776499906871516,-0.26733551139697015,0.4999862684729982,-0.0037055820658767505,-0.4999862684729982,0.0037055820658767505,0.6853020992222251,0.46851087556818805,-0.7656196986774864,0.45859969900275716,0.1764722231296563,0.31051554433235984,-0.3075210930759812,0.26333050966012755,0.026764424020514353,0.27432089159292833,-0.14183881451862485,0.24183658457942897,0.02365611765242889,0.2135055345855664,-0.11032673052224257,0.18158683038506224,0.059950334523400914,0.2209430261209851,-0.14512712178193507,0.17866848859811904,,,,,,,,,,,,,,,,,,,,,,,,,,,,,,,,,,,,,,,,,,,-0.3034350363905617,0.2640536405293073,-0.17081757682475884,0.2456321670929181,-0.0407137297602726,0.21472466792158776,0.05023639530255572,0.19479991428144255,0.11544588325480064,0.16904022253063739,-0.06596309170025264,0.1445035186804786,0.05731395777515931,0.10313887659201944,0.16697966682802898,0.09870910910626363,0.251677106248007,0.10711387817965787,-0.08725803397313912,0.14625756376776386,0.04564815430136768,0.10127232185426438,0.1608113452411224,0.09635389739274483,0.24753701293020278,0.1065510390167712,-0.11154033655804692,0.16376885085920842,0.010306014892774436,0.11479740730236764,0.11025342106673285,0.10237865462927821,0.1850754659174216,0.10394004421294714,-0.1380175591501804,0.19341859832063282,-0.05473983588199342,0.15157402657254204,0.01852918306298635,0.13655787916326778,0.07839333533958268,0.1318406920662278
-0.05588894439184107,-0.3304856285912465,0.03412761126348407,-0.39014925692833596,0.07866613997787711,-0.3882628058717417,0.11375499509181534,-0.3860980253746022,-0.09921204545784264,-0.3925941850620004,-0.1370049943603665,-0.39197352568243043,-0.1768101043895088,-0.39122275619856584,0.17887739321822635,-0.3536564272429297,-0.20258870517070207,-0.357726968037966,0.03285472862213968,-0.2622886610634623,-0.1286632566619938,-0.26494682722160523,0.4999820032892049,-0.004242214859422838,-0.4999820032892049,0.004242214859422838,0.6856787223482298,0.46970293109165734,-0.7644208992819705,0.4612843927951096,0.2006331990308056,0.286004773053324,-0.3184858987655913,0.2675950296657803,0.0544258057231994,0.24999452894480273,-0.16069790616952948,0.23505863079573552,0.043660921878996915,0.18246716663235718,-0.12591225341713647,0.16973761294052145,0.07821290008410163,0.19004111653249697,-0.15629896281667174,0.17179122893547297,,,,,,,,,,,,,,,,,,,,,,,,,,,,,,,,,,,,,,,,,,,-0.25646832482165277,0.2536768121703717,-0.13359522234820845,0.18499904089776242,-0.029637976295167758,0.11001809325902151,0.04507344197156867,0.05646153066971242,0.11516344242539296,0.018929892893365573,-0.04867863368760587,0.11024129499746775,0.01823977842737786,0.06520152601543984,0.07170666759097688,0.042407021203678744,0.11624650540647517,0.026379114549310086,-0.06665819190639441,0.131402550724743,0.006617215175714834,0.08632990875940533,0.05376412784233142,0.0692542848537964,0.08938724166289268,0.059382280691218016,-0.08158347179094119,0.15811694061267711,-0.007549440618335818,0.11287200639631985,0.0344327772766872,0.09148129433642879,0.0647409406099071,0.07587368186468665,-0.09548816190826219,0.1895467126817451,-0.031859739054305565,0.14694768998262875,0.008910614856445844,0.12803416085307887,0.04008489402647127,0.11474918465341846
-0.05682392996955017,-0.3277406126192261,0.033027367993600634,-0.3874576564097668,0.07712778601891311,-0.386074298764318,0.11286886346821125,-0.3842226986378627,-0.09893619231357488,-0.389171863663938,-0.13660615793062647,-0.38858333871074646,-0.1763496856090343,-0.38797191494550753,0.17895883959859507,-0.3525085356493051,-0.20143979383246638,-0.35623973142918613,0.032444158185971725,-0.2601913013859326,-0.1282508947265506,-0.2622522308753009,0.4999680023882447,-0.005656552652294905,-0.4999680023882447,0.005656552652294905,0.6878161681046432,0.46981590971340376,-0.7471875454080781,0.4636429142189726,0.20415059087963638,0.2497906536730039,-0.3132803586598358,0.28644127630543564,0.06505308588438592,0.21647874336626796,-0.1624217471182551,0.24328396897153606,0.051212009977938976,0.14747133480368904,-0.1343641130359552,0.17138017012837314,0.08557246016478276,0.15763207286416617,-0.16183030975653603,0.17778164407178557,,,,,,,,,,,,,,,,,,,,,,,,,,,,,,,,,,,,,,,,,,,-0.2702056181076904,0.27596425067887365,-0.13369950140998307,0.2187284333333239,-0.0567813359948357,0.14829095937353656,-0.006349851502262752,0.09133779127557924,0.03360926721739217,0.045675084505910526,-0.15373883795483714,0.09691053937249576,-0.09550246265966986,0.03275556746777308,-0.034673752534188,0.002909423308744508,0.024149545889480744,-0.0185277237088761,-0.18594891130541225,0.10550221733879023,-0.13399132474443706,0.035178982603493496,-0.0652381694463076,0.0006391280513566228,0.0008632378875466075,-0.02331739796296504,-0.2003064300539955,0.12631741951536637,-0.1381140574457319,0.05846696524033093,-0.0726558555351728,0.023358026061923456,-0.01612884561499974,-0.0006036694775344908,-0.19574756417570977,0.1572986020877691,-0.1456074661563117,0.101850129855537,-0.09577222449952817,0.06684181439175413,-0.049717725972699515,0.040490123604428656
-0.05541708433765392,-0.32256562975931036,0.0331103811526,-0.3828068606187591,0.07579428853261733,-0.38136778986148495,0.11085321407971856,-0.37966574741549963,-0.09758912380103259,-0.3844221648515139,-0.13538463816170956,-0.3840239889299671,-0.1745837806889764,-0.3836492479250856,0.17646241938005008,-0.34900427877747153,-0.20164973091298558,-0.35451873958599334,0.0321500574467702,-0.2572808493192552,-0.12702802258373547,-0.259277968564244,0.49996134650940743,-0.006217072984953927,-0.49996134650940743,0.006217072984953927,0.6877014386265855,0.4667821842391641,-0.7079710816328293,0.4685466956116166,0.184548408830588,0.21456929889512177,-0.2393558588422949,0.25137096963820604,0.06613315344491069,0.13825069944831744,-0.1371376860145548,0.18359820639681648,0.05228173917115882,0.07912121232900392,-0.1358152456861958,0.11928626521406104,0.0841922598458833,0.10070150565135248,-0.1533332449401392,0.13770806866893537,,,,,,,,,,,,,,,,,,,,,,,,,,,,,,,,,,,,,,,,,,,-0.28414658699670675,0.27708248325444623,-0.2433852134303097,0.18287506146058152,-0.22983540580850212,0.10781969834213945,-0.20731118596659737,0.04921288967377772,-0.18317467287968278,0.006237170421227337,-0.2794862309528441,0.10585653433244295,-0.2451330374008023,0.027234420429882313,-0.21043194779485797,-0.017450669214731394,-0.17324849831650044,-0.05580702538910317,-0.27217127202677377,0.13146262710064965,-0.22529585204404462,0.05354174685001144,-0.18136887832586002,0.00784677917113926,-0.1380968488576396,-0.02904435055723426,-0.24449739249397434,0.168681773108417,-0.19491411505060904,0.09852140541617765,-0.14829575361198347,0.05553973674205897,-0.10628819388879188,0.019411076175408437,-0.20031125616796078,0.2129287821746233,-0.17230812693910091,0.16808320325550857,-0.14945668891093955,0.13704746521308916,-0.12121485728013197,0.11039753917533172
-0.05644204404319221,-0.3235081537292982,0.03205801501003994,-0.3832965031608674,0.07456828455121511,-0.3816874217174703,0.10946362162909601,-0.37974354670406296,-0.09789427750401053,-0.3851883531156734,-0.1355502757695093,-0.38480566461009846,-0.17441538566854556,-0.3844672481251439,0.17407164349862275,-0.3489834409728473,-0.20191454188747388,-0.35603577097442873,0.030328580332190515,-0.25829785847941766,-0.12797490553740765,-0.26078564171342483,0.49993487308751544,-0.008069861892860119,-0.49993487308751544,0.008069861892860119,0.6970110120667693,0.4556144865526795,-0.6737791786733783,0.4841058142582758,0.1661213740280766,0.20604317952894033,-0.25494314792836975,0.27904723432376977,0.05293759841749305,0.11482376051845625,-0.14875340961791256,0.19947910977441302,0.03866795086776309,0.06235663383564043,-0.16366090757275012,0.13683912776097262,0.07330316265263748,0.08766378159662083,-0.16577719710836047,0.1607668868860296,,,,,,,,,,,,,,,,,,,,,,,,,,,,,,,,,,,,,,,,,,,-0.27450819287740386,0.2916296179256029,-0.2975892043216603,0.20508796177470498,-0.3210125812281607,0.12894508593036327,-0.333778574159375,0.07129617646089906,-0.3444219012246768,0.022934247159859564,-0.3342945497057536,0.1419320766731848,-0.31774398736534065,0.070583186799845,-0.30561577238093507,0.030376873788399105,-0.2957011584275459,-0.006191452952497769,-0.2953906746168125,0.16907966522591045,-0.26470501978770383,0.09811386237878943,-0.24027331319388354,0.057938054311175206,-0.21755053557932746,0.02159130504827664,-0.23843424910981717,0.20279893165454657,-0.2050900268362233,0.13897367678790265,-0.17441647254302886,0.09835797438774177,-0.1492132299826533,0.060260052957327497,-0.1666747380566813,0.23985323620608262,-0.13819819184405802,0.19694067818948346,-0.11610935188646963,0.16839660084229696,-0.0903370218466308,0.13931814354081434
-0.056960735844252645,-0.3200146670174498,0.03228530042608543,-0.3794903495616049,0.07461001318054124,-0.37783228665212565,0.10940570856295435,-0.3757778246772032,-0.09736815305516192,-0.3809248351616857,-0.1349653382329934,-0.3803178637684862,-0.17372357927187895,-0.3797166723671277,0.1736173719218012,-0.34579147988091313,-0.20108822814395375,-0.35354931267996004,0.029647167650072387,-0.25571904927711286,-0.12874599476221565,-0.258638884405475,0.4999044138351696,-0.009776350449708402,-0.4999044138351696,0.009776350449708402,0.7152518818507871,0.447244714419576,-0.6546083880801139,0.4987418407262572,0.17134410113074916,0.19565265156681103,-0.24971392675394097,0.27948153498399947,0.05672729642377562,0.11580488202988416,-0.1499427420908973,0.20359645560334108,0.04172142610605495,0.0614377007745711,-0.1636412505040894,0.1353361247095914,0.07675713564966419,0.0819133218711942,-0.16725172240754899,0.15859965262080655,0.05820292834077431,0.16193665866029042,-0.029236932729159806,0.14247643763032908,-0.10406131135710288,0.09608810161208192,-0.15004916619066908,0.057867905563692305,-0.1963707433031531,0.025134944769524038,-0.0745624727476493,0.04534504749095274,-0.13447505042508343,-0.006157714307773441,-0.19490421487330392,-0.02854369495773391,-0.25317520261800563,-0.040101583392624145,-0.02822073791361992,0.03951491422076607,-0.0889250299734704,-0.017298431831541936,-0.15532167474799854,-0.046590057733496885,-0.21939671354970455,-0.0682902423515267,0.028208527680855876,0.04574379467808141,-0.006916843986186352,-0.015784362968800817,-0.05561811598949419,-0.047656104978665105,-0.10731674726173111,-0.07445771039553177,0.09035702295206981,0.06294541164628716,0.08922053205633981,0.01852133360529438,0.07221724105817721,-0.010411499303132586,0.04760011130770574,-0.035896567078423154,-0.2535693258116615,0.29847755041923324,-0.30489536435985015,0.23565077310548188,-0.3418433119541451,0.16855171482248033,-0.3685473077587974,0.11509336503426121,-0.4112329810037216,0.07621988540804638,-0.30017108802863635,0.18241300225589366,-0.2981505473808305,0.13285621921022478,-0.2978824280093077,0.09775873600381522,-0.29715812278173664,0.06475165909658913,-0.23777571485591514,0.2027657262759982,-0.20717795529769784,0.1443409907483268,-0.19020407000802614,0.10688165837590238,-0.17393613847183048,0.07348385402022696,-0.17390579351466542,0.2263554624767379,-0.13400766583484328,0.16915536272037124,-0.11183720663065284,0.13343082264911485,-0.09650375527534541,0.10135829817267498,-0.11015161651003105,0.25194139110965336,-0.06694704449758415,0.20966978203023642,-0.04243670009637453,0.17977371348151241,-0.020618820394483036,0.14912595699387074
-0.05711289618319645,-0.3164462545086027,0.03326169049403213,-0.3768226764263313,0.07613585216251104,-0.37548229719698856,0.11092867471140869,-0.3734853716734169,-0.09683238878277205,-0.37687956889139035,-0.1343211169562117,-0.3758434737570161,-0.17314837625981072,-0.37424533904744095,0.1757143351456893,-0.3434208927667462,-0.20008163159114062,-0.34963112205618574,0.03074697106394558,-0.2530043071296429,-0.12798431099132562,-0.25451829897051287,0.49987890411466224,-0.011003691249953767,-0.49987890411466224,0.011003691249953767,0.7478184410762132,0.4315572863838662,-0.6445308230318589,0.5059433509920429,0.16623844212462305,0.1971540250611289,-0.25729624570390436,0.2717683117998417,0.048243034745344915,0.14188419108517253,-0.15437277567316676,0.21396462513166425,0.02764752754711229,0.08742752074993235,-0.1627049489603522,0.1475136461469044,0.06019885944716225,0.10005619850347958,-0.1676171965899515,0.15910354721039943,0.13273378094382612,0.17099450725460172,0.05304649818379314,0.1310202668656217,-0.0355207199665031,0.07762962362407982,-0.10239226834583302,0.0324750525121842,-0.16856813421293165,0.002673982095012921,-0.01943269043945622,0.061031808620313,-0.13095917088085132,0.037720247892714893,-0.19654292026446946,0.042074152145480166,-0.24143332190484898,0.041949568518172574,0.0019299591061009223,0.07536494114234185,-0.10296387455210118,0.053421771029749335,-0.15629632078798397,0.06626366869693177,-0.18973633473459917,0.0710430706087563,0.027248628021399098,0.09814627859048543,-0.067983560529181,0.07524151710667877,-0.11816590358826075,0.0895816796530525,-0.14855662635666794,0.09675331912751167,0.04940726475643807,0.12525412493879262,-0.023778912397576582,0.1110564472157387,-0.06330033224937344,0.11748725257830828,-0.08937983823242908,0.12066641802070198,-0.2201436541584185,0.2866336968867029,-0.2755607562732283,0.2378791735144102,-0.3139452689920559,0.17750532444064285,-0.34711560540684355,0.12899337314548712,-0.39426771807537203,0.09599255453423199,-0.23484191309951405,0.19219082787364872,-0.21149766638243617,0.14828665892692927,-0.20013598744947725,0.11311624434878641,-0.1881757418045152,0.08072239948895715,-0.1580743371514145,0.2105723847245909,-0.11152108109280033,0.15545380498376596,-0.08034314054672294,0.11235417521490665,-0.054450981088734265,0.07662838871351883,-0.09180244260125446,0.22895879736554448,-0.038469851416416116,0.1742469443940332,-0.0016296973446492944,0.13404781570049507,0.02565578394870205,0.10050669985737369,-0.04089832621794186,0.2453095468745518,0.009246837434035616,0.20238805937208112,0.040279684075593056,0.17267004470644826,0.06699276194342063,0.14619417580440178
-0.05737341652905205,-0.31366434959377026,0.03383670997483461,-0.3738191578564212,0.07697502529907646,-0.3723981987057885,0.11165892578668775,-0.3701636144351198,-0.09753751147426329,-0.3740084666714791,-0.13532205593907687,-0.37320387699229984,-0.17488494934166232,-0.371609284972192,0.17651698945399555,-0.3397696251481547,-0.20020181917920518,-0.3464650319706143,0.031037973097743757,-0.25061308380251407,-0.12848560189328395,-0.2516939983094996,0.4998297384062795,-0.013047321744720277,-0.4998297384062795,0.013047321744720277,0.7723029283238825,0.4106197101537201,-0.6261815610678503,0.508026842756505,0.1649953145983481,0.21579884073033545,-0.2611540323126433,0.2908942403228406,0.032372315391649795,0.17846243961724978,-0.15412411891056094,0.24157764294581324,0.004480961787435402,0.12470933191884907,-0.16333163229956085,0.1791299736333135,0.042764741574765015,0.1319656980995566,-0.16884477527241334,0.18783179262962676,0.14794017609964832,0.1718648985939489,0.031178621165055292,0.14206470831975102,-0.063978142360745,0.11950339393512441,-0.13732531115166732,0.0927502881573879,-0.1980660441673831,0.0717275388021754,-0.06384344534684912,0.10132190971677808,-0.1787538598000617,0.09586428571786436,-0.21666170718869482,0.10991769835894162,-0.23150733567227608,0.11249044035388173,-0.04605821419739907,0.1001275623257843,-0.1568363477916583,0.09272583077932599,-0.1786356370437921,0.11136852163738584,-0.17478849873203536,0.12042580721455146,-0.021334417634402063,0.10274203426845617,-0.128632636456944,0.09431672153450461,-0.15413979485614365,0.11176651647801353,-0.14725529694009262,0.12155389470592944,0.007711585480094336,0.10831410718488811,-0.08366117895921293,0.10097841781657917,-0.11131869970848524,0.11084090995041222,-0.1142704222026518,0.11850143974662954,-0.2021989781907357,0.28363018131698603,-0.25468501952835615,0.21951505586694767,-0.2760593890518475,0.1579793492034865,-0.2950430317263313,0.11043834295898958,-0.3437914486498076,0.08172371191639435,-0.2084152163525016,0.18729714128190536,-0.16590880129765165,0.14950621032074327,-0.14836364435184793,0.11581257963626194,-0.1328973645413068,0.08409556957164492,-0.1281067665417018,0.21316383039599734,-0.06559341792016339,0.15692173089340858,-0.02765741188853909,0.11072290491560904,0.004648244447473116,0.0697742869530409,-0.05918094014332507,0.23369859337112583,0.0018066890153183835,0.1735990500740362,0.04164928192843978,0.12803335812060498,0.07373721679802546,0.0856058308104236,-0.006223459257069031,0.24974575405409294,0.05002401070835824,0.2057306018107293,0.0812086917875624,0.17430874948076452,0.10807116631526717,0.14303697981498975
-0.04608447446472658,-0.31116026570759503,0.043601986973482595,-0.3710784931132067,0.08433134915524039,-0.36954888070753794,0.11663110531980422,-0.3673057272356184,-0.09350684749572974,-0.3714499522776135,-0.1326627489873267,-0.370575996850479,-0.17300708768838313,-0.3689484239680417,0.1798575026358052,-0.33703039087566905,-0.20031698886784396,-0.3431971135063333,0.04078438107966886,-0.2481739277754262,-0.12308423812634436,-0.2488351700606699,0.4997528253547979,-0.015719845733876126,-0.4997528253547979,0.015719845733876126,0.7940697645107242,0.40341310304236677,-0.6277088653926127,0.5103602657699906,0.19035193126069408,0.22642887802634334,-0.26370608544292806,0.30184988583689387,0.03695387618726551,0.19712270118516775,-0.1514126961475551,0.25666482709352306,0.011657369271901766,0.14328621995814014,-0.16292517385903846,0.19564448085487143,0.04665562647811061,0.1480593360283344,-0.16897623711894566,0.2031149373834983,,,,,,,,,,,,,,,,,,,,,,,,,,,,,,,,,,,,,,,,,,,-0.1950143567070092,0.3008011538316226,-0.24488106305614993,0.24203154112399622,-0.26193851721049954,0.18388973139780734,-0.2876405754221333,0.1396367660468654,-0.3412511781414548,0.11048755808516186,-0.18471418069728957,0.21175032931153434,-0.14868409247883943,0.16866904524992338,-0.12624864079130224,0.13691519841387467,-0.10291090819260378,0.10442300304541094,-0.11253968681397157,0.2296785835574099,-0.05816607316897233,0.171443927174232,-0.022094929319384865,0.12912819281407584,0.011514182318076507,0.0894506817049726,-0.054486371557725365,0.24450742779821988,0.009683797519278862,0.18542830205514654,0.04446995814342841,0.1427647554135354,0.07240824259593293,0.10179399192360615,-0.00954024788319974,0.2567603575991907,0.05587341356940043,0.21597434444937944,0.091237109414602,0.18432023523314317,0.11838721279301065,0.15004473122243325
-0.03562984897477525,-0.31076732986072875,0.05190626977821537,-0.3707177910766653,0.09029416560620002,-0.3691535056582827,0.12184215458820262,-0.3668836244255586,-0.08904982044469836,-0.3711470633051899,-0.1297741474011902,-0.37017156665942264,-0.1707711329819537,-0.3684043657463732,0.18307633208719187,-0.3366460587731171,-0.20069405624271838,-0.34217064357856164,0.04898358994945095,-0.24785155188715915,-0.11803792450417395,-0.24800627858051746,0.4997349606283837,-0.01627787227335905,-0.4997349606283837,0.01627787227335905,0.8238640145483423,0.3936175957009305,-0.6256046176608949,0.5108272751826131,0.18821250354232982,0.2294487276524815,-0.2652678483046857,0.3069283370721416,0.03334748510074833,0.19971660011256062,-0.14763789570797595,0.26073806469493016,0.0044045943292475125,0.14859793419910652,-0.16274029506748675,0.20078314020899293,0.044823532014795754,0.1535794515343821,-0.16969428744909695,0.2082321564064554,0.0931632861949558,0.17311551090826705,-0.014484036887297158,0.16373248361732168,-0.1348653232888412,0.1498163706225552,-0.22888174721539814,0.13324675289549054,-0.30281904429790113,0.11236830156707998,-0.11011747087704189,0.12843745246609642,-0.21470168441587362,0.13169150287735334,-0.2723567548152608,0.14370749660124402,-0.3140809993989059,0.15361435938593246,-0.07976825090108644,0.11921648179159995,-0.18239370578431746,0.12531555839095837,-0.23216802025885538,0.14393617568697198,-0.263775882375014,0.16009952698372718,-0.04282173727609867,0.1119033957520456,-0.1411210860659485,0.11450188977441624,-0.19711204620327843,0.13089689567023322,-0.23240040059287664,0.1452308142811647,-0.0007831768815085231,0.10470192774925723,-0.08564510745585614,0.10540327801408587,-0.13384123868753772,0.11659048241426553,-0.16706502226444495,0.12589034047885603,-0.19952330060610665,0.306923764941897,-0.24413226908013608,0.24564495474290055,-0.2587898654829897,0.18255986280328737,-0.28315271549879195,0.13576469033736036,-0.3321353982795435,0.10572710095299993,-0.18827368299941286,0.20976055423109236,-0.14440068234777864,0.17254203514329644,-0.1134996135086447,0.14238056280135503,-0.08525059793189002,0.11229623608560495,-0.12023980437119602,0.2317403809339896,-0.05639748057487524,0.17826822912048085,-0.01099564665762842,0.13573733012938846,0.02969442560877659,0.09585050131612123,-0.05878391484208969,0.2520402763527133,0.008334158840776077,0.19371107074947747,0.05074538413705239,0.15103001719527143,0.08608083872551997,0.11105747908329118,-0.007663797458716657,0.2704821451282102,0.05596574084748848,0.22528496846953303,0.09295006526386447,0.1926254438236112,0.12406885459083844,0.16100103495037674
-0.029383285761809996,-0.31071114624470386,0.05469353521616478,-0.3705964912225575,0.09258315627734025,-0.369071488032388,0.12370622419125067,-0.3669118710580807,-0.08801409666456082,-0.3708769011206595,-0.1292069601118655,-0.3698281485104337,-0.1706270829202403,-0.3677575269404536,0.18499630339663856,-0.33640727222593314,-0.2024871474275062,-0.3403076871987824,0.0561280555125749,-0.24790041747675315,-0.11383060044911558,-0.24769608722107833,0.4997168504252796,-0.016824666446581288,-0.4997168504252796,0.016824666446581288,0.8493500079576295,0.39038137048008953,-0.6283387192670337,0.5105901079334917,0.1858937311673012,0.23479737702930567,-0.2422409192694137,0.3084648920810231,0.029922700222281055,0.20625840478135649,-0.11117532297178467,0.26395231502314387,-0.003801369944796663,0.15501337799246473,-0.13667270585276775,0.204432275681723,0.04027083768066414,0.1596306903112185,-0.14889464463307775,0.21155517324859704,,,,,,,,,,,,,,,,,,,,,,,,,,,,,,,,,,,,,,,,,,,-0.20770511523506538,0.3133751309772482,-0.23893803968558505,0.2491321312871508,-0.25212046127639487,0.18632981953257308,-0.2714892425754158,0.14073043190313939,-0.3121931936424872,0.11161220950211777,-0.1988861894735383,0.213671761870058,-0.1477761977009146,0.1789592731153375,-0.11428003993904802,0.14964100152578766,-0.08685755549083897,0.12068495175311589,-0.13060911844306577,0.2432937715456358,-0.05678937154603377,0.19055044381589567,-0.003940686028211304,0.14995076213000488,0.039230030440820594,0.11442922424503786,-0.07002780981204987,0.27036223350895944,0.00931952037583832,0.21246529909977926,0.06035833033709237,0.1709882888906768,0.10067103540324102,0.13375780704915685,-0.021669963731006298,0.2943335973533314,0.04928749069599584,0.25284287321726784,0.09247344486165121,0.22279028977138668,0.12924534459526463,0.1935991441079527
-0.028883194891260785,-0.3097128436613021,0.054544055247281495,-0.36974136455340734,0.09255903697182895,-0.36843279475166135,0.12362411312296157,-0.3662598785360585,-0.0880556810907141,-0.3692858894905246,-0.12923724711569504,-0.3673786216919462,-0.1707178899211488,-0.3644558357816141,0.1845724765936497,-0.33605835029281544,-0.20341177306263322,-0.33700396283670603,0.05695234924460352,-0.24754106016156086,-0.11215451859182839,-0.24659207211517217,0.4996873220107908,-0.017679938395941886,-0.4996873220107908,0.017679938395941886,0.86331401823256,0.3966060815422828,-0.6297263780048141,0.5104431247986255,0.18195845842257524,0.23994603435803386,-0.22223357499178814,0.31059740679442144,0.02675430539103583,0.21280772018818706,-0.08096959395415193,0.2672856446230873,-0.006912085427146302,0.1582266433006043,-0.10057995682172344,0.20643774772137355,0.03562904589430932,0.16273428207736185,-0.122034360333555,0.21356419570500923,,,,,,,,,,,,,,,,,,,,,,,,,,,,,,,,,,,,,,,,,,,-0.20873744490714524,0.332643140270751,-0.24153375458679643,0.2698913873686826,-0.2585617491561785,0.2058914970483012,-0.2695928187283708,0.16170987151279081,-0.2899268457766544,0.13421658514476142,-0.20418596089363875,0.234476994396669,-0.15119383828949529,0.19692115360330859,-0.11236663081331907,0.16751914760766934,-0.07977444829548573,0.13943257130594955,-0.1423580793957155,0.2696442860675347,-0.059736013637999574,0.22181544823073873,-0.0018130440944391984,0.1851198161384956,0.04685923381816109,0.15348482450107845,-0.0862471376662723,0.30175104954871224,0.0044176253768094115,0.25291290016927204,0.06164190219899818,0.21759948190639378,0.10742997655777647,0.18569916851348436,-0.04027729431276004,0.3291830687316157,0.03892687553918331,0.29388881461195215,0.08708172158498496,0.269051213908199,0.13059448948571944,0.24512020784311703
-0.027227328330678775,-0.31042555319911247,0.05468297784445787,-0.3703534882072393,0.092889667010018,-0.3691207717862141,0.12407459884238856,-0.3669772046056225,-0.08646761152100031,-0.36969900381030446,-0.12761780938694026,-0.36753658242223014,-0.16913288521040762,-0.3644868507879783,0.18274714878696754,-0.3368753180289035,-0.20200706684614578,-0.33713480859547246,0.05866306834890848,-0.24833886592614018,-0.11052412715087623,-0.2473862743488519,0.4996934241947955,-0.0175066220750937,-0.4996934241947955,0.0175066220750937,0.8725032269279422,0.4150630988846622,-0.6590844239531586,0.5100835093079472,0.18060379957409256,0.32479489327380134,-0.19786647944639887,0.3432497112438993,0.025101343879223335,0.27754239855904245,-0.06282421736991788,0.3040660907727013,-0.0017457397699103098,0.22101283454781087,-0.07300004021768765,0.2460728008888399,0.040090039220527555,0.22715494683285542,-0.09870192148399635,0.25126392002651765,0.09880647333204134,0.3016854473723941,0.03918765287395442,0.2785390922709821,-0.031504508832805506,0.23778980969170807,-0.09702938253889865,0.20453476579922786,-0.15937381663670735,0.1801543501425385,-0.024244658097223024,0.21063277594962104,-0.10107457273469622,0.17356765637160979,-0.165499072751671,0.15221691931924838,-0.2227604996992175,0.138896040289183,-0.003899115497747237,0.2115969924717927,-0.07972725050989432,0.16802161313546107,-0.1479515090738161,0.14510986395297698,-0.2055640820127465,0.13217217216863034,0.020046599876208864,0.22104734610293345,-0.04896764634844478,0.17809513646825703,-0.11577228117438809,0.155403098744069,-0.1708084030476317,0.1419971396486383,0.045090509262117696,0.23747295728773016,0.0014730621564892968,0.20431919572754648,-0.046300738680384104,0.184139308592659,-0.09077734186880054,0.1710042107130113,-0.21120218028119056,0.3802850419006468,-0.222985151759089,0.3138921480912921,-0.21398911550517224,0.23959094958957827,-0.20019735355142404,0.18269454591137022,-0.213537268428736,0.1425211340392571,-0.1632319905316934,0.26675888171749346,-0.10450843614143854,0.21895710835699442,-0.08500788172317415,0.19051021432418977,-0.08256962218978865,0.1675128038290962,-0.1214653799633117,0.29980801877372665,-0.03324011310389561,0.25676753221384196,0.016000901089072633,0.22849523032200475,0.05014663372733707,0.2047193844551572,-0.07876070899874597,0.33541202809170684,0.019426409066680014,0.29498875256050633,0.07248948716959028,0.26969163734385615,0.10892685972389846,0.24594027651716924,-0.03819430133366876,0.37093640653723575,0.05563971080836086,0.3403051853608422,0.10567696106993578,0.323529881302772,0.1420328136982492,0.3057344156752788
-0.030492925212494585,-0.31138101183121375,0.05040659241381436,-0.3710879839433842,0.09000851314347558,-0.36984585313288065,0.12228934568014797,-0.36769304383551654,-0.08722976414198257,-0.37044019143462414,-0.12804783150151627,-0.36826831982343583,-0.16955852042342326,-0.36523157726278965,0.18051347996960873,-0.33725922629193317,-0.2008004930968164,-0.3374477837421753,0.056390709349003094,-0.24959610255164272,-0.11211876773170253,-0.24863385434506383,0.4997328717571703,-0.016341875208543036,-0.4997328717571703,0.016341875208543036,0.8672500784317075,0.43689471527860096,-0.6833821023508619,0.5005063088325246,0.18192220670530226,0.40996089800976054,-0.20046976557598037,0.3956289372251807,0.028763328274140274,0.3813782993155468,-0.059943402787815264,0.3726460200573206,0.006487383764232153,0.3075115433256004,-0.061389384387788806,0.3049412476114018,0.046981029387350735,0.30549166286304086,-0.09220662261627746,0.30285287328358035,,,,,,,,,,,,,,,,,,,,,,,,,,,,,,,,,,,,,,,,,,,-0.2187001507383134,0.43871730441709395,-0.19425690087490108,0.3714512551102548,-0.15407448557711015,0.30167050246451427,-0.1291851195859867,0.2462724467998439,-0.1390629496806831,0.20202859897300446,-0.1424831491663749,0.31741706088752436,-0.09577982797452786,0.2668099517771522,-0.08014670119081395,0.23688349619847185,-0.08019714746618145,0.2088607351923882,-0.1318334040822189,0.3520804652113812,-0.05504286604909794,0.3126328549993312,-0.013739470729994171,0.2943506464362973,0.020880880307126634,0.27934360431727373,-0.11842063821748193,0.3937630048788289,-0.029725793921561258,0.36728639322064677,0.02741447025030531,0.35406077144067827,0.07723545823620057,0.3406918561457651,-0.10201255227251906,0.4384578250121864,-0.0235676518324108,0.4213037720182547,0.03225564563912899,0.4151333807616659,0.08384334046709718,0.40711633691339155
-0.03192656022271221,-0.31685137430107196,0.04876199173302472,-0.37615853310668007,0.08865132607628252,-0.3749122118259119,0.12092893483922786,-0.3727421524642371,-0.0878871882286854,-0.3755154539253407,-0.12851950034351192,-0.3733610487015441,-0.1702979832432103,-0.37034987631774025,0.17886565484328212,-0.3423366706319476,-0.20052911036740861,-0.34198796121576525,0.05591323375405242,-0.2556657549366091,-0.1136257577144724,-0.25458335227201334,0.4998342113524044,-0.012874826667567613,-0.4998342113524044,0.012874826667567613,0.8552240218776351,0.4505006096744219,-0.7009420929830185,0.4893066057034637,0.2101542099845189,0.5017760801662967,-0.20345402305352522,0.5013275441329327,0.0826955563778119,0.49096587234550043,-0.05139505371065432,0.4833360095571636,0.06633824182347449,0.4240205738510682,-0.047272941348835494,0.4252652757382628,0.09439535106837368,0.41780023122919485,-0.08634444595090028,0.42453964347119355,0.1641635764403094,0.5493191723497329,0.09793858420741548,0.5397188314610368,0.04165177434919495,0.49609827037810394,0.006126957592462319,0.4565618918608437,-0.026078966014958217,0.42773898938824995,0.05711158499851811,0.449521776225489,0.020474280843244562,0.39562519128190543,-0.011396176388773296,0.36161749439797114,-0.03610473958870154,0.3340412370848602,0.08232072074530875,0.44113346146032456,0.04878934149115667,0.3774538680329426,0.012493837339484783,0.33649278303615093,-0.020565686613843448,0.30064401559165016,0.10981384918830805,0.4364365003664008,0.07469330504059427,0.3754508581150159,0.03815201293097341,0.3395270227817476,0.004772856672739946,0.3097378821435712,0.13928940325758743,0.4365636047686666,0.10590139431448493,0.3876331601174634,0.0769752824914669,0.35633942291679116,0.04758062612781993,0.33192897208050115,,,,,,,,,,,,,,,,,,,,,,,,,,,,,,,,,,,,,,,,,,
-0.03589052618721397,-0.31674164956649226,0.04368518548041117,-0.375908072131075,0.08564824853912426,-0.37474025596573546,0.11885002851583497,-0.3725712299308794,-0.09168309087017872,-0.37484755142066933,-0.1330003803516439,-0.37267180825443547,-0.17419583250333068,-0.36954101763219654,0.17755761384023752,-0.34183603061729295,-0.20191900579414546,-0.3408977759897324,0.05515018540082798,-0.2562084694136355,-0.11659464446746737,-0.25482888496278366,0.4998605837050706,-0.011806644655707523,-0.4998605837050706,0.011806644655707523,0.8474566973965276,0.4448177294885987,-0.7291511138165178,0.4807232263037239,0.3055911400204771,0.5899530721567519,-0.2244776340203993,0.5814068801965284,0.17677299572823332,0.6209872195460733,-0.05846401785311235,0.6124807587033612,0.13055741683660863,0.5545293508708737,-0.05198663089841108,0.553328413531134,0.1562958921818128,0.5403999364764872,-0.08884481702767466,0.5406498995143552,0.2924178449647623,0.6670367280832081,0.20032154332658136,0.6469879488503899,0.11399297085892013,0.592266052033742,0.05787662615177588,0.543899704842017,0.024762240341821184,0.500119443369072,0.09017888219461513,0.5681819918551245,0.048307429374480314,0.5222828327267015,0.01775477167902819,0.4868029447890897,-0.010862566132324702,0.45664045238430634,0.09379355638201221,0.5648645864606179,0.04990038993484438,0.5158166648105781,0.015241849955281432,0.482307040131999,-0.023544009961725787,0.4525075586569954,0.10550780475185258,0.5627877066056735,0.06775824099698423,0.5144159285417705,0.038268747989182235,0.4820612217071088,0.0058813844626092,0.45660243627906166,0.12359189451550474,0.5645534546519051,0.08098427267989934,0.523498347670708,0.05553320480705225,0.49478346853668786,0.027896425259171263,0.47250059999114663,,,,,,,,,,,,,,,,,,,,,,,,,,,,,,,,,,,,,,,,,,
-0.04722748623518973,-0.31860241849353954,0.03512091210221734,-0.37726876457433756,0.07935710793537719,-0.37652483951893373,0.11420013128647104,-0.3745237208943895,-0.09893439708673256,-0.3759784019197596,-0.13967910276584022,-0.37397582726469836,-0.1789683461349101,-0.37106298494589296,0.17492896235116676,-0.34261541583279653,-0.20342220110438397,-0.34113921396612534,0.04786451734287706,-0.2587957164143611,-0.12470784185994407,-0.257274555166358,0.4998864213576202,-0.010656722867366237,-0.4998864213576202,0.010656722867366237,0.8338540813072111,0.43854659016984715,-0.7269584644825405,0.4761410140170489,0.35795483938187445,0.6831824453186532,-0.24914198549561864,0.6815408952059462,0.23009504658187074,0.7531443565344164,-0.10490071296452848,0.7577116046500063,0.1608909814937723,0.7048561343110722,-0.05430720379033057,0.7103120582232263,0.18129032416730106,0.6813978490858791,-0.09352471102173024,0.6828473452220908,0.35862674419609253,0.722075932490596,0.2713524170547444,0.69552177125672,0.16955329768214863,0.6684745483716493,0.08862811590576719,0.6501153530431101,0.03227476308368162,0.6355766397396018,0.17863509271119857,0.6711976805679625,0.0849414466365489,0.6639487793693262,0.05944713356734131,0.658382055086117,0.05047145120134021,0.6490317822348953,0.2108045599294385,0.693617283340394,0.129036158918977,0.6937336237300017,0.09933810818229448,0.6909076460610684,0.08570298610991534,0.6866014890762464,0.25342832626023265,0.7220544826751738,0.18171903637222922,0.7273782984526085,0.14920438338262565,0.7305525870315763,0.12917323886521812,0.7318688386190065,0.29873246720825336,0.7548508243004209,0.26010887837606,0.7676700010762105,0.23917357442049214,0.7757925205850882,0.22305169427671717,0.7832769435980953,-0.3244209650303227,0.7034797948301084,-0.25917574037931607,0.6631575510785873,-0.16081441559633813,0.6350689467573575,-0.08638874097051533,0.6128240676469742,-0.04586030909260153,0.5828670565558901,-0.08293297683354049,0.6988812953278105,-0.011652186072828589,0.7283183969854827,0.005245935901241246,0.7392819516496166,0.008971598377965425,0.7441942434848126,-0.10778677852699554,0.7375916777839969,-0.038087307933699285,0.7642566393889278,-0.022484200809274137,0.7783528614670051,-0.020283108822739346,0.7885589961587477,-0.14717574223001492,0.7718014343989842,-0.07826288324533025,0.800017601198685,-0.059892963009079904,0.8102981710114954,-0.05160083370143345,0.8175280372745914,-0.19671821044852578,0.8024526524302552,-0.14211330168686379,0.8278594616166809,-0.12823037032306744,0.8360647973003342,-0.1224318175711894,0.840256034413126
-0.053235528439934655,-0.32349661279448866,0.028695360152748227,-0.38084202121373234,0.07384861945896606,-0.3802049332654433,0.10933539015750263,-0.378149003624607,-0.10359732191600882,-0.3796052399939526,-0.1434888886460332,-0.3779334010457131,-0.18211285359090162,-0.3752430343079676,0.1718322864249084,-0.34470278762890366,-0.2055387453367422,-0.34392654765551545,0.043067074614966255,-0.26339605082977613,-0.1288296098261298,-0.26190973613344054,0.4999398254541815,-0.007756991997067512,-0.4999398254541815,0.007756991997067512,0.8035515184313391,0.4445575668774796,-0.7214827148775342,0.4721275522577717,0.4213157149067703,0.746437935801434,-0.29912807829797583,0.766454761983426,0.34226676124488287,0.871222346421923,-0.2085380953113222,0.8877537625203269,0.23262344819109768,0.8299144474719908,-0.11216013738786362,0.8499540356311645,0.22342124736642466,0.7935164907924895,-0.13086178783860272,0.8055571525853286,,,,,,,,,,,,,,,,,,,,,,,,,,,,,,,,,,,,,,,,,,,-0.33912617390878486,0.7585300594557272,-0.27549047188859843,0.7323434650488625,-0.18987532401415416,0.7224015706551581,-0.11848252396284502,0.7269138145292422,-0.07088107970094419,0.7268810146615023,-0.18276192338742753,0.781736107260466,-0.10718056608785563,0.821918065922981,-0.07138806386351049,0.8476027658019285,-0.04974849250083362,0.866758878213228,-0.1841718228746535,0.8023518137861922,-0.10307655332626735,0.8514318676030845,-0.06244310165673747,0.8772435255907841,-0.036874332344801725,0.898189634232494,-0.18030737638843292,0.8159370383163532,-0.10147741839520562,0.8596195345876639,-0.06554572880107616,0.8824547459567053,-0.0453648325910144,0.9025624786686834,-0.17539524274752813,0.8227373557227778,-0.10339776582413422,0.8559916147338955,-0.07130634695164118,0.8770898469001233,-0.05254856914101954,0.8950944294720188
-0.06366599624614244,-0.3305853961148073,0.022524335876538078,-0.386832841549764,0.06909615608069687,-0.38580430531020443,0.10564623843896258,-0.38342644981358276,-0.10834853059823181,-0.3862599570172471,-0.1467241005433403,-0.38464950752591764,-0.18389965884549095,-0.3828799136835548,0.16981436497413824,-0.3475088696398657,-0.20564727894785736,-0.34955048438952474,0.03403662041683412,-0.26838953533393967,-0.13539407668586131,-0.2681272457699628,0.49998162950704717,-0.004286041936076516,-0.49998162950704717,0.004286041936076516,0.7704965323793574,0.46823609051463766,-0.7159803175127397,0.46787986011298677,0.4371770152350743,0.8459393862579886,-0.34921585967791474,0.8242128448776134,0.39873125314573515,0.9925626953790078,-0.29198642684779563,0.9587753308497193,0.2824635520890271,0.9576317399192912,-0.18994784680882676,0.9339039846730733,0.2598831819431958,0.9118099709059853,-0.18692487702566504,0.885754562652688,0.4567172715705244,0.8594147321773232,0.34668648330137986,0.8545805380758661,0.24941394282942997,0.8822916096791638,0.18937050061348834,0.9067853656825411,0.13800053092247733,0.9056662260696228,0.2490022051265356,0.9360727041163392,0.1728336811121548,0.9749234587175355,0.13219165671614805,1.0024826229976835,0.1073101927529463,1.0243058454495915,0.3057402226846337,0.9647566290019365,0.23331387444775367,1.0236143228434675,0.19236311703698275,1.0623276441772815,0.16570527890917766,1.092954324606399,0.37239676261327476,0.9828608622705342,0.30892339075492836,1.0427746000838234,0.2724928950127593,1.0784168921483357,0.2465744984524048,1.1065600775524524,0.4429333331612389,0.9907836512429522,0.4116461861097309,1.0395666996463924,0.390955312603189,1.071663972246428,0.37425000385073925,1.0985028063337308,-0.43324351492430024,0.8348504327176821,-0.32752163900459264,0.8230637734794676,-0.22864683461168658,0.8388677560795744,-0.15786139461941326,0.8637029873792088,-0.0964550725019286,0.8730308839595589,-0.26344351861231935,0.9022160608541064,-0.18044576972242288,0.9714686561831811,-0.14181507697881449,1.0127590620676366,-0.11919016046717515,1.0453981983476588,-0.32721712173422673,0.9305108725317466,-0.2506232993724706,1.005058583349819,-0.2074767714918785,1.0519903578631804,-0.17963409840094918,1.0888099668133067,-0.38217089573817814,0.9499502320512655,-0.32048092428509883,1.018738954971721,-0.28041020351745966,1.059898110680578,-0.25052226203172623,1.09151844206436,-0.42605033078240356,0.9624622803756032,-0.3772177473822841,1.0188716103954523,-0.3425559672023949,1.0522227859043365,-0.3128705219725901,1.0785283283252622
-0.0640775943372905,-0.3339418844622268,0.023494104367995813,-0.38864885435526025,0.06853712308427086,-0.3871804423209801,0.10373758630568575,-0.38488418079117986,-0.10785629533280541,-0.38875576588187094,-0.1462321634006901,-0.38748457876426073,-0.1835293618129403,-0.38628968728273144,0.16900940959384483,-0.3486858069146622,-0.20696948736710918,-0.3531457541020599,0.032397819046656895,-0.2711920713089813,-0.13668188853728813,-0.2714201562064244,0.49999940613248983,-0.0007706277684593483,-0.49999940613248983,0.0007706277684593483,0.7257420135998947,0.48903480265873894,-0.701834036789191,0.4661851662733977,0.4775898295859701,0.8900816281370845,-0.39508188759019197,0.8603475310466542,0.4617860324266423,1.0455664157843634,-0.3608297498344341,1.0096183390174387,0.35063444906782126,1.0122349864267233,-0.258455930588678,0.9881063171659481,0.3208741297112425,0.9654947733780295,-0.24192690644616383,0.9404607385344362,0.48608151993376625,0.8878580357597489,0.37331852252806547,0.8881446674455741,0.29192781644637944,0.9177388659564993,0.24941399109218104,0.9593576472581722,0.19658058816744264,0.9745079799658743,0.30724719908265585,0.9907105508428539,0.24805099117301638,1.0514358795173113,0.21033151663967825,1.0903972852090862,0.18133317728293546,1.1223315420134852,0.36994993768895923,1.01554540804783,0.3158553553465902,1.0871909157717388,0.2777768589352404,1.131366925943445,0.24534354219318572,1.1656219927821236,0.43397020568908473,1.0274557566046647,0.3964644147288289,1.096148888224505,0.36210152974263543,1.1374802009595182,0.3309577068864462,1.1682769972296574,0.49774317540260776,1.0278065491544701,0.48055308514088757,1.0830105565231425,0.4683565233386449,1.1171407886373377,0.452304451531741,1.1450910742289757,-0.45893261748125636,0.8689162144312267,-0.3436476099406419,0.8696505773635232,-0.2577989093935055,0.8969200603962745,-0.20138240117574413,0.9335100247632807,-0.14773617774047237,0.9521798598205818,-0.31565213278393944,0.9629779937483316,-0.2575526572079463,1.0307533460529752,-0.21446173277827263,1.0711773404832232,-0.17739125933210942,1.1013188590599285,-0.38049805346739435,0.9853147616622475,-0.3400751748782591,1.0561093010575828,-0.2997872433236912,1.0954367026343235,-0.2642589320353507,1.1244272311032772,-0.4298919459023005,0.9983062207771508,-0.39484574771471653,1.0668093804475538,-0.3600892497760177,1.1048504961816281,-0.33010227519342156,1.134542470270054,-0.4648543862663623,1.0040603344350734,-0.4383157094223609,1.0613836030370436,-0.4186252981873553,1.0948070892864816,-0.39963493777043063,1.1227142755151418
-0.05412268786453582,-0.3358070231153657,0.032638361608932395,-0.388054675277974,0.07519295126985824,-0.3861230658224852,0.11054727031158783,-0.38390615357168606,-0.09875294663737588,-0.38944120165981433,-0.1385714112090414,-0.3883670305504021,-0.17584318757491407,-0.38740249499414203,0.17263416571341478,-0.34756918285470106,-0.20728685894115628,-0.35464434446018295,0.03863093732420188,-0.27177798239613904,-0.1323492023846641,-0.27306638269773986,0.49999945986699246,-0.0007349372189737484,-0.49999945986699246,0.0007349372189737484,0.6893051840238344,0.48901267697502154,-0.6652508376702196,0.4729387765993328,0.5113236685146845,0.8855967062049337,-0.42723038272943087,0.8869274933569286,0.5088742023217725,1.0378271843309541,-0.42330972076935486,1.0310736620742378,0.4003409159107789,1.0184057311569572,-0.31462295153831255,1.0124669822213515,0.367668895178646,0.9735326955264868,-0.28817619955084783,0.9672694559527535,,,,,,,,,,,,,,,,,,,,,,,,,,,,,,,,,,,,,,,,,,,0.5161463810678063,0.9008992284927291,0.41361638009310053,0.9126011982090685,0.3400727258600687,0.9532440331245753,0.30316382822324645,0.998535999660335,0.248564279598822,1.0164877174836704,0.3665079336027993,1.0337513705033978,0.3111420140327758,1.095896682565325,0.281647303260945,1.1349891115043178,0.2627365786009662,1.1671925471700761,0.42723678074458465,1.0492473632059534,0.3868804656381403,1.1209542307406948,0.3620343301374186,1.1661041891574968,0.34545067485871345,1.201512474066176,0.4867444415157059,1.0525149408148389,0.45987277786965586,1.1201248532545591,0.4393458589469074,1.1606512721117235,0.4223249132411672,1.1917023696133644,0.5468546284095739,1.044344119114265,0.541236197493517,1.0959367397036792,0.5340349532633191,1.128441994779955,0.5244606017601973,1.1556412089844235
-0.046971068823450486,-0.33625187568717907,0.039254512699855706,-0.38777315033938237,0.07981355561390009,-0.3855172020953851,0.11499790906113444,-0.38338312197162583,-0.09333737751036641,-0.38973331160817765,-0.13425092062838354,-0.38858514180110537,-0.17112685355322788,-0.38755245522414483,0.17513593994377094,-0.3468353862794728,-0.20779173809900386,-0.35498320009051604,0.04305962961125311,-0.27151613400523,-0.12895375205582518,-0.2728094212607179,0.4999997047812643,-0.0005433402695580777,-0.4999997047812643,0.0005433402695580777,0.6729423655656478,0.48289756837484593,-0.6424824144060488,0.4856862385385173,0.5401309600568419,0.9064735389914751,-0.4538899715160569,0.8979395781297458,0.5474888519176859,1.0577161790676786,-0.46672852813961274,1.0368825601892548,0.43940945711532975,1.041740073555829,-0.3668139503883102,1.0257282959404475,0.40565406983876867,0.9966338784561358,-0.3327309210868949,0.9821350421967852,,,,,,,,,,,,,,,,,,,,,,,,,,,,,,,,,,,,,,,,,,,0.5380382429169449,0.9118244933232501,0.4294420884202306,0.9303356778191866,0.3672679715970788,0.9754012039448141,0.3350374626450457,1.022256026127377,0.2743388106489222,1.0403810635726274,0.4067207628957501,1.0515902933973054,0.36028373461058666,1.1111448008431752,0.33441965512433985,1.1488789462821791,0.31655875780757814,1.1801936399069561,0.46895567497706175,1.0649469283338322,0.4357517478846759,1.1331174285993595,0.4147017367517521,1.1754257926060696,0.39948376754142934,1.2093414961455864,0.526695902013328,1.064624213778532,0.506538248676544,1.1288499623616375,0.4899751496789464,1.1678946759000581,0.4746697352342842,1.1986357010271766,0.5835550142121555,1.0526181219056914,0.5806920850002754,1.0998665864447408,0.5747383137593955,1.1302371491425707,0.5676155524175531,1.154849234956212
-0.04441501569295598,-0.3355632680720098,0.04127052358843449,-0.3871228790934862,0.08119243777996639,-0.38485453970333483,0.11615831982227275,-0.38277526612249957,-0.09105212620745999,-0.3890230632213782,-0.13185937274683007,-0.387859085697626,-0.16806869676260852,-0.3868199511890396,0.17542508182329428,-0.34646222956859496,-0.20788274160085896,-0.3545995416364669,0.045195804139636975,-0.2710288513456163,-0.1264713089424579,-0.27225874902970715,0.49999973975186845,-0.0005101451399410401,-0.49999973975186845,0.0005101451399410401,0.6560460264419044,0.4844207932724997,-0.6297504987308917,0.4961349755013027,0.5577947120668837,0.9107492980259974,-0.4671275762230622,0.9158237994071505,0.5697915577262509,1.0705920039974197,-0.4862792014080804,1.0528623559967962,0.4546146619621576,1.0488912119183795,-0.3820510103619314,1.041218701065129,0.4176115248122114,1.0022143345388894,-0.3464571028299034,0.995886969069912,0.5566134837602368,0.9177783338931988,0.44859351520962476,0.9354939872827994,0.38841682637109587,0.9810120831574816,0.35534312658750744,1.027524489217325,0.3015798492916718,1.0489591065659172,0.4373642947489466,1.0583242725504285,0.3953038377204893,1.1190233344934806,0.37239479803629244,1.156817652127996,0.35700654545217564,1.1878582536191,0.49891467243581544,1.069927883496099,0.4667283141273903,1.1341876733012288,0.4515039786208997,1.1757925433886591,0.44372325201310475,1.2088454590964708,0.5551957326712501,1.0673233616802582,0.5346937660830146,1.1278518556414354,0.5200788196782992,1.1664955491726954,0.509930786839529,1.1963791704455586,0.6066681891349691,1.0538174535589917,0.6073809443736075,1.0952581294477854,0.6051021783054414,1.1188081500289382,0.6044122855501575,1.134928972003934,-0.5330389379696674,0.9367395076638492,-0.41072880883847845,0.9470234683581994,-0.3430800369174397,0.992362544060191,-0.30143068890784713,1.0373197470099105,-0.2554313723986799,1.0658652894842646,-0.41847392539644257,1.0654439269880167,-0.3762616753345622,1.1349612566016405,-0.34381801016802055,1.1737087319512791,-0.31370673398514903,1.1999933826626354,-0.4869392343744983,1.0776735542960838,-0.44494064461160326,1.1478170388326094,-0.4052183961080336,1.1828825458781391,-0.3718393782512843,1.204442699044423,-0.5334478993007018,1.0792790548695874,-0.49660362176994277,1.1443530262031463,-0.4589369876409492,1.176106105811878,-0.4256803879905251,1.1956698792195497,-0.5591309202985728,1.0757618350061358,-0.5317192184380946,1.129778539465943,-0.5027453854422336,1.1568847154125026,-0.4716009328524984,1.1734303638963757
-0.041269722579938266,-0.33564485122352267,0.04321442478477964,-0.3873947229818849,0.08243053381245094,-0.385127298711998,0.11752980082463746,-0.38321697500170765,-0.08950773082048737,-0.3890181557341266,-0.13048959403407978,-0.3876810951497743,-0.16614943110630878,-0.3865353989621529,0.17659274618342807,-0.34724181727070474,-0.20812308276028732,-0.3543540499074938,0.04799794674087271,-0.2711646644361465,-0.12308341489307666,-0.2720392754725702,0.49999989092712144,-0.000330261815359435,-0.49999989092712144,0.000330261815359435,0.6588459671019845,0.4846545622215432,-0.6218703744279418,0.5001395492379834,0.5721482458859067,0.9162171425428222,-0.48704037440576403,0.9243683735244864,0.5851845433508287,1.0698006113425578,-0.503490172774311,1.0666642135559776,0.4740187414093427,1.050997580811789,-0.39955381545958707,1.0569584105692054,0.4357650918850563,1.0041342281491306,-0.36444202831155803,1.009138962229115,0.5654331644090059,0.9209255436838601,0.4594292553797374,0.9386681671291833,0.3989622563340338,0.9826076184544782,0.36862064094200064,1.0280792300500026,0.31803237493614256,1.0526550807844863,0.4528396519493465,1.063205612494511,0.4084562545918018,1.1192267873917632,0.38553154000406226,1.1531510984513482,0.3705650664587571,1.1809409579802315,0.5133404069414099,1.0735926215463496,0.4773062108902878,1.1342317205808718,0.45897285838366625,1.1735854819307894,0.4482024979901747,1.2055880558965812,0.5685662419385672,1.0696867541956143,0.5483817077998063,1.12594671091015,0.5331417280825603,1.161827068386058,0.520223853117983,1.1907849666654198,0.6190460462151376,1.0554912719989313,0.6200504239633875,1.094538877982888,0.6158134993190486,1.1179555439856106,0.6109383936068479,1.1358179733717029,-0.546622524955902,0.9396874860340186,-0.42826172605422597,0.9551431441134577,-0.36373080158927806,1.00198588351379,-0.3244525069145216,1.0461948290337943,-0.28230945298055243,1.076244261808155,-0.4433827298949575,1.070769157983811,-0.40231537006312557,1.1386971895833524,-0.3706891610648425,1.1753789740972236,-0.34222598108131297,1.20095768079549,-0.5085258267477849,1.0806008540492205,-0.4717893271651214,1.1480666782029076,-0.43285377985555623,1.182160599058547,-0.39921459586747843,1.205103575059891,-0.5517303253475181,1.0801761378388723,-0.5189115215312202,1.1412785510715886,-0.48224177294904297,1.1723547733290773,-0.4488416474663337,1.1929243189380005,-0.5751795713722397,1.0752075115539697,-0.5489738203015293,1.1259251292395265,-0.5215980244917249,1.1528811892245114,-0.4924578579364239,1.1704378782767701
-0.028067624239866792,-0.3351373312537224,0.05018667767730355,-0.3869243628918998,0.08731486195286366,-0.3847256928575588,0.12364464707384559,-0.3830529831102791,-0.08128019604962432,-0.3885329673455938,-0.12375670188428146,-0.3871400494154991,-0.15867568725391,-0.3859250176339491,0.17925973477611534,-0.34735030448540866,-0.20691939113251598,-0.35374626602821113,0.05510176206111713,-0.27077275125970196,-0.11185783423489835,-0.27150065875595913,0.4999998179751327,-0.00042664368520545015,-0.4999998179751327,0.00042664368520545015,0.6610999764078881,0.4844069043584262,-0.6189623966757754,0.5002254810360752,0.5755356688102933,0.9066432384369607,-0.5077383659897379,0.9208993996123523,0.5972701595279963,1.0588158803458587,-0.5220881478200593,1.0616488027006368,0.49355366305760023,1.0425522603483888,-0.41970774789405935,1.0549670772265995,0.4535076350367286,0.9968659330769023,-0.3839072370656229,1.0080879841479102,,,,,,,,,,,,,,,,,,,,,,,,,,,,,,,,,,,,,,,,,,,0.5658674720607084,0.9199281198383463,0.4661548465495216,0.9402797036841883,0.4091986912946294,0.9819693403416813,0.3803484784680155,1.0269381854258297,0.3282623923557759,1.0517223896904047,0.4626204597005796,1.0606431401197316,0.417581191999891,1.113823400376018,0.3895292402442934,1.1473187442230417,0.3668584048937307,1.1760402631700175,0.5178817773174067,1.0707405005795256,0.4844536801650006,1.1306481919688192,0.4614728472180996,1.1693352015740288,0.441959982926894,1.202984508592508,0.5684742135411869,1.0675462135434037,0.5502286801805794,1.1224641173419265,0.5310642007159045,1.1567613124325744,0.5108313687332477,1.184806221926518,0.6167792955630322,1.0546637076412297,0.6146605413901081,1.0967535104609445,0.6025561363589211,1.1206440379132694,0.586737697764834,1.1398136264697325
-0.023822912967071206,-0.33388768091474247,0.05196156107082967,-0.385522570542506,0.0879119923410584,-0.38332681307517713,0.12443317889545705,-0.38177666235308066,-0.07764520502999171,-0.387226103151511,-0.12066866958502352,-0.3858326694526222,-0.1552482566877911,-0.3845869444706487,0.17958491817631214,-0.34614592280768397,-0.20665185289407204,-0.3526110329491492,0.05625130277409329,-0.2697626370812829,-0.10749632528335061,-0.2704142264421446,0.49999978307682985,-0.00046575006502203373,-0.49999978307682985,0.00046575006502203373,0.6570734251885114,0.4838853671995032,-0.6180528462321752,0.498109001475199,0.5733439000635714,0.9050602697162287,-0.5244015656803037,0.9148581437402165,0.6011117635297101,1.0531419717714492,-0.5370994266734499,1.0520224662261135,0.5037458631804974,1.038822203051504,-0.4336225251388964,1.0433839818516564,0.46311688895680064,0.9933827932677081,-0.40045057185142496,0.9991713521003414,,,,,,,,,,,,,,,,,,,,,,,,,,,,,,,,,,,,,,,,,,,0.5724194140346099,0.9168526240127544,0.47043080847780216,0.9370390693969974,0.41545414666122377,0.9810239471602196,0.3865318446757303,1.0254699676867722,0.33647633119124065,1.0490889215968737,0.46591028909578264,1.0556860274935154,0.4184184983226692,1.1100843697992662,0.3887008522869698,1.1419081715992496,0.36684848912991946,1.168364810757129,0.5196867144388788,1.0645822456999086,0.4833070476886756,1.1234675497275977,0.46026297500455726,1.1604560679580467,0.4435993962718835,1.1913093107121535,0.5677645264808713,1.0603570062203258,0.5439013168154238,1.1120260380165943,0.5226485905352363,1.1446321183843746,0.5038058268681836,1.1706145492965148,0.613866837582667,1.0465753978442258,0.6084300840553125,1.0862080946514099,0.5964676034246861,1.1090295040090052,0.5843442110633418,1.1263774389571077
-0.021554898639819343,-0.33304759871915157,0.05309591563250119,-0.3846271839416789,0.0882104663176125,-0.3824406444764631,0.1250124580506692,-0.3809789501150538,-0.07555788243075574,-0.38646320211604096,-0.11882627173083549,-0.38510477777486257,-0.15328134850395705,-0.38385456230576287,0.1800393618628528,-0.3454066295993139,-0.20662650466685295,-0.35205452997173786,0.05671335023024304,-0.2691049355017534,-0.10479828619957413,-0.2696857307600036,0.49999986062530166,-0.0003733291830667856,-0.49999986062530166,0.0003733291830667856,0.6541751756112648,0.48362070723390305,-0.6178144222741799,0.4957996415095377,0.5761304783824729,0.9046922620182539,-0.5355332533851591,0.90744965044286,0.6064834271251379,1.0524081075488136,-0.5430678148545645,1.0461540120160748,0.5199613278901922,1.0367464595786144,-0.44453243866637393,1.0387026564812694,0.4825908194333399,0.9921111744345344,-0.41453885999078965,0.9947003675156624,,,,,,,,,,,,,,,,,,,,,,,,,,,,,,,,,,,,,,,,,,,0.5772138704113855,0.9164158615916015,0.47438999313065433,0.9365809193048783,0.42227166148574635,0.9810076751487246,0.3942734475517753,1.0242093213536965,0.34608630478726377,1.049799159060295,0.4810113471743972,1.0523035685180384,0.42994787196994877,1.1071397777727714,0.39719121147110076,1.1384143711463386,0.3724593620827014,1.1647499754819315,0.530219185987422,1.0605161931890268,0.48777908329929115,1.1180475064589537,0.4586611218991956,1.1542749450937344,0.437997788910623,1.1851508633709333,0.571595652054031,1.056186192021933,0.5445133207571399,1.1071005413386483,0.5210596736649769,1.1391299559029306,0.5019545484343363,1.165254561512366,0.6082195707399143,1.0429437583151053,0.5988679919567274,1.08081459990219,0.5853569395855195,1.1032811625764694,0.573890983450224,1.1202285583110054
