pose_0_x,pose_0_y,pose_1_x,pose_1_y,pose_2_x,pose_2_y,pose_3_x,pose_3_y,pose_4_x,pose_4_y,pose_5_x,pose_5_y,pose_6_x,pose_6_y,pose_7_x,pose_7_y,pose_8_x,pose_8_y,pose_9_x,pose_9_y,pose_10_x,pose_10_y,pose_11_x,pose_11_y,pose_12_x,pose_12_y,pose_13_x,pose_13_y,pose_15_x,pose_15_y,pose_17_x,pose_17_y,pose_19_x,pose_19_y,pose_21_x,pose_21_y,pose_14_x,pose_14_y,pose_16_x,pose_16_y,pose_18_x,pose_18_y,pose_20_x,pose_20_y,pose_22_x,pose_22_y,left_hand_0_x,left_hand_0_y,left_hand_1_x,left_hand_1_y,left_hand_2_x,left_hand_2_y,left_hand_3_x,left_hand_3_y,left_hand_4_x,left_hand_4_y,left_hand_5_x,left_hand_5_y,left_hand_6_x,left_hand_6_y,left_hand_7_x,left_hand_7_y,left_hand_8_x,left_hand_8_y,left_hand_9_x,left_hand_9_y,left_hand_10_x,left_hand_10_y,left_hand_11_x,left_hand_11_y,left_hand_12_x,left_hand_12_y,left_hand_13_x,left_hand_13_y,left_hand_14_x,left_hand_14_y,left_hand_15_x,left_hand_15_y,left_hand_16_x,left_hand_16_y,left_hand_17_x,left_hand_17_y,left_hand_18_x,left_hand_18_y,left_hand_19_x,left_hand_19_y,left_hand_20_x,left_hand_20_y,right_hand_0_x,right_hand_0_y,right_hand_1_x,right_hand_1_y,right_hand_2_x,right_hand_2_y,right_hand_3_x,right_hand_3_y,right_hand_4_x,right_hand_4_y,right_hand_5_x,right_hand_5_y,right_hand_6_x,right_hand_6_y,right_hand_7_x,right_hand_7_y,right_hand_8_x,right_hand_8_y,right_hand_9_x,right_hand_9_y,right_hand_10_x,right_hand_10_y,right_hand_11_x,right_hand_11_y,right_hand_12_x,right_hand_12_y,right_hand_13_x,right_hand_13_y,right_hand_14_x,right_hand_14_y,right_hand_15_x,right_hand_15_y,right_hand_16_x,right_hand_16_y,right_hand_17_x,right_hand_17_y,right_hand_18_x,right_hand_18_y,right_hand_19_x,right_hand_19_y,right_hand_20_x,right_hand_20_y
0.5406550168991089,0.26072564721107483,0.5657894611358643,0.2428908795118332,0.5827577710151672,0.24305841326713562,0.594286322593689,0.24346601963043213,0.5191357135772705,0.24272850155830383,0.5024682283401489,0.24308359622955322,0.49187737703323364,0.24394316971302032,0.6163298487663269,0.2533934414386749,0.4779662787914276,0.2550516724586487,0.5704383850097656,0.2872244119644165,0.5115615725517273,0.2857656180858612,0.7268638014793396,0.3925457298755646,0.383620023727417,0.3884699046611786,0.7552751898765564,0.5734487175941467,0.3283866047859192,0.5663201808929443,0.7704245448112488,0.7517960071563721,0.29245525598526,0.7367660403251648,0.7847540378570557,0.7984386086463928,0.27273011207580566,0.788881242275238,0.7551662921905518,0.7997382879257202,0.30222833156585693,0.7912976741790771,0.7404038906097412,0.7883170247077942,0.31501638889312744,0.7766163349151611,0.2851462960243225,0.7379058599472046,0.3228747844696045,0.7542266845703125,0.3284245729446411,0.7806775569915771,0.3219868540763855,0.8041189908981323,0.321693480014801,0.8220215439796448,0.28703612089157104,0.7961023449897766,0.2986944019794464,0.82393479347229,0.31149646639823914,0.8357369899749756,0.32396581768989563,0.8450194597244263,0.2666853964328766,0.7960448265075684,0.2848622798919678,0.821750819683075,0.3055831491947174,0.8340622186660767,0.3251652419567108,0.8408755660057068,0.25783270597457886,0.793490469455719,0.27539071440696716,0.8162769079208374,0.29400521516799927,0.8254373669624329,0.310363233089447,0.8300331830978394,0.25592437386512756,0.7915886640548706,0.2666153907775879,0.8085410594940186,0.28238391876220703,0.815922737121582,0.2961920201778412,0.8193932175636292,0.7742565274238586,0.7570456862449646,0.7367122769355774,0.7664104700088501,0.7266147136688232,0.790467381477356,0.7228063941001892,0.8133851885795593,0.7164391279220581,0.8322863578796387,0.7703508734703064,0.8067854046821594,0.7577967643737793,0.8387366533279419,0.7389430403709412,0.8501333594322205,0.7235702872276306,0.8552614450454712,0.7912901043891907,0.8073594570159912,0.7798763513565063,0.8411261439323425,0.754913866519928,0.848579466342926,0.7358623743057251,0.848618745803833,0.8002268671989441,0.8058372139930725,0.7875949740409851,0.8347901701927185,0.7649054527282715,0.842444896697998,0.7475789785385132,0.844969630241394,0.7999195456504822,0.803899347782135,0.7897247672080994,0.8270512819290161,0.771895706653595,0.8356001973152161,0.7571137547492981,0.8390917778015137
0.5423363447189331,0.26076242327690125,0.5675196051597595,0.2428133487701416,0.5839827060699463,0.24302490055561066,0.5947839617729187,0.2434309720993042,0.5200691223144531,0.24259188771247864,0.5039705038070679,0.24299845099449158,0.49206429719924927,0.24378256499767303,0.6164432168006897,0.25371867418289185,0.4780119061470032,0.2551233172416687,0.5709651708602905,0.28731900453567505,0.511972963809967,0.2860049903392792,0.7269359827041626,0.39260679483413696,0.3819030821323395,0.3884384036064148,0.7554037570953369,0.575749933719635,0.3285704553127289,0.5711323618888855,0.7706366777420044,0.7517613172531128,0.2924114763736725,0.7370270490646362,0.7875633835792542,0.7987178564071655,0.2726244330406189,0.7890218496322632,0.7562174201011658,0.7999664545059204,0.3020266890525818,0.7912975549697876,0.7414630651473999,0.7883743047714233,0.314773827791214,0.7766645550727844,0.28564453125,0.737786054611206,0.3229905366897583,0.7542330026626587,0.32877403497695923,0.7803777456283569,0.32378095388412476,0.8038778305053711,0.3238653242588043,0.8224226832389832,0.28556299209594727,0.7965701818466187,0.2988775372505188,0.8246431350708008,0.3128927946090698,0.8357946276664734,0.3262331485748291,0.8446673154830933,0.26444101333618164,0.7958886623382568,0.2839556932449341,0.8220601677894592,0.30501389503479004,0.8337567448616028,0.3253130316734314,0.8400322198867798,0.2561682462692261,0.7927618026733398,0.2742980122566223,0.8159361481666565,0.29302114248275757,0.8239520788192749,0.31023523211479187,0.8272109627723694,0.2548750340938568,0.7908431887626648,0.2660483419895172,0.8078492283821106,0.2818126082420349,0.8145865201950073,0.29572951793670654,0.817264199256897,0.7731741070747375,0.7543224692344666,0.7356447577476501,0.7673707008361816,0.7254638671875,0.7916795015335083,0.7217484712600708,0.8145650029182434,0.7156946063041687,0.8333650827407837,0.7722780108451843,0.8072965741157532,0.7588428258895874,0.8392171859741211,0.7383261322975159,0.8500888347625732,0.7215481996536255,0.8554583191871643,0.7930541038513184,0.8075706958770752,0.7802141904830933,0.8422869443893433,0.7531810402870178,0.848059892654419,0.7327936887741089,0.8462042212486267,0.8006191849708557,0.8052063584327698,0.7857040762901306,0.8336845636367798,0.7609187960624695,0.8395770788192749,0.7429584264755249,0.840118408203125,0.7994080185890198,0.8022351861000061,0.7882378697395325,0.8237708806991577,0.768883466720581,0.8302282691001892,0.7533094882965088,0.8316822648048401
0.5432546734809875,0.2607226073741913,0.568811297416687,0.2424284964799881,0.5849930047988892,0.2427130490541458,0.5952913761138916,0.2431405484676361,0.5206820368766785,0.2423229217529297,0.5048949122428894,0.24282905459403992,0.4921659827232361,0.24357616901397705,0.6168204545974731,0.25377190113067627,0.47809699177742004,0.25518056750297546,0.5713233351707458,0.28731900453567505,0.5122605562210083,0.28603023290634155,0.7273311018943787,0.3928227126598358,0.3808826804161072,0.3883114457130432,0.7559341192245483,0.5776382088661194,0.3288201689720154,0.5719907879829407,0.7711982727050781,0.7517613768577576,0.29240280389785767,0.7370316386222839,0.7898995280265808,0.7990817427635193,0.2726231813430786,0.7890438437461853,0.7574661374092102,0.8002610206604004,0.3019150197505951,0.7912852764129639,0.7427113056182861,0.7884978652000427,0.31453707814216614,0.7766646146774292,0.28600838780403137,0.7372274994850159,0.3231371343135834,0.7536622881889343,0.3294350504875183,0.7802960276603699,0.3251083493232727,0.8041778802871704,0.32563522458076477,0.823065459728241,0.2863742411136627,0.7962959408760071,0.3001529276371002,0.8250026106834412,0.31475284695625305,0.835902750492096,0.3283579647541046,0.8446273803710938,0.2649773359298706,0.7952466607093811,0.2842904329299927,0.8215235471725464,0.30613771080970764,0.8322770595550537,0.32662326097488403,0.8380507826805115,0.25672417879104614,0.7917084097862244,0.2749229371547699,0.8143196105957031,0.2940240204334259,0.8211798071861267,0.3108136057853699,0.8236348628997803,0.2554081678390503,0.7894688248634338,0.2669573426246643,0.805928111076355,0.28354132175445557,0.8120856881141663,0.29743748903274536,0.8138417601585388,0.77402663230896,0.7527737021446228,0.7362107038497925,0.7671179175376892,0.726300835609436,0.791612446308136,0.7221688628196716,0.8147052526473999,0.7151806354522705,0.8337141275405884,0.7727784514427185,0.8078708052635193,0.7593494057655334,0.8394197225570679,0.7390523552894592,0.8503770232200623,0.722279965877533,0.8558790683746338,0.7937612533569336,0.8079644441604614,0.7813074588775635,0.8422483205795288,0.75494784116745,0.8484906554222107,0.7346259951591492,0.8473191857337952,0.8013796806335449,0.8052770495414734,0.7872474193572998,0.8334434032440186,0.7632316946983337,0.8397107124328613,0.7452986240386963,0.8407338857650757,0.799941897392273,0.8018308281898499,0.7892071604728699,0.8229212760925293,0.7705215215682983,0.8293979167938232,0.7550411820411682,0.8308687806129456
0.544200599193573,0.2606639862060547,0.5698930621147156,0.2420356273651123,0.5857366323471069,0.24235603213310242,0.5956734418869019,0.2427905797958374,0.521355390548706,0.24215605854988098,0.5058490037918091,0.24275989830493927,0.49235013127326965,0.24351148307323456,0.6170129776000977,0.25378698110580444,0.47823089361190796,0.2552557587623596,0.5716963410377502,0.287297785282135,0.5126746892929077,0.28603270649909973,0.7276906967163086,0.3929287791252136,0.38031280040740967,0.38820087909698486,0.7562699913978577,0.5784572958946228,0.3294612765312195,0.5723549127578735,0.7717912197113037,0.7517610192298889,0.2924060523509979,0.7369714975357056,0.7918000221252441,0.7992931604385376,0.2726428806781769,0.7889597415924072,0.7583473920822144,0.8004404306411743,0.3018680512905121,0.7910820841789246,0.7435365319252014,0.7885702848434448,0.31436416506767273,0.7764530181884766,0.28655555844306946,0.7360749840736389,0.32355618476867676,0.7528621554374695,0.32947075366973877,0.7795360684394836,0.32491540908813477,0.8033702373504639,0.3250772953033447,0.8222700357437134,0.28643497824668884,0.7959241271018982,0.3001152276992798,0.824222207069397,0.3141520917415619,0.8353805541992188,0.32769161462783813,0.8444778323173523,0.26573091745376587,0.7949219942092896,0.2850112020969391,0.8209593296051025,0.3066540062427521,0.8322756290435791,0.3274276554584503,0.8385549187660217,0.2578578293323517,0.791449248790741,0.27536851167678833,0.8140947222709656,0.29429495334625244,0.8217594027519226,0.3114539384841919,0.8250929117202759,0.2566879689693451,0.7892923355102539,0.2673686444759369,0.8058245182037354,0.2836357653141022,0.8125566840171814,0.29775768518447876,0.8151321411132812,0.7745169401168823,0.7522231340408325,0.7361692190170288,0.7669588923454285,0.7266058325767517,0.7917622327804565,0.7224665880203247,0.8150291442871094,0.7155678272247314,0.8339105248451233,0.7739129662513733,0.8076623678207397,0.7591800689697266,0.8393433690071106,0.7388332486152649,0.85019451379776,0.7220537066459656,0.8558859825134277,0.7948283553123474,0.8080803751945496,0.7810296416282654,0.8425058722496033,0.7544782757759094,0.8484890460968018,0.7340975403785706,0.8473881483078003,0.802158772945404,0.8056297898292542,0.7873302698135376,0.8341949582099915,0.7629621028900146,0.8402559757232666,0.7447038292884827,0.8410140872001648,0.8002463579177856,0.8023443222045898,0.7888871431350708,0.8236766457557678,0.7699742317199707,0.8297985196113586,0.7543219327926636,0.8308775424957275
0.5447835326194763,0.26060253381729126,0.570780336856842,0.24169400334358215,0.5863984823226929,0.24205009639263153,0.5960840582847595,0.2424987554550171,0.521788477897644,0.24198010563850403,0.5064284205436707,0.24266894161701202,0.49246588349342346,0.2434263527393341,0.6173885464668274,0.2537960708141327,0.4783709645271301,0.2552817761898041,0.5720011591911316,0.2872639298439026,0.5128949880599976,0.2860286831855774,0.7283377647399902,0.39295488595962524,0.38004231452941895,0.3881229758262634,0.7565696835517883,0.5787197351455688,0.330257773399353,0.572340726852417,0.7724488377571106,0.7517889142036438,0.2925803065299988,0.7368388175964355,0.7931592464447021,0.799503743648529,0.2730615735054016,0.7888369560241699,0.7591591477394104,0.8005824089050293,0.3018764555454254,0.7909355163574219,0.7443473935127258,0.7886203527450562,0.3143399655818939,0.7762407064437866,0.2872302532196045,0.7361940145492554,0.32419684529304504,0.7531588673591614,0.3302331268787384,0.7799379825592041,0.3257920742034912,0.8037466406822205,0.3264548182487488,0.8225676417350769,0.28814756870269775,0.7965291142463684,0.30120596289634705,0.8244489431381226,0.31474176049232483,0.8355610966682434,0.3277929127216339,0.844649612903595,0.26713261008262634,0.7953817844390869,0.2853352129459381,0.8208081722259521,0.30687594413757324,0.8314309120178223,0.32720881700515747,0.8372360467910767,0.25867268443107605,0.7916877269744873,0.27538636326789856,0.8140976428985596,0.2940134108066559,0.8210155963897705,0.3104279339313507,0.8237256407737732,0.25677186250686646,0.7893614768981934,0.2664347290992737,0.8061802387237549,0.28229478001594543,0.8124263286590576,0.2956867218017578,0.814395546913147,0.7743483781814575,0.752231776714325,0.735805332660675,0.7675521373748779,0.7262267470359802,0.792487382888794,0.722686231136322,0.8156560659408569,0.715871274471283,0.8343246579170227,0.773777425289154,0.8081653118133545,0.7592958211898804,0.8397716879844666,0.739246666431427,0.8503978252410889,0.722833514213562,0.8559936881065369,0.7950994372367859,0.8083916902542114,0.7811800241470337,0.8427537679672241,0.754978597164154,0.8483680486679077,0.7350448369979858,0.8469982147216797,0.8026742935180664,0.8056620955467224,0.7877383828163147,0.8338972330093384,0.7637080550193787,0.8397312164306641,0.7458832263946533,0.8403552770614624,0.8009735345840454,0.8020738959312439,0.7899088263511658,0.8229908347129822,0.7716088891029358,0.8288916945457458,0.7565792202949524,0.8297395706176758
0.5452984571456909,0.2605224549770355,0.5713346600532532,0.24139419198036194,0.5868276953697205,0.2417679727077484,0.5963531732559204,0.24221155047416687,0.5221086740493774,0.2418002188205719,0.5068410038948059,0.24256153404712677,0.49256056547164917,0.24332866072654724,0.6175952553749084,0.2537924349308014,0.4785040020942688,0.2553013265132904,0.5723106861114502,0.2872125506401062,0.5131385922431946,0.28602007031440735,0.7287344336509705,0.3929630219936371,0.3798915445804596,0.388098806142807,0.7567508220672607,0.5788500905036926,0.3308100402355194,0.5724237561225891,0.7731052041053772,0.7518198490142822,0.2927168607711792,0.7368034720420837,0.7942818403244019,0.7996851205825806,0.273388147354126,0.7887967824935913,0.7597973942756653,0.8007219433784485,0.30188754200935364,0.7908796072006226,0.7449772953987122,0.7886772751808167,0.31432390213012695,0.776150107383728,0.28707754611968994,0.7360987067222595,0.32415470480918884,0.753097414970398,0.33015066385269165,0.779878556728363,0.3254929184913635,0.8036792874336243,0.3258780539035797,0.8225083947181702,0.28824248909950256,0.7964289784431458,0.3011869490146637,0.8243802785873413,0.31469330191612244,0.8354859948158264,0.32778018712997437,0.8443859815597534,0.2674740254878998,0.7954365015029907,0.28596824407577515,0.820780873298645,0.30754923820495605,0.8315434455871582,0.3279968202114105,0.8373302817344666,0.2591780424118042,0.7919386625289917,0.27618688344955444,0.8143856525421143,0.2948012053966522,0.8215274214744568,0.31134265661239624,0.8244917392730713,0.25738176703453064,0.7897704839706421,0.26737359166145325,0.8065708875656128,0.2832152247428894,0.8128913640975952,0.2966546416282654,0.8151232004165649,0.7741101980209351,0.7521306276321411,0.7358112931251526,0.7676558494567871,0.72637540102005,0.7926168441772461,0.7228701710700989,0.8157947063446045,0.7160091400146484,0.8344663977622986,0.7739284634590149,0.8081884980201721,0.7595257759094238,0.8398289084434509,0.7392370700836182,0.8504136800765991,0.7228145003318787,0.8559384346008301,0.7951565980911255,0.808319091796875,0.7808558344841003,0.8426436185836792,0.7547255754470825,0.8481869697570801,0.7352762222290039,0.8468093872070312,0.8026211857795715,0.8055523037910461,0.7874957323074341,0.8337154984474182,0.7636337280273438,0.8395520448684692,0.7461098432540894,0.8401914834976196,0.8007547855377197,0.8019132018089294,0.7895945906639099,0.8227548003196716,0.7714366912841797,0.8286173939704895,0.7567000985145569,0.8294582962989807
0.5455487966537476,0.2604258358478546,0.5718146562576294,0.24104610085487366,0.5872228741645813,0.24146747589111328,0.5966892242431641,0.24194125831127167,0.5223674178123474,0.2414243221282959,0.5071898698806763,0.24218407273292542,0.49269336462020874,0.24294236302375793,0.618278980255127,0.25379809737205505,0.47886165976524353,0.2552761435508728,0.5724393725395203,0.28713178634643555,0.5132065415382385,0.28598591685295105,0.7292070388793945,0.3930795192718506,0.3798586428165436,0.38798001408576965,0.7570108771324158,0.5801788568496704,0.33143019676208496,0.5723591446876526,0.773272693157196,0.7519475221633911,0.29336974024772644,0.7366043329238892,0.795062243938446,0.799963116645813,0.27395832538604736,0.7886780500411987,0.7603765726089478,0.801026463508606,0.3020147681236267,0.790628969669342,0.7453500628471375,0.7888644933700562,0.3144116997718811,0.7757166624069214,0.28851553797721863,0.7364429235458374,0.32473626732826233,0.753449559211731,0.33071452379226685,0.7802274823188782,0.32635122537612915,0.8039640784263611,0.3271895945072174,0.8228933811187744,0.28830838203430176,0.7966697216033936,0.30188706517219543,0.8247966170310974,0.3154028654098511,0.8357969522476196,0.3283970057964325,0.8450002670288086,0.2675331234931946,0.7955510020256042,0.2863410711288452,0.8207505941390991,0.3086654841899872,0.8308030366897583,0.32941722869873047,0.8361333012580872,0.2595055401325226,0.7917831540107727,0.2773619294166565,0.8136525750160217,0.2963237762451172,0.8188478350639343,0.31219589710235596,0.8200974464416504,0.25808486342430115,0.7896052002906799,0.2691074311733246,0.8058093190193176,0.2856563627719879,0.8105457425117493,0.29869475960731506,0.8110952377319336,0.77525794506073,0.7519730925559998,0.7369088530540466,0.7673726081848145,0.7269988059997559,0.7923728823661804,0.7232227325439453,0.8156512379646301,0.7164449691772461,0.8345634937286377,0.7744037508964539,0.8084039092063904,0.7599016427993774,0.8402590751647949,0.7400867938995361,0.8511476516723633,0.7238719463348389,0.857025682926178,0.7959637641906738,0.8084231019020081,0.7824910879135132,0.8429901599884033,0.7562766671180725,0.8486475944519043,0.7360920906066895,0.8472785353660583,0.8035680055618286,0.805396318435669,0.7888545393943787,0.8336353302001953,0.7647640705108643,0.8395010232925415,0.7468509078025818,0.8401218056678772,0.8018354177474976,0.8015894293785095,0.7909772396087646,0.8224736452102661,0.7725025415420532,0.8283295631408691,0.7573623061180115,0.829082727432251
0.5457785725593567,0.26036882400512695,0.5720152854919434,0.24088653922080994,0.5874074101448059,0.241328626871109,0.5968410968780518,0.24180063605308533,0.5225669145584106,0.24121136963367462,0.5074872374534607,0.2419743537902832,0.49283096194267273,0.24271924793720245,0.6185449957847595,0.2538057863712311,0.47912025451660156,0.2552732825279236,0.5725775957107544,0.2870649993419647,0.5133342146873474,0.2859618067741394,0.7295553684234619,0.39314836263656616,0.3798014223575592,0.3879554271697998,0.7572834491729736,0.580843448638916,0.3317888379096985,0.572330117225647,0.7733073830604553,0.7520062327384949,0.29378563165664673,0.73653644323349,0.7953856587409973,0.8001386523246765,0.2743748724460602,0.7886523008346558,0.7606659531593323,0.8012415170669556,0.302108496427536,0.7905569672584534,0.7455226182937622,0.789018452167511,0.3144746720790863,0.7755722999572754,0.2895069718360901,0.7362738847732544,0.324950248003006,0.7536029815673828,0.3303816616535187,0.7805739045143127,0.3261641263961792,0.8043397665023804,0.32715708017349243,0.8232779502868652,0.28820666670799255,0.796465277671814,0.3020263910293579,0.8246405124664307,0.31553885340690613,0.8356531262397766,0.3285965025424957,0.8448915481567383,0.26764699816703796,0.7953235507011414,0.28671085834503174,0.8207692503929138,0.3089849352836609,0.8309752345085144,0.3296549320220947,0.8364331722259521,0.2596532702445984,0.7915931344032288,0.27735185623168945,0.8136510252952576,0.29638147354125977,0.8191956877708435,0.31231948733329773,0.8207740187644958,0.2580793499946594,0.7894443869590759,0.2687186002731323,0.805681049823761,0.2853092849254608,0.8108000159263611,0.2983667552471161,0.8117291331291199,0.774496853351593,0.7520691156387329,0.7365947365760803,0.7678044438362122,0.7270347476005554,0.792591392993927,0.7233366966247559,0.8158664703369141,0.7166956067085266,0.8347371220588684,0.7746639847755432,0.8081804513931274,0.7603467106819153,0.8400923013687134,0.7402238845825195,0.8509559035301208,0.7238472104072571,0.8567914962768555,0.7961199283599854,0.8082324266433716,0.7822311520576477,0.8429595232009888,0.7558709383010864,0.848402738571167,0.7360442876815796,0.8469168543815613,0.8037903904914856,0.8053193092346191,0.788940966129303,0.8336849212646484,0.7647906541824341,0.839503288269043,0.7470129728317261,0.8400658369064331,0.802176296710968,0.8015692830085754,0.7913370728492737,0.8225184679031372,0.7729025483131409,0.8284846544265747,0.7580065131187439,0.8292827010154724
0.5460323691368103,0.2602963447570801,0.5721766352653503,0.24076204001903534,0.5875536799430847,0.24123068153858185,0.5969628095626831,0.2417031079530716,0.5228074193000793,0.2409558743238449,0.5078688859939575,0.2416774034500122,0.4930494427680969,0.2423989325761795,0.6188154220581055,0.25381040573120117,0.4794604480266571,0.25525611639022827,0.5727047324180603,0.2869759202003479,0.5135588645935059,0.2859078049659729,0.7298771142959595,0.39315029978752136,0.379782497882843,0.3879173696041107,0.7576217651367188,0.5810748934745789,0.33227115869522095,0.5722934007644653,0.7733129858970642,0.7520192861557007,0.2943577468395233,0.7365243434906006,0.7955780625343323,0.8002958297729492,0.27488380670547485,0.788652777671814,0.7608451843261719,0.801389217376709,0.3021453022956848,0.7905521392822266,0.7455785870552063,0.7891186475753784,0.3144901990890503,0.7755285501480103,0.28947028517723083,0.7361020445823669,0.32543137669563293,0.7531480193138123,0.33129680156707764,0.7799179553985596,0.32656002044677734,0.803936243057251,0.3270535171031952,0.8229708671569824,0.28950929641723633,0.7961475253105164,0.3022085130214691,0.8248586654663086,0.3151628077030182,0.8365322947502136,0.3275754451751709,0.8466094732284546,0.2683965265750885,0.795190155506134,0.28654712438583374,0.820632815361023,0.30905479192733765,0.8301636576652527,0.32926952838897705,0.8354865908622742,0.25996190309524536,0.791545033454895,0.2778548002243042,0.8131744265556335,0.2964984178543091,0.8171085715293884,0.3111325204372406,0.8174335956573486,0.25813618302345276,0.7895170450210571,0.269524484872818,0.8054243326187134,0.2863272428512573,0.8093484044075012,0.2986113131046295,0.8090442419052124,0.7759857177734375,0.7522087097167969,0.7374547719955444,0.7674500346183777,0.7273131012916565,0.7924278378486633,0.7237520217895508,0.815851092338562,0.717350423336029,0.8348643779754639,0.7749807834625244,0.8079974055290222,0.7610304355621338,0.8400916457176208,0.7407819628715515,0.8511011004447937,0.7242600917816162,0.856927752494812,0.7962555289268494,0.8082388043403625,0.7826085686683655,0.8429936766624451,0.756094217300415,0.8485379219055176,0.736153244972229,0.847009539604187,0.8037147521972656,0.805518627166748,0.7892616987228394,0.833961546421051,0.7650718092918396,0.8398342132568359,0.7471043467521667,0.8403948545455933,0.8018390536308289,0.8018902540206909,0.7912616729736328,0.8231073021888733,0.772795557975769,0.8290887475013733,0.757709264755249,0.8298847079277039
0.5462956428527832,0.2600735127925873,0.5722965002059937,0.2405102252960205,0.5876754522323608,0.2410135269165039,0.597101092338562,0.24149911105632782,0.5230153203010559,0.24064497649669647,0.5082118511199951,0.24136404693126678,0.4932998716831207,0.24211406707763672,0.6194133162498474,0.2538025975227356,0.47994956374168396,0.2552494704723358,0.5729787349700928,0.2867540717124939,0.5139523148536682,0.28578871488571167,0.7306900024414062,0.3931903541088104,0.3797800838947296,0.3879110515117645,0.7579811811447144,0.5812152028083801,0.3329067826271057,0.5722633600234985,0.773323655128479,0.7520433664321899,0.2947832942008972,0.7365165948867798,0.7956832051277161,0.8003958463668823,0.27537351846694946,0.7886636257171631,0.761075496673584,0.8014769554138184,0.30213433504104614,0.7905480861663818,0.7457560896873474,0.7891829609870911,0.31441420316696167,0.7753549218177795,0.28827130794525146,0.7361283302307129,0.3259459435939789,0.7529506683349609,0.33192381262779236,0.7797827124595642,0.3262236714363098,0.8040279746055603,0.3267124593257904,0.8233416080474854,0.2898978590965271,0.7961569428443909,0.3022223711013794,0.8254618048667908,0.31385332345962524,0.8380967974662781,0.32500550150871277,0.8494591116905212,0.26873457431793213,0.795309841632843,0.2870144248008728,0.8211642503738403,0.3088782727718353,0.8326214551925659,0.32880425453186035,0.8398416042327881,0.260183721780777,0.7917201519012451,0.27819302678108215,0.8137301206588745,0.2963937819004059,0.8187609910964966,0.31077277660369873,0.8199477791786194,0.2583373785018921,0.7897939682006836,0.2698136866092682,0.8061025738716125,0.286539763212204,0.8105500340461731,0.2989118695259094,0.8106983304023743,0.7767459750175476,0.7522680163383484,0.738974928855896,0.7673105597496033,0.7286316752433777,0.7918270230293274,0.7247223854064941,0.8154107928276062,0.7176556587219238,0.8345561027526855,0.7757173776626587,0.8074982762336731,0.761195957660675,0.8399880528450012,0.7413362264633179,0.8513123393058777,0.7250244617462158,0.857531726360321,0.7973669171333313,0.8079259395599365,0.7837838530540466,0.8431805372238159,0.75743567943573,0.849095344543457,0.737071692943573,0.8478812575340271,0.805118203163147,0.8053733110427856,0.7904390692710876,0.8342982530593872,0.7664121985435486,0.8404887318611145,0.748254656791687,0.8413684964179993,0.8035034537315369,0.8019618391990662,0.7924486398696899,0.8234111666679382,0.7735695838928223,0.8297175765037537,0.757980465888977,0.8308605551719666
0.5465271472930908,0.2599199414253235,0.5723338723182678,0.24036774039268494,0.5877275466918945,0.24089586734771729,0.5971688032150269,0.2413824051618576,0.5231786966323853,0.24042506515979767,0.508484423160553,0.24115464091300964,0.49350449442863464,0.24193473160266876,0.6197523474693298,0.2538018822669983,0.48029133677482605,0.2552589774131775,0.5732893347740173,0.2866169810295105,0.514444887638092,0.2857281565666199,0.731360137462616,0.39326196908950806,0.3797807991504669,0.3879980742931366,0.7583897709846497,0.5812379121780396,0.3332851231098175,0.5722818374633789,0.773368239402771,0.7520407438278198,0.2950299084186554,0.7365155816078186,0.7957577109336853,0.8004156351089478,0.27550747990608215,0.7886931300163269,0.7611775994300842,0.8014938235282898,0.30211418867111206,0.7905505895614624,0.745837390422821,0.7891920208930969,0.3143638074398041,0.7752922177314758,0.2889629304409027,0.7360586524009705,0.32599738240242004,0.7528225183486938,0.3317759931087494,0.7795193791389465,0.325554221868515,0.8036943674087524,0.3257330060005188,0.8228147029876709,0.29064926505088806,0.7958211898803711,0.30154410004615784,0.8256496787071228,0.31269514560699463,0.8386035561561584,0.3237544000148773,0.8500436544418335,0.2693597078323364,0.7951489090919495,0.2873627543449402,0.821933925151825,0.30874955654144287,0.834181547164917,0.32883238792419434,0.8415582776069641,0.2605084180831909,0.7916659712791443,0.2776351571083069,0.8148256540298462,0.29587551951408386,0.8211079239845276,0.3113774061203003,0.8230213522911072,0.258231520652771,0.7896330952644348,0.2684328854084015,0.8065924644470215,0.2850252091884613,0.8119509816169739,0.29837602376937866,0.812942624092102,0.7767539024353027,0.7520347833633423,0.7391036748886108,0.7671919465065002,0.7294589281082153,0.791830837726593,0.7258756160736084,0.815395176410675,0.7188563346862793,0.8345363736152649,0.776695728302002,0.8075495958328247,0.762190580368042,0.8398221135139465,0.7420226335525513,0.8508173227310181,0.7255575060844421,0.8567578792572021,0.7979223132133484,0.8077815771102905,0.7838256359100342,0.8427363038063049,0.757608950138092,0.8483147621154785,0.7378451228141785,0.8468828201293945,0.8054954409599304,0.8051100969314575,0.7904905676841736,0.833753764629364,0.7664850950241089,0.8397321701049805,0.7486704587936401,0.8403908610343933,0.8038521409034729,0.8016393780708313,0.792930543422699,0.8230279088020325,0.774453341960907,0.8290923237800598,0.7592736482620239,0.829943060874939
0.5469080805778503,0.2598065137863159,0.572440505027771,0.24029390513896942,0.5878023505210876,0.240837961435318,0.5972602963447571,0.24131980538368225,0.5234969854354858,0.24028488993644714,0.5089728832244873,0.24102437496185303,0.4939262270927429,0.24182899296283722,0.6199945211410522,0.2537996470928192,0.4806761145591736,0.2552775740623474,0.573744535446167,0.28650641441345215,0.5151351094245911,0.28568369150161743,0.7320109009742737,0.3932793438434601,0.37977761030197144,0.3880826532840729,0.7586607933044434,0.5812186002731323,0.3336337208747864,0.5722638368606567,0.7734196782112122,0.7519432902336121,0.295180082321167,0.7364820837974548,0.7959001064300537,0.8004026412963867,0.2755262851715088,0.7886759042739868,0.7613662481307983,0.8014851808547974,0.3020287752151489,0.7904786467552185,0.7459754943847656,0.7891572117805481,0.31430336833000183,0.7750390768051147,0.28833919763565063,0.736154317855835,0.3253026604652405,0.7522361874580383,0.3316221237182617,0.7791217565536499,0.3255937397480011,0.8035718202590942,0.3255736827850342,0.8229118585586548,0.29066771268844604,0.7954210638999939,0.3002663850784302,0.8259341716766357,0.31011003255844116,0.8395950794219971,0.3204546570777893,0.8515861630439758,0.2692227363586426,0.7955054044723511,0.2877325415611267,0.8224753737449646,0.3094063401222229,0.8345679044723511,0.3296709358692169,0.8417247533798218,0.2601194381713867,0.7928854823112488,0.27927297353744507,0.8159229755401611,0.29765570163726807,0.821296215057373,0.31291139125823975,0.8224745988845825,0.25793370604515076,0.7915513515472412,0.2701721489429474,0.8082494735717773,0.28708335757255554,0.8126298189163208,0.30048999190330505,0.8128307461738586,0.7780467867851257,0.7525383830070496,0.7400709986686707,0.7670922875404358,0.7308118939399719,0.7917157411575317,0.727078914642334,0.8155222535133362,0.719680905342102,0.8346500992774963,0.777283787727356,0.8075637221336365,0.7624381184577942,0.8400845527648926,0.7418664693832397,0.8509009480476379,0.7252780795097351,0.8567246794700623,0.7981859445571899,0.8079145550727844,0.7833753228187561,0.842819333076477,0.7568077445030212,0.8479741215705872,0.7372133135795593,0.8464852571487427,0.8055064082145691,0.8053902983665466,0.7892436385154724,0.8337346315383911,0.7649414539337158,0.8391960263252258,0.7473413348197937,0.8395188450813293,0.8037717938423157,0.8021042346954346,0.7920545339584351,0.8233310580253601,0.7733418345451355,0.8289430737495422,0.7583142518997192,0.8293595314025879
0.5472148656845093,0.2597578465938568,0.5726224780082703,0.24028858542442322,0.5879437923431396,0.24083049595355988,0.5974499583244324,0.2413119524717331,0.5238350629806519,0.24023783206939697,0.5094367861747742,0.24098415672779083,0.494353711605072,0.24179387092590332,0.620427131652832,0.2538187801837921,0.48104074597358704,0.255290687084198,0.5741668343544006,0.28648707270622253,0.5155355930328369,0.285657674074173,0.7324106693267822,0.3932614028453827,0.37969639897346497,0.388091504573822,0.7590830326080322,0.5812000036239624,0.33367952704429626,0.5722495913505554,0.7736236453056335,0.7517013549804688,0.2952796220779419,0.7364025712013245,0.7963637709617615,0.8003567457199097,0.2755335569381714,0.7885856628417969,0.7615911960601807,0.8014516830444336,0.3020262122154236,0.790261447429657,0.7461397051811218,0.78907310962677,0.31432366371154785,0.7746084928512573,0.2872633635997772,0.735173761844635,0.3251171112060547,0.7509581446647644,0.3317742347717285,0.7788558006286621,0.3255807161331177,0.8039981126785278,0.32486504316329956,0.8235721588134766,0.2907673716545105,0.7938312888145447,0.29871419072151184,0.8256744742393494,0.3062010109424591,0.8407248258590698,0.314466655254364,0.8535455465316772,0.26892760396003723,0.7942838668823242,0.28766995668411255,0.8223609924316406,0.3103138208389282,0.8341087698936462,0.33044105768203735,0.8404311537742615,0.2594774067401886,0.7922922968864441,0.27950185537338257,0.8162703514099121,0.29954779148101807,0.823549747467041,0.3156125545501709,0.8263899087905884,0.2575525641441345,0.7911192774772644,0.27101799845695496,0.808669924736023,0.2890436351299286,0.8144737482070923,0.303236722946167,0.8159657120704651,0.7768746018409729,0.7534634470939636,0.7393478155136108,0.7679316997528076,0.7306089997291565,0.7921433448791504,0.7271366119384766,0.8157659769058228,0.7206293940544128,0.8350176811218262,0.7780640125274658,0.8083610534667969,0.7625962495803833,0.8401612639427185,0.7423294186592102,0.8509665131568909,0.7259729504585266,0.8567981719970703,0.7987962961196899,0.808814525604248,0.7844277024269104,0.8435702323913574,0.7580421566963196,0.8491357564926147,0.7380697131156921,0.8476728796958923,0.8059766888618469,0.8061724901199341,0.7900090217590332,0.8345863819122314,0.7657317519187927,0.8401063680648804,0.747978150844574,0.8404324650764465,0.8041049242019653,0.8028001189231873,0.7925114631652832,0.82411128282547,0.773891031742096,0.8299599289894104,0.7587224841117859,0.830565333366394
0.5477667450904846,0.2597191631793976,0.5731631517410278,0.24028246104717255,0.588263988494873,0.24082696437835693,0.597854733467102,0.24130961298942566,0.524617075920105,0.24018537998199463,0.510340690612793,0.2409130334854126,0.49518251419067383,0.24171575903892517,0.6209846138954163,0.25384002923965454,0.48159316182136536,0.255271315574646,0.5746868252754211,0.2864530682563782,0.5160607695579529,0.2856019139289856,0.7325903177261353,0.39320364594459534,0.3796410858631134,0.3880787491798401,0.7593562006950378,0.5810617804527283,0.3336915075778961,0.5723422765731812,0.7739498615264893,0.7512139678001404,0.2953360974788666,0.7368439435958862,0.7972773313522339,0.8001096844673157,0.27522560954093933,0.788725733757019,0.7624961733818054,0.8012903928756714,0.3017732501029968,0.7904033064842224,0.7467122673988342,0.7888756990432739,0.31424930691719055,0.774703860282898,0.28667834401130676,0.7343109250068665,0.3244244158267975,0.750659167766571,0.3309628367424011,0.7788996696472168,0.3239598870277405,0.8042203187942505,0.3229491114616394,0.8241664171218872,0.2891027331352234,0.7939372658729553,0.29801464080810547,0.8251523375511169,0.3046512007713318,0.8414709568023682,0.31122034788131714,0.8557989001274109,0.2671835422515869,0.7945928573608398,0.28727272152900696,0.8211830258369446,0.310110867023468,0.8319603204727173,0.3286657929420471,0.8384281396865845,0.2578047811985016,0.7928227782249451,0.28026527166366577,0.8154440522193909,0.29968443512916565,0.8200857043266296,0.31291988492012024,0.8212960362434387,0.25667133927345276,0.7921321988105774,0.27298393845558167,0.8092262744903564,0.2903626263141632,0.8130431771278381,0.30208051204681396,0.812890887260437,0.7783402800559998,0.7532705664634705,0.7405981421470642,0.7679157257080078,0.7313305735588074,0.7926397323608398,0.7281007766723633,0.81615149974823,0.7209522128105164,0.8350698351860046,0.7779515981674194,0.8090188503265381,0.7632032036781311,0.8406955599784851,0.7431089282035828,0.8512664437294006,0.7271221876144409,0.856734037399292,0.7992591857910156,0.8091368079185486,0.7848360538482666,0.8435500860214233,0.758822500705719,0.8486768007278442,0.7397116422653198,0.8469243049621582,0.8068707585334778,0.8063282370567322,0.7915513515472412,0.834358274936676,0.7677247524261475,0.8397993445396423,0.7505182027816772,0.8400696516036987,0.8052709102630615,0.8028303980827332,0.7944754362106323,0.8240025043487549,0.7764107584953308,0.82977694272995,0.7618726491928101,0.83042311668396
0.5480345487594604,0.2597084641456604,0.5735372304916382,0.24029584228992462,0.5885043144226074,0.2408479005098343,0.5981593728065491,0.24133148789405823,0.5250846147537231,0.2401779145002365,0.5108588337898254,0.2409060001373291,0.49567705392837524,0.24170386791229248,0.6214193105697632,0.2538887560367584,0.4819977283477783,0.2552669048309326,0.574979305267334,0.28644728660583496,0.5163036584854126,0.2855876088142395,0.7329081892967224,0.39318332076072693,0.37962642312049866,0.38807058334350586,0.7596563696861267,0.5810072422027588,0.33376815915107727,0.5724698305130005,0.7742303013801575,0.7510800957679749,0.29541268944740295,0.7370959520339966,0.7979072332382202,0.8000574111938477,0.2749820053577423,0.7887767553329468,0.7630048990249634,0.801256537437439,0.30160027742385864,0.7904372811317444,0.747049868106842,0.7888341546058655,0.31421664357185364,0.7747494578361511,0.2865455448627472,0.7342202067375183,0.32435163855552673,0.750611424446106,0.3309969902038574,0.7787356972694397,0.3239343464374542,0.8039697408676147,0.3228306472301483,0.8238469362258911,0.2893332839012146,0.7938308119773865,0.29793038964271545,0.8256356716156006,0.3046211004257202,0.8419246077537537,0.31151318550109863,0.8560045957565308,0.26709988713264465,0.7943161129951477,0.28715187311172485,0.8210265636444092,0.31016167998313904,0.831223726272583,0.328633189201355,0.8370922207832336,0.2574315369129181,0.7923194766044617,0.2801854908466339,0.8144691586494446,0.2987382709980011,0.8176714181900024,0.3108087182044983,0.8174337148666382,0.25604504346847534,0.7915294170379639,0.27231743931770325,0.8083212971687317,0.2892382740974426,0.8112361431121826,0.30037200450897217,0.8100699186325073,0.7774956226348877,0.7535335421562195,0.7398684620857239,0.768210768699646,0.7312849760055542,0.7927474975585938,0.728054404258728,0.8162112832069397,0.7209271192550659,0.8351688981056213,0.7781152129173279,0.8091174364089966,0.7631800174713135,0.8407728672027588,0.7429406046867371,0.8513343334197998,0.7269158959388733,0.8567948341369629,0.7992756366729736,0.8091296553611755,0.7848773002624512,0.8437045812606812,0.7585744261741638,0.8489477038383484,0.739156186580658,0.8471289277076721,0.8068335652351379,0.8061968684196472,0.7911949753761292,0.834251344203949,0.767175555229187,0.839783787727356,0.7498425841331482,0.8400757312774658,0.8051513433456421,0.8026261329650879,0.7940990924835205,0.8237682580947876,0.7759386301040649,0.8296127915382385,0.7613248825073242,0.8301788568496704
0.5487145185470581,0.2596192955970764,0.5743749141693115,0.24025395512580872,0.5890191197395325,0.24082191288471222,0.5989010334014893,0.2413167953491211,0.5258423089981079,0.23996615409851074,0.5116417407989502,0.24063389003276825,0.49643856287002563,0.24141010642051697,0.6223217844963074,0.2538909912109375,0.482460618019104,0.2551451325416565,0.5755869746208191,0.28638583421707153,0.5169718265533447,0.2855078876018524,0.7330878376960754,0.3931645154953003,0.3798428475856781,0.3879091143608093,0.7597881555557251,0.5809974074363708,0.3345664441585541,0.571595311164856,0.7747570276260376,0.7506086230278015,0.2954268455505371,0.7304682731628418,0.7984429001808167,0.7997373938560486,0.2749881446361542,0.7821706533432007,0.763698399066925,0.8010163307189941,0.3012508749961853,0.7835184335708618,0.7476761937141418,0.7885276079177856,0.31409013271331787,0.7674009799957275,0.28433480858802795,0.7253479361534119,0.3252246081829071,0.740747332572937,0.3331526517868042,0.7664710283279419,0.32114580273628235,0.7900472283363342,0.31385087966918945,0.8058786392211914,0.2913539409637451,0.7824909687042236,0.29969102144241333,0.8148525357246399,0.30646803975105286,0.8332281112670898,0.31219106912612915,0.848427414894104,0.26763075590133667,0.7840589284896851,0.28487592935562134,0.8138405084609985,0.30182698369026184,0.83148193359375,0.31589314341545105,0.8448498249053955,0.2566469609737396,0.7840477824211121,0.27861785888671875,0.8097059726715088,0.29537779092788696,0.8235690593719482,0.30752092599868774,0.833087146282196,0.25627192854881287,0.7834697365760803,0.27479076385498047,0.8043133020401001,0.29103437066078186,0.8157348036766052,0.303993821144104,0.8225017189979553,0.7796419262886047,0.7532700896263123,0.7419736981391907,0.7679141759872437,0.7327815890312195,0.7926183938980103,0.7290763854980469,0.8162621855735779,0.7216447591781616,0.8354505896568298,0.7795175909996033,0.8087023496627808,0.764155387878418,0.8408268690109253,0.7442315220832825,0.8518679141998291,0.7283209562301636,0.8579654097557068,0.8008077144622803,0.8089711666107178,0.7862504720687866,0.8437095880508423,0.7600659728050232,0.8487286567687988,0.740738034248352,0.8470624685287476,0.8083018064498901,0.8062669038772583,0.7926110029220581,0.8345695734024048,0.7686091661453247,0.8398749828338623,0.7512460350990295,0.8402241468429565,0.8066288232803345,0.8028285503387451,0.795414388179779,0.8240970969200134,0.7769880890846252,0.8297058343887329,0.7622783184051514,0.8303475975990295
0.5492879152297974,0.2593565881252289,0.5751938223838806,0.24011006951332092,0.5895630121231079,0.2407066822052002,0.5997189283370972,0.24122805893421173,0.5264753699302673,0.2396472990512848,0.5122140645980835,0.24025940895080566,0.4969698190689087,0.24101999402046204,0.623365044593811,0.2538702189922333,0.48285216093063354,0.25493118166923523,0.5762743949890137,0.28618431091308594,0.5174997448921204,0.28527501225471497,0.7336741089820862,0.39311158657073975,0.38019534945487976,0.3873608708381653,0.7600469589233398,0.5807313323020935,0.3349437415599823,0.5686596632003784,0.7751874327659607,0.7497658729553223,0.2957196831703186,0.7207680940628052,0.798687219619751,0.7994225025177002,0.27638429403305054,0.7746142148971558,0.764129638671875,0.8007739782333374,0.30190309882164,0.7766739726066589,0.7481080889701843,0.788149356842041,0.31482547521591187,0.7600985765457153,0.2846418619155884,0.7174474596977234,0.3260944187641144,0.7305784225463867,0.33771052956581116,0.7546681761741638,0.3270511031150818,0.7764687538146973,0.31665194034576416,0.7880737781524658,0.29422107338905334,0.7735218405723572,0.3045569658279419,0.8054009079933167,0.31291431188583374,0.823676347732544,0.32015469670295715,0.8383612036705017,0.27051424980163574,0.7756742835044861,0.28992798924446106,0.8049529790878296,0.3067414462566376,0.8231155872344971,0.3208756744861603,0.837388277053833,0.2588774263858795,0.7759279608726501,0.2855626940727234,0.7991890907287598,0.3016878664493561,0.808941662311554,0.3125426769256592,0.8140841126441956,0.2581809461116791,0.7752853631973267,0.27987122535705566,0.7941015362739563,0.2958483099937439,0.8024315237998962,0.3082163631916046,0.8058815002441406,0.7802226543426514,0.7532231211662292,0.7424291968345642,0.7678475379943848,0.7331995964050293,0.7926468253135681,0.7295264601707458,0.8164305090904236,0.7221115827560425,0.835729718208313,0.7799314856529236,0.8097383975982666,0.7641947865486145,0.8412954807281494,0.7440717816352844,0.8519014716148376,0.7282335758209229,0.8576991558074951,0.8009618520736694,0.8098616600036621,0.7857334017753601,0.843821108341217,0.7596297264099121,0.8489450216293335,0.740222156047821,0.8472919464111328,0.8082540035247803,0.806850016117096,0.7921585440635681,0.8344124555587769,0.768187940120697,0.8398069739341736,0.7505602836608887,0.8401807546615601,0.806359589099884,0.8032124042510986,0.7951376438140869,0.8239716291427612,0.7769346237182617,0.8296591639518738,0.7619931697845459,0.8303602933883667
0.5493425130844116,0.2593265175819397,0.5753118395805359,0.24010470509529114,0.589694619178772,0.2407015562057495,0.5999376773834229,0.24122270941734314,0.5265843272209167,0.23963768780231476,0.5123148560523987,0.24025169014930725,0.497101753950119,0.24101178348064423,0.6237783432006836,0.25387153029441833,0.48307931423187256,0.25493019819259644,0.5765117406845093,0.28610262274742126,0.5176424384117126,0.2852173447608948,0.7341957092285156,0.3930797874927521,0.38059425354003906,0.3869517147541046,0.7602510452270508,0.5803482532501221,0.3351813852787018,0.567028284072876,0.7754518985748291,0.7490463256835938,0.29592835903167725,0.7172927856445312,0.7988914251327515,0.7991923093795776,0.2773534655570984,0.7714818716049194,0.764418363571167,0.8006057739257812,0.3023480772972107,0.7737690210342407,0.7484030723571777,0.7878994345664978,0.3152693808078766,0.7570832967758179,0.2857819199562073,0.7187128663063049,0.326156347990036,0.7314184308052063,0.3384496569633484,0.7552375197410583,0.32812389731407166,0.7770959734916687,0.31786951422691345,0.7889066934585571,0.2951624393463135,0.773199200630188,0.3042076528072357,0.8058600425720215,0.31208646297454834,0.8243743181228638,0.31868526339530945,0.8391101956367493,0.27085068821907043,0.775059700012207,0.28927820920944214,0.8047384023666382,0.30613404512405396,0.8230797648429871,0.3206377327442169,0.8373526334762573,0.2590286135673523,0.7753143310546875,0.2861378490924835,0.797876238822937,0.3016220033168793,0.8041493892669678,0.31225740909576416,0.8064368367195129,0.2577167749404907,0.7745981216430664,0.2798226475715637,0.7934637069702148,0.29504263401031494,0.8007656335830688,0.30798497796058655,0.8033249378204346,0.7803815603256226,0.7531343698501587,0.7424692511558533,0.7675973773002625,0.73319411277771,0.7925288081169128,0.7293813824653625,0.8162964582443237,0.7221874594688416,0.8355824947357178,0.779902458190918,0.8098022937774658,0.7639589309692383,0.8413292169570923,0.7438137531280518,0.8519012928009033,0.7280078530311584,0.8576693534851074,0.8008527755737305,0.8099993467330933,0.7855842113494873,0.8439251780509949,0.7594906687736511,0.8490821719169617,0.7400867938995361,0.8474452495574951,0.8081992864608765,0.8070120811462402,0.7920228838920593,0.8345935344696045,0.7679668068885803,0.8399075865745544,0.7503438591957092,0.8402503132820129,0.8063939213752747,0.8033894896507263,0.7951235771179199,0.8242341876029968,0.7768868207931519,0.8298719525337219,0.7619821429252625,0.8305429220199585
0.549403965473175,0.2593236565589905,0.5754507184028625,0.2401811182498932,0.589829683303833,0.2407621145248413,0.6001722812652588,0.24125663936138153,0.5267555713653564,0.23972845077514648,0.5124780535697937,0.2403677999973297,0.49734315276145935,0.2411176860332489,0.6240448355674744,0.2538831830024719,0.483377069234848,0.2549779415130615,0.5767197608947754,0.28608065843582153,0.5179333686828613,0.28520849347114563,0.734631359577179,0.39308080077171326,0.3812733590602875,0.38668954372406006,0.7606331706047058,0.5803245902061462,0.33546024560928345,0.565719485282898,0.7756518125534058,0.7490555047988892,0.29618212580680847,0.7130674123764038,0.7989705204963684,0.7992031574249268,0.2794220745563507,0.7680748701095581,0.7645584940910339,0.8006242513656616,0.3041709363460541,0.7710258364677429,0.7485955953598022,0.7879388928413391,0.3164481222629547,0.7547562122344971,0.28853291273117065,0.7065266966819763,0.33153098821640015,0.7207838892936707,0.3427656888961792,0.7454552054405212,0.32912585139274597,0.7665624618530273,0.3165540099143982,0.7772009968757629,0.3015640079975128,0.7620580792427063,0.31620267033576965,0.793597400188446,0.32461056113243103,0.8116133213043213,0.33038097620010376,0.8266847133636475,0.27679723501205444,0.7646573185920715,0.299592524766922,0.7931374311447144,0.31556209921836853,0.8112835884094238,0.3272382915019989,0.8260630369186401,0.2633424401283264,0.7650730013847351,0.29322704672813416,0.7835604548454285,0.3086911141872406,0.786837100982666,0.316996693611145,0.7865275740623474,0.2596551179885864,0.7641618847846985,0.28497231006622314,0.7795048356056213,0.30032655596733093,0.782747745513916,0.3107711672782898,0.781968355178833,0.78022700548172,0.753230094909668,0.7419414520263672,0.7681356072425842,0.732625424861908,0.7930070161819458,0.7291335463523865,0.8165589570999146,0.7221153378486633,0.8355839252471924,0.7796105146408081,0.8097202181816101,0.7638276815414429,0.8413405418395996,0.7439048290252686,0.8520148992538452,0.7283644080162048,0.8578867316246033,0.8010174632072449,0.8096785545349121,0.7860297560691833,0.8439401984214783,0.7598274350166321,0.8490930199623108,0.7404028177261353,0.8474293351173401,0.8086991310119629,0.806538999080658,0.7923707962036133,0.8342114090919495,0.7682686448097229,0.8395517468452454,0.7509385943412781,0.8399030566215515,0.8072286248207092,0.802780270576477,0.7959016561508179,0.8236019611358643,0.7776032090187073,0.8291553854942322,0.7628905177116394,0.8296318650245667
0.5495291352272034,0.2593151330947876,0.5757116079330444,0.24020659923553467,0.5900710225105286,0.24077558517456055,0.6005557179450989,0.24125857651233673,0.5268391370773315,0.23976239562034607,0.5125366449356079,0.2404264509677887,0.4975082278251648,0.24117906391620636,0.6245177388191223,0.2538791596889496,0.4836893677711487,0.254978209733963,0.5769375562667847,0.2860051393508911,0.5180367231369019,0.28517869114875793,0.7351782321929932,0.3930969834327698,0.382569283246994,0.38623160123825073,0.7607960104942322,0.5800177454948425,0.33686429262161255,0.5613608956336975,0.7758212685585022,0.7489510178565979,0.30060258507728577,0.6899667382240295,0.798960268497467,0.7992716431617737,0.29538941383361816,0.7422480583190918,0.7645695805549622,0.8006993532180786,0.31837618350982666,0.7440335154533386,0.7486969828605652,0.7879834771156311,0.3264249265193939,0.7291308641433716,0.29556238651275635,0.6841800212860107,0.34060242772102356,0.6934875249862671,0.35671156644821167,0.7147567272186279,0.34550634026527405,0.7349444627761841,0.3329465389251709,0.7454673051834106,0.3241255581378937,0.7303647994995117,0.3449510931968689,0.7608425617218018,0.356339693069458,0.7753314971923828,0.3620288372039795,0.7872929573059082,0.29738950729370117,0.7356746196746826,0.3267555832862854,0.7672749757766724,0.3430383503437042,0.784211277961731,0.35227155685424805,0.7967040538787842,0.27897384762763977,0.7372932434082031,0.3183361887931824,0.7499195337295532,0.32768404483795166,0.7407010793685913,0.32756173610687256,0.7306634783744812,0.2698635458946228,0.7369180917739868,0.3048071265220642,0.747032880783081,0.3165716528892517,0.7413027286529541,0.3202662169933319,0.733767569065094,0.7802423238754272,0.7532796859741211,0.7420742511749268,0.7677714228630066,0.7326070666313171,0.7923999428749084,0.7290021181106567,0.8161799907684326,0.7218010425567627,0.8356235027313232,0.7791928052902222,0.8092125654220581,0.7640729546546936,0.8413562178611755,0.7439725995063782,0.8520351052284241,0.7282089591026306,0.8577836751937866,0.8006897568702698,0.8094028234481812,0.785411536693573,0.8439950346946716,0.7590705156326294,0.8489784002304077,0.7398062348365784,0.8469977974891663,0.8087102770805359,0.8065963983535767,0.7930119037628174,0.8348836898803711,0.7688027024269104,0.8402379751205444,0.7513187527656555,0.8402907252311707,0.8076379895210266,0.8031657338142395,0.7966128587722778,0.8246493339538574,0.7782444357872009,0.8303146958351135,0.7634292840957642,0.8306896090507507
0.5495939254760742,0.25933337211608887,0.5758559107780457,0.240308478474617,0.5902361273765564,0.24086113274097443,0.6007863283157349,0.24132005870342255,0.5268836617469788,0.2398589551448822,0.5125682950019836,0.2405501902103424,0.49761277437210083,0.24129369854927063,0.6248103380203247,0.25391340255737305,0.48390859365463257,0.2550008296966553,0.5770600438117981,0.28599315881729126,0.5180726647377014,0.28516972064971924,0.7356290221214294,0.3931633532047272,0.3833417594432831,0.38604629039764404,0.7608975768089294,0.579649806022644,0.3380318880081177,0.5591925382614136,0.7760360836982727,0.748846173286438,0.3028559982776642,0.6852912902832031,0.7989649176597595,0.7993545532226562,0.3019050657749176,0.7375270128250122,0.7645799517631531,0.8007829785346985,0.3243061304092407,0.7392008304595947,0.7487742304801941,0.7880202531814575,0.3307965397834778,0.7241443991661072,0.2952670753002167,0.6741292476654053,0.3420378863811493,0.6840400099754333,0.36088743805885315,0.7069305777549744,0.35177484154701233,0.7287565469741821,0.33832141757011414,0.7392208576202393,0.3218030333518982,0.7250149250030518,0.34257668256759644,0.7537281513214111,0.35436657071113586,0.7703433632850647,0.36243736743927,0.7842332720756531,0.2947238087654114,0.7312850952148438,0.3228543698787689,0.7599872946739197,0.34062615036964417,0.7781155109405518,0.3520588278770447,0.7918949127197266,0.2775944769382477,0.7340821027755737,0.31397271156311035,0.7477779984474182,0.32499977946281433,0.7413541078567505,0.32625049352645874,0.7322219610214233,0.26951441168785095,0.7340869903564453,0.30042633414268494,0.7448611855506897,0.3120700418949127,0.7410736680030823,0.31565698981285095,0.7345051765441895,0.7801907658576965,0.7534886598587036,0.7420958876609802,0.7679183483123779,0.7325571775436401,0.7924559116363525,0.728890597820282,0.8162416219711304,0.7216436862945557,0.8356338739395142,0.7792536020278931,0.8091796040534973,0.7639988660812378,0.8413444757461548,0.7439459562301636,0.8519673943519592,0.7282517552375793,0.8576681613922119,0.8008188605308533,0.8093568086624146,0.7854016423225403,0.8440012335777283,0.7590484023094177,0.8488945960998535,0.7398738265037537,0.8468295931816101,0.8088651895523071,0.8065212965011597,0.7929697036743164,0.8347975611686707,0.7687669992446899,0.8400278091430664,0.7514046430587769,0.8399664163589478,0.8078241348266602,0.8030434250831604,0.7966073155403137,0.8244237303733826,0.7782291173934937,0.8299339413642883,0.7635064721107483,0.8301258087158203
0.5496174097061157,0.25932973623275757,0.5759487748146057,0.24034245312213898,0.5903924107551575,0.2408856600522995,0.6009808778762817,0.2413332760334015,0.5268970727920532,0.23990614712238312,0.5125796794891357,0.24062499403953552,0.497667521238327,0.24136380851268768,0.6251165866851807,0.253923237323761,0.4841057360172272,0.2550155818462372,0.5771552324295044,0.28594863414764404,0.5180940628051758,0.28514569997787476,0.7358308434486389,0.39332494139671326,0.3839474618434906,0.38504475355148315,0.7609474062919617,0.5795018076896667,0.3392426371574402,0.5551440119743347,0.7761728763580322,0.7487177848815918,0.31080859899520874,0.6670598387718201,0.7989540100097656,0.799715518951416,0.314361035823822,0.7192230820655823,0.7645725011825562,0.8010013699531555,0.3376140594482422,0.7175756692886353,0.7487923502922058,0.7881281971931458,0.3442750573158264,0.7031211256980896,0.300743967294693,0.6545183658599854,0.348675012588501,0.6622855067253113,0.3689296245574951,0.6835687160491943,0.3604084253311157,0.7065452337265015,0.3535929322242737,0.7211712002754211,0.34276628494262695,0.7019837498664856,0.36405283212661743,0.7344388961791992,0.3733898997306824,0.751642107963562,0.3782135844230652,0.7652862668037415,0.31269222497940063,0.7095310091972351,0.3365383744239807,0.7427622675895691,0.3494108319282532,0.7626537084579468,0.35570812225341797,0.7771375775337219,0.29000553488731384,0.7122418284416199,0.32172542810440063,0.7268690466880798,0.3308095932006836,0.719355046749115,0.3309743404388428,0.7092780470848083,0.27511852979660034,0.7118304967880249,0.30358877778053284,0.7217099070549011,0.3129093050956726,0.716853678226471,0.31429100036621094,0.710030198097229,0.7793354988098145,0.7536303997039795,0.741169810295105,0.768089234828949,0.7318266034126282,0.792652428150177,0.7285473942756653,0.8164753317832947,0.7217463850975037,0.8358203768730164,0.7787113189697266,0.8091896176338196,0.7637380361557007,0.8415921330451965,0.7432565093040466,0.8522213697433472,0.7271707057952881,0.8577955961227417,0.800178587436676,0.8094511032104492,0.7851318717002869,0.8442803621292114,0.7587962746620178,0.8497686386108398,0.7395668625831604,0.8484440445899963,0.8082937002182007,0.8068512678146362,0.7929422855377197,0.8355110287666321,0.768908679485321,0.8414069414138794,0.7513278126716614,0.8420416712760925,0.8072472214698792,0.8035383820533752,0.7961482405662537,0.825402021408081,0.7776682376861572,0.8315159678459167,0.76270592212677,0.8323639631271362
0.5496522784233093,0.25937262177467346,0.5760233402252197,0.24036283791065216,0.5905240178108215,0.24089297652244568,0.6011154651641846,0.2413342297077179,0.5269081592559814,0.24003565311431885,0.5125885605812073,0.24083182215690613,0.49768635630607605,0.2416057139635086,0.6252709627151489,0.2539297342300415,0.4841260313987732,0.2552136182785034,0.5772667527198792,0.28593534231185913,0.5181254744529724,0.28514552116394043,0.7358533143997192,0.3937698006629944,0.38461506366729736,0.38498401641845703,0.7610714435577393,0.5794938802719116,0.3390462100505829,0.5536893606185913,0.7762026190757751,0.7488456964492798,0.34262874722480774,0.6290077567100525,0.7984169125556946,0.8005668520927429,0.35509759187698364,0.6774665117263794,0.7642385959625244,0.8015300035476685,0.38392284512519836,0.6679586172103882,0.7486797571182251,0.7885733842849731,0.38935890793800354,0.6544539928436279,,,,,,,,,,,,,,,,,,,,,,,,,,,,,,,,,,,,,,,,,,,0.778843879699707,0.7532559633255005,0.7403357625007629,0.7684599757194519,0.73088139295578,0.7931070923805237,0.727794885635376,0.8166772127151489,0.7212533354759216,0.8355666995048523,0.7773298621177673,0.809202253818512,0.7636278867721558,0.8414192199707031,0.7428673505783081,0.8514638543128967,0.7263988256454468,0.8563195466995239,0.7996035814285278,0.8090969920158386,0.7854697108268738,0.8439149856567383,0.7594390511512756,0.8497498035430908,0.7402980923652649,0.848730742931366,0.8085185289382935,0.8062617182731628,0.7937092781066895,0.8348894119262695,0.7698894143104553,0.8412918448448181,0.7522389888763428,0.8423216342926025,0.8078384399414062,0.8026885986328125,0.7967748045921326,0.8243907690048218,0.7783960700035095,0.8308870792388916,0.7633533477783203,0.832015872001648
0.5498409867286682,0.2593322694301605,0.5761881470680237,0.24030964076519012,0.5907348394393921,0.24083800613880157,0.6012856960296631,0.24127419292926788,0.5270106196403503,0.24002139270305634,0.5126171112060547,0.24083051085472107,0.497702419757843,0.2416066825389862,0.6253618001937866,0.25393199920654297,0.48415276408195496,0.2552596628665924,0.5774199962615967,0.2859205901622772,0.5182121992111206,0.28513890504837036,0.7359482049942017,0.39411476254463196,0.3849771320819855,0.3850119411945343,0.7622510194778442,0.5795764923095703,0.3389761745929718,0.5544425845146179,0.7765946984291077,0.7493640184402466,0.3715628683567047,0.6069439053535461,0.7984213829040527,0.801181435585022,0.3880501091480255,0.6445086598396301,0.7644842267036438,0.8020690083503723,0.40959838032722473,0.6283708810806274,0.7490441799163818,0.789288341999054,0.4101247191429138,0.6151293516159058,,,,,,,,,,,,,,,,,,,,,,,,,,,,,,,,,,,,,,,,,,,0.7791681289672852,0.7531720995903015,0.7406774759292603,0.7681688666343689,0.7314645051956177,0.7928691506385803,0.7279927134513855,0.816575825214386,0.7208395600318909,0.8356269001960754,0.7771506905555725,0.8092339634895325,0.7632293105125427,0.8417041897773743,0.742400050163269,0.8518013954162598,0.7260118722915649,0.8565006256103516,0.7990553379058838,0.8092255592346191,0.7849754691123962,0.844039797782898,0.7588517665863037,0.8497998118400574,0.7397649884223938,0.8485853672027588,0.8077206611633301,0.8064470887184143,0.7929314374923706,0.8350517749786377,0.7691057920455933,0.8413124680519104,0.751501739025116,0.842211902141571,0.806917667388916,0.8030063509941101,0.7959388494491577,0.8247257471084595,0.7775309681892395,0.8312547206878662,0.76258385181427,0.8323676586151123
0.549904465675354,0.25931504368782043,0.5762056112289429,0.24020764231681824,0.5907801985740662,0.2407379448413849,0.6013129949569702,0.24115364253520966,0.5270501971244812,0.23986628651618958,0.512673556804657,0.24064591526985168,0.49771538376808167,0.2414243221282959,0.6253740787506104,0.2539181709289551,0.48416659235954285,0.25524723529815674,0.5774416327476501,0.28591209650039673,0.5182910561561584,0.2851390242576599,0.735960841178894,0.3939994275569916,0.38761651515960693,0.38473793864250183,0.7640698552131653,0.5787122845649719,0.33884719014167786,0.5520921349525452,0.7769097089767456,0.749374508857727,0.38370072841644287,0.5873976945877075,0.7985239624977112,0.8013077974319458,0.406671941280365,0.6145455837249756,0.7656685709953308,0.8023770451545715,0.42693519592285156,0.5992697477340698,0.7507763504981995,0.7897440195083618,0.42458054423332214,0.589847207069397,,,,,,,,,,,,,,,,,,,,,,,,,,,,,,,,,,,,,,,,,,,0.7789371609687805,0.7529640793800354,0.7408537864685059,0.7683099508285522,0.7317506670951843,0.7934226393699646,0.7284828424453735,0.8168613314628601,0.7204504013061523,0.835578203201294,0.7776773571968079,0.8106525540351868,0.7628209590911865,0.841486930847168,0.743080198764801,0.8518633842468262,0.7275141477584839,0.8574407696723938,0.7994982004165649,0.8099769353866577,0.7846618294715881,0.8435032963752747,0.7588375210762024,0.8481631875038147,0.7399469017982483,0.8461751341819763,0.8076156377792358,0.8060849905014038,0.7916514277458191,0.8331999778747559,0.767704963684082,0.8383147120475769,0.7506232857704163,0.8384024500846863,0.8066115975379944,0.8015827536582947,0.7951741814613342,0.821565568447113,0.7767987251281738,0.8269972801208496,0.7622798681259155,0.8273289799690247
0.5499650239944458,0.25925782322883606,0.5762077569961548,0.2400815486907959,0.5908032059669495,0.24060316383838654,0.6013346314430237,0.24098952114582062,0.5270666480064392,0.23972313106060028,0.5127010941505432,0.24047958850860596,0.4977341890335083,0.24126020073890686,0.6253129839897156,0.25386857986450195,0.4841906726360321,0.2551676034927368,0.5774650573730469,0.28590449690818787,0.5185049772262573,0.2851358950138092,0.7359668016433716,0.39392781257629395,0.38916370272636414,0.3845807909965515,0.7643283605575562,0.578679621219635,0.3430751860141754,0.5485199093818665,0.7769398093223572,0.7493597269058228,0.38859590888023376,0.5533317923545837,0.7986434102058411,0.8013394474983215,0.4054347276687622,0.5655020475387573,0.7660645246505737,0.8025129437446594,0.41718342900276184,0.5464204549789429,0.7513833045959473,0.7898962497711182,0.4162086546421051,0.541377067565918,,,,,,,,,,,,,,,,,,,,,,,,,,,,,,,,,,,,,,,,,,,0.7793291807174683,0.7527284026145935,0.7412054538726807,0.76798415184021,0.732181191444397,0.7932789921760559,0.7285616993904114,0.8168824911117554,0.7210215330123901,0.8358802795410156,0.7782090306282043,0.8106756210327148,0.762761652469635,0.8418452143669128,0.7428616881370544,0.8523240089416504,0.7274681329727173,0.8581940531730652,0.7997846007347107,0.8101856112480164,0.784293532371521,0.8436689972877502,0.7579590678215027,0.8480770587921143,0.7388113141059875,0.8458713293075562,0.8076044321060181,0.8064773678779602,0.7908304929733276,0.8335939049720764,0.7662968635559082,0.8383868932723999,0.7488895058631897,0.8381669521331787,0.80643230676651,0.8022254109382629,0.794744074344635,0.8223541975021362,0.776105523109436,0.8274555802345276,0.7613391280174255,0.82759690284729
0.5500154495239258,0.259201318025589,0.5762017369270325,0.23995614051818848,0.5908258557319641,0.24046583473682404,0.6013508439064026,0.24082544445991516,0.5270807147026062,0.23959378898143768,0.5127165913581848,0.24033260345458984,0.49775153398513794,0.24111738801002502,0.625259518623352,0.25380176305770874,0.4842185080051422,0.25507399439811707,0.5774849057197571,0.28589823842048645,0.5186783075332642,0.28513282537460327,0.7359727621078491,0.39388060569763184,0.3905623257160187,0.38443249464035034,0.7644330263137817,0.5786554217338562,0.34517863392829895,0.5460468530654907,0.7769443988800049,0.7490770220756531,0.3903745114803314,0.5503141283988953,0.7986841201782227,0.8013407588005066,0.40445661544799805,0.5625256299972534,0.7662281394004822,0.8025304675102234,0.41394516825675964,0.5435746908187866,0.7515551447868347,0.789921760559082,0.4143296480178833,0.5389490723609924,,,,,,,,,,,,,,,,,,,,,,,,,,,,,,,,,,,,,,,,,,,0.7791115045547485,0.7529364824295044,0.7409482598304749,0.768081545829773,0.7320309281349182,0.7932494878768921,0.7286099195480347,0.8168047666549683,0.7211446166038513,0.8357164263725281,0.7783218026161194,0.8107646107673645,0.762878954410553,0.8417573571205139,0.7429962754249573,0.8522396683692932,0.7274733185768127,0.8581722974777222,0.7999733686447144,0.8103248476982117,0.7842392921447754,0.8436710834503174,0.7579362392425537,0.8480361104011536,0.7387868762016296,0.8459660410881042,0.8078915476799011,0.8066351413726807,0.7911053895950317,0.8337517976760864,0.7666756510734558,0.838564395904541,0.749248743057251,0.8384042382240295,0.8067957758903503,0.8023069500923157,0.7949573397636414,0.8225294351577759,0.776317834854126,0.8276652097702026,0.7616013288497925,0.8277708888053894
0.5498842000961304,0.2592700123786926,0.5759917497634888,0.23989054560661316,0.5908482670783997,0.24032115936279297,0.6013627052307129,0.2405824214220047,0.5269284844398499,0.23959651589393616,0.5125395655632019,0.24035055935382843,0.4976423978805542,0.24112550914287567,0.6252959966659546,0.2532672584056854,0.4842529296875,0.2550167441368103,0.5774511694908142,0.28590700030326843,0.5187177658081055,0.2852190136909485,0.7363331317901611,0.39377349615097046,0.3930163085460663,0.38437962532043457,0.7647294998168945,0.5777791738510132,0.33630824089050293,0.5458886027336121,0.7770739793777466,0.7482853531837463,0.38514307141304016,0.5160497426986694,0.7987462282180786,0.8009063601493835,0.4172264635562897,0.5130919218063354,0.7664210200309753,0.8022415041923523,0.42156171798706055,0.4912775158882141,0.751916229724884,0.7895330190658569,0.41682231426239014,0.49002885818481445,0.3531397581100464,0.48074913024902344,0.38646024465560913,0.47323116660118103,0.4256207048892975,0.4792551100254059,0.44863978028297424,0.4910355508327484,0.4602661728858948,0.5003503561019897,0.43320873379707336,0.4760119616985321,0.4708319306373596,0.4794887602329254,0.5001872777938843,0.48040446639060974,0.5227205157279968,0.4801623821258545,0.41689789295196533,0.48513734340667725,0.452918142080307,0.5024200081825256,0.46594661474227905,0.5113533139228821,0.4723939299583435,0.5175734162330627,0.3994666337966919,0.49519914388656616,0.43023815751075745,0.5107463598251343,0.42419371008872986,0.5069568753242493,0.41356155276298523,0.5018405914306641,0.38413968682289124,0.5051714181900024,0.4124937355518341,0.5155156254768372,0.4071958363056183,0.5114309191703796,0.3975735306739807,0.5074656009674072,0.7791699767112732,0.753320574760437,0.7418212294578552,0.7683464288711548,0.7327227592468262,0.7932248115539551,0.7292662262916565,0.8164718747138977,0.7215403318405151,0.8355089426040649,0.7784731984138489,0.8112146258354187,0.7641209363937378,0.842103898525238,0.7449604272842407,0.8526138663291931,0.7299529314041138,0.8589178323745728,0.8002768754959106,0.8107054233551025,0.784147322177887,0.8433933258056641,0.7576543092727661,0.847404956817627,0.7384031414985657,0.8447961211204529,0.8082811236381531,0.8069072961807251,0.7913268208503723,0.8335095047950745,0.7664304971694946,0.837612509727478,0.7488752603530884,0.8366611003875732,0.8075398206710815,0.8026068806648254,0.7952256798744202,0.8219319581985474,0.7764591574668884,0.8263906836509705,0.761709451675415,0.8258779048919678
0.5498946309089661,0.259607195854187,0.5759772062301636,0.2400447130203247,0.5908802151679993,0.24039669334888458,0.60139399766922,0.24059338867664337,0.5269399285316467,0.24012131989002228,0.5125499963760376,0.24096646904945374,0.4976736307144165,0.2417408972978592,0.625295877456665,0.25319987535476685,0.4844226539134979,0.2552272379398346,0.5775598883628845,0.28601688146591187,0.5191720128059387,0.28543803095817566,0.7364028692245483,0.393614798784256,0.39419594407081604,0.38457420468330383,0.7647431492805481,0.5763131976127625,0.3298533856868744,0.546515166759491,0.7774889469146729,0.7480448484420776,0.38179445266723633,0.5105204582214355,0.7988114356994629,0.8005108833312988,0.4201645255088806,0.506522536277771,0.7666504979133606,0.8020108938217163,0.42396438121795654,0.48620423674583435,0.7524331212043762,0.7892642617225647,0.41715332865715027,0.48521167039871216,0.3495083451271057,0.48168858885765076,0.3839399218559265,0.47369882464408875,0.42393067479133606,0.479499489068985,0.44839388132095337,0.491436243057251,0.4592314064502716,0.5014497637748718,0.4336332678794861,0.4754193425178528,0.4733245372772217,0.47687605023384094,0.5019296407699585,0.4775259494781494,0.5232911109924316,0.47748008370399475,0.4182272255420685,0.48406195640563965,0.45300647616386414,0.50245201587677,0.46038347482681274,0.5085951089859009,0.46308133006095886,0.5115022659301758,0.40017759799957275,0.493640273809433,0.427012175321579,0.5114673376083374,0.4194883108139038,0.5067248344421387,0.41058650612831116,0.5005755424499512,0.3831682503223419,0.5028939843177795,0.4087299704551697,0.5152402520179749,0.4025420546531677,0.5107065439224243,0.394234836101532,0.50541752576828,0.7790736556053162,0.7535099387168884,0.7416718602180481,0.768460750579834,0.7329106330871582,0.7933650612831116,0.7295172214508057,0.8165858387947083,0.7217710018157959,0.8356139659881592,0.7786269187927246,0.811210572719574,0.764297366142273,0.8421862721443176,0.744940996170044,0.8525930643081665,0.7298451066017151,0.8586176633834839,0.8002684712409973,0.8106318116188049,0.7843843698501587,0.8433966040611267,0.7579193711280823,0.847518265247345,0.7386535406112671,0.8449033498764038,0.8082183003425598,0.8068236708641052,0.7913362979888916,0.8334425091743469,0.7665200233459473,0.8377655148506165,0.7489450573921204,0.8369922637939453,0.807438313961029,0.8025805354118347,0.7954708933830261,0.8220711946487427,0.7767810821533203,0.8266956210136414,0.7619805335998535,0.8262834548950195
0.5499092936515808,0.25970280170440674,0.575980007648468,0.24010035395622253,0.5909515023231506,0.2404327392578125,0.6014614701271057,0.2406059056520462,0.526948869228363,0.24037249386310577,0.5125147700309753,0.24130336940288544,0.49768349528312683,0.24206972122192383,0.625300943851471,0.25319916009902954,0.48445838689804077,0.2553105056285858,0.5778906345367432,0.28606748580932617,0.5193878412246704,0.285491019487381,0.7364211082458496,0.3936130404472351,0.3941933512687683,0.384554386138916,0.7647601366043091,0.5763212442398071,0.325961172580719,0.5459407567977905,0.7780200242996216,0.7480517625808716,0.4079230725765228,0.4997834265232086,0.7990337014198303,0.8004263043403625,0.4511813223361969,0.5012844800949097,0.7669575214385986,0.8018573522567749,0.4613436460494995,0.4835299551486969,0.7528917789459229,0.7890920639038086,0.4519875943660736,0.48050135374069214,0.35355344414711,0.4669242799282074,0.38920870423316956,0.4603334069252014,0.4288063645362854,0.46340012550354004,0.45572155714035034,0.4720402657985687,0.4702014923095703,0.47984325885772705,0.44218558073043823,0.457412987947464,0.4855835437774658,0.45761924982070923,0.5140292644500732,0.45618247985839844,0.5374113917350769,0.4554193615913391,0.43041837215423584,0.46547555923461914,0.4725135564804077,0.4895492196083069,0.4936726689338684,0.5049715638160706,0.5090063810348511,0.5168967247009277,0.41332942247390747,0.47483760118484497,0.4342377781867981,0.49701181054115295,0.4203784167766571,0.49202239513397217,0.4109620451927185,0.4849187433719635,0.3952135443687439,0.48502397537231445,0.41494032740592957,0.5006574988365173,0.4040392339229584,0.49735620617866516,0.39604711532592773,0.49140721559524536,0.7792983055114746,0.7536256909370422,0.7422236204147339,0.7684779763221741,0.7335056662559509,0.7934713363647461,0.7295078039169312,0.8165868520736694,0.7216945290565491,0.8357844948768616,0.7792351245880127,0.8115946650505066,0.7651943564414978,0.8425677418708801,0.7457042932510376,0.8528545498847961,0.7307015061378479,0.8588637709617615,0.8005132675170898,0.8107935786247253,0.784342885017395,0.843224823474884,0.7578267455101013,0.8465276956558228,0.7387962341308594,0.843043327331543,0.8081210851669312,0.8067074418067932,0.7906976342201233,0.83284592628479,0.7657350897789001,0.8363515138626099,0.7484539151191711,0.8347253799438477,0.8071075081825256,0.8023966550827026,0.794976532459259,0.8214719891548157,0.7761058807373047,0.8254212737083435,0.7612961530685425,0.8243549466133118
0.5499221682548523,0.25970014929771423,0.5759641528129578,0.24008703231811523,0.5909997820854187,0.24041840434074402,0.6015384197235107,0.2405817210674286,0.5269483327865601,0.24039804935455322,0.5124544501304626,0.2413712441921234,0.4976922273635864,0.2421499490737915,0.6253262162208557,0.25310057401657104,0.4844966530799866,0.2553119659423828,0.5780351161956787,0.2860650420188904,0.5194507241249084,0.28549259901046753,0.7367469072341919,0.3935859501361847,0.3952620327472687,0.3837185502052307,0.7647733688354492,0.5761542320251465,0.3229391872882843,0.5485643744468689,0.7785413265228271,0.7480880618095398,0.3991725444793701,0.4638914465904236,0.7990811467170715,0.8003185391426086,0.4440169930458069,0.45701032876968384,0.767086386680603,0.801670253276825,0.454656720161438,0.4422072470188141,0.7531927227973938,0.7889152765274048,0.4455370604991913,0.44111448526382446,0.3556675314903259,0.4522229731082916,0.39140015840530396,0.4440757632255554,0.4346221685409546,0.4448172152042389,0.46391308307647705,0.4475364089012146,0.48756369948387146,0.44910192489624023,0.45143961906433105,0.4344390034675598,0.49920231103897095,0.4337805509567261,0.5283424258232117,0.43080994486808777,0.5532231330871582,0.42881760001182556,0.44081032276153564,0.4408590793609619,0.48204994201660156,0.46379154920578003,0.5044670104980469,0.4785812795162201,0.5230576395988464,0.49002403020858765,0.42532485723495483,0.4506826400756836,0.4457780420780182,0.4740890562534332,0.43061912059783936,0.46945253014564514,0.4218432307243347,0.4618465304374695,0.4086575508117676,0.46076729893684387,0.42683643102645874,0.4790906012058258,0.4137459993362427,0.4755817651748657,0.4053904414176941,0.46907126903533936,0.7800785899162292,0.7538175582885742,0.7425775527954102,0.7686979174613953,0.7335540056228638,0.7936768531799316,0.7296262383460999,0.8170193433761597,0.7217767238616943,0.836304247379303,0.7789652347564697,0.8114296197891235,0.7649787664413452,0.8426591157913208,0.746000349521637,0.8530522584915161,0.7315272688865662,0.8593258261680603,0.8005378842353821,0.8108001351356506,0.7838436961174011,0.8430508971214294,0.7574464082717896,0.8464046716690063,0.7385047078132629,0.843119204044342,0.8083819150924683,0.80682772397995,0.7904741168022156,0.83294677734375,0.7654058337211609,0.8366727828979492,0.7478192448616028,0.8351985216140747,0.807695209980011,0.8027517795562744,0.7948700189590454,0.8218815326690674,0.7756434082984924,0.8259684443473816,0.7604652047157288,0.8250957131385803
0.5499714612960815,0.2597034275531769,0.5759857892990112,0.2400982677936554,0.5911369323730469,0.2404298484325409,0.6017038822174072,0.24058564007282257,0.5269936323165894,0.24048610031604767,0.5124598145484924,0.24149517714977264,0.49777573347091675,0.24229545891284943,0.6253455877304077,0.25308161973953247,0.48454713821411133,0.25532862544059753,0.5782577395439148,0.28607574105262756,0.5195914506912231,0.28552401065826416,0.7368828654289246,0.3935122489929199,0.39616674184799194,0.3833850026130676,0.7647833824157715,0.5759325623512268,0.321978896856308,0.5526854395866394,0.7792156934738159,0.7481313943862915,0.39444500207901,0.4542033076286316,0.7992521524429321,0.8002578020095825,0.44095805287361145,0.44826775789260864,0.7673649191856384,0.8015729188919067,0.4514569938182831,0.43500542640686035,0.7535669207572937,0.7888498902320862,0.4421052634716034,0.4340044856071472,0.35549312829971313,0.4422553777694702,0.3917228579521179,0.4333435893058777,0.4356960952281952,0.4332582652568817,0.46569690108299255,0.43832847476005554,0.4900968670845032,0.4414435625076294,0.45694541931152344,0.42206665873527527,0.5045888423919678,0.4224007725715637,0.534578800201416,0.42066600918769836,0.5604122877120972,0.41914114356040955,0.44494515657424927,0.4297163486480713,0.48425760865211487,0.4533637464046478,0.5060325264930725,0.4693223237991333,0.5242807865142822,0.48108044266700745,0.42860350012779236,0.4401082396507263,0.4454234838485718,0.46542760729789734,0.4288880527019501,0.4630856513977051,0.4178280830383301,0.45604878664016724,0.4115219712257385,0.4511699974536896,0.42689982056617737,0.46995416283607483,0.4148489534854889,0.468350887298584,0.40674155950546265,0.4624703526496887,0.7807294726371765,0.7540722489356995,0.7430511713027954,0.7685487866401672,0.734001636505127,0.7934759259223938,0.7298114895820618,0.8171579241752625,0.7217463254928589,0.8365975022315979,0.7793669700622559,0.8115153908729553,0.765329122543335,0.8427721261978149,0.7464624643325806,0.853219747543335,0.7323182225227356,0.8596176505088806,0.801027238368988,0.8110837936401367,0.7839789986610413,0.8431814312934875,0.7574905753135681,0.84614098072052,0.7389551997184753,0.8426370620727539,0.8088559508323669,0.8072717785835266,0.790363073348999,0.8332349061965942,0.7650650143623352,0.8364628553390503,0.7476714849472046,0.8346535563468933,0.8082970380783081,0.8032764792442322,0.7951262593269348,0.8223220109939575,0.7757956981658936,0.8260975480079651,0.7608122825622559,0.8250243067741394
0.5499849319458008,0.25971096754074097,0.5759745836257935,0.24014198780059814,0.5911603569984436,0.24047310650348663,0.6017650365829468,0.2406131476163864,0.5270017981529236,0.2406196892261505,0.5124272108078003,0.24165013432502747,0.4978008270263672,0.24247153103351593,0.6253340244293213,0.2530636191368103,0.4845854341983795,0.2553563714027405,0.5783757567405701,0.2860787808895111,0.5196397304534912,0.28554049134254456,0.737048864364624,0.3933158218860626,0.3972468376159668,0.3826984763145447,0.7647600769996643,0.5758607983589172,0.32159149646759033,0.5539891719818115,0.7796138525009155,0.7482200264930725,0.39204397797584534,0.45332279801368713,0.7994055151939392,0.800235390663147,0.44228625297546387,0.4478842318058014,0.7675241827964783,0.8015073537826538,0.45181065797805786,0.4345102906227112,0.7537813186645508,0.7888023257255554,0.44190189242362976,0.43348169326782227,0.3526725471019745,0.4433256685733795,0.3898501396179199,0.43337616324424744,0.4354036748409271,0.4325743019580841,0.4667752683162689,0.436809778213501,0.492105633020401,0.44012463092803955,0.45757144689559937,0.4213201105594635,0.5054742097854614,0.422704815864563,0.5356834530830383,0.4211009442806244,0.5613707304000854,0.41955816745758057,0.4454130530357361,0.42923566699028015,0.4827937185764313,0.453067421913147,0.5053858757019043,0.468826562166214,0.5243432521820068,0.48089298605918884,0.4285292327404022,0.43964090943336487,0.4458467364311218,0.46425139904022217,0.4302695095539093,0.4628239870071411,0.4190836250782013,0.4573465585708618,0.4105317294597626,0.45061641931533813,0.42546188831329346,0.4693116247653961,0.4140797555446625,0.4686787724494934,0.406149297952652,0.46421295404434204,0.7807773947715759,0.7541231513023376,0.7430399060249329,0.7685824036598206,0.7339828610420227,0.7936345934867859,0.7298576235771179,0.8172999024391174,0.7220386862754822,0.8365845680236816,0.7794296145439148,0.8114057183265686,0.7654414772987366,0.8428061008453369,0.7464502453804016,0.8531275987625122,0.732175350189209,0.859423816204071,0.8011998534202576,0.8109607696533203,0.7841598987579346,0.8431333899497986,0.7577230930328369,0.8461153507232666,0.7392064332962036,0.8426730036735535,0.8091168999671936,0.8071285486221313,0.7904941439628601,0.8330658674240112,0.7652823328971863,0.8363521099090576,0.7478970289230347,0.8346369862556458,0.808544933795929,0.803124725818634,0.7952001690864563,0.822113037109375,0.7759195566177368,0.8258593082427979,0.7609371542930603,0.8248149752616882
0.5499891042709351,0.2597150206565857,0.5759756565093994,0.2402629405260086,0.5912250280380249,0.24065181612968445,0.601890504360199,0.24083606898784637,0.5269995331764221,0.24068573117256165,0.5122933387756348,0.2417019158601761,0.4978106617927551,0.24250030517578125,0.625312864780426,0.2532027065753937,0.4846137464046478,0.25531917810440063,0.5784934163093567,0.28608256578445435,0.519631028175354,0.2855070233345032,0.7367517948150635,0.3929625153541565,0.3972418010234833,0.3828563392162323,0.7646048665046692,0.5748447775840759,0.32144516706466675,0.5547270774841309,0.7802931070327759,0.7483364343643188,0.3906601667404175,0.4414193034172058,0.799704909324646,0.8002908825874329,0.43892979621887207,0.43823638558387756,0.7678106427192688,0.8015487790107727,0.45248138904571533,0.4264793395996094,0.7540558576583862,0.7888460755348206,0.44401252269744873,0.4254392981529236,0.3534851670265198,0.43496957421302795,0.39047592878341675,0.42503705620765686,0.4362674951553345,0.42473524808883667,0.468936562538147,0.4295675754547119,0.49439629912376404,0.43280109763145447,0.45838597416877747,0.41236597299575806,0.5077405571937561,0.41405972838401794,0.5377358794212341,0.41291287541389465,0.5636705756187439,0.4120725989341736,0.4473411738872528,0.4203929901123047,0.4845639169216156,0.44578930735588074,0.5072063207626343,0.4617103934288025,0.5264033079147339,0.4731994867324829,0.4316042959690094,0.43063119053840637,0.4462348520755768,0.45610806345939636,0.42907410860061646,0.454881876707077,0.4168596863746643,0.4493076503276825,0.4148105978965759,0.4409642517566681,0.4249929189682007,0.4589141607284546,0.41300418972969055,0.4583108425140381,0.4052227735519409,0.4535691738128662,0.7818244099617004,0.7546690106391907,0.7439802885055542,0.7689918279647827,0.7347089648246765,0.7939864993095398,0.7305598258972168,0.8178246021270752,0.7233557105064392,0.8371751308441162,0.7803555727005005,0.8114843964576721,0.7664101719856262,0.8427637815475464,0.7477437257766724,0.8534563779830933,0.7334967255592346,0.8600362539291382,0.8019007444381714,0.8111443519592285,0.7849135994911194,0.8433241844177246,0.7586009502410889,0.8463484644889832,0.7400513887405396,0.8430259227752686,0.8098324537277222,0.8076118230819702,0.7918782234191895,0.8340142369270325,0.7668763399124146,0.8373908400535583,0.7495311498641968,0.8357588052749634,0.8091587424278259,0.803871750831604,0.7963564395904541,0.8236035704612732,0.7772225141525269,0.8277803063392639,0.7623921036720276,0.8270183205604553
0.5499435067176819,0.2597566843032837,0.5759474635124207,0.24045559763908386,0.5912460088729858,0.2408740222454071,0.6019392609596252,0.24109718203544617,0.5269435048103333,0.2408544272184372,0.5120518803596497,0.24185073375701904,0.49781179428100586,0.24264779686927795,0.6252591609954834,0.2534067630767822,0.4846366345882416,0.25532811880111694,0.5785240530967712,0.28609007596969604,0.5195840001106262,0.2854887843132019,0.7364224791526794,0.3927731513977051,0.3974648714065552,0.38290196657180786,0.7644291520118713,0.5747124552726746,0.32161927223205566,0.5551583766937256,0.7808133363723755,0.7487784028053284,0.3898363709449768,0.4403439164161682,0.799920916557312,0.80047208070755,0.4374221861362457,0.4371589720249176,0.7680667638778687,0.8017061948776245,0.4521855115890503,0.42531618475914,0.7542949318885803,0.789012610912323,0.4443150758743286,0.4244591295719147,0.3524377942085266,0.43468010425567627,0.390658438205719,0.42457008361816406,0.4372800886631012,0.42425429821014404,0.47079092264175415,0.4287802577018738,0.49650490283966064,0.43136894702911377,0.4580274820327759,0.4118990898132324,0.506551206111908,0.4136941730976105,0.5371677279472351,0.4127925634384155,0.5631833672523499,0.4119945466518402,0.4478718638420105,0.4200233519077301,0.48554396629333496,0.4447627067565918,0.5090950727462769,0.461086243391037,0.5283180475234985,0.47360092401504517,0.4323307275772095,0.4304521381855011,0.44685620069503784,0.45541882514953613,0.4301760792732239,0.45413094758987427,0.41908836364746094,0.44891199469566345,0.4154948890209198,0.44144207239151,0.4248605966567993,0.4593067765235901,0.4124537706375122,0.45841118693351746,0.4050505459308624,0.4536740481853485,0.7813377380371094,0.7549297213554382,0.7437527775764465,0.7691904902458191,0.7347452640533447,0.7941555380821228,0.7307857871055603,0.8178151845932007,0.723447322845459,0.8370389938354492,0.7804539799690247,0.8115280270576477,0.7663440108299255,0.8427568078041077,0.7476210594177246,0.8534477353096008,0.7334902286529541,0.8601049780845642,0.8020017147064209,0.8111569881439209,0.7848353981971741,0.8433240056037903,0.7586452960968018,0.8461976647377014,0.7404559850692749,0.8427487015724182,0.809883713722229,0.8075910806655884,0.7917357087135315,0.8339621424674988,0.7668720483779907,0.8372805118560791,0.7498264312744141,0.8356456160545349,0.8092203736305237,0.8037855625152588,0.7962345480918884,0.823474109172821,0.7771939039230347,0.827558159828186,0.7626029849052429,0.8267748951911926
0.5499343276023865,0.2598450779914856,0.5759059190750122,0.24078842997550964,0.591268002986908,0.24121281504631042,0.6019547581672668,0.2415192425251007,0.5269401669502258,0.2411067932844162,0.511963427066803,0.24207022786140442,0.4978194236755371,0.24289269745349884,0.6250168085098267,0.2538943886756897,0.4846559762954712,0.2554311156272888,0.5785462856292725,0.28613024950027466,0.5195677280426025,0.2854863107204437,0.7359127402305603,0.39273369312286377,0.39744600653648376,0.3839288651943207,0.7644237279891968,0.5746954679489136,0.32174965739250183,0.5559870004653931,0.7820137143135071,0.7493221759796143,0.38700607419013977,0.4432045817375183,0.8005133867263794,0.800868034362793,0.43562042713165283,0.43508535623550415,0.7685558795928955,0.8021656274795532,0.4514754116535187,0.4217330813407898,0.7547425031661987,0.7894505858421326,0.4432417154312134,0.42248010635375977,0.35399943590164185,0.4330253303050995,0.39024558663368225,0.42304784059524536,0.4363570511341095,0.4224475920200348,0.46970850229263306,0.4266166388988495,0.4950491487979889,0.42884886264801025,0.45771995186805725,0.41001278162002563,0.5071409344673157,0.411969929933548,0.5376072525978088,0.4110105633735657,0.5634834170341492,0.4101231098175049,0.4464275538921356,0.41780760884284973,0.48363417387008667,0.44221168756484985,0.5066206455230713,0.4577864706516266,0.5256655216217041,0.4695482850074768,0.4306719899177551,0.42811349034309387,0.44625014066696167,0.4525010585784912,0.42978885769844055,0.45208439230918884,0.41825515031814575,0.44760191440582275,0.4141881465911865,0.4389149844646454,0.4250989854335785,0.45676544308662415,0.41303738951683044,0.4568231999874115,0.4052498936653137,0.45297443866729736,0.7824841737747192,0.7549018859863281,0.7448644042015076,0.7686981558799744,0.7357335090637207,0.7938922643661499,0.7312484383583069,0.8178908228874207,0.7237789630889893,0.837246298789978,0.7807363867759705,0.811462938785553,0.7671247124671936,0.8427869081497192,0.7485952973365784,0.8535605072975159,0.7344493865966797,0.8601185083389282,0.8020370602607727,0.8115180134773254,0.7855361700057983,0.8437588214874268,0.7592989206314087,0.8466254472732544,0.7409288287162781,0.8430303335189819,0.809811532497406,0.8084184527397156,0.7921486496925354,0.8348267674446106,0.7670506238937378,0.837873101234436,0.7498220801353455,0.8358606100082397,0.8089910745620728,0.8049459457397461,0.796150803565979,0.8245458602905273,0.777151346206665,0.8283634781837463,0.7625882029533386,0.8273002505302429
0.5499734878540039,0.25992539525032043,0.5759506225585938,0.24096941947937012,0.5913780927658081,0.2413996160030365,0.60210120677948,0.2417517900466919,0.5270251631736755,0.24125082790851593,0.5119953155517578,0.24219509959220886,0.49794429540634155,0.2430380880832672,0.6250101923942566,0.2542386054992676,0.484746515750885,0.25560271739959717,0.5785943865776062,0.2861526608467102,0.5195837020874023,0.2854834496974945,0.7356095910072327,0.39300259947776794,0.39742612838745117,0.3851470947265625,0.7644872069358826,0.5749889016151428,0.32170718908309937,0.5559799075126648,0.7822379469871521,0.7493716478347778,0.3865872621536255,0.43936997652053833,0.800663411617279,0.8008607625961304,0.43381085991859436,0.43237820267677307,0.7687362432479858,0.8021687269210815,0.44896262884140015,0.42110615968704224,0.754860520362854,0.789474606513977,0.441281259059906,0.42207255959510803,0.35303473472595215,0.4309307634830475,0.38796019554138184,0.4204331636428833,0.4327754080295563,0.41926857829093933,0.46494752168655396,0.42321106791496277,0.4899587333202362,0.42600560188293457,0.45680123567581177,0.4068986475467682,0.505338728427887,0.40851128101348877,0.5351992249488831,0.40758970379829407,0.5607913732528687,0.4070509672164917,0.44628196954727173,0.413962185382843,0.48225560784339905,0.4389822781085968,0.5030841827392578,0.45392337441444397,0.520785927772522,0.4647994637489319,0.4304294288158417,0.42393994331359863,0.44660860300064087,0.4485091269016266,0.42929768562316895,0.4476398229598999,0.4173119068145752,0.4428936839103699,0.41307333111763,0.43440955877304077,0.42293643951416016,0.4523782730102539,0.4103983938694,0.4518144726753235,0.4032609760761261,0.4476836323738098,0.7830587029457092,0.75499427318573,0.7453038692474365,0.7693299651145935,0.7357125878334045,0.7942795157432556,0.7312546372413635,0.818034291267395,0.7248561382293701,0.8375165462493896,0.7812251448631287,0.8115556836128235,0.7685239315032959,0.843235969543457,0.7503414750099182,0.8543825745582581,0.7360169291496277,0.8611598014831543,0.8025746941566467,0.8113476634025574,0.7870568633079529,0.8438138365745544,0.761109471321106,0.8471956849098206,0.742146372795105,0.843852162361145,0.8103872537612915,0.8080478310585022,0.7937111854553223,0.8347405195236206,0.7689324617385864,0.8381427526473999,0.7513278722763062,0.8365072011947632,0.8094062805175781,0.8045032024383545,0.7972089052200317,0.8243536949157715,0.7781907916069031,0.8286154866218567,0.7631868720054626,0.827914834022522
0.5500608086585999,0.2599898874759674,0.5760247707366943,0.2411438226699829,0.5915048122406006,0.24158044159412384,0.602239727973938,0.24197812378406525,0.527187705039978,0.2413782775402069,0.5120996832847595,0.24230054020881653,0.49809738993644714,0.2431703507900238,0.6250091791152954,0.25456658005714417,0.48486918210983276,0.2557498514652252,0.5786490440368652,0.2861787676811218,0.519645094871521,0.2854815125465393,0.73552006483078,0.39310088753700256,0.3974098563194275,0.38542503118515015,0.7646130323410034,0.5751686692237854,0.3217507600784302,0.5557423830032349,0.7825311422348022,0.7494521141052246,0.3862402141094208,0.4398968815803528,0.8009098768234253,0.8008692860603333,0.43260863423347473,0.43211284279823303,0.7688280940055847,0.8021766543388367,0.4473734498023987,0.42154058814048767,0.754918098449707,0.7894882559776306,0.44004809856414795,0.4226108491420746,0.3519207835197449,0.42993393540382385,0.3874882757663727,0.4196956753730774,0.4327503740787506,0.4191909730434418,0.46634677052497864,0.4236857295036316,0.4925541281700134,0.4257543683052063,0.4534566402435303,0.4056614637374878,0.5035226345062256,0.40783220529556274,0.5342586636543274,0.4075344502925873,0.5602295398712158,0.407380074262619,0.4442896544933319,0.41353344917297363,0.4824580252170563,0.43886134028434753,0.5041519999504089,0.4547000825405121,0.521516740322113,0.4661913514137268,0.42988497018814087,0.42401912808418274,0.44670143723487854,0.4478840231895447,0.42912688851356506,0.44543296098709106,0.41687852144241333,0.4393315613269806,0.41369953751564026,0.4349488317966461,0.42367416620254517,0.45204174518585205,0.41043153405189514,0.45037585496902466,0.4025726616382599,0.4451543688774109,0.7827239632606506,0.7554448843002319,0.745534360408783,0.7692795395851135,0.7366690635681152,0.7942692637443542,0.7319936156272888,0.8183402419090271,0.7254422307014465,0.8379656672477722,0.7820851802825928,0.8124273419380188,0.768816351890564,0.8443132042884827,0.7501691579818726,0.854978084564209,0.7356705665588379,0.861268162727356,0.80321204662323,0.8121742606163025,0.7871191501617432,0.8446258306503296,0.7608848214149475,0.847941517829895,0.7418731451034546,0.8445217609405518,0.8108550906181335,0.808797299861908,0.7932328581809998,0.8355054259300232,0.7681267857551575,0.8387858867645264,0.7503048181533813,0.8369724154472351,0.8097081780433655,0.8053059577941895,0.7968816757202148,0.8250936269760132,0.7776655554771423,0.8291324377059937,0.7624720335006714,0.828267514705658
0.5501402616500854,0.2600715458393097,0.5760571956634521,0.24127177894115448,0.5915594100952148,0.24170108139514923,0.6023260354995728,0.242121621966362,0.5272842645645142,0.24150784313678741,0.512158989906311,0.24244189262390137,0.4981895089149475,0.24338558316230774,0.6250054836273193,0.2548059821128845,0.48492318391799927,0.2559416890144348,0.578666627407074,0.28620725870132446,0.5197652578353882,0.2854917347431183,0.7354491353034973,0.3935171961784363,0.39735010266304016,0.38562819361686707,0.7646853923797607,0.5753446221351624,0.32206884026527405,0.5557225346565247,0.782778263092041,0.7494487762451172,0.38534820079803467,0.44083747267723083,0.8013402223587036,0.8008697628974915,0.4311690926551819,0.4312934875488281,0.7689584493637085,0.802179217338562,0.44416290521621704,0.4202341139316559,0.7549882531166077,0.7894872426986694,0.43732836842536926,0.42213669419288635,0.35068246722221375,0.42978641390800476,0.3868705630302429,0.42020830512046814,0.4317266345024109,0.4195989966392517,0.4640672206878662,0.42441266775131226,0.4899318516254425,0.42742571234703064,0.45429688692092896,0.40670910477638245,0.5031135082244873,0.4095321297645569,0.5334149599075317,0.40969473123550415,0.5589713454246521,0.409950315952301,0.4444831311702728,0.4143439531326294,0.4807179868221283,0.44020140171051025,0.5028631091117859,0.4562279284000397,0.5207918882369995,0.4681307077407837,0.42910075187683105,0.4245471656322479,0.4440952241420746,0.4498952627182007,0.4268922507762909,0.4471871852874756,0.4152258038520813,0.44063857197761536,0.4120873212814331,0.4353991150856018,0.4209764003753662,0.4539245069026947,0.40813377499580383,0.4518672227859497,0.40061286091804504,0.4459458589553833,0.7830427885055542,0.7552623152732849,0.7459498047828674,0.7692959308624268,0.736924409866333,0.794405460357666,0.7321470975875854,0.8184279799461365,0.7253648042678833,0.8380578756332397,0.7821314334869385,0.8125399351119995,0.7688656449317932,0.8441488146781921,0.7499634623527527,0.8549136519432068,0.735359787940979,0.8614436984062195,0.8033979535102844,0.812224805355072,0.7875270247459412,0.8446676731109619,0.76108318567276,0.8476819396018982,0.7420617341995239,0.8439961671829224,0.811060905456543,0.8086819648742676,0.7934996485710144,0.8350222706794739,0.7682121992111206,0.8382869958877563,0.7505740523338318,0.8364472985267639,0.8099957704544067,0.8049780130386353,0.7974251508712769,0.8245401382446289,0.7780845165252686,0.8286287784576416,0.7629627585411072,0.8277052044868469
0.5504729151725769,0.2600707709789276,0.576300859451294,0.24126215279102325,0.5918094515800476,0.2416898012161255,0.6025168299674988,0.24210722744464874,0.5275917649269104,0.24150840938091278,0.5124980211257935,0.24244537949562073,0.49849075078964233,0.24339160323143005,0.6250103712081909,0.2547905147075653,0.4851115643978119,0.2559373676776886,0.5789121389389038,0.2861942946910858,0.5202990770339966,0.28544336557388306,0.7354570031166077,0.39384767413139343,0.39734727144241333,0.38544484972953796,0.7647170424461365,0.575843095779419,0.3222912549972534,0.5558704137802124,0.7828530073165894,0.7498856782913208,0.3852921724319458,0.44043225049972534,0.8014816045761108,0.801036536693573,0.43055152893066406,0.43301695585250854,0.7689828872680664,0.8023330569267273,0.44342315196990967,0.4202573895454407,0.7550109624862671,0.7896369695663452,0.43666738271713257,0.4207612872123718,0.3493431806564331,0.4305563271045685,0.3856189548969269,0.4207554757595062,0.4307224452495575,0.4204985201358795,0.4635157883167267,0.4254545271396637,0.48947495222091675,0.42868971824645996,0.4529750347137451,0.4077756404876709,0.5018962025642395,0.41097918152809143,0.5320383310317993,0.41153815388679504,0.5575286149978638,0.412217915058136,0.4432654082775116,0.41545388102531433,0.47940793633461,0.441295325756073,0.5013754367828369,0.4574664831161499,0.5192112326622009,0.469628244638443,0.42816784977912903,0.42554742097854614,0.44295379519462585,0.45110511779785156,0.4259733259677887,0.4484999477863312,0.4145503342151642,0.44211864471435547,0.41148802638053894,0.4362686574459076,0.42079564929008484,0.4551248550415039,0.4081003963947296,0.45326587557792664,0.4005919396877289,0.44756442308425903,0.7830849289894104,0.7559723258018494,0.7460471391677856,0.7699805498123169,0.7371019721031189,0.7949391603469849,0.7322365641593933,0.8190270066261292,0.725585401058197,0.8388180732727051,0.7826055884361267,0.813454270362854,0.7691548466682434,0.8449811339378357,0.7499956488609314,0.8554511666297913,0.7350295186042786,0.8616912961006165,0.8037489652633667,0.8130937218666077,0.7876948118209839,0.8454192280769348,0.761255145072937,0.8492224812507629,0.7417258024215698,0.8461662530899048,0.8114818334579468,0.8094263076782227,0.7938553094863892,0.8357605338096619,0.7688639760017395,0.8395854830741882,0.7508465051651001,0.838277280330658,0.8104125261306763,0.8056154847145081,0.7976434230804443,0.8250285387039185,0.7785184383392334,0.8294499516487122,0.7631462812423706,0.8288341760635376
0.5505786538124084,0.26005294919013977,0.5764906406402588,0.24124255776405334,0.5920708179473877,0.2416706383228302,0.602741539478302,0.24209125339984894,0.5277778506278992,0.24149732291698456,0.5126801133155823,0.2424330711364746,0.49864715337753296,0.2433915138244629,0.6250858902931213,0.25477221608161926,0.4852706789970398,0.2559078335762024,0.5790046453475952,0.28615865111351013,0.5204691290855408,0.2853618264198303,0.735533595085144,0.3943089246749878,0.397341787815094,0.38535597920417786,0.764731764793396,0.5766200423240662,0.32232919335365295,0.5558505058288574,0.7829236388206482,0.7504094243049622,0.38511529564857483,0.44049710035324097,0.8016444444656372,0.8013356328010559,0.4304315745830536,0.4342709481716156,0.7690080404281616,0.8025885820388794,0.44287025928497314,0.42159971594810486,0.7550275921821594,0.7898350358009338,0.4361528158187866,0.421398788690567,0.34828293323516846,0.43175965547561646,0.3846946358680725,0.42193707823753357,0.4299127757549286,0.42166611552238464,0.4632798731327057,0.4264890253543854,0.48911359906196594,0.4294160306453705,0.4516112804412842,0.40882861614227295,0.5008125901222229,0.4122016727924347,0.5312513709068298,0.4128793776035309,0.556861937046051,0.41365939378738403,0.44143155217170715,0.41634586453437805,0.4780769348144531,0.4420374035835266,0.4996795654296875,0.45825186371803284,0.5166134238243103,0.47052595019340515,0.4261418581008911,0.4263111650943756,0.4417836666107178,0.4523312747478485,0.42488226294517517,0.4502050578594208,0.41329002380371094,0.4440200626850128,0.40947985649108887,0.4369862377643585,0.4198204278945923,0.45617738366127014,0.4070121645927429,0.45449313521385193,0.39916643500328064,0.44876447319984436,0.7827543616294861,0.7565528154373169,0.745944619178772,0.7705230116844177,0.7367041707038879,0.795314371585846,0.7323230504989624,0.8192778825759888,0.7255021333694458,0.838805615901947,0.7824735641479492,0.8130246996879578,0.7688939571380615,0.8446467518806458,0.7494051456451416,0.8554002642631531,0.7343053221702576,0.8617124557495117,0.8037384152412415,0.8130335211753845,0.7876917719841003,0.8458818793296814,0.7607170343399048,0.8492652773857117,0.7413926720619202,0.8458998203277588,0.8114304542541504,0.809891939163208,0.7942137122154236,0.836682915687561,0.7689212560653687,0.840339720249176,0.7510511875152588,0.8387916088104248,0.8103218674659729,0.8063111305236816,0.7975903749465942,0.8261469006538391,0.7781957387924194,0.8304325938224792,0.7630341053009033,0.8296011686325073
0.5506165623664856,0.2600352168083191,0.5765834450721741,0.24122397601604462,0.5922242403030396,0.24165078997612,0.6028823852539062,0.24207289516925812,0.5278758406639099,0.24148905277252197,0.5127690434455872,0.24242468178272247,0.4987405240535736,0.24339249730110168,0.6251214146614075,0.25474756956100464,0.48537495732307434,0.25588250160217285,0.5790398716926575,0.28612518310546875,0.5205530524253845,0.2852914333343506,0.7355753779411316,0.3945685923099518,0.397335022687912,0.3852800726890564,0.7647378444671631,0.5770419836044312,0.3223700523376465,0.5558258295059204,0.7829762697219849,0.7508054375648499,0.3849172294139862,0.44040998816490173,0.8017395734786987,0.8016095161437988,0.4300667345523834,0.4345634877681732,0.7690268754959106,0.8028353452682495,0.442471981048584,0.42199963331222534,0.7550411820411682,0.7900360822677612,0.43577224016189575,0.4215783476829529,0.34832096099853516,0.43223729729652405,0.3846508860588074,0.4217910170555115,0.4303915500640869,0.42118722200393677,0.46414658427238464,0.4256128966808319,0.48941558599472046,0.4285655915737152,0.4510039687156677,0.4087601900100708,0.5003395676612854,0.41201525926589966,0.5309951901435852,0.41278785467147827,0.5570024251937866,0.41370147466659546,0.44108691811561584,0.4167815148830414,0.4780147671699524,0.4420662820339203,0.4993434250354767,0.45802199840545654,0.5161471962928772,0.46994513273239136,0.4260480999946594,0.4271092414855957,0.44220560789108276,0.45206668972969055,0.4254777729511261,0.449749618768692,0.4137214422225952,0.44346970319747925,0.40950167179107666,0.437765508890152,0.4201159179210663,0.4558696746826172,0.4069828689098358,0.4540897607803345,0.3987412750720978,0.44837507605552673,0.7829754948616028,0.7564133405685425,0.7460764646530151,0.7703330516815186,0.7367123365402222,0.7950926423072815,0.732524573802948,0.8188508749008179,0.7255882620811462,0.8383809924125671,0.7821420431137085,0.8130532503128052,0.7686107754707336,0.8447355031967163,0.7490805387496948,0.8553967475891113,0.7340608835220337,0.8614574074745178,0.8034687638282776,0.8130578994750977,0.7873923778533936,0.8460736274719238,0.7606334090232849,0.8492781519889832,0.7417818307876587,0.8457455635070801,0.8112208247184753,0.8099172711372375,0.7946863174438477,0.837036669254303,0.769603431224823,0.8405436873435974,0.7520599961280823,0.8388245105743408,0.8102622628211975,0.8062931895256042,0.7982333302497864,0.8265024423599243,0.7790385484695435,0.8307071924209595,0.7641016840934753,0.8297508955001831
0.5506425499916077,0.2600173056125641,0.5766808986663818,0.24118737876415253,0.5923904180526733,0.24161314964294434,0.6030312180519104,0.24203109741210938,0.5279471278190613,0.24145570397377014,0.5128532648086548,0.24238896369934082,0.4988529682159424,0.24336664378643036,0.6252834796905518,0.2546771168708801,0.48562222719192505,0.2558051347732544,0.5790895223617554,0.28608396649360657,0.5206462740898132,0.28521037101745605,0.7358953952789307,0.3955071270465851,0.39732760190963745,0.3850254416465759,0.7648118734359741,0.5785427093505859,0.32242339849472046,0.5558158755302429,0.782981276512146,0.7514840364456177,0.3833460509777069,0.4392482340335846,0.8017614483833313,0.80218505859375,0.42776772379875183,0.4337471127510071,0.7690504193305969,0.8034569025039673,0.4418017864227295,0.42024534940719604,0.7550583481788635,0.7905521392822266,0.4354347288608551,0.4196116328239441,0.3465808033943176,0.4323582649230957,0.3826737105846405,0.42257076501846313,0.4284902811050415,0.4220360517501831,0.46203845739364624,0.4265832006931305,0.48791050910949707,0.4291592836380005,0.4494917094707489,0.40930917859077454,0.4988512396812439,0.412674218416214,0.5296315550804138,0.413435697555542,0.5556720495223999,0.41412585973739624,0.4397127032279968,0.4169079661369324,0.47679978609085083,0.44251611828804016,0.4985177218914032,0.45873868465423584,0.5158504843711853,0.4708947539329529,0.42475366592407227,0.4269658029079437,0.4407273828983307,0.45278483629226685,0.42344915866851807,0.4503605365753174,0.41192755103111267,0.44394299387931824,0.4082518219947815,0.43772244453430176,0.4188016951084137,0.45660069584846497,0.4053994417190552,0.454557329416275,0.3972821533679962,0.44847166538238525,0.783654510974884,0.7565831542015076,0.7463178038597107,0.7709670066833496,0.7374943494796753,0.7960672974586487,0.7326321005821228,0.8200324773788452,0.7249962687492371,0.8396075963973999,0.7834619283676147,0.8138518929481506,0.769301176071167,0.8454411029815674,0.7498252391815186,0.8560208678245544,0.7346153855323792,0.8621962666511536,0.8044605851173401,0.8134476542472839,0.7882664203643799,0.84621262550354,0.7614452242851257,0.8501337766647339,0.7417951822280884,0.8470916748046875,0.811964213848114,0.8098733425140381,0.7941543459892273,0.83664870262146,0.7690199017524719,0.8404879570007324,0.7511565089225769,0.8391398787498474,0.810516893863678,0.8061068058013916,0.7974792122840881,0.8257544636726379,0.7780792117118835,0.8301341533660889,0.7626675963401794,0.8293976783752441
0.55069899559021,0.2600211203098297,0.5768041610717773,0.24118773639202118,0.5925649404525757,0.24161288142204285,0.603191077709198,0.242031067609787,0.5280584692955017,0.2414558231830597,0.5129790306091309,0.24238741397857666,0.49900299310684204,0.24336771667003632,0.6254926919937134,0.25467532873153687,0.4858807921409607,0.25578486919403076,0.5791794061660767,0.2860835790634155,0.5208031535148621,0.2851948142051697,0.7362436652183533,0.3957262337207794,0.39732152223587036,0.38483694195747375,0.7649176120758057,0.5789924263954163,0.3226105272769928,0.5558269023895264,0.7829734086990356,0.751768946647644,0.38227322697639465,0.43884962797164917,0.8017807602882385,0.8024548292160034,0.4270760715007782,0.43336814641952515,0.7690708637237549,0.8037369847297668,0.441511869430542,0.41927570104599,0.7550731897354126,0.7907504439353943,0.4350574016571045,0.4186244010925293,0.34744635224342346,0.43256115913391113,0.3824993073940277,0.4222868084907532,0.4279939830303192,0.4211929142475128,0.46168816089630127,0.42533397674560547,0.4874163866043091,0.4273236095905304,0.4487934112548828,0.40852969884872437,0.4982163906097412,0.41177403926849365,0.5289312601089478,0.41259104013442993,0.5550737380981445,0.4133833646774292,0.43894609808921814,0.4162185788154602,0.47658294439315796,0.4410548806190491,0.49852049350738525,0.4570304751396179,0.5158355236053467,0.46915382146835327,0.4241747558116913,0.4264475703239441,0.44039279222488403,0.4520462155342102,0.4222528338432312,0.45035821199417114,0.410057008266449,0.44457751512527466,0.408113569021225,0.43729764223098755,0.4194125533103943,0.4560340642929077,0.4053599238395691,0.45450690388679504,0.396646112203598,0.44892817735671997,0.7839696407318115,0.7566580772399902,0.746457576751709,0.7708485722541809,0.7370661497116089,0.7959966659545898,0.7321853041648865,0.8202524781227112,0.725323498249054,0.8401507139205933,0.7836713194847107,0.8137763142585754,0.7692665457725525,0.8454551100730896,0.749734103679657,0.8560197949409485,0.7340742349624634,0.8620592355728149,0.8048132061958313,0.8137902617454529,0.788711667060852,0.8468369245529175,0.7617512941360474,0.8509554266929626,0.7416282296180725,0.8479286432266235,0.8122700452804565,0.8105692267417908,0.7943555116653442,0.8375914692878723,0.7690037488937378,0.8413647413253784,0.7507715821266174,0.8399385809898376,0.8108197450637817,0.8070054054260254,0.7976059317588806,0.8267393112182617,0.7781953811645508,0.8309527635574341,0.762496829032898,0.8301832675933838
0.5507681369781494,0.26003211736679077,0.5769633054733276,0.24118828773498535,0.5927799940109253,0.24161095917224884,0.6033941507339478,0.2420291006565094,0.52815181016922,0.24146190285682678,0.5130560398101807,0.24239428341388702,0.49909618496894836,0.24338559806346893,0.6257472634315491,0.2546676695346832,0.48609039187431335,0.2557831108570099,0.5793253779411316,0.28608325123786926,0.5209675431251526,0.2851908802986145,0.7365917563438416,0.3958711326122284,0.39746302366256714,0.384720116853714,0.7649620175361633,0.5790926218032837,0.3230800926685333,0.5558338761329651,0.7829806208610535,0.7517754435539246,0.38211292028427124,0.43894392251968384,0.8017985820770264,0.8024939298629761,0.42682957649230957,0.4329443871974945,0.7690838575363159,0.8037883043289185,0.4413829445838928,0.4187889099121094,0.7550855875015259,0.7908060550689697,0.4349488615989685,0.4183740019798279,0.34799686074256897,0.43187159299850464,0.3828383982181549,0.4216177463531494,0.42824816703796387,0.42070472240448,0.46225887537002563,0.4249347150325775,0.4880037307739258,0.42643147706985474,0.4487655460834503,0.4079069197177887,0.49825912714004517,0.4111495018005371,0.5289202332496643,0.41174957156181335,0.5550282597541809,0.4122394323348999,0.4391307532787323,0.4154222905635834,0.476993590593338,0.44036567211151123,0.49875617027282715,0.45614534616470337,0.5160912871360779,0.4680417478084564,0.4244511127471924,0.42551249265670776,0.44160914421081543,0.4515204131603241,0.4233308732509613,0.44983580708503723,0.41121694445610046,0.4441128671169281,0.408439576625824,0.4362885653972626,0.42018064856529236,0.45535051822662354,0.40600571036338806,0.45381346344947815,0.3972600996494293,0.44824525713920593,0.7842615842819214,0.7564767599105835,0.7466870546340942,0.7712156176567078,0.7370558977127075,0.7964372634887695,0.7324683666229248,0.8201223015785217,0.7252600789070129,0.8394830226898193,0.7840164303779602,0.8143210411071777,0.7697314620018005,0.8460081219673157,0.750190019607544,0.8566648960113525,0.7347887754440308,0.8630519509315491,0.8054140210151672,0.8141385316848755,0.788996160030365,0.8470718860626221,0.7619686126708984,0.8505927324295044,0.7421855330467224,0.8474128842353821,0.8128243684768677,0.8106871247291565,0.7949701547622681,0.8376454710960388,0.7692814469337463,0.841360867023468,0.7510154247283936,0.8399253487586975,0.8113677501678467,0.8067306280136108,0.7980461716651917,0.8264559507369995,0.7781625986099243,0.8306456804275513,0.7622887492179871,0.8298978805541992
0.5508245825767517,0.26003676652908325,0.5770702958106995,0.24118658900260925,0.5929413437843323,0.24160334467887878,0.6035500168800354,0.2420198619365692,0.5282208919525146,0.2414659559726715,0.5131081938743591,0.24240076541900635,0.49917513132095337,0.24340423941612244,0.6259015202522278,0.25464534759521484,0.486261785030365,0.2557826042175293,0.5794591307640076,0.28608042001724243,0.5211100578308105,0.28518661856651306,0.7368603944778442,0.395931214094162,0.3975293040275574,0.38465458154678345,0.7650190591812134,0.5791332721710205,0.32331037521362305,0.5558350682258606,0.7829894423484802,0.7517759799957275,0.381931334733963,0.4390464425086975,0.8018243312835693,0.8025138974189758,0.42664456367492676,0.43270444869995117,0.7690961956977844,0.8038117289543152,0.441300630569458,0.4185262620449066,0.7550950646400452,0.7908293008804321,0.4348018169403076,0.4182487428188324,0.3478260636329651,0.4318343997001648,0.38292306661605835,0.42152687907218933,0.4282594919204712,0.4204823970794678,0.4620616137981415,0.42471009492874146,0.487776517868042,0.42692360281944275,0.4484131634235382,0.40800702571868896,0.4979856312274933,0.41113048791885376,0.5288140177726746,0.41165679693222046,0.5549685955047607,0.41209256649017334,0.4389159679412842,0.41554293036460876,0.47675779461860657,0.44068479537963867,0.4990585148334503,0.4565485715866089,0.516913652420044,0.46839579939842224,0.4243539571762085,0.42562997341156006,0.44161391258239746,0.4514266848564148,0.42408329248428345,0.44931119680404663,0.4123036563396454,0.4430931508541107,0.40832436084747314,0.4363698363304138,0.41973936557769775,0.4553208649158478,0.4058109521865845,0.4533957242965698,0.3972288966178894,0.44741809368133545,0.7841740250587463,0.7564057111740112,0.7467448711395264,0.7712568640708923,0.7371709942817688,0.7964969873428345,0.732488214969635,0.820195734500885,0.7253144979476929,0.839583158493042,0.7841171622276306,0.8141975402832031,0.7696138620376587,0.8459306359291077,0.7498416304588318,0.8564386367797852,0.7342996001243591,0.8626642823219299,0.8054929971694946,0.8140311241149902,0.7887671589851379,0.8470175266265869,0.7618087530136108,0.8506670594215393,0.7422170639038086,0.8476978540420532,0.8128595948219299,0.8106141090393066,0.7949184775352478,0.8376147150993347,0.7694373726844788,0.8412722945213318,0.7513156533241272,0.8398378491401672,0.8113449811935425,0.8067322373390198,0.7981836795806885,0.826444149017334,0.778515636920929,0.8304635882377625,0.7628155946731567,0.829564094543457
0.550922155380249,0.26002973318099976,0.5772482752799988,0.24117188155651093,0.5931712985038757,0.24158146977424622,0.6037647724151611,0.24199751019477844,0.5283209681510925,0.24146220088005066,0.5131922960281372,0.24239864945411682,0.4992830455303192,0.24340638518333435,0.6260952949523926,0.2546218931674957,0.48639947175979614,0.25576478242874146,0.5796293020248413,0.2860569357872009,0.5212289094924927,0.28515058755874634,0.7369695901870728,0.3959333598613739,0.39772647619247437,0.38463863730430603,0.7650511860847473,0.5790318250656128,0.32345977425575256,0.5558339953422546,0.7830850481987,0.7516897916793823,0.38150104880332947,0.43865299224853516,0.8019188642501831,0.8024711608886719,0.42614346742630005,0.43218350410461426,0.7692093849182129,0.8037803769111633,0.4408479928970337,0.418235719203949,0.7551886439323425,0.7907849550247192,0.43440183997154236,0.418102890253067,0.34782373905181885,0.4316524565219879,0.38306933641433716,0.4214753210544586,0.4285343289375305,0.4203753173351288,0.4624319076538086,0.42449405789375305,0.48808616399765015,0.4265635013580322,0.44828686118125916,0.40784767270088196,0.49775731563568115,0.41106125712394714,0.5286410450935364,0.4116183817386627,0.5549424886703491,0.41208165884017944,0.43858128786087036,0.41542959213256836,0.47636863589286804,0.4403528869152069,0.49871134757995605,0.4561058282852173,0.5166379809379578,0.46786466240882874,0.42378562688827515,0.42553237080574036,0.44098371267318726,0.4511502683162689,0.42316633462905884,0.44904011487960815,0.4111329913139343,0.4428251385688782,0.4076186418533325,0.43622684478759766,0.4194824695587158,0.4550327658653259,0.4053775668144226,0.4531935453414917,0.3965359330177307,0.4472433030605316,0.7856183648109436,0.7566953897476196,0.7474209666252136,0.7713539600372314,0.7374070882797241,0.7966942191123962,0.7326017618179321,0.8206789493560791,0.7256847620010376,0.840048611164093,0.7845340967178345,0.8143001198768616,0.7694001197814941,0.8460071086883545,0.7499935030937195,0.8566482067108154,0.735004723072052,0.8631364107131958,0.8060227036476135,0.814565122127533,0.7889484763145447,0.8477412462234497,0.761955738067627,0.8509001731872559,0.7426385879516602,0.8475603461265564,0.8135672211647034,0.811602771282196,0.7952595949172974,0.838939368724823,0.7693259119987488,0.8421372175216675,0.7511726021766663,0.8402113914489746,0.8123161792755127,0.8080713152885437,0.7987897992134094,0.8284426927566528,0.7787540555000305,0.8323484063148499,0.7629766464233398,0.8312452435493469
0.550937294960022,0.2600004971027374,0.5772901177406311,0.24114613234996796,0.5932716131210327,0.24154779314994812,0.60389244556427,0.2419595718383789,0.528347373008728,0.2414511740207672,0.513210654258728,0.2423895299434662,0.49933403730392456,0.24340379238128662,0.6262619495391846,0.2545568346977234,0.4865480661392212,0.25572875142097473,0.5796852707862854,0.2860010266304016,0.5212568044662476,0.28507038950920105,0.7372720241546631,0.39593175053596497,0.39788898825645447,0.38460659980773926,0.7651137709617615,0.5790220499038696,0.32350265979766846,0.555831789970398,0.7831663489341736,0.7517030835151672,0.3812521994113922,0.4381970763206482,0.8020029067993164,0.8024736642837524,0.42586344480514526,0.43224772810935974,0.769413411617279,0.80378258228302,0.4407592713832855,0.41827353835105896,0.7552956342697144,0.7907863855361938,0.43434059619903564,0.41801804304122925,0.34748026728630066,0.4319053590297699,0.38263532519340515,0.42220404744148254,0.4275321662425995,0.42137351632118225,0.4605907201766968,0.4256668984889984,0.4871947765350342,0.4279114007949829,0.44854265451431274,0.4085063636302948,0.4976579546928406,0.4116343557834625,0.5284260511398315,0.4120204746723175,0.5545766353607178,0.4124596416950226,0.43862834572792053,0.4158918857574463,0.47554925084114075,0.44157421588897705,0.4977383315563202,0.4576162099838257,0.5157768130302429,0.4696444869041443,0.42326244711875916,0.4257994294166565,0.44034719467163086,0.45243504643440247,0.4225544333457947,0.44991207122802734,0.41082412004470825,0.44329193234443665,0.40632668137550354,0.4363408088684082,0.4174705445766449,0.45578017830848694,0.4037761688232422,0.4537387192249298,0.3955458700656891,0.4476222097873688,0.7867448925971985,0.7563937306404114,0.7478641867637634,0.7710601687431335,0.7379075884819031,0.7968770265579224,0.7337149381637573,0.8207762241363525,0.7265348434448242,0.8400149941444397,0.7849422693252563,0.8143413066864014,0.7703035473823547,0.8465939164161682,0.7507758140563965,0.8572821617126465,0.735695481300354,0.8636311888694763,0.8066267967224121,0.8144593238830566,0.7899522185325623,0.8480206727981567,0.7626987099647522,0.8509507775306702,0.7434174418449402,0.8474249839782715,0.8141723871231079,0.8113903999328613,0.7964076995849609,0.8389135599136353,0.770376980304718,0.8420412540435791,0.7524684071540833,0.8401597142219543,0.8128258585929871,0.8077012300491333,0.8000971674919128,0.8283889293670654,0.7802442908287048,0.8323571681976318,0.7648392915725708,0.8313101530075073
0.5510002374649048,0.2599828839302063,0.5774427652359009,0.2410891056060791,0.5934857130050659,0.24148312211036682,0.6041247248649597,0.2418898642063141,0.5284255743026733,0.2414247989654541,0.513280987739563,0.2423725128173828,0.4994393587112427,0.24339786171913147,0.6265782117843628,0.25449007749557495,0.48668792843818665,0.25569671392440796,0.5798330307006836,0.2859728932380676,0.5213334560394287,0.28502747416496277,0.7374801635742188,0.39589864015579224,0.3980821371078491,0.3842749297618866,0.7651252746582031,0.5789576172828674,0.32353705167770386,0.5558137893676758,0.7831770181655884,0.7516170144081116,0.3809471130371094,0.4371034502983093,0.8020627498626709,0.8023454546928406,0.42517662048339844,0.43208369612693787,0.7696541547775269,0.8036562204360962,0.4405795931816101,0.41804400086402893,0.7554209232330322,0.7906033396720886,0.43426868319511414,0.4175778925418854,0.3475632965564728,0.43172487616539,0.3823619782924652,0.4221416115760803,0.4273761510848999,0.4211712181568146,0.4612622559070587,0.4252932667732239,0.4878374934196472,0.42761504650115967,0.4481222927570343,0.40839114785194397,0.49744153022766113,0.4117894470691681,0.5284457206726074,0.41233453154563904,0.5546838045120239,0.41286349296569824,0.43824946880340576,0.41529539227485657,0.47560688853263855,0.4409921169281006,0.4969646632671356,0.45710110664367676,0.5139254927635193,0.46913859248161316,0.4232770502567291,0.4251604676246643,0.4402202069759369,0.4527027904987335,0.4221286475658417,0.4504827857017517,0.4102848470211029,0.4440309405326843,0.40677618980407715,0.43588417768478394,0.4177103340625763,0.45623424649238586,0.4036858081817627,0.45423582196235657,0.3954637944698334,0.4480159282684326,0.7864301204681396,0.7565438747406006,0.7478647232055664,0.7714590430259705,0.7383975386619568,0.7968949675559998,0.7338173389434814,0.8208128809928894,0.7266910076141357,0.8402807116508484,0.7853624820709229,0.8144505620002747,0.7700735330581665,0.8468136191368103,0.7497537732124329,0.8571144342422485,0.7342008352279663,0.8629283905029297,0.806826114654541,0.8143687844276428,0.7893186211585999,0.8481730818748474,0.7616129517555237,0.8513505458831787,0.7419111728668213,0.8476812243461609,0.8141322135925293,0.8109734058380127,0.7951248288154602,0.8382396101951599,0.7687147259712219,0.8414768576622009,0.7505198121070862,0.8393821120262146,0.8126993179321289,0.8070805072784424,0.7992411255836487,0.8271902203559875,0.7791407704353333,0.8309383988380432,0.7634509801864624,0.8294550180435181
0.5510700941085815,0.2599664628505707,0.5775248408317566,0.2410433292388916,0.5936338901519775,0.24141982197761536,0.604304850101471,0.24181322753429413,0.5284777879714966,0.24142053723335266,0.5133131146430969,0.24237275123596191,0.4994956851005554,0.2434115707874298,0.626864492893219,0.25438201427459717,0.4868254065513611,0.25569432973861694,0.5800759792327881,0.28595322370529175,0.5215296149253845,0.2850046753883362,0.7379919290542603,0.3958989977836609,0.39819735288619995,0.38406166434288025,0.7651734352111816,0.578952431678772,0.3235709071159363,0.555803656578064,0.7832311987876892,0.7516695261001587,0.3808446526527405,0.43636423349380493,0.8021398782730103,0.8023445010185242,0.42509832978248596,0.4318927824497223,0.7698350548744202,0.8036538362503052,0.44039615988731384,0.41770869493484497,0.7555390000343323,0.7905987501144409,0.4340800940990448,0.41710323095321655,0.347649484872818,0.43167445063591003,0.3825353980064392,0.4221253991127014,0.4271790385246277,0.42151397466659546,0.4602585434913635,0.42606526613235474,0.48702868819236755,0.42855381965637207,0.4488774240016937,0.4088815450668335,0.49790289998054504,0.4124365746974945,0.5288596749305725,0.41285648941993713,0.5550442934036255,0.41322803497314453,0.4385794699192047,0.41611218452453613,0.4755227863788605,0.4422685503959656,0.49656209349632263,0.45854151248931885,0.5134257674217224,0.4706500172615051,0.42281827330589294,0.42601248621940613,0.44013217091560364,0.4535066485404968,0.4221605658531189,0.4507027566432953,0.4104268252849579,0.44381922483444214,0.40525463223457336,0.4364849627017975,0.4161280393600464,0.4564625322818756,0.4027950167655945,0.4542180895805359,0.3950531482696533,0.4478902816772461,0.7867431640625,0.7565910220146179,0.7480922341346741,0.7713183164596558,0.7385289669036865,0.7967049479484558,0.7341578006744385,0.8206074833869934,0.727114737033844,0.8399848937988281,0.785392165184021,0.8145321607589722,0.7700951099395752,0.8468675017356873,0.7495996952056885,0.8571882247924805,0.7338092923164368,0.8629943132400513,0.8069335222244263,0.8145703077316284,0.7897094488143921,0.8484005928039551,0.7621919512748718,0.8515931963920593,0.7426404356956482,0.8481310606002808,0.8142260313034058,0.8113512396812439,0.7952691316604614,0.8386651873588562,0.769068717956543,0.8420192003250122,0.7509976625442505,0.8401970863342285,0.8126720786094666,0.8075103759765625,0.7990053296089172,0.8276419639587402,0.7789588570594788,0.8314003944396973,0.7632973194122314,0.8300589323043823
0.5511056184768677,0.2599603533744812,0.5775825381278992,0.2410201132297516,0.593748927116394,0.2413868010044098,0.6044396162033081,0.24176561832427979,0.52855384349823,0.24141547083854675,0.5133779048919678,0.24237076938152313,0.4995800852775574,0.24341607093811035,0.6270797252655029,0.25431063771247864,0.4870048463344574,0.2556927800178528,0.5801486372947693,0.2859436869621277,0.521633505821228,0.28499361872673035,0.7385538816452026,0.39590245485305786,0.3983760476112366,0.3840547800064087,0.7652792930603027,0.5789470672607422,0.3236643373966217,0.5557847023010254,0.783566951751709,0.7516940832138062,0.3807462155818939,0.4366399645805359,0.8023980855941772,0.8023282289505005,0.424466997385025,0.43214598298072815,0.7704567909240723,0.8036395311355591,0.44012001156806946,0.41802915930747986,0.7560358643531799,0.7905586957931519,0.43403276801109314,0.4174312651157379,0.3477645218372345,0.4315994381904602,0.38343480229377747,0.4222675859928131,0.4282565414905548,0.42201748490333557,0.461247056722641,0.4267456531524658,0.487870454788208,0.42922672629356384,0.44938457012176514,0.40967464447021484,0.4982011914253235,0.4132064878940582,0.5293075442314148,0.4137847423553467,0.5556423664093018,0.4144893288612366,0.43874266743659973,0.4169531464576721,0.4743926227092743,0.4434538185596466,0.49550026655197144,0.4597964882850647,0.51239013671875,0.4720859229564667,0.4225972592830658,0.42691880464553833,0.43939611315727234,0.4541219174861908,0.4217049479484558,0.45104360580444336,0.40985044836997986,0.4440704882144928,0.40493282675743103,0.4373445212841034,0.41620492935180664,0.45702895522117615,0.40299272537231445,0.45447880029678345,0.3949739933013916,0.44807377457618713,0.7870925664901733,0.7566744089126587,0.748468816280365,0.7710945010185242,0.738675057888031,0.7964137196540833,0.7346156239509583,0.8206455111503601,0.7275416254997253,0.8401810526847839,0.7854674458503723,0.8135991096496582,0.7702075242996216,0.8464102149009705,0.7502517700195312,0.8571256995201111,0.734637439250946,0.863457202911377,0.8073516488075256,0.8140981197357178,0.790026843547821,0.84810471534729,0.7625805139541626,0.8516905903816223,0.7427710294723511,0.8487219214439392,0.8149985671043396,0.8113218545913696,0.7961392402648926,0.8388431668281555,0.7698637843132019,0.842328667640686,0.7512670755386353,0.8408149480819702,0.8137197494506836,0.807734489440918,0.7998371124267578,0.8279351592063904,0.7797116637229919,0.8318073153495789,0.7638180255889893,0.8306272625923157
0.5512427091598511,0.25995519757270813,0.5776256322860718,0.2409912645816803,0.5938423871994019,0.24133972823619843,0.6045677661895752,0.2416878640651703,0.5286465883255005,0.24141421914100647,0.513451874256134,0.24237391352653503,0.4996674954891205,0.24344781041145325,0.6271645426750183,0.2541477680206299,0.48713380098342896,0.25571686029434204,0.5803492069244385,0.28592824935913086,0.5219846963882446,0.2849878668785095,0.7390502691268921,0.3958914875984192,0.39863187074661255,0.38404810428619385,0.7654669880867004,0.5789424180984497,0.3238033056259155,0.5558217167854309,0.7838588356971741,0.7517189383506775,0.38066625595092773,0.43669289350509644,0.8025801181793213,0.8022658228874207,0.42433807253837585,0.43215832114219666,0.7710654139518738,0.8035891652107239,0.44002673029899597,0.41808977723121643,0.7565602660179138,0.7904961109161377,0.4338899850845337,0.4175308346748352,0.34798145294189453,0.43163371086120605,0.38326042890548706,0.42236223816871643,0.42803165316581726,0.42208579182624817,0.46154284477233887,0.4268520772457123,0.488323837518692,0.4292868673801422,0.4492488503456116,0.40987128019332886,0.4982275366783142,0.4132081866264343,0.5293552279472351,0.41403457522392273,0.5557087063789368,0.4149388074874878,0.4387432932853699,0.41700929403305054,0.47509410977363586,0.44326484203338623,0.49551922082901,0.4598007798194885,0.5115455985069275,0.472322553396225,0.4228792190551758,0.4269862473011017,0.4392825663089752,0.45409637689590454,0.4215560853481293,0.4512234926223755,0.4096470773220062,0.4444809854030609,0.4056189954280853,0.4375866949558258,0.4166538119316101,0.45744049549102783,0.4030889570713043,0.45500263571739197,0.3949631154537201,0.44869762659072876,0.7876361012458801,0.7565314769744873,0.7490426898002625,0.7710064053535461,0.7390727996826172,0.7962234616279602,0.7346713542938232,0.8202453851699829,0.7276116609573364,0.8399065136909485,0.7859933972358704,0.813186764717102,0.7708222270011902,0.8464139103889465,0.7506272196769714,0.8571211099624634,0.7348568439483643,0.8631916642189026,0.8077108263969421,0.8135349154472351,0.7904346585273743,0.8480435013771057,0.7630054354667664,0.8515899777412415,0.7434735894203186,0.8484761714935303,0.815248966217041,0.8106979727745056,0.7963414192199707,0.8386317491531372,0.7701496481895447,0.8421393036842346,0.7519153952598572,0.8406188488006592,0.8141031265258789,0.8071838021278381,0.8005149960517883,0.8276757001876831,0.7805171608924866,0.8315339684486389,0.7649793028831482,0.8303829431533813
0.551271378993988,0.259949266910553,0.5776486992835999,0.24094541370868683,0.5938704609870911,0.24127595126628876,0.6046462655067444,0.2415911853313446,0.5286687016487122,0.2414078712463379,0.5134702324867249,0.242374986410141,0.49968770146369934,0.24346661567687988,0.6272040009498596,0.25397104024887085,0.48719629645347595,0.255735844373703,0.5804570913314819,0.28590860962867737,0.5221225619316101,0.28498098254203796,0.7392248511314392,0.3958907425403595,0.39896804094314575,0.38404032588005066,0.765581488609314,0.5788887739181519,0.3239205777645111,0.5559239983558655,0.7841778993606567,0.7519353628158569,0.3807132840156555,0.4368601441383362,0.8026688694953918,0.8022599220275879,0.42420366406440735,0.4322289526462555,0.7715436220169067,0.8035866022109985,0.4398806691169739,0.4182039797306061,0.7570747137069702,0.7904925346374512,0.43374159932136536,0.4176817536354065,0.34784457087516785,0.4315048158168793,0.3833048343658447,0.42240825295448303,0.42813000082969666,0.4221815764904022,0.4615156948566437,0.4269574284553528,0.4885828495025635,0.4295661449432373,0.449588805437088,0.4100492298603058,0.4984383285045624,0.41344699263572693,0.5296013355255127,0.4142754077911377,0.5559144020080566,0.41522520780563354,0.4387311339378357,0.4171205163002014,0.47525203227996826,0.4434043765068054,0.4954760670661926,0.4599744975566864,0.511211097240448,0.47259005904197693,0.4225442707538605,0.4270053505897522,0.4397166967391968,0.45459890365600586,0.42224687337875366,0.45180562138557434,0.41057413816452026,0.444986492395401,0.40500521659851074,0.4373961091041565,0.41641494631767273,0.4574618339538574,0.40321725606918335,0.4550204873085022,0.3954525589942932,0.4485606551170349,0.787324845790863,0.7569999694824219,0.7484979033470154,0.7715290784835815,0.7389565706253052,0.796768069267273,0.7349638342857361,0.8205653429031372,0.7282092571258545,0.8397196531295776,0.7861131429672241,0.8131304979324341,0.7708922028541565,0.8463267087936401,0.750542163848877,0.8571402430534363,0.7348062992095947,0.8633871674537659,0.8079831600189209,0.8135838508605957,0.7904290556907654,0.8480385541915894,0.7629501819610596,0.8518704175949097,0.7435185313224792,0.8490325212478638,0.8157000541687012,0.8109109997749329,0.7970301508903503,0.8389356136322021,0.7708977460861206,0.8427130579948425,0.7525669932365417,0.8412547707557678,0.8144751787185669,0.8074593544006348,0.8010150790214539,0.8281286358833313,0.78101646900177,0.8322947025299072,0.7653923034667969,0.8312991857528687
0.5513054132461548,0.25992295145988464,0.5776692032814026,0.24085858464241028,0.5939011573791504,0.24116849899291992,0.604732096195221,0.24144673347473145,0.5286902785301208,0.24138370156288147,0.5134837627410889,0.2423694133758545,0.49970588088035583,0.24346928298473358,0.6272677779197693,0.2537543475627899,0.4872191250324249,0.25573962926864624,0.5805691480636597,0.2858685851097107,0.5222501754760742,0.284961998462677,0.7393262982368469,0.3958995044231415,0.3991366922855377,0.3840335011482239,0.7657392024993896,0.5788628458976746,0.3239712119102478,0.5560698509216309,0.7843009829521179,0.7520456910133362,0.3808336555957794,0.4368565082550049,0.8026911616325378,0.8022524118423462,0.4241097867488861,0.4322132170200348,0.7717871069908142,0.8035829663276672,0.4397614896297455,0.4182383120059967,0.7573505640029907,0.7904897332191467,0.43363824486732483,0.4177311062812805,0.3482280969619751,0.4314623773097992,0.38357722759246826,0.42251455783843994,0.42826366424560547,0.4224182069301605,0.4615621864795685,0.4272235035896301,0.4886305630207062,0.4295080602169037,0.4500945210456848,0.41005370020866394,0.49876052141189575,0.4134519398212433,0.5299040675163269,0.41430550813674927,0.5563017129898071,0.41536930203437805,0.4388558566570282,0.4169289171695709,0.4750939607620239,0.44344452023506165,0.49513939023017883,0.45996519923210144,0.5107775926589966,0.47264689207077026,0.4224463999271393,0.42675888538360596,0.4390784204006195,0.4546803832054138,0.421455442905426,0.4517684578895569,0.4098511338233948,0.44492587447166443,0.4048231244087219,0.43719014525413513,0.41653549671173096,0.45766380429267883,0.403037428855896,0.4551525115966797,0.3951610326766968,0.4486539363861084,0.7876912951469421,0.756984293460846,0.7488387823104858,0.7712806463241577,0.7391000986099243,0.7964249849319458,0.7351739406585693,0.8202977180480957,0.7286816239356995,0.8397388458251953,0.7860905528068542,0.813184380531311,0.7708967328071594,0.8462725877761841,0.750620424747467,0.8570113182067871,0.7349061965942383,0.8630765080451965,0.8078988194465637,0.813654899597168,0.7904771566390991,0.8481781482696533,0.7630678415298462,0.8520498275756836,0.7436172366142273,0.8491788506507874,0.8154642581939697,0.8110147714614868,0.7969836592674255,0.8391779661178589,0.770970344543457,0.8430549502372742,0.7525967955589294,0.8417022228240967,0.814064621925354,0.8076633810997009,0.8008263111114502,0.8284381031990051,0.7808822393417358,0.8326627612113953,0.7650275826454163,0.8317691683769226
0.5514325499534607,0.25988101959228516,0.5777655839920044,0.2407865971326828,0.5940813422203064,0.24108636379241943,0.6049485206604004,0.24134497344493866,0.5287688374519348,0.2413402497768402,0.5135374069213867,0.24233916401863098,0.49978092312812805,0.24346144497394562,0.6274922490119934,0.25360625982284546,0.48729565739631653,0.2557271122932434,0.5807619094848633,0.28579404950141907,0.5224304795265198,0.28491494059562683,0.7395466566085815,0.3959183394908905,0.3993954062461853,0.3840160071849823,0.7657880783081055,0.5788453817367554,0.3240186274051666,0.5560716986656189,0.7845970988273621,0.7520632147789001,0.3811614513397217,0.43680256605148315,0.8029162287712097,0.802230954170227,0.4240988492965698,0.43215399980545044,0.7720171809196472,0.8035704493522644,0.43976491689682007,0.41830506920814514,0.7575494647026062,0.79046630859375,0.43372654914855957,0.41780805587768555,0.3487972617149353,0.4312540292739868,0.3841201961040497,0.4224134087562561,0.42894598841667175,0.42240357398986816,0.46244025230407715,0.42708727717399597,0.4895111918449402,0.4293154776096344,0.450550377368927,0.41012683510780334,0.49918806552886963,0.4132859706878662,0.5303320288658142,0.4140133261680603,0.5567941069602966,0.4150431156158447,0.4395529627799988,0.416938453912735,0.47550827264785767,0.4435731768608093,0.4956757724285126,0.4600938856601715,0.5115873217582703,0.4726716876029968,0.42314863204956055,0.42667973041534424,0.43997982144355774,0.45447516441345215,0.42233529686927795,0.4517320394515991,0.4107237756252289,0.44503748416900635,0.40550369024276733,0.43700799345970154,0.4176881015300751,0.45743024349212646,0.4040968418121338,0.45504602789878845,0.3959558308124542,0.44863852858543396,0.7881221771240234,0.7561759948730469,0.7497853636741638,0.7705501317977905,0.7400501370429993,0.7958769798278809,0.7357568740844727,0.8196883797645569,0.728312075138092,0.8390747904777527,0.7865746021270752,0.8131784200668335,0.7711194157600403,0.8459671139717102,0.7511615753173828,0.85660719871521,0.7356131076812744,0.8627098202705383,0.8083307147026062,0.8135404586791992,0.7908270359039307,0.8475003838539124,0.7637926340103149,0.8510738611221313,0.7445704340934753,0.8482281565666199,0.8159775137901306,0.8106404542922974,0.7981237173080444,0.8384743928909302,0.7725763916969299,0.8421239256858826,0.7544692158699036,0.840873122215271,0.8146125674247742,0.8069825768470764,0.8020372986793518,0.8276907801628113,0.7824985980987549,0.8318711519241333,0.767092227935791,0.8310388922691345
0.551494836807251,0.2598159611225128,0.577805757522583,0.2406916320323944,0.5942007303237915,0.2409716099500656,0.6051263809204102,0.24120409786701202,0.5287953019142151,0.241294264793396,0.5135499238967896,0.24231155216693878,0.49980437755584717,0.24345600605010986,0.6276858448982239,0.25343093276023865,0.48733580112457275,0.2557227313518524,0.5809318423271179,0.2857154905796051,0.5225502252578735,0.28487008810043335,0.7396770715713501,0.39595040678977966,0.39980456233024597,0.3840367794036865,0.7659207582473755,0.5787652134895325,0.3241134285926819,0.556160569190979,0.7848173975944519,0.7520572543144226,0.381394624710083,0.43661752343177795,0.8031085729598999,0.8021904826164246,0.4241125285625458,0.4320346713066101,0.7722963094711304,0.8035426139831543,0.439801961183548,0.4183123707771301,0.7578164935112,0.7904306650161743,0.4338575005531311,0.417822927236557,0.3489696979522705,0.4313732981681824,0.3845406770706177,0.4226740002632141,0.42917633056640625,0.4225549101829529,0.4623277187347412,0.4271210730075836,0.48932895064353943,0.4290630519390106,0.45122575759887695,0.40996554493904114,0.49961215257644653,0.41319361329078674,0.5307031273841858,0.4139958620071411,0.5571267604827881,0.4150797128677368,0.44000309705734253,0.41657790541648865,0.4759153127670288,0.4435001313686371,0.4955643117427826,0.4601665735244751,0.5109906792640686,0.47282421588897705,0.4233338236808777,0.4262503385543823,0.4399913251399994,0.45439672470092773,0.42240551114082336,0.4517296552658081,0.4109290540218353,0.44499748945236206,0.4054046869277954,0.4366183280944824,0.41745203733444214,0.4573909640312195,0.40408605337142944,0.455060750246048,0.3961871862411499,0.4485616385936737,0.7869598865509033,0.7567088007926941,0.749176025390625,0.7711977362632751,0.7400079965591431,0.7961666584014893,0.7357798218727112,0.819861114025116,0.7286384105682373,0.8390096426010132,0.7869935631752014,0.8129711747169495,0.7716915011405945,0.8458221554756165,0.7511790990829468,0.8564512133598328,0.7354985475540161,0.862442672252655,0.8086169362068176,0.8133074045181274,0.7911869287490845,0.8476384878158569,0.7636707425117493,0.8513962626457214,0.7443102598190308,0.8484855890274048,0.8162515163421631,0.8104241490364075,0.7977647185325623,0.8383499383926392,0.7719190120697021,0.8422901630401611,0.7537567615509033,0.8410561084747314,0.8149601817131042,0.8067474961280823,0.8016948699951172,0.8271954655647278,0.7819519639015198,0.831548810005188,0.7664992809295654,0.830820620059967
0.551533043384552,0.25974053144454956,0.5778586268424988,0.24056938290596008,0.5943454504013062,0.2408355474472046,0.6053221821784973,0.24104730784893036,0.5288139581680298,0.24122324585914612,0.5135631561279297,0.24225947260856628,0.4998248517513275,0.2434297800064087,0.6278972625732422,0.25328579545021057,0.4873647093772888,0.2557041645050049,0.5810767412185669,0.2856440246105194,0.5225940942764282,0.28481706976890564,0.7398067712783813,0.3959506154060364,0.4000971019268036,0.38408973813056946,0.7661028504371643,0.5787177085876465,0.3241567611694336,0.5562216639518738,0.7849725484848022,0.7520365715026855,0.38154342770576477,0.4363943934440613,0.8032846450805664,0.802160382270813,0.4240870475769043,0.43190279603004456,0.7724352478981018,0.8035207986831665,0.4397942125797272,0.41833123564720154,0.7579405903816223,0.7904077172279358,0.4338999390602112,0.41785678267478943,0.3494912385940552,0.431114137172699,0.38491421937942505,0.42246297001838684,0.42934688925743103,0.4223790168762207,0.46232643723487854,0.4270193576812744,0.4896032214164734,0.42952075600624084,0.451440691947937,0.4099652171134949,0.4998626708984375,0.41307690739631653,0.53070467710495,0.4139210879802704,0.5571017265319824,0.4151992201805115,0.4399086534976959,0.4165479838848114,0.475944459438324,0.4435275197029114,0.49567514657974243,0.4602969288825989,0.5114277005195618,0.4730987548828125,0.4230603277683258,0.4262438714504242,0.4402887225151062,0.45453086495399475,0.4226920008659363,0.45152217149734497,0.4111191928386688,0.4444301724433899,0.4049384891986847,0.43654096126556396,0.41729000210762024,0.4574911594390869,0.4043032228946686,0.45485520362854004,0.3965582251548767,0.4480281472206116,0.788070797920227,0.75667405128479,0.7499037384986877,0.771316647529602,0.7401809096336365,0.7962170243263245,0.7361451387405396,0.81980961561203,0.7292816638946533,0.8388251066207886,0.7869337201118469,0.8130513429641724,0.772284984588623,0.8455879092216492,0.7515546083450317,0.8556708693504333,0.7355450391769409,0.8611428737640381,0.8085939288139343,0.8133865594863892,0.7920186519622803,0.8476314544677734,0.7649349570274353,0.851195216178894,0.7459040880203247,0.8483365774154663,0.8161856532096863,0.8106170296669006,0.7987551093101501,0.8385098576545715,0.7733921408653259,0.8425347805023193,0.7553910613059998,0.8414797186851501,0.8147001266479492,0.8070650696754456,0.8020883202552795,0.8277831077575684,0.7826323509216309,0.8322130441665649,0.7671509385108948,0.831579327583313
0.5515802502632141,0.259692907333374,0.5779258012771606,0.24048666656017303,0.5944912433624268,0.24074062705039978,0.6054986119270325,0.2409474104642868,0.5288400053977966,0.24118325114250183,0.5135752558708191,0.24223867058753967,0.49984362721443176,0.24342648684978485,0.6281353235244751,0.25324079394340515,0.48738381266593933,0.2557031512260437,0.5812387466430664,0.28559786081314087,0.5226154923439026,0.28478217124938965,0.7399923801422119,0.3959510326385498,0.40036845207214355,0.38414353132247925,0.766420304775238,0.5787113904953003,0.3241904377937317,0.5562326312065125,0.7850759625434875,0.7520342469215393,0.3817889392375946,0.43594297766685486,0.803354799747467,0.8021524548530579,0.4241442084312439,0.43173280358314514,0.7725315690040588,0.8035141825675964,0.4400164783000946,0.4183571934700012,0.7580341100692749,0.7903952598571777,0.43425098061561584,0.417886883020401,0.3498159945011139,0.4310307502746582,0.38499999046325684,0.42260614037513733,0.4294961392879486,0.42268112301826477,0.4626992642879486,0.42742350697517395,0.4903222918510437,0.4297190010547638,0.4515070617198944,0.4098632037639618,0.5002668499946594,0.4131893515586853,0.531304657459259,0.41411063075065613,0.557654619216919,0.41538122296333313,0.44008904695510864,0.41638076305389404,0.4762064814567566,0.44342806935310364,0.4958244860172272,0.4601888358592987,0.511178195476532,0.47293469309806824,0.42331933975219727,0.4260389506816864,0.4403429329395294,0.45446693897247314,0.4224533438682556,0.4516192376613617,0.4107724726200104,0.44461122155189514,0.40531858801841736,0.43634963035583496,0.4174845814704895,0.45738649368286133,0.4042227864265442,0.4548800587654114,0.39636334776878357,0.448150634765625,0.7881051301956177,0.7562148571014404,0.7499576210975647,0.7707715034484863,0.7403250932693481,0.7960242629051208,0.7363514304161072,0.8196298480033875,0.7295299172401428,0.8386934995651245,0.7873024344444275,0.8128026127815247,0.7717545032501221,0.8453452587127686,0.7514788508415222,0.8558261394500732,0.7356631755828857,0.8617092967033386,0.8087313771247864,0.8132087588310242,0.7920355796813965,0.8473583459854126,0.7651374936103821,0.8512125015258789,0.7457748055458069,0.8485965132713318,0.8160900473594666,0.8104536533355713,0.7983066439628601,0.8381404280662537,0.7728059887886047,0.842133104801178,0.7546198964118958,0.8412353992462158,0.8144842982292175,0.8068851828575134,0.8016629815101624,0.8273523449897766,0.7820900678634644,0.8315930962562561,0.7665581107139587,0.830956220626831
0.5516027808189392,0.2596490979194641,0.5779720544815063,0.24042963981628418,0.5946046710014343,0.24067401885986328,0.605640172958374,0.24087925255298615,0.5288623571395874,0.24114540219306946,0.5135682225227356,0.2422179877758026,0.499872624874115,0.24341733753681183,0.6282902359962463,0.2531983256340027,0.48742416501045227,0.2557012438774109,0.5813024044036865,0.2855619788169861,0.5226515531539917,0.2847391366958618,0.740095853805542,0.3959515690803528,0.40043461322784424,0.3843204379081726,0.7665325403213501,0.5787043571472168,0.32422173023223877,0.556292712688446,0.785095751285553,0.7519556283950806,0.38190141320228577,0.4356094300746918,0.8034314513206482,0.802097499370575,0.4241291880607605,0.43169182538986206,0.7727187275886536,0.8034763336181641,0.44017329812049866,0.41838374733924866,0.7581934332847595,0.7903603911399841,0.4344702363014221,0.4179125726222992,0.35017505288124084,0.4307514429092407,0.3858965337276459,0.4221471846103668,0.4300669729709625,0.42222604155540466,0.4625324308872223,0.427000492811203,0.4894721508026123,0.4298814535140991,0.45202016830444336,0.40985870361328125,0.5008925199508667,0.4134385585784912,0.5320597887039185,0.41437146067619324,0.5584068894386292,0.4155547618865967,0.4403269290924072,0.4167625308036804,0.47632166743278503,0.443782776594162,0.49611005187034607,0.4605312943458557,0.5116447806358337,0.4731540381908417,0.42335495352745056,0.4266609251499176,0.4407699704170227,0.454532265663147,0.42322343587875366,0.45138922333717346,0.41152429580688477,0.4441419243812561,0.4051477313041687,0.4370010495185852,0.41731950640678406,0.45723646879196167,0.4045867621898651,0.45459693670272827,0.39694058895111084,0.44791895151138306,0.7876406908035278,0.7565909028053284,0.7496137619018555,0.7711636424064636,0.7403173446655273,0.7963021397590637,0.7362052798271179,0.8199229836463928,0.7293260097503662,0.8388603329658508,0.7875816226005554,0.8130608797073364,0.7719557285308838,0.8453375101089478,0.7515876889228821,0.8558336496353149,0.7357807159423828,0.8618507385253906,0.8091151714324951,0.8133093118667603,0.7922490835189819,0.8472387194633484,0.7651932835578918,0.8509852290153503,0.7459052801132202,0.8483599424362183,0.8166035413742065,0.8103653192520142,0.7987412214279175,0.8378646373748779,0.77324378490448,0.8418528437614441,0.7551239728927612,0.8408618569374084,0.815000057220459,0.8066598773002625,0.8021482825279236,0.8269335627555847,0.782595694065094,0.831062912940979,0.7671529650688171,0.8302109241485596
0.5516189336776733,0.25962594151496887,0.5780001282691956,0.24039408564567566,0.5946788787841797,0.24062654376029968,0.6057441234588623,0.2408260554075241,0.5288808345794678,0.2411281168460846,0.513565719127655,0.24221186339855194,0.49989572167396545,0.24341706931591034,0.6283766627311707,0.2531493306159973,0.4874570071697235,0.2557026445865631,0.58136385679245,0.28553134202957153,0.522681713104248,0.28471019864082336,0.7401763796806335,0.39595112204551697,0.4005034267902374,0.38449132442474365,0.7666422724723816,0.5786917209625244,0.3242477774620056,0.5563389658927917,0.7851132750511169,0.7519355416297913,0.38199377059936523,0.43540358543395996,0.8035144209861755,0.802061915397644,0.42411279678344727,0.43167486786842346,0.7728691101074219,0.8034499287605286,0.44027939438819885,0.41841429471969604,0.7583299279212952,0.790338397026062,0.43463796377182007,0.41794735193252563,0.35001620650291443,0.4310991168022156,0.3857077658176422,0.4225572645664215,0.4299594759941101,0.42260029911994934,0.46247708797454834,0.42728444933891296,0.48952388763427734,0.42985999584198,0.4520600438117981,0.40981680154800415,0.5007445216178894,0.4134700894355774,0.5318880081176758,0.4144110083580017,0.5582611560821533,0.41564422845840454,0.4404650926589966,0.41660651564598083,0.4760575592517853,0.44370147585868835,0.4959767758846283,0.46056193113327026,0.5116192698478699,0.4733826816082001,0.4236017167568207,0.42646312713623047,0.44039759039878845,0.45463693141937256,0.42261263728141785,0.45153161883354187,0.41087770462036133,0.4443765878677368,0.4055800437927246,0.43688884377479553,0.41744309663772583,0.45738497376441956,0.4044274091720581,0.4548390507698059,0.3967718482017517,0.44825753569602966,0.7881382703781128,0.7566710710525513,0.7500249147415161,0.7711178660392761,0.7405760288238525,0.7962891459465027,0.7365692853927612,0.8198531866073608,0.7297267317771912,0.8388198018074036,0.7876337766647339,0.8130921125411987,0.7724146246910095,0.8452462553977966,0.7519564628601074,0.8555667996406555,0.7359402179718018,0.8612903952598572,0.8089894652366638,0.813301146030426,0.7924693822860718,0.8472049832344055,0.7656551599502563,0.8512246012687683,0.7464902400970459,0.8488705158233643,0.816398561000824,0.8103705644607544,0.7989295721054077,0.8379155397415161,0.7738925814628601,0.8422209620475769,0.7559947967529297,0.8416314721107483,0.8147003650665283,0.8067139983177185,0.8022130727767944,0.8273349404335022,0.7830116748809814,0.8318327069282532,0.7677388787269592,0.831392765045166
0.5516430139541626,0.2595730125904083,0.5780249238014221,0.24032476544380188,0.5947094559669495,0.2405434101819992,0.6057814955711365,0.24072571098804474,0.5288989543914795,0.24109789729118347,0.5135363340377808,0.24219858646392822,0.4999178946018219,0.24341218173503876,0.6283964514732361,0.253055602312088,0.4874749779701233,0.2556973993778229,0.5814030766487122,0.28548017144203186,0.5227010250091553,0.28467339277267456,0.7403954267501831,0.3959543704986572,0.40076565742492676,0.3845083713531494,0.7666694521903992,0.5791014432907104,0.3240293562412262,0.5566352605819702,0.7852162718772888,0.7520468831062317,0.3817810118198395,0.43492692708969116,0.803680419921875,0.8020561933517456,0.42306381464004517,0.4315764307975769,0.7729658484458923,0.803449809551239,0.4399559497833252,0.4183656573295593,0.7584250569343567,0.7903512716293335,0.43447384238243103,0.41786885261535645,0.35009607672691345,0.4326731264591217,0.38531726598739624,0.4239877164363861,0.42986756563186646,0.42373043298721313,0.4627420902252197,0.42823898792266846,0.489448606967926,0.4307325780391693,0.452450156211853,0.4109272360801697,0.5008720755577087,0.4141923487186432,0.5318870544433594,0.41495686769485474,0.5580491423606873,0.41590356826782227,0.44227954745292664,0.4174429476261139,0.4769151210784912,0.44461408257484436,0.49648812413215637,0.4616725742816925,0.5120531320571899,0.47435909509658813,0.42645931243896484,0.4268278181552887,0.44107988476753235,0.4551529288291931,0.4226835072040558,0.452423632144928,0.4111767113208771,0.44535818696022034,0.4090254306793213,0.43689483404159546,0.4175769090652466,0.45790722966194153,0.4043149948120117,0.45563405752182007,0.39729973673820496,0.44907039403915405,0.7884752750396729,0.7559800148010254,0.7499684691429138,0.7705044746398926,0.7404403686523438,0.7959685325622559,0.736537516117096,0.8195915818214417,0.7296790480613708,0.8386712074279785,0.7872881293296814,0.8131811618804932,0.7723057270050049,0.8454974889755249,0.7516108155250549,0.8556603789329529,0.7355881333351135,0.8609355688095093,0.8086168766021729,0.8132389783859253,0.7925931215286255,0.8470638990402222,0.7658677697181702,0.8509894013404846,0.7470912933349609,0.8487451076507568,0.8163241147994995,0.8102070093154907,0.8000147342681885,0.8378481864929199,0.7752335071563721,0.8422672748565674,0.7576889395713806,0.841879665851593,0.8150400519371033,0.8064596652984619,0.8035392761230469,0.827434778213501,0.7844018936157227,0.8321958780288696,0.7694538831710815,0.8320409655570984
0.5516831874847412,0.2595643103122711,0.5780410170555115,0.24031241238117218,0.5947478413581848,0.24053525924682617,0.6058414578437805,0.24071136116981506,0.5289217829704285,0.24109387397766113,0.5135400295257568,0.24220936000347137,0.4999494254589081,0.24344906210899353,0.6285151839256287,0.2529999613761902,0.48763003945350647,0.25572463870048523,0.5814952850341797,0.28547221422195435,0.5228438377380371,0.28466150164604187,0.7412629723548889,0.39598530530929565,0.40160492062568665,0.3841980993747711,0.7670884728431702,0.5793312788009644,0.32285985350608826,0.5569095015525818,0.7853919267654419,0.7522348165512085,0.3818957507610321,0.4376559853553772,0.8037770390510559,0.8020550608634949,0.4253943860530853,0.43536871671676636,0.7731325030326843,0.8034464120864868,0.4420018494129181,0.42296814918518066,0.7586158514022827,0.7903480529785156,0.4357452690601349,0.42124390602111816,0.3491584062576294,0.43559205532073975,0.3877083659172058,0.4271729290485382,0.43274879455566406,0.4285135865211487,0.4625178277492523,0.43531185388565063,0.4859512448310852,0.4411124885082245,0.4545504152774811,0.4195029139518738,0.5002939105033875,0.4245050251483917,0.5296523571014404,0.4260793924331665,0.5547711849212646,0.4282214045524597,0.44262588024139404,0.42610204219818115,0.4723820090293884,0.45350658893585205,0.4900537431240082,0.4712678790092468,0.5043680667877197,0.4846387505531311,0.42463719844818115,0.43478575348854065,0.43885567784309387,0.4604248106479645,0.4240041673183441,0.4561539888381958,0.41305994987487793,0.4483564794063568,0.4043879508972168,0.44340306520462036,0.4136520326137543,0.46121546626091003,0.4034847915172577,0.4581705331802368,0.39701080322265625,0.451413094997406,0.7886331081390381,0.7564001679420471,0.7501538395881653,0.7706634402275085,0.7409038543701172,0.7958611845970154,0.7367773056030273,0.8195919394493103,0.729202926158905,0.8385221362113953,0.788275420665741,0.8128827810287476,0.772112250328064,0.845275342464447,0.7516419887542725,0.8559784293174744,0.7356952428817749,0.8620162010192871,0.8095062375068665,0.8133530020713806,0.792161762714386,0.8472124338150024,0.7651263475418091,0.8515604734420776,0.7456797361373901,0.8495762944221497,0.8169264793395996,0.8106703758239746,0.7991026639938354,0.838341236114502,0.7739791870117188,0.8428149819374084,0.7559463381767273,0.8423500061035156,0.8152899742126465,0.8071343898773193,0.8022530674934387,0.8278558254241943,0.7828328013420105,0.8325508832931519,0.7674083709716797,0.8322344422340393
0.5516976118087769,0.25955814123153687,0.578053891658783,0.24030017852783203,0.5947929620742798,0.24052643775939941,0.6058820486068726,0.24068550765514374,0.5289389491081238,0.24110634624958038,0.51350998878479,0.24226129055023193,0.49997198581695557,0.24354727566242218,0.6285375952720642,0.25290700793266296,0.4876489043235779,0.25581732392311096,0.5815327763557434,0.28546014428138733,0.5228609442710876,0.2846526503562927,0.7413008809089661,0.39588698744773865,0.4025013744831085,0.38392552733421326,0.767105758190155,0.5793302059173584,0.3229933977127075,0.5569019913673401,0.7855138182640076,0.752398669719696,0.3819012939929962,0.4520580768585205,0.8039215803146362,0.802059531211853,0.4253649413585663,0.44552770256996155,0.7732977867126465,0.8034432530403137,0.4404478371143341,0.43320345878601074,0.7588222026824951,0.7903449535369873,0.43405842781066895,0.43207818269729614,0.3514442443847656,0.43934011459350586,0.3914501965045929,0.4334813952445984,0.4362601339817047,0.4374786615371704,0.46400368213653564,0.44648268818855286,0.48457932472229004,0.4539850950241089,0.457741379737854,0.42891088128089905,0.501250684261322,0.4362238347530365,0.5304401516914368,0.4390687346458435,0.555457592010498,0.4420737326145172,0.4433344602584839,0.4350542426109314,0.4688890278339386,0.4629625976085663,0.48445117473602295,0.48141899704933167,0.4975380003452301,0.4953010678291321,0.42316293716430664,0.44334492087364197,0.4349317252635956,0.46930864453315735,0.4206446409225464,0.46354037523269653,0.4106587767601013,0.45494234561920166,0.4013651907444,0.4517529606819153,0.4100190997123718,0.4698478877544403,0.3996613025665283,0.46564674377441406,0.39400967955589294,0.45836496353149414,0.7881667613983154,0.7565066814422607,0.7503149509429932,0.770789384841919,0.7410615682601929,0.7958438396453857,0.7369470000267029,0.8196282386779785,0.7295960783958435,0.8387775421142578,0.7882639765739441,0.8135241866111755,0.7726023197174072,0.8455324769020081,0.7518842220306396,0.8558369874954224,0.7358002662658691,0.861380934715271,0.8092293739318848,0.8138463497161865,0.7927035093307495,0.8473576903343201,0.7659414410591125,0.851702094078064,0.7466874122619629,0.8496419191360474,0.816572904586792,0.811030924320221,0.7994973659515381,0.8384184837341309,0.7747183442115784,0.8430900573730469,0.7568064332008362,0.8428404331207275,0.8148949146270752,0.807541012763977,0.8024868369102478,0.8281957507133484,0.7834007143974304,0.8331148624420166,0.7680279612541199,0.8330917954444885
0.5517114996910095,0.2595519423484802,0.5780686140060425,0.2402925044298172,0.5948278307914734,0.24051058292388916,0.605903685092926,0.24065080285072327,0.528952419757843,0.24110651016235352,0.513493537902832,0.24228015542030334,0.4999876320362091,0.2435881793498993,0.6285586357116699,0.2528056800365448,0.48768195509910583,0.2558372914791107,0.5815716981887817,0.2854498326778412,0.5228875875473022,0.284644216299057,0.7413259148597717,0.39584603905677795,0.4029802978038788,0.38380512595176697,0.7671273350715637,0.5793414115905762,0.32349276542663574,0.5569028854370117,0.7856096625328064,0.7525827884674072,0.38193121552467346,0.4570998251438141,0.8040759563446045,0.8020757436752319,0.42520883679389954,0.44932228326797485,0.7734576463699341,0.8034427762031555,0.438625305891037,0.43722397089004517,0.7589913010597229,0.7903426289558411,0.4323650896549225,0.43639010190963745,0.35200855135917664,0.43826737999916077,0.39144426584243774,0.4325084388256073,0.43590250611305237,0.43667492270469666,0.4653940796852112,0.4447678327560425,0.4863724112510681,0.45180484652519226,0.4554048478603363,0.4282273054122925,0.500830888748169,0.43621259927749634,0.5300991535186768,0.4402889013290405,0.5552694797515869,0.4440864026546478,0.440483957529068,0.4343884289264679,0.4684006869792938,0.4624801576137543,0.48342466354370117,0.4803104102611542,0.49619877338409424,0.49385151267051697,0.42057153582572937,0.44285669922828674,0.4316057860851288,0.46905818581581116,0.41900119185447693,0.46357932686805725,0.410741925239563,0.4549037516117096,0.39952173829078674,0.4518427848815918,0.40917301177978516,0.4711274802684784,0.39937204122543335,0.4667358100414276,0.3937530219554901,0.4592629671096802,0.7882071733474731,0.7563894987106323,0.7501356601715088,0.770768940448761,0.7407749891281128,0.7958968281745911,0.7369040250778198,0.8196473717689514,0.7294242978096008,0.8387418389320374,0.7880089282989502,0.813174307346344,0.7726778388023376,0.8453183770179749,0.752038300037384,0.8556661009788513,0.7358999252319336,0.8612077832221985,0.8091387152671814,0.8135011792182922,0.7929990291595459,0.8472893238067627,0.7663698196411133,0.8514301776885986,0.747286319732666,0.8492326140403748,0.8165349364280701,0.8107527494430542,0.7998214960098267,0.8383028507232666,0.775141179561615,0.8428078293800354,0.7574344873428345,0.8424566388130188,0.8148996233940125,0.8072528839111328,0.8027519583702087,0.8279790282249451,0.7837023735046387,0.8327772617340088,0.7685335278511047,0.8326141834259033
0.5518299341201782,0.2595650851726532,0.5780903100967407,0.24029621481895447,0.5948711037635803,0.24049735069274902,0.6059725284576416,0.24063551425933838,0.5290484428405762,0.24111723899841309,0.513523519039154,0.24229049682617188,0.5000547170639038,0.2436007261276245,0.6285766959190369,0.25275155901908875,0.487840861082077,0.25589773058891296,0.5816584825515747,0.28543832898139954,0.5230630040168762,0.28463059663772583,0.7415989637374878,0.3957163095474243,0.4022684693336487,0.3838386833667755,0.7672257423400879,0.5791933536529541,0.32091009616851807,0.5560914874076843,0.7861393690109253,0.7525887489318848,0.3827612102031708,0.48794835805892944,0.8044529557228088,0.8020726442337036,0.42641693353652954,0.48565930128097534,0.7737006545066833,0.8034399747848511,0.4384494721889496,0.4666822552680969,0.7593775391578674,0.790327250957489,0.43176478147506714,0.46532002091407776,0.3448728024959564,0.4549720287322998,0.38891369104385376,0.45160049200057983,0.4330272674560547,0.45956817269325256,0.4548935890197754,0.47234046459198,0.470852255821228,0.48358166217803955,0.45269760489463806,0.45801007747650146,0.49717065691947937,0.47192153334617615,0.5247030854225159,0.48084744811058044,0.5473735332489014,0.48949968814849854,0.4364902973175049,0.4641662538051605,0.46484917402267456,0.4944818615913391,0.4815869629383087,0.5149606466293335,0.4948115050792694,0.531383216381073,0.4144010543823242,0.4712914228439331,0.4198589324951172,0.4964298605918884,0.40614598989486694,0.4921071529388428,0.39635100960731506,0.4854353368282318,0.38986408710479736,0.4782261848449707,0.3942495584487915,0.4975287616252899,0.3857453465461731,0.4942763149738312,0.37929242849349976,0.488602876663208,0.7887455821037292,0.7568479180335999,0.7503852248191833,0.7712966203689575,0.7409272193908691,0.7962126731872559,0.7367403507232666,0.8199422359466553,0.7300289273262024,0.8391885161399841,0.7884871959686279,0.8134394884109497,0.7725996971130371,0.8459547758102417,0.7517258524894714,0.8561712503433228,0.735545814037323,0.8612736463546753,0.8098424673080444,0.8137323260307312,0.7932038903236389,0.8479448556900024,0.7661778926849365,0.8525093793869019,0.7467652559280396,0.850080668926239,0.8173539042472839,0.8107880353927612,0.7999226450920105,0.838614284992218,0.774773359298706,0.8431844711303711,0.756926953792572,0.8424306511878967,0.8158420324325562,0.8071277737617493,0.8034401535987854,0.8278493285179138,0.7842801213264465,0.8325771689414978,0.7689836025238037,0.8320919275283813
0.5518325567245483,0.2596939206123352,0.5779516696929932,0.2403647005558014,0.5947793126106262,0.2405232936143875,0.6060105562210083,0.24063606560230255,0.5290638208389282,0.2411673367023468,0.5134926438331604,0.24232728779315948,0.5000686645507812,0.2436244785785675,0.6284785866737366,0.2527375817298889,0.48791414499282837,0.2560223937034607,0.5816116333007812,0.2854480743408203,0.5230880975723267,0.28463104367256165,0.7416585087776184,0.39570969343185425,0.40187546610832214,0.3840655982494354,0.7672253847122192,0.5784639120101929,0.3186502456665039,0.5546040534973145,0.7864890098571777,0.7523932456970215,0.3775336444377899,0.5092886686325073,0.8047619462013245,0.8020464181900024,0.41675475239753723,0.5051401257514954,0.7738775610923767,0.8034217953681946,0.4208333194255829,0.48541298508644104,0.7597083449363708,0.7902852892875671,0.41519618034362793,0.4841650426387787,0.34570276737213135,0.46855735778808594,0.3886646628379822,0.468295156955719,0.42991793155670166,0.48067834973335266,0.45238012075424194,0.49550101161003113,0.467289000749588,0.5084487795829773,0.44764021039009094,0.4807519018650055,0.49464815855026245,0.49890318512916565,0.5204982161521912,0.5131977200508118,0.5377336740493774,0.525724470615387,0.429947167634964,0.4896838068962097,0.45614054799079895,0.5207282304763794,0.4694408178329468,0.5404046177864075,0.47804129123687744,0.5553076267242432,0.4059886634349823,0.49787548184394836,0.41170835494995117,0.5199024677276611,0.4016006886959076,0.5125814080238342,0.39410701394081116,0.5035238265991211,0.3803713619709015,0.5048176050186157,0.38401925563812256,0.5192597508430481,0.37718576192855835,0.5138641595840454,0.3724968731403351,0.5069673657417297,0.7891154289245605,0.7566104531288147,0.7504543662071228,0.7713608145713806,0.7408807277679443,0.7965723276138306,0.7369828820228577,0.8201728463172913,0.7301954627037048,0.8393212556838989,0.7886261940002441,0.8136230111122131,0.7731139659881592,0.8458245396614075,0.7523295879364014,0.8560002446174622,0.7361600995063782,0.8611305356025696,0.8100194334983826,0.8138980865478516,0.7931523323059082,0.8478574752807617,0.7664178609848022,0.8522552251815796,0.7473818063735962,0.8501001000404358,0.8176013231277466,0.8110628128051758,0.8008431792259216,0.8389973044395447,0.7760797739028931,0.8438201546669006,0.7583107948303223,0.8434640169143677,0.8160112500190735,0.8074299693107605,0.8039368987083435,0.8284619450569153,0.7849605679512024,0.8334953188896179,0.7697426080703735,0.8333490490913391
0.5518401265144348,0.25980496406555176,0.5778552889823914,0.2404279261827469,0.5947191119194031,0.24055054783821106,0.6060433983802795,0.2406417578458786,0.5290771126747131,0.24121558666229248,0.5134730339050293,0.24236316978931427,0.5000816583633423,0.24364860355854034,0.6284072399139404,0.2527215778827667,0.4879816174507141,0.2561321556568146,0.5815896391868591,0.285458505153656,0.5231083631515503,0.28463250398635864,0.7417061924934387,0.3957098424434662,0.40161004662513733,0.3842393159866333,0.7672232985496521,0.5781646966934204,0.31734034419059753,0.5538456439971924,0.7867907881736755,0.7523062825202942,0.3747633695602417,0.5138302445411682,0.8049777746200562,0.8020421266555786,0.41199472546577454,0.508537232875824,0.7740167379379272,0.8034189939498901,0.4134823679924011,0.4889511466026306,0.7599771022796631,0.7902738451957703,0.40823566913604736,0.488276869058609,0.3453201651573181,0.4711039364337921,0.3877786099910736,0.47103258967399597,0.42719200253486633,0.48279672861099243,0.45006322860717773,0.49708452820777893,0.46327975392341614,0.5099528431892395,0.4467027485370636,0.48450422286987305,0.4941716492176056,0.5006073713302612,0.5194821357727051,0.5123147368431091,0.5374003052711487,0.5226198434829712,0.4286618232727051,0.4936850666999817,0.4563808739185333,0.5242759585380554,0.46733707189559937,0.5433636903762817,0.4744657576084137,0.5578103065490723,0.40559738874435425,0.5016782283782959,0.41566142439842224,0.5208837985992432,0.40622055530548096,0.513154923915863,0.39917394518852234,0.5046612024307251,0.381774365901947,0.5079250335693359,0.38814619183540344,0.520854651927948,0.3804487884044647,0.5145707726478577,0.37498989701271057,0.5081649422645569,0.7889995574951172,0.756718099117279,0.7502070665359497,0.7715467214584351,0.7407228946685791,0.7967498302459717,0.7370206117630005,0.8202441930770874,0.7302111387252808,0.8392869830131531,0.7886403203010559,0.8137193918228149,0.7729924321174622,0.8458718061447144,0.7521891593933105,0.8560333251953125,0.7360416650772095,0.8611823320388794,0.8100528717041016,0.8140361905097961,0.793012797832489,0.8479247689247131,0.7661983966827393,0.8523394465446472,0.7471106052398682,0.8501602411270142,0.8176085948944092,0.811208963394165,0.80070960521698,0.8391121029853821,0.775791585445404,0.8438776135444641,0.7579517364501953,0.8434603214263916,0.81598961353302,0.8075931072235107,0.8038073182106018,0.8285815715789795,0.7847767472267151,0.8335439562797546,0.7695370316505432,0.8333385586738586
0.5518407821655273,0.2599022686481476,0.5777657628059387,0.24048244953155518,0.5946580767631531,0.24057714641094208,0.6060694456100464,0.24064978957176208,0.5290889739990234,0.24125561118125916,0.5134471654891968,0.24239297211170197,0.5000942945480347,0.24366891384124756,0.6283383369445801,0.25270548462867737,0.4880344867706299,0.2562240958213806,0.5815625786781311,0.28547221422195435,0.5231278538703918,0.2846362292766571,0.7417405843734741,0.39571037888526917,0.40135034918785095,0.384417325258255,0.7672217488288879,0.5779311060905457,0.3164511024951935,0.5535483360290527,0.7869821190834045,0.7522445321083069,0.3730084002017975,0.5146157741546631,0.8051387071609497,0.8020402789115906,0.4089101552963257,0.5088838934898376,0.7741003036499023,0.8034184575080872,0.4097151458263397,0.48934999108314514,0.7601498961448669,0.7902697324752808,0.4046006202697754,0.4889003336429596,0.34512636065483093,0.47147300839424133,0.38833194971084595,0.470889687538147,0.42730608582496643,0.48266831040382385,0.44951581954956055,0.4979898929595947,0.46141672134399414,0.5117475986480713,0.4457913637161255,0.4845646321773529,0.4927762746810913,0.5007967352867126,0.5189039707183838,0.5114583373069763,0.5379535555839539,0.520814061164856,0.4279942810535431,0.4943964183330536,0.4557217061519623,0.5248544216156006,0.4680052101612091,0.543975293636322,0.4762645959854126,0.5587987899780273,0.4050956964492798,0.5025104284286499,0.4170549213886261,0.5215571522712708,0.4091936945915222,0.5134903192520142,0.4024674594402313,0.5051165819168091,0.38185596466064453,0.5087059140205383,0.38938263058662415,0.5206922888755798,0.3829062879085541,0.5139736533164978,0.37770333886146545,0.5076543092727661,0.7889376878738403,0.7567419409751892,0.7502604126930237,0.7715415358543396,0.7407810091972351,0.7967882752418518,0.7369993925094604,0.8203224539756775,0.7302486300468445,0.8393700122833252,0.788658082485199,0.8137506246566772,0.772978663444519,0.8458976745605469,0.7521255016326904,0.8560255169868469,0.7359601259231567,0.8611463904380798,0.8100718855857849,0.8140143156051636,0.7931106090545654,0.8479183912277222,0.766325056552887,0.8523036241531372,0.7473017573356628,0.8501228094100952,0.8176549673080444,0.8111499547958374,0.8008595705032349,0.8390280604362488,0.7760332226753235,0.8438412547111511,0.7582756876945496,0.8434783816337585,0.8160545825958252,0.8075061440467834,0.8039729595184326,0.8284769654273987,0.7850337624549866,0.8334732055664062,0.7698963284492493,0.8333042860031128
0.5521268844604492,0.25979772210121155,0.5778817534446716,0.24042968451976776,0.59477299451828,0.24052134156227112,0.6061761379241943,0.24059565365314484,0.5293826460838318,0.2411481887102127,0.5137166976928711,0.2422037124633789,0.5003516674041748,0.2434045821428299,0.6283643245697021,0.2526951730251312,0.4882768988609314,0.25621429085731506,0.5817263126373291,0.28544774651527405,0.5233603715896606,0.284600168466568,0.7417677044868469,0.3957103490829468,0.4013587236404419,0.3844121992588043,0.767570436000824,0.5781656503677368,0.32781803607940674,0.5484681725502014,0.7870256900787354,0.7522261142730713,0.3813090920448303,0.5464838743209839,0.8052846193313599,0.8020361661911011,0.41431939601898193,0.5654090642929077,0.7743492126464844,0.803419291973114,0.42607972025871277,0.5492123365402222,0.7603950500488281,0.790292501449585,0.4190319776535034,0.5413433909416199,,,,,,,,,,,,,,,,,,,,,,,,,,,,,,,,,,,,,,,,,,,0.7892330288887024,0.7569330930709839,0.7507635951042175,0.7716652750968933,0.7415174245834351,0.7966424226760864,0.7376014590263367,0.8202033638954163,0.730492353439331,0.839301347732544,0.7890713810920715,0.8142840266227722,0.7730433344841003,0.8461648225784302,0.751729428768158,0.8559647798538208,0.7349128127098083,0.8607138395309448,0.810215413570404,0.8144591450691223,0.7934420108795166,0.8479940891265869,0.7665711045265198,0.8528496623039246,0.7468660473823547,0.8509359359741211,0.8176936507225037,0.8113577365875244,0.8003748655319214,0.8387307524681091,0.7754731774330139,0.8438364863395691,0.7572197914123535,0.8436858057975769,0.815984845161438,0.8075068593025208,0.8035286068916321,0.8280314803123474,0.7844970226287842,0.8331471085548401,0.7689241170883179,0.8331083655357361
0.5524652004241943,0.2597580850124359,0.5780876874923706,0.2404003143310547,0.5949639081954956,0.24049369990825653,0.606334924697876,0.24057364463806152,0.529694139957428,0.24107150733470917,0.5140482783317566,0.24208447337150574,0.5007190704345703,0.24321147799491882,0.6284185647964478,0.252684623003006,0.4885161817073822,0.25620293617248535,0.5819032192230225,0.28539222478866577,0.5235572457313538,0.28453582525253296,0.7418128252029419,0.3957095444202423,0.40134942531585693,0.38358235359191895,0.768495500087738,0.5792080163955688,0.32876527309417725,0.5480554699897766,0.7870848178863525,0.752705454826355,0.38597920536994934,0.5717372894287109,0.8053284287452698,0.8027783632278442,0.4144513010978699,0.5978666543960571,0.7743918299674988,0.8040860891342163,0.43036872148513794,0.5826187133789062,0.7604462504386902,0.7913028597831726,0.4249665141105652,0.5725207924842834,,,,,,,,,,,,,,,,,,,,,,,,,,,,,,,,,,,,,,,,,,,0.7891741394996643,0.7569777965545654,0.7510478496551514,0.771397054195404,0.741648256778717,0.7964372038841248,0.7377698421478271,0.8201941847801208,0.730329155921936,0.8392845988273621,0.7891038060188293,0.8144603967666626,0.772704005241394,0.8462213277816772,0.7517589330673218,0.8560270071029663,0.7352157831192017,0.8607398271560669,0.8102964162826538,0.8146803379058838,0.7933365106582642,0.8480697870254517,0.7667383551597595,0.8527001738548279,0.7472202181816101,0.8506186604499817,0.8177191019058228,0.8115559816360474,0.8004060387611389,0.8387508988380432,0.7757114171981812,0.8436711430549622,0.7576727867126465,0.8434262871742249,0.8161013722419739,0.8076009750366211,0.8036721348762512,0.8278873562812805,0.7848435640335083,0.8328423500061035,0.7695475220680237,0.8327139616012573
0.5527594089508057,0.2597416043281555,0.5785821080207825,0.24036657810211182,0.5954290628433228,0.24046695232391357,0.6066760420799255,0.24055159091949463,0.5300707221031189,0.2409999668598175,0.5144585967063904,0.2419847995042801,0.5010637640953064,0.24305936694145203,0.6286659240722656,0.25266289710998535,0.48885616660118103,0.256164014339447,0.5820577144622803,0.28536561131477356,0.523651659488678,0.28449779748916626,0.7419071793556213,0.39563676714897156,0.4011804759502411,0.38335883617401123,0.7692060470581055,0.5792169570922852,0.3290407061576843,0.5477298498153687,0.7871148586273193,0.7531875967979431,0.38581788539886475,0.5880120396614075,0.8051778078079224,0.8043452501296997,0.4088522493839264,0.6232993006706238,0.7736451625823975,0.8054324984550476,0.43027403950691223,0.6136085391044617,0.7599198818206787,0.7924381494522095,0.4254416227340698,0.6012734770774841,,,,,,,,,,,,,,,,,,,,,,,,,,,,,,,,,,,,,,,,,,,0.7899134159088135,0.7570056319236755,0.7518156170845032,0.7711963653564453,0.7420879006385803,0.7961754202842712,0.7378007173538208,0.8200508952140808,0.7304973006248474,0.8394393920898438,0.7892823219299316,0.8144417405128479,0.7726621627807617,0.8462337255477905,0.7517369985580444,0.8560208082199097,0.735485851764679,0.8606333136558533,0.8103709816932678,0.8148330450057983,0.7936617732048035,0.8485308289527893,0.7669128179550171,0.8530185222625732,0.7475002408027649,0.8506418466567993,0.817682683467865,0.8118779063224792,0.8004013895988464,0.8393599987030029,0.7755416631698608,0.843994140625,0.7577812075614929,0.843431830406189,0.8160063624382019,0.8081690073013306,0.803680419921875,0.8287339806556702,0.7848180532455444,0.8335753679275513,0.7697177529335022,0.833296000957489
0.5534626245498657,0.2597423493862152,0.5793942809104919,0.24036315083503723,0.5961238741874695,0.24046111106872559,0.6071344017982483,0.24054384231567383,0.5309292078018188,0.2409781962633133,0.5155948400497437,0.2419416457414627,0.5018482804298401,0.24298520386219025,0.6289739012718201,0.25264906883239746,0.4894710183143616,0.25606802105903625,0.5823623538017273,0.28531280159950256,0.5240659117698669,0.28447383642196655,0.7418453693389893,0.394624799489975,0.4008772075176239,0.38275307416915894,0.7694108486175537,0.5791000127792358,0.3300536572933197,0.5476049780845642,0.7874585390090942,0.7530152797698975,0.3706757426261902,0.6281002759933472,0.8058921098709106,0.8044978976249695,0.38053393363952637,0.6775846481323242,0.7737120985984802,0.8055888414382935,0.4154771566390991,0.6729053258895874,0.7599495053291321,0.7926449775695801,0.418437659740448,0.659002423286438,,,,,,,,,,,,,,,,,,,,,,,,,,,,,,,,,,,,,,,,,,,0.7899578213691711,0.7567745447158813,0.7515349984169006,0.7713377475738525,0.74187171459198,0.7963294386863708,0.7379990220069885,0.8204197883605957,0.7307300567626953,0.839836835861206,0.7889606952667236,0.8136250376701355,0.7730282545089722,0.8461481332778931,0.7517721652984619,0.8560365438461304,0.7349616289138794,0.8607428073883057,0.8107028603553772,0.8139985799789429,0.7940845489501953,0.8481665253639221,0.7673697471618652,0.8525214195251465,0.7480480670928955,0.8503502011299133,0.8185313940048218,0.8111042976379395,0.801419734954834,0.8389291763305664,0.7765843272209167,0.8437075614929199,0.7585883736610413,0.843281090259552,0.8171560764312744,0.8072773814201355,0.8047839403152466,0.8280229568481445,0.7855557799339294,0.8329320549964905,0.7702007293701172,0.8325968384742737
0.5540122389793396,0.25977909564971924,0.5802105665206909,0.24036744236946106,0.5968436598777771,0.24046437442302704,0.6076653599739075,0.24054905772209167,0.5316663384437561,0.24097609519958496,0.5164846181869507,0.24193617701530457,0.5024670362472534,0.24297456443309784,0.6293618679046631,0.252637654542923,0.490008682012558,0.2560499310493469,0.5826862454414368,0.2853057086467743,0.524427592754364,0.28446757793426514,0.7417036294937134,0.39429640769958496,0.40042006969451904,0.38238221406936646,0.7697392702102661,0.5790634751319885,0.3306942880153656,0.5477306246757507,0.7876430749893188,0.7529527544975281,0.3644041419029236,0.6337248086929321,0.8064280152320862,0.8046188354492188,0.37253469228744507,0.6828222870826721,0.7738714218139648,0.8057478070259094,0.4095613658428192,0.6780906319618225,0.7599732875823975,0.7928529977798462,0.41497915983200073,0.6645976305007935,,,,,,,,,,,,,,,,,,,,,,,,,,,,,,,,,,,,,,,,,,,0.7905393242835999,0.7561964392662048,0.7519053816795349,0.7707857489585876,0.7416512370109558,0.7958041429519653,0.7378954291343689,0.8197861313819885,0.7303288578987122,0.8393754959106445,0.7887541055679321,0.8140873908996582,0.7733817100524902,0.8455831408500671,0.7526624202728271,0.85569828748703,0.736173152923584,0.8608220219612122,0.8103939890861511,0.8143503069877625,0.7947896718978882,0.8482283353805542,0.7684462666511536,0.8530934453010559,0.7489206790924072,0.8511793613433838,0.818341851234436,0.8114318251609802,0.8024628758430481,0.8393259644508362,0.7783017754554749,0.8447118997573853,0.7604512572288513,0.8449998497962952,0.8171229958534241,0.8076871633529663,0.8053910732269287,0.828937292098999,0.7866992354393005,0.8344930410385132,0.7714331746101379,0.834963321685791
0.5544811487197876,0.25979316234588623,0.5808441638946533,0.24036550521850586,0.5974066257476807,0.24046142399311066,0.6080919504165649,0.2405456006526947,0.5322577357292175,0.24097101390361786,0.5171718001365662,0.24191895127296448,0.502953827381134,0.2429477721452713,0.6296793222427368,0.2526286840438843,0.4904100298881531,0.2560174763202667,0.5829394459724426,0.2852913737297058,0.5247320532798767,0.28446197509765625,0.7415374517440796,0.3939756751060486,0.40002432465553284,0.3821018934249878,0.769895076751709,0.5789960622787476,0.3310319781303406,0.5478214025497437,0.787733793258667,0.7527905106544495,0.3614439368247986,0.6341754198074341,0.8067985773086548,0.8046518564224243,0.3697918653488159,0.6831045150756836,0.7740398645401001,0.8058065176010132,0.4069940745830536,0.6782856583595276,0.7599918842315674,0.7929366827011108,0.41319555044174194,0.6648228168487549,,,,,,,,,,,,,,,,,,,,,,,,,,,,,,,,,,,,,,,,,,,0.7893327474594116,0.7563621997833252,0.7511547207832336,0.7709397673606873,0.7414994239807129,0.7958552837371826,0.7376953959465027,0.8200859427452087,0.7304143905639648,0.8397279977798462,0.7885838747024536,0.8138350248336792,0.7731503844261169,0.8458601236343384,0.7523857355117798,0.8561680316925049,0.7359392046928406,0.8614462018013,0.8102757930755615,0.8141934871673584,0.7943844795227051,0.8486232757568359,0.7675011157989502,0.8535618782043457,0.7476366758346558,0.851525604724884,0.818271279335022,0.8113649487495422,0.802034854888916,0.8396776914596558,0.7771534323692322,0.8449265956878662,0.7589384317398071,0.8448575139045715,0.8170905709266663,0.8077200055122375,0.805077075958252,0.8290732502937317,0.785956084728241,0.8344936966896057,0.7704664468765259,0.8346735835075378
0.5549609065055847,0.25977879762649536,0.5815766453742981,0.24035298824310303,0.5980122685432434,0.24045336246490479,0.6085635423660278,0.24054162204265594,0.5328208208084106,0.2409384697675705,0.5178256630897522,0.24187317490577698,0.5035779476165771,0.24287550151348114,0.6301190257072449,0.2526218295097351,0.49080654978752136,0.25588446855545044,0.5831665396690369,0.28518736362457275,0.5247997045516968,0.2843904197216034,0.7413926720619202,0.3928542137145996,0.398141086101532,0.38172727823257446,0.769931972026825,0.5776177644729614,0.3332423269748688,0.548012375831604,0.787644624710083,0.751113772392273,0.3304190933704376,0.6661702394485474,0.8071437478065491,0.8043964505195618,0.3233003318309784,0.7236834764480591,0.7740644812583923,0.8056523203849792,0.3579569160938263,0.7245799899101257,0.7599943280220032,0.7926582098007202,0.37133997678756714,0.7106310129165649,0.3159635066986084,0.6749257445335388,0.3661099970340729,0.6884865164756775,0.38369494676589966,0.7160387635231018,0.3796117603778839,0.7433403134346008,0.37553438544273376,0.762178361415863,0.3473585844039917,0.7340179085731506,0.3529514968395233,0.7678532600402832,0.3561381697654724,0.7878395915031433,0.3577592670917511,0.803328275680542,0.3135599195957184,0.7336719632148743,0.3153791129589081,0.7654033899307251,0.32006946206092834,0.782180905342102,0.3237934410572052,0.7941755056381226,0.289179265499115,0.728538453578949,0.299335777759552,0.7540094256401062,0.31476473808288574,0.7523757219314575,0.3242517113685608,0.7448672652244568,0.2735392153263092,0.7221841812133789,0.2895981967449188,0.738590657711029,0.30300232768058777,0.736095666885376,0.3099399507045746,0.7289363145828247,0.7910863757133484,0.7561732530593872,0.751981794834137,0.7710971236228943,0.7419694662094116,0.7958347201347351,0.7388259768486023,0.8199174404144287,0.7324274778366089,0.8395227193832397,0.7893920540809631,0.8125427961349487,0.7743849754333496,0.8458081483840942,0.7529195547103882,0.8560951352119446,0.7359693050384521,0.8610158562660217,0.8116532564163208,0.8128806948661804,0.7963483929634094,0.8484528064727783,0.7692939043045044,0.853527843952179,0.7496045827865601,0.851596474647522,0.8198379874229431,0.8102174401283264,0.8040314316749573,0.839435338973999,0.7793022990226746,0.844998836517334,0.7612985968589783,0.8450099229812622,0.8185299038887024,0.806614100933075,0.8066877126693726,0.8284993767738342,0.7872151136398315,0.8341648578643799,0.77157062292099,0.8343132734298706
0.5551164150238037,0.25970762968063354,0.5816832184791565,0.24028901755809784,0.5981632471084595,0.24037900567054749,0.6087817549705505,0.24045339226722717,0.532906174659729,0.24088092148303986,0.5179043412208557,0.24181774258613586,0.503705620765686,0.24283191561698914,0.6304117441177368,0.2524392306804657,0.49097248911857605,0.25583696365356445,0.5835113525390625,0.28496605157852173,0.5249281525611877,0.28423577547073364,0.7413914203643799,0.39229199290275574,0.39806947112083435,0.3808799088001251,0.7699400186538696,0.576837956905365,0.33541661500930786,0.5477215051651001,0.7876310348510742,0.7498319149017334,0.32113581895828247,0.6699331402778625,0.8073527812957764,0.8041847944259644,0.31192129850387573,0.7276623249053955,0.7741215825080872,0.8055857419967651,0.34617090225219727,0.7292500734329224,0.7600067853927612,0.7925209403038025,0.360639750957489,0.7155061364173889,0.31824544072151184,0.6720522046089172,0.36590903997421265,0.6878901720046997,0.38304799795150757,0.7164636254310608,0.37877488136291504,0.7443593144416809,0.37496405839920044,0.7637403011322021,0.3464186489582062,0.7334622144699097,0.3527904152870178,0.7695436477661133,0.35576093196868896,0.7896361947059631,0.3569673001766205,0.8051813840866089,0.3130284547805786,0.7331313490867615,0.3169775903224945,0.7661329507827759,0.32212188839912415,0.7824071645736694,0.3254067003726959,0.7934237718582153,0.2894039452075958,0.7285978198051453,0.3023470640182495,0.7536001205444336,0.3167111575603485,0.7515390515327454,0.3249991238117218,0.7441065311431885,0.2749622166156769,0.7236226797103882,0.28930985927581787,0.7417696714401245,0.3014608919620514,0.7391431331634521,0.3074127435684204,0.7320338487625122,0.790569007396698,0.756140410900116,0.7520529627799988,0.7708209753036499,0.7425628304481506,0.7954161763191223,0.7395450472831726,0.8196786642074585,0.7324637770652771,0.8394378423690796,0.7893990278244019,0.8128725290298462,0.7746259570121765,0.8459601402282715,0.7529561519622803,0.8560340404510498,0.7360411882400513,0.8606387972831726,0.8113322257995605,0.8131675124168396,0.7959262728691101,0.848543107509613,0.7689604163169861,0.8535090684890747,0.749731183052063,0.8516091704368591,0.8194208145141602,0.8104912638664246,0.8039095997810364,0.8396748900413513,0.7794355750083923,0.8452590107917786,0.7616517543792725,0.8453452587127686,0.8181652426719666,0.8069968819618225,0.8067379593849182,0.8290554285049438,0.787503182888031,0.8349096179008484,0.7720176577568054,0.8352476358413696
0.5553021430969238,0.2596476972103119,0.5817059278488159,0.24022355675697327,0.5982049703598022,0.24027685821056366,0.6088622808456421,0.2403336763381958,0.5329713225364685,0.24083426594734192,0.5179377794265747,0.24176254868507385,0.503748893737793,0.24280467629432678,0.6305992007255554,0.25233131647109985,0.4911229908466339,0.2558313310146332,0.5840402245521545,0.2847023606300354,0.5251914262771606,0.2840464115142822,0.7413927912712097,0.3920525908470154,0.39804667234420776,0.3808702826499939,0.7699434161186218,0.5766912698745728,0.3370846211910248,0.5475698113441467,0.7876266241073608,0.7493885159492493,0.3179827034473419,0.6697579622268677,0.807485818862915,0.8039983510971069,0.30926111340522766,0.7273534536361694,0.7742235660552979,0.8055316209793091,0.3424704074859619,0.7288727760314941,0.7600286602973938,0.7924226522445679,0.35642531514167786,0.715401291847229,0.31850510835647583,0.6703025102615356,0.3662983775138855,0.6876059770584106,0.38322409987449646,0.7167868614196777,0.3782559335231781,0.7448181509971619,0.37391096353530884,0.7639058828353882,0.3461620509624481,0.7341490983963013,0.35102587938308716,0.7707883715629578,0.3540833294391632,0.7904685139656067,0.355684757232666,0.8058325052261353,0.3122534453868866,0.7333106994628906,0.318560928106308,0.76695317029953,0.3283999562263489,0.7802342176437378,0.33515042066574097,0.7884892821311951,0.2884485125541687,0.7281172275543213,0.3011094927787781,0.7544568777084351,0.3164413273334503,0.7533276677131653,0.3251701891422272,0.746773898601532,0.27423110604286194,0.722740650177002,0.2884002923965454,0.7420322299003601,0.3017788231372833,0.740165650844574,0.3087961673736572,0.7334111928939819,0.7907965183258057,0.755918025970459,0.7522492408752441,0.7705569267272949,0.7426521182060242,0.7951655387878418,0.7395718693733215,0.8194915056228638,0.7325599193572998,0.8393370509147644,0.7893957495689392,0.8127612471580505,0.7746402025222778,0.8459405899047852,0.7528930306434631,0.8560554385185242,0.735948920249939,0.8606520891189575,0.8112561702728271,0.813093364238739,0.7959630489349365,0.8485133647918701,0.7690205574035645,0.853518009185791,0.7498109340667725,0.8516148924827576,0.8192503452301025,0.8104767799377441,0.8037525415420532,0.8396661877632141,0.7793008089065552,0.8452345132827759,0.7615545392036438,0.8452965021133423,0.8178708553314209,0.8070535063743591,0.8064531087875366,0.8291079998016357,0.7872416973114014,0.8349515199661255,0.7717772126197815,0.8352721333503723
0.555371880531311,0.25950556993484497,0.581680178642273,0.24000486731529236,0.5981941819190979,0.23997202515602112,0.6088927388191223,0.23995836079120636,0.5329846739768982,0.2407231628894806,0.5179401636123657,0.24167056381702423,0.5037688612937927,0.24277731776237488,0.6305751800537109,0.25201159715652466,0.49114900827407837,0.2558283805847168,0.5844035148620605,0.284368097782135,0.5254431962966919,0.2838553786277771,0.7416301965713501,0.3915749192237854,0.39797109365463257,0.38105452060699463,0.7699711322784424,0.5766926407814026,0.34188610315322876,0.5488342046737671,0.7876371741294861,0.7493297457695007,0.3127610683441162,0.6855030655860901,0.8076077103614807,0.8039098978042603,0.3023800551891327,0.7426062822341919,0.7742499709129333,0.8055217862129211,0.33347541093826294,0.7458152174949646,0.7600465416908264,0.7924053072929382,0.34683436155319214,0.7299029231071472,0.3132939636707306,0.6834837198257446,0.36052173376083374,0.7030189037322998,0.37259963154792786,0.7312597036361694,0.36659589409828186,0.7585563063621521,0.3673439025878906,0.7794334888458252,0.3329736888408661,0.7503201365470886,0.34010371565818787,0.7860902547836304,0.34274566173553467,0.8049090504646301,0.34459492564201355,0.8196173310279846,0.30024412274360657,0.7496610283851624,0.30123651027679443,0.7822204828262329,0.31018340587615967,0.7975906729698181,0.3189105689525604,0.8068070411682129,0.2784704864025116,0.7440755367279053,0.2904798984527588,0.7691757082939148,0.3091456890106201,0.7727558612823486,0.3228953778743744,0.7701717615127563,0.26593124866485596,0.7376803755760193,0.2807460427284241,0.7542155981063843,0.297410786151886,0.7556409239768982,0.3098374903202057,0.7522622346878052,0.7910321950912476,0.7556833624839783,0.7527717351913452,0.7707029581069946,0.7428157925605774,0.795443058013916,0.7395451068878174,0.8196176290512085,0.7329369187355042,0.839419424533844,0.7903087139129639,0.8130398392677307,0.7752634286880493,0.8457175493240356,0.754021167755127,0.8558034300804138,0.7371425628662109,0.8607162833213806,0.8121588826179504,0.813293993473053,0.7968838214874268,0.8480305075645447,0.7705495953559875,0.8530114889144897,0.7513455748558044,0.8511145114898682,0.8201843500137329,0.810448944568634,0.8051797151565552,0.8392027020454407,0.7808958292007446,0.8447490334510803,0.7629737257957458,0.8448319435119629,0.8187618851661682,0.8067881464958191,0.8078957796096802,0.8286289572715759,0.7889134883880615,0.8343871831893921,0.7733887434005737,0.8346492648124695
0.5553908348083496,0.2594389021396637,0.5815308094024658,0.23989145457744598,0.5980815887451172,0.23980167508125305,0.6089070439338684,0.23975054919719696,0.5329959392547607,0.24067500233650208,0.5179203152656555,0.2416464388370514,0.5037723183631897,0.24277260899543762,0.6304756999015808,0.2517326772212982,0.4911850392818451,0.2558266520500183,0.5844849944114685,0.28420209884643555,0.5254941582679749,0.28377223014831543,0.741767942905426,0.3911406695842743,0.3979347348213196,0.38107579946517944,0.770077109336853,0.5769367218017578,0.3439576029777527,0.5537427067756653,0.7876461744308472,0.7493398189544678,0.30796656012535095,0.7041706442832947,0.8080620765686035,0.8037691116333008,0.2917056381702423,0.7614187002182007,0.7743479609489441,0.8054755926132202,0.3240967094898224,0.7653066515922546,0.760058581829071,0.7923559546470642,0.33821049332618713,0.748982310295105,0.299418181180954,0.7011144161224365,0.3456410765647888,0.723266065120697,0.3579787313938141,0.7522923946380615,0.3546675443649292,0.7798299193382263,0.3572058379650116,0.8013914227485657,0.3174208700656891,0.774594783782959,0.3240869343280792,0.8077090382575989,0.329185426235199,0.8255871534347534,0.33351513743400574,0.8405156135559082,0.2862563133239746,0.7739480137825012,0.2955241799354553,0.8045153617858887,0.30845406651496887,0.819919764995575,0.320216566324234,0.8301001787185669,0.2671433687210083,0.7689050436019897,0.2793889343738556,0.7941848635673523,0.293617308139801,0.8077468872070312,0.3061244785785675,0.8157904148101807,0.25716665387153625,0.7634032368659973,0.270376592874527,0.78285813331604,0.28512078523635864,0.7929753661155701,0.29869702458381653,0.7986971139907837,0.7925078868865967,0.7556064128875732,0.7539923191070557,0.7710829377174377,0.743812620639801,0.7959873080253601,0.740173876285553,0.8198914527893066,0.7342333197593689,0.839157223701477,0.7919718027114868,0.8120635151863098,0.7766083478927612,0.8449808359146118,0.7558296322822571,0.8553751707077026,0.7394100427627563,0.8605630993843079,0.8138517737388611,0.8124675154685974,0.7984194755554199,0.8476558923721313,0.7720122933387756,0.8527827858924866,0.7527932524681091,0.85101318359375,0.821880578994751,0.8099493980407715,0.8064516186714172,0.83908611536026,0.7820703983306885,0.8447178602218628,0.7642276287078857,0.8448314666748047,0.8204062581062317,0.806527316570282,0.8090007901191711,0.8284869194030762,0.7899004220962524,0.8343162536621094,0.7743338942527771,0.8347094655036926
0.5554012060165405,0.25938329100608826,0.5814005732536316,0.2398025244474411,0.5979852676391602,0.23967142403125763,0.6089182496070862,0.2395942658185959,0.533002495765686,0.24062976241111755,0.5178949236869812,0.24161939322948456,0.503773033618927,0.2427685260772705,0.6304023265838623,0.2515278458595276,0.49121415615081787,0.25582438707351685,0.5845323801040649,0.2840670943260193,0.5255167484283447,0.28369981050491333,0.7419586181640625,0.3908035159111023,0.3978961110115051,0.3811028301715851,0.7701531052589417,0.5770963430404663,0.34522536396980286,0.5561209917068481,0.7876530289649963,0.7493346929550171,0.30622565746307373,0.7062855958938599,0.8083383440971375,0.8036355972290039,0.28891339898109436,0.7634640336036682,0.7744036316871643,0.8054344058036804,0.32159778475761414,0.7671672701835632,0.7600727677345276,0.7923080921173096,0.33567923307418823,0.7506871223449707,0.30308887362480164,0.7050197124481201,0.3470463454723358,0.7254733443260193,0.35830989480018616,0.7534694075584412,0.3536299467086792,0.7799662947654724,0.3559624254703522,0.8008543848991394,0.3177642524242401,0.7760232090950012,0.32294324040412903,0.8093297481536865,0.32803013920783997,0.8264009356498718,0.33120134472846985,0.840133786201477,0.2870580554008484,0.7742529511451721,0.29654812812805176,0.8055614829063416,0.30910438299179077,0.8187387585639954,0.31913214921951294,0.826616108417511,0.2680376172065735,0.7684421539306641,0.28027135133743286,0.7950294017791748,0.2933252155780792,0.8072757720947266,0.30414366722106934,0.813759982585907,0.25768470764160156,0.7624597549438477,0.27104076743125916,0.7823939323425293,0.2856273651123047,0.7919211387634277,0.2988729178905487,0.797105610370636,0.7923733592033386,0.7560441493988037,0.7540554404258728,0.7712111473083496,0.7442143559455872,0.7957888841629028,0.740854024887085,0.8197528719902039,0.7346742153167725,0.8391265273094177,0.7919952869415283,0.8126179575920105,0.7765706777572632,0.8451970815658569,0.7557151913642883,0.8552406430244446,0.7393072843551636,0.8601258397102356,0.813599169254303,0.8128477931022644,0.7983471155166626,0.8477391600608826,0.7725204229354858,0.85279381275177,0.7538988590240479,0.8511828780174255,0.8216581344604492,0.8101084232330322,0.8064581751823425,0.8390533924102783,0.78275066614151,0.84481281042099,0.7653392553329468,0.8451460003852844,0.8203755617141724,0.8065402507781982,0.8092818856239319,0.8285489082336426,0.7906368374824524,0.834534227848053,0.7754511833190918,0.8351218104362488
0.5554101467132568,0.25917237997055054,0.5812758803367615,0.2394329011440277,0.5979058742523193,0.23921576142311096,0.6089200973510742,0.2390296906232834,0.5329756140708923,0.24045264720916748,0.5177736282348633,0.24150419235229492,0.5037271976470947,0.2427312135696411,0.6303256154060364,0.2509005665779114,0.491235613822937,0.25580307841300964,0.5846222043037415,0.2838415801525116,0.5255573391914368,0.28358933329582214,0.7424811720848083,0.3906351327896118,0.39781010150909424,0.3814147412776947,0.7704899311065674,0.5779121518135071,0.3456423580646515,0.5600337386131287,0.7877205014228821,0.7496305108070374,0.30438482761383057,0.7213958501815796,0.8087642192840576,0.8036229014396667,0.2868904173374176,0.7781407833099365,0.7746080160140991,0.805425763130188,0.3167789578437805,0.7795788645744324,0.7601378560066223,0.7923017144203186,0.33025357127189636,0.7629585266113281,0.2914169132709503,0.7205713987350464,0.3351731598377228,0.7433857321739197,0.3458753824234009,0.7712359428405762,0.3425639271736145,0.7964847087860107,0.34470921754837036,0.8163265585899353,0.299259752035141,0.7916589975357056,0.30692508816719055,0.8230345845222473,0.3156324326992035,0.8379775285720825,0.3217903971672058,0.8500766754150391,0.27117660641670227,0.7892595529556274,0.28318893909454346,0.81882244348526,0.29870790243148804,0.8301823735237122,0.3112940490245819,0.8357250094413757,0.25528377294540405,0.7829471230506897,0.269025981426239,0.8078543543815613,0.28447437286376953,0.818821132183075,0.29694104194641113,0.8240575790405273,0.24752044677734375,0.7766590118408203,0.26065462827682495,0.795120358467102,0.2762913405895233,0.8039738535881042,0.28925952315330505,0.8082189559936523,0.7931609749794006,0.7559643387794495,0.7548220753669739,0.771512508392334,0.7451070547103882,0.7966079711914062,0.7418831586837769,0.820233941078186,0.7355571389198303,0.8392229080200195,0.7930203080177307,0.8130990862846375,0.7776679992675781,0.8451247811317444,0.7568773031234741,0.8550616502761841,0.7406354546546936,0.8599207401275635,0.8145214915275574,0.8131430745124817,0.7991803288459778,0.8473271131515503,0.7732661962509155,0.8523505926132202,0.754455029964447,0.8507034182548523,0.822318971157074,0.8101681470870972,0.8074279427528381,0.8384727239608765,0.7837628722190857,0.8441771268844604,0.7663193941116333,0.8445405960083008,0.8206332921981812,0.8063300251960754,0.8099371194839478,0.8278962969779968,0.7916526794433594,0.8337991833686829,0.77663254737854,0.8343599438667297
0.5553909540176392,0.2589556872844696,0.5810980796813965,0.23904046416282654,0.597798228263855,0.23876532912254333,0.6089080572128296,0.23848924040794373,0.5328196883201599,0.24023917317390442,0.5173792243003845,0.24134249985218048,0.503572940826416,0.24263708293437958,0.630178689956665,0.25030896067619324,0.4911680519580841,0.2557249963283539,0.5846742987632751,0.2836727499961853,0.5255751609802246,0.28348031640052795,0.7427851557731628,0.39060178399086,0.3973204791545868,0.38240721821784973,0.7707540988922119,0.5783845782279968,0.34546059370040894,0.5656381845474243,0.7880904078483582,0.7502843141555786,0.2974420487880707,0.7332292795181274,0.8095966577529907,0.8036368489265442,0.2790560722351074,0.7850344181060791,0.7752564549446106,0.805428683757782,0.30637750029563904,0.7860725522041321,0.7605416178703308,0.7923442721366882,0.3189939856529236,0.7718955278396606,0.2856333553791046,0.7304713129997253,0.32521820068359375,0.7525473833084106,0.33449944853782654,0.779750645160675,0.33231744170188904,0.8038707971572876,0.3346961438655853,0.8233914375305176,0.28775495290756226,0.7984974384307861,0.29595276713371277,0.8297085165977478,0.30473756790161133,0.8446090817451477,0.31100180745124817,0.8570345640182495,0.2616817355155945,0.7959244847297668,0.2752354145050049,0.8249845504760742,0.29051363468170166,0.836493730545044,0.30285516381263733,0.8428381085395813,0.24836762249469757,0.790303111076355,0.263811856508255,0.8141103386878967,0.27975645661354065,0.8240607380867004,0.2919062674045563,0.828937292098999,0.24291959404945374,0.7856063842773438,0.2571106553077698,0.8041879534721375,0.2736247777938843,0.8126996755599976,0.28603941202163696,0.8168482780456543,0.7933548092842102,0.7561289072036743,0.755630612373352,0.7708742618560791,0.7468175888061523,0.7956517338752747,0.7434362769126892,0.8196119666099548,0.7369817495346069,0.839059591293335,0.7940493822097778,0.8130877614021301,0.7787437438964844,0.845167338848114,0.7582096457481384,0.8551459312438965,0.7422665953636169,0.8599799275398254,0.8150346875190735,0.8130258917808533,0.8004578948020935,0.8473581671714783,0.7748650312423706,0.8523582816123962,0.756229043006897,0.8507174253463745,0.8222637176513672,0.8098779320716858,0.807263195514679,0.8381896018981934,0.7838219404220581,0.8436511158943176,0.7666727304458618,0.8439239263534546,0.8200956583023071,0.806106686592102,0.8095492124557495,0.8274242877960205,0.7912487983703613,0.8331118822097778,0.77631676197052,0.833634614944458
0.5554260611534119,0.25874215364456177,0.5810940265655518,0.23867425322532654,0.597801923751831,0.23836104571819305,0.6089174747467041,0.23803338408470154,0.5328108668327332,0.24002206325531006,0.5172954201698303,0.24114815890789032,0.5035238265991211,0.24250376224517822,0.63014817237854,0.2497931271791458,0.4911382496356964,0.2555959224700928,0.5849416255950928,0.2835274636745453,0.5255952477455139,0.2833869457244873,0.7432449460029602,0.3905123770236969,0.3968540132045746,0.38302919268608093,0.7710111141204834,0.5788547992706299,0.34539565443992615,0.5695332884788513,0.7883561849594116,0.7506260275840759,0.29274439811706543,0.7392742037773132,0.8104068040847778,0.8036355972290039,0.27192503213882446,0.7899273633956909,0.7759848833084106,0.8054248690605164,0.3002113997936249,0.7908074855804443,0.7609421610832214,0.7923502326011658,0.3125389814376831,0.7774351835250854,0.284015953540802,0.732516884803772,0.32272255420684814,0.7539355158805847,0.33112770318984985,0.7814122438430786,0.3272143602371216,0.8053557872772217,0.3286393880844116,0.8249856233596802,0.28312987089157104,0.8004921078681946,0.2909850478172302,0.8305065035820007,0.2999192476272583,0.8442907929420471,0.3064839839935303,0.8564562201499939,0.2571791410446167,0.7967867851257324,0.27039197087287903,0.8232384920120239,0.2881849408149719,0.8341426253318787,0.3027017116546631,0.84017014503479,0.2455250769853592,0.7897876501083374,0.25974881649017334,0.8116092681884766,0.27718594670295715,0.8198362588882446,0.29094448685646057,0.8234211206436157,0.24176135659217834,0.7842395901679993,0.253777414560318,0.801392138004303,0.2706202268600464,0.8088839054107666,0.28407272696495056,0.8120836019515991,0.794426679611206,0.7559824585914612,0.7561818361282349,0.7704142928123474,0.7470605373382568,0.7956823706626892,0.7439181804656982,0.8196476101875305,0.7375670671463013,0.8390509486198425,0.7940946221351624,0.8130430579185486,0.7795854210853577,0.8453901410102844,0.7589792013168335,0.85550856590271,0.7429918646812439,0.860497236251831,0.8151759505271912,0.813388466835022,0.7999700307846069,0.8477222919464111,0.7737026214599609,0.852499783039093,0.7549936771392822,0.8507155179977417,0.8226519823074341,0.8108168244361877,0.8077999353408813,0.8395063281059265,0.783638060092926,0.8448500037193298,0.7661293745040894,0.8449535369873047,0.8208321332931519,0.8075345158576965,0.8102383017539978,0.8297752737998962,0.7915148138999939,0.8357105255126953,0.7763625979423523,0.836388885974884
0.5554594397544861,0.2585693597793579,0.581091046333313,0.2383832484483719,0.5978056192398071,0.2380439043045044,0.60892653465271,0.23767893016338348,0.5328044295310974,0.23983833193778992,0.5172320008277893,0.2409769743680954,0.5034880638122559,0.24237799644470215,0.6301063299179077,0.24936838448047638,0.49111905694007874,0.25547274947166443,0.5851274132728577,0.2834056615829468,0.5256125330924988,0.2833046019077301,0.7436593770980835,0.3904648423194885,0.3963334858417511,0.3835086226463318,0.7711026668548584,0.5793243646621704,0.345342755317688,0.5714260339736938,0.7884463667869568,0.7509835362434387,0.2906111478805542,0.7409560084342957,0.8109506964683533,0.8036571741104126,0.2695305645465851,0.7910462617874146,0.776470422744751,0.8054391741752625,0.29835885763168335,0.7917883992195129,0.761172890663147,0.7923862338066101,0.3104915916919708,0.7784808874130249,0.2840576767921448,0.7335273027420044,0.32137158513069153,0.753815233707428,0.3307129740715027,0.780827522277832,0.3283199369907379,0.8050727844238281,0.3298547565937042,0.8245182037353516,0.28433865308761597,0.799754798412323,0.2924801707267761,0.8304644227027893,0.30074432492256165,0.8441818952560425,0.30593326687812805,0.8563632369041443,0.2579364776611328,0.7965031862258911,0.27122509479522705,0.8237947225570679,0.2895045876502991,0.8328072428703308,0.30375370383262634,0.836667537689209,0.24587902426719666,0.789638876914978,0.26085248589515686,0.8123824596405029,0.278956800699234,0.8186342120170593,0.2926982343196869,0.819922149181366,0.2417483627796173,0.7839792370796204,0.25346967577934265,0.8013734817504883,0.2705671191215515,0.8073674440383911,0.28410568833351135,0.8084908127784729,0.7943366169929504,0.7559108138084412,0.7563886046409607,0.7703907489776611,0.7469422221183777,0.7954742908477783,0.7436796426773071,0.8194543719291687,0.7376983165740967,0.8390272259712219,0.7941638827323914,0.813105046749115,0.7798280715942383,0.8456336855888367,0.7589430212974548,0.8557717800140381,0.7427509427070618,0.8607376217842102,0.8152003884315491,0.813308596611023,0.8001924753189087,0.8479047417640686,0.773699939250946,0.8527330756187439,0.7547987699508667,0.8507768511772156,0.8226657509803772,0.810560941696167,0.8078164458274841,0.839372456073761,0.7835032343864441,0.8447571396827698,0.765923023223877,0.8447897434234619,0.8208815455436707,0.8071693778038025,0.8104321956634521,0.8294144868850708,0.791591227054596,0.8353819251060486,0.7763643264770508,0.8360223770141602
0.5557118654251099,0.258389949798584,0.5811823606491089,0.2380618304014206,0.5979139804840088,0.23769180476665497,0.608988881111145,0.23729905486106873,0.5328668355941772,0.2396058291196823,0.5172500014305115,0.240727499127388,0.5034917593002319,0.24215681850910187,0.6301054358482361,0.24892255663871765,0.4911222755908966,0.25521746277809143,0.5854642391204834,0.28326958417892456,0.5257571339607239,0.28321534395217896,0.7440348863601685,0.3903278112411499,0.3957972526550293,0.38377779722213745,0.7711799740791321,0.5794671177864075,0.34515464305877686,0.5718092322349548,0.7887958884239197,0.7514334917068481,0.289389431476593,0.7407538294792175,0.8116244673728943,0.803695023059845,0.2655266523361206,0.7905904054641724,0.776803731918335,0.8054666519165039,0.2947311997413635,0.7916029095649719,0.7614101767539978,0.7924600839614868,0.3071447014808655,0.7786824703216553,0.2835328280925751,0.7346943020820618,0.3206177055835724,0.755670428276062,0.3275449872016907,0.7832092642784119,0.32342222332954407,0.8064174652099609,0.323666512966156,0.8249621391296387,0.2796785533428192,0.801206111907959,0.28748273849487305,0.8305976390838623,0.2971571385860443,0.8430174589157104,0.303325891494751,0.8538564443588257,0.2542077600955963,0.7968014478683472,0.2674931287765503,0.8223205208778381,0.2859412431716919,0.8289934396743774,0.29973751306533813,0.8303395509719849,0.24336712062358856,0.7891730070114136,0.2585042119026184,0.8098223805427551,0.2766239047050476,0.8149639964103699,0.28942692279815674,0.8155804872512817,0.24003265798091888,0.7833478450775146,0.25314104557037354,0.799044132232666,0.270414799451828,0.8036385774612427,0.2825472950935364,0.8036614060401917,0.7957112789154053,0.7556352615356445,0.7565504312515259,0.7709022760391235,0.7469212412834167,0.796315610408783,0.743966817855835,0.8201936483383179,0.7380731105804443,0.8394261002540588,0.7946956753730774,0.813079833984375,0.7793723344802856,0.845472514629364,0.7594398856163025,0.856173038482666,0.7438181042671204,0.8617826700210571,0.8160196542739868,0.8132165670394897,0.8010261654853821,0.8477404117584229,0.7756935358047485,0.8537924885749817,0.7567368149757385,0.8530004024505615,0.8239650726318359,0.8105131387710571,0.8093901872634888,0.8393226861953735,0.7860969305038452,0.8455491662025452,0.7685885429382324,0.8465003967285156,0.8224779367446899,0.8071494102478027,0.8118177056312561,0.8295198678970337,0.7935751676559448,0.8362398743629456,0.7783876657485962,0.8376497030258179
0.5558843016624451,0.2582544684410095,0.5812546610832214,0.2378368377685547,0.5980049967765808,0.23744995892047882,0.609047532081604,0.2370423972606659,0.5329028367996216,0.23942825198173523,0.5172532796859741,0.24054041504859924,0.503492534160614,0.24198928475379944,0.630110502243042,0.24861803650856018,0.4911222755908966,0.2550264000892639,0.5857200026512146,0.2831704318523407,0.5258381366729736,0.2831438481807709,0.74442458152771,0.3902210295200348,0.3952934741973877,0.3839460611343384,0.7712855935096741,0.5795655846595764,0.34501364827156067,0.571836531162262,0.7891486883163452,0.7517971396446228,0.28897854685783386,0.7402696013450623,0.8122246861457825,0.8037397265434265,0.2641475796699524,0.7904530763626099,0.7770853638648987,0.8054960370063782,0.29360559582710266,0.7916023135185242,0.7616113424301147,0.7925279140472412,0.3060815930366516,0.7786828279495239,0.28410083055496216,0.7354522943496704,0.31972867250442505,0.7560368180274963,0.3278244137763977,0.7827815413475037,0.32426249980926514,0.8060034513473511,0.3246326744556427,0.8246079087257385,0.28102385997772217,0.8006408214569092,0.2886620759963989,0.8306522965431213,0.29739609360694885,0.8434320092201233,0.30283623933792114,0.8545992970466614,0.25494465231895447,0.7965343594551086,0.2675795555114746,0.8228654265403748,0.28527775406837463,0.8304157257080078,0.2988053262233734,0.8325296640396118,0.24327555298805237,0.7891421914100647,0.25716927647590637,0.8107624650001526,0.2742200195789337,0.8163778781890869,0.28712913393974304,0.8171383738517761,0.2388913780450821,0.7831741571426392,0.24971741437911987,0.7995318174362183,0.26606205105781555,0.8049104809761047,0.27870410680770874,0.8053030371665955,0.7953141331672668,0.7556357979774475,0.7564008235931396,0.7708387970924377,0.7471426725387573,0.79618239402771,0.7442150115966797,0.8200432658195496,0.7382036447525024,0.8392615914344788,0.7949812412261963,0.8132197856903076,0.7798317074775696,0.8455695509910583,0.7597156167030334,0.856137752532959,0.7440133690834045,0.8616724610328674,0.8159636855125427,0.8132848143577576,0.8010278940200806,0.847734808921814,0.7754248976707458,0.8536022305488586,0.7563443779945374,0.8525961637496948,0.8236086964607239,0.8104674220085144,0.8089053630828857,0.8391588926315308,0.7852774262428284,0.8452733755111694,0.7676225900650024,0.8460724949836731,0.8218765258789062,0.807062029838562,0.8113191723823547,0.829330325126648,0.7930117249488831,0.8359620571136475,0.7777960300445557,0.8372492790222168
0.5560082197189331,0.2581341862678528,0.581308126449585,0.2376241683959961,0.5980775356292725,0.23723328113555908,0.6090961694717407,0.23681578040122986,0.5329254865646362,0.2392382174730301,0.5172527432441711,0.24033060669898987,0.503493070602417,0.24177750945091248,0.6301126480102539,0.24836066365242004,0.49111679196357727,0.25481560826301575,0.5858698487281799,0.28309765458106995,0.525888204574585,0.2830764353275299,0.7447398900985718,0.3900562822818756,0.3948819935321808,0.3839815855026245,0.7713799476623535,0.5795722603797913,0.34496355056762695,0.5715464353561401,0.7897547483444214,0.7518531680107117,0.2889883816242218,0.7394675016403198,0.8128178119659424,0.8037387728691101,0.26377028226852417,0.7899702787399292,0.7773605585098267,0.8054952621459961,0.2932628095149994,0.7911427617073059,0.7618544697761536,0.7925275564193726,0.3057718575000763,0.7780402898788452,0.2846689522266388,0.7353546619415283,0.3203401267528534,0.755752444267273,0.3278341293334961,0.7825689315795898,0.32399648427963257,0.8056698441505432,0.3236849308013916,0.8240382075309753,0.281460165977478,0.800139307975769,0.2884148061275482,0.8302304744720459,0.2973458468914032,0.8429255485534668,0.3032366931438446,0.8538932800292969,0.25565844774246216,0.7963038682937622,0.2673921585083008,0.8231577277183533,0.2852455973625183,0.8316577672958374,0.2995351552963257,0.834586501121521,0.2440185397863388,0.7892063856124878,0.2570165693759918,0.8113347291946411,0.2742311358451843,0.817785918712616,0.2877257764339447,0.8193777203559875,0.23964782059192657,0.7834375500679016,0.25009799003601074,0.7999144196510315,0.2664710283279419,0.8061715364456177,0.2797037661075592,0.8075005412101746,0.795377254486084,0.7562779188156128,0.756406843662262,0.7710843682289124,0.7473337054252625,0.7964751720428467,0.7444534301757812,0.8205777406692505,0.7380188703536987,0.839694619178772,0.7949205636978149,0.8129288554191589,0.7795501947402954,0.8460213541984558,0.7596017718315125,0.8567728996276855,0.7443356513977051,0.8624398112297058,0.8162310123443604,0.8133430480957031,0.8008577823638916,0.8484998941421509,0.7750919461250305,0.853951096534729,0.7564736604690552,0.8526512980461121,0.8239402770996094,0.8109534382820129,0.8089719414710999,0.8400527238845825,0.7853732109069824,0.8457549214363098,0.768153965473175,0.8461843132972717,0.8223327398300171,0.8078603744506836,0.8116967678070068,0.8303210735321045,0.7933149337768555,0.8366236686706543,0.7784192562103271,0.8375438451766968
0.556069016456604,0.2579994201660156,0.5813356041908264,0.23747289180755615,0.5981227159500122,0.23709411919116974,0.6091349124908447,0.2366810142993927,0.5329321026802063,0.23907332122325897,0.5172451138496399,0.24014122784137726,0.5034881234169006,0.24157102406024933,0.6301159858703613,0.24823734164237976,0.4910951852798462,0.2546136975288391,0.5859460830688477,0.2830254137516022,0.5259131789207458,0.2830028533935547,0.7449893355369568,0.38993269205093384,0.3946576416492462,0.38400304317474365,0.7714270949363708,0.5795363783836365,0.34485501050949097,0.5712286233901978,0.7903671860694885,0.7519491910934448,0.28974926471710205,0.7392055988311768,0.8134161829948425,0.8037577867507935,0.264931857585907,0.7897129058837891,0.7776510715484619,0.8054996728897095,0.29376423358917236,0.7908535599708557,0.7621808648109436,0.792534351348877,0.30633872747421265,0.7775962352752686,0.28618520498275757,0.7352868318557739,0.3211718201637268,0.7552288770675659,0.3284408450126648,0.7823957800865173,0.32492947578430176,0.8059589862823486,0.3248608708381653,0.8243832588195801,0.2808995544910431,0.7993140816688538,0.28887954354286194,0.8298895955085754,0.29833534359931946,0.8423608541488647,0.30491548776626587,0.8530237674713135,0.2563929259777069,0.7958922982215881,0.27000370621681213,0.8232130408287048,0.2888863682746887,0.831866979598999,0.3043363392353058,0.8351448178291321,0.24609772861003876,0.7896903157234192,0.2614136338233948,0.8125079870223999,0.27965882420539856,0.8187059164047241,0.29428911209106445,0.8201441168785095,0.24280275404453278,0.7848576903343201,0.25376784801483154,0.8016641736030579,0.27060380578041077,0.8082277178764343,0.28466999530792236,0.809833288192749,0.7955340147018433,0.7563741207122803,0.7567065358161926,0.7711800336837769,0.7474802136421204,0.7965928316116333,0.7445493340492249,0.8207049369812012,0.7387924790382385,0.8400159478187561,0.7954692840576172,0.813489556312561,0.7801849842071533,0.8464152812957764,0.7598305344581604,0.8572511076927185,0.7440149188041687,0.8628795146942139,0.8168420791625977,0.8138447403907776,0.801359236240387,0.8486970067024231,0.7755202054977417,0.8542930483818054,0.7566938996315002,0.8530912399291992,0.8246527314186096,0.8113387227058411,0.8098984360694885,0.8403677344322205,0.7862304449081421,0.8463796377182007,0.7686183452606201,0.8470739126205444,0.8230584859848022,0.8080641627311707,0.8122902512550354,0.8304737210273743,0.7939025163650513,0.8370236754417419,0.7787526249885559,0.8382760286331177
0.5561239719390869,0.25790467858314514,0.5813429951667786,0.23735234141349792,0.5981358289718628,0.23697862029075623,0.6091483235359192,0.23656482994556427,0.5329396724700928,0.23895926773548126,0.5172427892684937,0.2400219738483429,0.5034883618354797,0.24145424365997314,0.6301102042198181,0.24810262024402618,0.4910963773727417,0.2544945478439331,0.5860386490821838,0.2829533517360687,0.525933027267456,0.28294050693511963,0.7455344200134277,0.3898959755897522,0.394537091255188,0.3841853737831116,0.7714909315109253,0.5795227289199829,0.3447326123714447,0.5710789561271667,0.7908242344856262,0.7521123886108398,0.2902136445045471,0.7384827733039856,0.8138978481292725,0.8037829399108887,0.26600489020347595,0.7899652719497681,0.7780233025550842,0.8055063486099243,0.2942776679992676,0.7908426523208618,0.7625613808631897,0.7925442457199097,0.30671143531799316,0.7772073745727539,0.286734014749527,0.7354143857955933,0.32202279567718506,0.7555574178695679,0.32961538434028625,0.7830769419670105,0.3261389136314392,0.806964099407196,0.32641246914863586,0.8254415988922119,0.28094562888145447,0.7993870973587036,0.2894110381603241,0.8300468921661377,0.2992613613605499,0.8427218794822693,0.30615249276161194,0.8536460399627686,0.25662466883659363,0.7960659861564636,0.27153652906417847,0.8232419490814209,0.2902233600616455,0.8327426910400391,0.30573010444641113,0.8370931148529053,0.24666836857795715,0.7901471257209778,0.26343774795532227,0.8128465414047241,0.2814573049545288,0.8197351694107056,0.2959540784358978,0.8219867944717407,0.2438189685344696,0.7856854796409607,0.2562621235847473,0.8026708364486694,0.2731552720069885,0.8096040487289429,0.28711092472076416,0.8117642402648926,0.7957466840744019,0.756150484085083,0.7567501068115234,0.7715006470680237,0.7473781704902649,0.7971497774124146,0.7442964315414429,0.8210853934288025,0.7382490038871765,0.8402683734893799,0.7951380610466003,0.8139017224311829,0.7804753184318542,0.8462934494018555,0.7603687644004822,0.8568236231803894,0.7447975873947144,0.8623026013374329,0.8165950775146484,0.8139787912368774,0.8012996315956116,0.8482819199562073,0.7757251858711243,0.8531243205070496,0.7574264407157898,0.8514748215675354,0.8244674801826477,0.811176061630249,0.8101820349693298,0.8397878408432007,0.7866365313529968,0.84543776512146,0.7692746520042419,0.8458549380302429,0.8228863477706909,0.8076859712600708,0.8125889897346497,0.8298424482345581,0.7942827343940735,0.8359872698783875,0.7793647646903992,0.8368134498596191
0.5561639070510864,0.2578611969947815,0.5813469290733337,0.23731882870197296,0.5981428623199463,0.23694725334644318,0.6091575026512146,0.23653550446033478,0.532947838306427,0.23891465365886688,0.517240583896637,0.2399728000164032,0.5034882426261902,0.24141032993793488,0.630102813243866,0.24804165959358215,0.4911001920700073,0.2544398903846741,0.5861253142356873,0.2829080820083618,0.525955855846405,0.2829058766365051,0.7458770871162415,0.38988932967185974,0.3944653868675232,0.38425785303115845,0.7715455889701843,0.5795702934265137,0.3445875942707062,0.5712815523147583,0.7910254001617432,0.7523736953735352,0.2905714809894562,0.7384778261184692,0.8140431046485901,0.803865909576416,0.266975462436676,0.7910576462745667,0.778156042098999,0.8055703043937683,0.29538652300834656,0.791351854801178,0.7627248764038086,0.7926254868507385,0.30779126286506653,0.7775620222091675,0.28742432594299316,0.7357823848724365,0.32302844524383545,0.7558211088180542,0.3311081528663635,0.7832692265510559,0.3279431164264679,0.8071945309638977,0.3285778760910034,0.8259837031364441,0.2817521393299103,0.7992666959762573,0.29103800654411316,0.8302281498908997,0.30110087990760803,0.8429983854293823,0.3079361915588379,0.8541221022605896,0.2576514482498169,0.795885443687439,0.273155152797699,0.8237249851226807,0.29275327920913696,0.8330381512641907,0.3084724247455597,0.837182879447937,0.24831999838352203,0.7900039553642273,0.2658136188983917,0.8134313225746155,0.28456220030784607,0.8200876116752625,0.29894036054611206,0.8220764398574829,0.24615463614463806,0.7857271432876587,0.2592468559741974,0.8031861782073975,0.2767407298088074,0.8099276423454285,0.2905815839767456,0.8118194341659546,0.795270562171936,0.7561522126197815,0.756778359413147,0.7713264226913452,0.7478549480438232,0.7965614795684814,0.7443979382514954,0.8205700516700745,0.7378948330879211,0.8398294448852539,0.7949147820472717,0.8137993812561035,0.7801135182380676,0.8465064167976379,0.7598347067832947,0.8567522764205933,0.7440922260284424,0.8620018362998962,0.8164673447608948,0.8139523863792419,0.8006770610809326,0.8484143018722534,0.7746515274047852,0.8532204031944275,0.7558837532997131,0.8513431549072266,0.8244225382804871,0.8111127018928528,0.8092091083526611,0.8397141098976135,0.7850514054298401,0.8451504707336426,0.7672097086906433,0.8452242612838745,0.8230032920837402,0.8076912760734558,0.8119930028915405,0.829480767250061,0.7932920455932617,0.8354347944259644,0.7779507637023926,0.8361241221427917
0.5561763644218445,0.25779736042022705,0.5813493132591248,0.2372225522994995,0.5981485843658447,0.2368565797805786,0.6091699600219727,0.23644590377807617,0.5329484343528748,0.23882058262825012,0.5172185897827148,0.23988084495067596,0.5034843683242798,0.24132195115089417,0.6301087141036987,0.2479638159275055,0.4911043047904968,0.2543817460536957,0.5861845016479492,0.28286126255989075,0.5259779691696167,0.2828628420829773,0.7462021112442017,0.38988324999809265,0.3944525122642517,0.3842942416667938,0.7715877294540405,0.5798055529594421,0.3445129990577698,0.5711396932601929,0.7911348342895508,0.7525638341903687,0.29095903038978577,0.7373029589653015,0.8142001032829285,0.8040502667427063,0.26774585247039795,0.7910956144332886,0.7781962752342224,0.8057034611701965,0.2963116466999054,0.7914189100265503,0.7627735733985901,0.7927535176277161,0.30867713689804077,0.7774463891983032,0.2886964976787567,0.7364177703857422,0.32449397444725037,0.7562900185585022,0.33255231380462646,0.783909022808075,0.3294868767261505,0.8079604506492615,0.3302444815635681,0.8270783424377441,0.283229798078537,0.79969322681427,0.2931121587753296,0.8307203650474548,0.30316412448883057,0.8435689806938171,0.3094971776008606,0.854655385017395,0.25889694690704346,0.7964034676551819,0.27480366826057434,0.8243750333786011,0.2947751581668854,0.8336893916130066,0.310507208108902,0.8378005623817444,0.24927906692028046,0.7905672192573547,0.2659963071346283,0.8144075274467468,0.28517603874206543,0.8214294910430908,0.29988545179367065,0.823741614818573,0.24695174396038055,0.7862674593925476,0.25984707474708557,0.8039757609367371,0.27743908762931824,0.8111099600791931,0.2914811074733734,0.813329815864563,0.795427143573761,0.7562915682792664,0.7566652297973633,0.7712110877037048,0.7477624416351318,0.7965366840362549,0.7445665597915649,0.8205727338790894,0.7377446293830872,0.8398241400718689,0.7952115535736084,0.8139177560806274,0.7798912525177002,0.8464758992195129,0.759572446346283,0.8568766713142395,0.7439575791358948,0.8621711730957031,0.8164571523666382,0.814174473285675,0.800809383392334,0.8485828042030334,0.7747265100479126,0.8534992337226868,0.7557987570762634,0.8515631556510925,0.82413649559021,0.8114114999771118,0.8089592456817627,0.8399061560630798,0.7848365902900696,0.8453493714332581,0.7669501900672913,0.845397412776947,0.8224354982376099,0.8080607056617737,0.811549723148346,0.8297682404518127,0.7930009961128235,0.8357491493225098,0.7776812314987183,0.8364788293838501
0.5561947226524353,0.2577410638332367,0.5813454985618591,0.2371366024017334,0.598154604434967,0.23677441477775574,0.6091805696487427,0.2363557368516922,0.5329366326332092,0.2387370616197586,0.5171725749969482,0.2397996187210083,0.5034713745117188,0.24124360084533691,0.6301081776618958,0.24786989390850067,0.49110621213912964,0.25432288646698,0.5862047672271729,0.28281933069229126,0.5260009169578552,0.2828299403190613,0.746569037437439,0.3899393677711487,0.39434725046157837,0.38431456685066223,0.7716801166534424,0.5802099108695984,0.344473272562027,0.5710331201553345,0.79127436876297,0.7528287768363953,0.291248619556427,0.736413836479187,0.8143043518066406,0.8043071627616882,0.2683696746826172,0.7907482981681824,0.778268575668335,0.8059177398681641,0.29697176814079285,0.7911421060562134,0.76288241147995,0.7929562330245972,0.30922138690948486,0.7768915891647339,0.2898358404636383,0.7368969321250916,0.32489103078842163,0.7569785118103027,0.33295688033103943,0.7843079566955566,0.3308991491794586,0.8083312511444092,0.33128821849823,0.8276756405830383,0.2841079533100128,0.8002148866653442,0.2937348783016205,0.8309698104858398,0.3037848472595215,0.8440309762954712,0.3104786276817322,0.8553193211555481,0.2600121796131134,0.7972536087036133,0.2745610475540161,0.8252032399177551,0.29395562410354614,0.8348776698112488,0.3096219003200531,0.8392533659934998,0.2502240240573883,0.7916180491447449,0.2647787034511566,0.8154404163360596,0.2835724651813507,0.8229402303695679,0.2985122799873352,0.8256989121437073,0.24752305448055267,0.7875375151634216,0.25869542360305786,0.8053314685821533,0.2757624685764313,0.8127674460411072,0.2897770404815674,0.8154814839363098,0.7956772446632385,0.7562285661697388,0.7564945816993713,0.7713698744773865,0.7475845813751221,0.7968538403511047,0.7442660927772522,0.8209226727485657,0.7377821207046509,0.8401538133621216,0.7953330278396606,0.8139005899429321,0.7799296975135803,0.8464071750640869,0.7596773505210876,0.8568702340126038,0.7440178394317627,0.862139880657196,0.8165612816810608,0.8141881227493286,0.8014293313026428,0.8489071130752563,0.7754743099212646,0.8543106913566589,0.7563241720199585,0.8526527881622314,0.8242153525352478,0.8115177154541016,0.8092525005340576,0.8403390049934387,0.7851680517196655,0.8461833000183105,0.7672281265258789,0.8465100526809692,0.8224406242370605,0.8082733154296875,0.8116459250450134,0.8302574157714844,0.7930790781974792,0.8365565538406372,0.777661919593811,0.8375168442726135
0.5562105178833008,0.2576916515827179,0.5813331007957458,0.2370646744966507,0.5981561541557312,0.23670533299446106,0.609192967414856,0.23627951741218567,0.5329194664955139,0.23866841197013855,0.5171210765838623,0.23973198235034943,0.5034569501876831,0.24117577075958252,0.6301003098487854,0.24779370427131653,0.4911092519760132,0.2542722225189209,0.5862338542938232,0.2827787399291992,0.5260218977928162,0.282795250415802,0.7468236088752747,0.39001497626304626,0.3942330777645111,0.3843643069267273,0.7717298865318298,0.5804598927497864,0.3444271981716156,0.5709522366523743,0.7913624048233032,0.7530446648597717,0.2914762794971466,0.7359500527381897,0.8143443465232849,0.8045101165771484,0.26881614327430725,0.7905494570732117,0.7782938480377197,0.806083083152771,0.29743993282318115,0.7909846305847168,0.7629402279853821,0.7931166887283325,0.30963146686553955,0.7765930891036987,0.2902795076370239,0.7371129393577576,0.3251488208770752,0.7576478719711304,0.33289387822151184,0.7849228978157043,0.33096036314964294,0.8087552785873413,0.33139699697494507,0.8280333280563354,0.2837999165058136,0.8006181120872498,0.29331833124160767,0.8310388922691345,0.30352067947387695,0.8441044092178345,0.3106396496295929,0.8554812669754028,0.2600427567958832,0.79751056432724,0.2743411362171173,0.8249016404151917,0.2932811379432678,0.8351097106933594,0.3087972104549408,0.8401007652282715,0.25044819712638855,0.7917039394378662,0.26483312249183655,0.8150192499160767,0.2833358645439148,0.8228977918624878,0.2982504367828369,0.8261542320251465,0.24788334965705872,0.7874239683151245,0.259172648191452,0.8049142360687256,0.2761649787425995,0.8126484155654907,0.2901506721973419,0.8157917261123657,0.7958487272262573,0.7561553120613098,0.756499171257019,0.7713437080383301,0.7474045157432556,0.7968904972076416,0.7442806363105774,0.8209770917892456,0.738044261932373,0.840281069278717,0.7955430746078491,0.8137935996055603,0.7798457145690918,0.8463699221611023,0.7595965266227722,0.8571213483810425,0.7438151240348816,0.8627015948295593,0.8167579770088196,0.8140513896942139,0.8014046549797058,0.8486953377723694,0.7756194472312927,0.8545045852661133,0.7563426494598389,0.8533360362052917,0.8244353532791138,0.811381995677948,0.8094479441642761,0.8401769399642944,0.785742461681366,0.8464373350143433,0.7678081393241882,0.8473010063171387,0.8225392699241638,0.8081417083740234,0.8117267489433289,0.8302379846572876,0.7933876514434814,0.8369047045707703,0.7779595255851746,0.8383269309997559
0.5562198162078857,0.2576535940170288,0.5813352465629578,0.23700447380542755,0.5981685519218445,0.23664042353630066,0.6092157363891602,0.23620112240314484,0.5329155325889587,0.23863109946250916,0.5170899033546448,0.23970508575439453,0.5034418702125549,0.24116194248199463,0.6301023364067078,0.24772271513938904,0.49110543727874756,0.2542603611946106,0.5862810015678406,0.2827547490596771,0.526055097579956,0.28277140855789185,0.7471244931221008,0.3900633454322815,0.39402660727500916,0.3846340775489807,0.7720803022384644,0.5805245041847229,0.34437820315361023,0.5710226893424988,0.7915452122688293,0.7532367706298828,0.2916603982448578,0.7375714778900146,0.814505934715271,0.8046313524246216,0.2691602110862732,0.7919538021087646,0.7783612608909607,0.8062058687210083,0.29770809412002563,0.7923527956008911,0.7630410194396973,0.7932256460189819,0.3098670542240143,0.7782623767852783,0.2908954918384552,0.7375556826591492,0.3261111378669739,0.7578430771827698,0.3334639072418213,0.7849106788635254,0.3311535120010376,0.8090245127677917,0.33116424083709717,0.8286989331245422,0.2842201590538025,0.8007176518440247,0.29405638575553894,0.8318219780921936,0.30431896448135376,0.8447638750076294,0.3114224076271057,0.855952262878418,0.26004165410995483,0.7976123690605164,0.2749457359313965,0.8261393904685974,0.2941240072250366,0.8365673422813416,0.31009602546691895,0.8414628505706787,0.2502833902835846,0.7917518615722656,0.26546940207481384,0.8156381249427795,0.28424161672592163,0.8235251307487488,0.2994527518749237,0.8266634941101074,0.2474820911884308,0.7874373197555542,0.25946497917175293,0.8050241470336914,0.27689021825790405,0.8127378821372986,0.29125747084617615,0.8158512711524963,0.7955800294876099,0.7570689916610718,0.7566900253295898,0.7718338370323181,0.7476186752319336,0.7970705032348633,0.7446421384811401,0.8210435509681702,0.7382712364196777,0.8402854204177856,0.7955655455589294,0.8145598769187927,0.7800570726394653,0.8470480442047119,0.7600050568580627,0.85750812292099,0.7446599006652832,0.8630721569061279,0.8168448805809021,0.8149542808532715,0.8012828826904297,0.8496248126029968,0.7752370238304138,0.8547909259796143,0.7560920119285583,0.8531695604324341,0.8243439793586731,0.8124064207077026,0.8087900280952454,0.8412503600120544,0.7844992876052856,0.8467322587966919,0.7664674520492554,0.8468682765960693,0.822471022605896,0.809337854385376,0.8112829923629761,0.8314480185508728,0.7924153804779053,0.8376072645187378,0.7768983244895935,0.8385372161865234
0.5562317967414856,0.25761738419532776,0.5813377499580383,0.23694851994514465,0.5981816649436951,0.2365795075893402,0.6092400550842285,0.23612821102142334,0.5329128503799438,0.23859886825084686,0.5170673131942749,0.23968276381492615,0.5034316182136536,0.2411515712738037,0.6301066279411316,0.2476545125246048,0.4911063015460968,0.2542490065097809,0.58634352684021,0.28272300958633423,0.5260977149009705,0.28274187445640564,0.7474178075790405,0.3901033401489258,0.3938584327697754,0.3848343789577484,0.7723276615142822,0.5806328058242798,0.34433725476264954,0.5709911584854126,0.7916580438613892,0.7534308433532715,0.2917995750904083,0.7377792596817017,0.8146717548370361,0.8048094511032104,0.2694081962108612,0.7923139333724976,0.778446614742279,0.8064054250717163,0.297842800617218,0.7926854491233826,0.7631390690803528,0.7934181094169617,0.309947669506073,0.7786051630973816,0.2909681797027588,0.7370368838310242,0.32583799958229065,0.7576178908348083,0.333261102437973,0.784974217414856,0.3311561644077301,0.8091850876808167,0.3309042155742645,0.828898012638092,0.28443771600723267,0.8006282448768616,0.29445984959602356,0.8316801190376282,0.3043205142021179,0.8447402715682983,0.31093573570251465,0.856278121471405,0.2599315643310547,0.7974853515625,0.2752004563808441,0.825402557849884,0.2945709824562073,0.8351390361785889,0.31050917506217957,0.8394493460655212,0.25009387731552124,0.7915865778923035,0.2654553949832916,0.8153670430183411,0.2841876149177551,0.8225497007369995,0.29920607805252075,0.824957549571991,0.2473539412021637,0.7873278260231018,0.259390652179718,0.8049986362457275,0.2767070233821869,0.8121854066848755,0.2908761501312256,0.8145588040351868,0.7955727577209473,0.7570523619651794,0.7569035291671753,0.7718756198883057,0.7473827004432678,0.797120988368988,0.7443839907646179,0.8210997581481934,0.7386518120765686,0.8405436277389526,0.7958646416664124,0.8143283724784851,0.7808731198310852,0.8468780517578125,0.7603263258934021,0.8575363755226135,0.7441154718399048,0.8630287051200867,0.816951334476471,0.8147237300872803,0.8015952110290527,0.8492591381072998,0.7756035923957825,0.8553030490875244,0.7560639977455139,0.8544493317604065,0.8245387077331543,0.812321126461029,0.8100197315216064,0.8412690162658691,0.7861005067825317,0.8476803302764893,0.7677194476127625,0.8487110137939453,0.8226751685142517,0.8093764185905457,0.81193608045578,0.8317683935165405,0.7934022545814514,0.8386264443397522,0.7775753140449524,0.8403009176254272
0.5562453269958496,0.2576046586036682,0.5813443064689636,0.23693442344665527,0.5982126593589783,0.23656673729419708,0.6092952489852905,0.2361183911561966,0.5329066514968872,0.2385861575603485,0.5170338153839111,0.23966693878173828,0.5034199357032776,0.24113574624061584,0.6302015781402588,0.24763917922973633,0.491097629070282,0.2542397677898407,0.5863679051399231,0.2827048897743225,0.5261136889457703,0.2827290892601013,0.7476786971092224,0.3901144862174988,0.39380326867103577,0.38500046730041504,0.7727544903755188,0.5806680917739868,0.34410011768341064,0.5712133049964905,0.7917746901512146,0.7536166906356812,0.29185056686401367,0.7390254139900208,0.8148847818374634,0.8049005270004272,0.26961031556129456,0.7932044863700867,0.7786142230033875,0.8064910769462585,0.29795801639556885,0.7934480905532837,0.7632992267608643,0.7935240268707275,0.31002384424209595,0.779537558555603,0.2914026081562042,0.7374621629714966,0.3263532519340515,0.7580029964447021,0.33317312598228455,0.7850122451782227,0.33087605237960815,0.809064507484436,0.3303126096725464,0.8288002610206604,0.2833010256290436,0.8004779815673828,0.2928438186645508,0.8318670392036438,0.30327877402305603,0.845144510269165,0.31056416034698486,0.8565008044242859,0.2591119408607483,0.797530472278595,0.2735850512981415,0.8263882398605347,0.2929272949695587,0.8368605375289917,0.30910128355026245,0.8417015075683594,0.24950173497200012,0.7918610572814941,0.2642631232738495,0.8162130117416382,0.2831515669822693,0.8244587182998657,0.2986002564430237,0.8278967142105103,0.24700157344341278,0.7877918481826782,0.25877878069877625,0.8057852983474731,0.2760368585586548,0.8137816786766052,0.29042863845825195,0.8172279596328735,0.7969142198562622,0.7570651769638062,0.7575957775115967,0.7723180055618286,0.7482483386993408,0.7977975010871887,0.7450897693634033,0.8215004801750183,0.7386618256568909,0.8406739234924316,0.7965080738067627,0.8147009015083313,0.7810277342796326,0.8469152450561523,0.7612941265106201,0.8580526113510132,0.7460677623748779,0.8643322587013245,0.8179563283920288,0.8149551749229431,0.8025517463684082,0.849219024181366,0.7770932912826538,0.8549513220787048,0.7582486271858215,0.8540144562721252,0.8257513046264648,0.8123431205749512,0.8108983039855957,0.8410838842391968,0.7874494791030884,0.8471435308456421,0.7698120474815369,0.8480282425880432,0.8240303993225098,0.809090793132782,0.8131587505340576,0.8313590288162231,0.7946624755859375,0.8381038308143616,0.7793769836425781,0.8396967649459839
0.5562636256217957,0.2575300633907318,0.5813731551170349,0.23688654601573944,0.5982798933982849,0.23652510344982147,0.6093881130218506,0.23607727885246277,0.5329177975654602,0.2385210543870926,0.5170329809188843,0.23960649967193604,0.5034282803535461,0.24107806384563446,0.6304129362106323,0.2476002424955368,0.49111267924308777,0.25423258543014526,0.5863879919052124,0.2826593518257141,0.526157021522522,0.28268155455589294,0.7478619813919067,0.3901386559009552,0.3937826454639435,0.3851446509361267,0.773488461971283,0.580774188041687,0.3438272178173065,0.5715299248695374,0.7921208739280701,0.7539212107658386,0.29218757152557373,0.7396721243858337,0.8152616024017334,0.8050981760025024,0.26974719762802124,0.7933937311172485,0.7789499163627625,0.8066027760505676,0.2982073724269867,0.7936609983444214,0.7636044025421143,0.7936147451400757,0.3106136918067932,0.779812753200531,0.2908499538898468,0.7377550005912781,0.32621943950653076,0.7582040429115295,0.3337058424949646,0.7851427793502808,0.33157241344451904,0.809013307094574,0.33157089352607727,0.8284791111946106,0.2839142978191376,0.8016262054443359,0.2935665547847748,0.8320991396903992,0.3035288453102112,0.8452437520027161,0.31025430560112,0.8563833832740784,0.25943848490715027,0.7983592748641968,0.27294135093688965,0.8266698122024536,0.29155099391937256,0.8380944728851318,0.30727556347846985,0.8437439799308777,0.24963690340518951,0.792447566986084,0.26245754957199097,0.8161110877990723,0.27976444363594055,0.8252467513084412,0.29447948932647705,0.8294174075126648,0.24717757105827332,0.7879214882850647,0.2571263313293457,0.8057528138160706,0.27286913990974426,0.8144271373748779,0.2866433262825012,0.8184095621109009,0.7967970371246338,0.7571811676025391,0.7584759593009949,0.7723730206489563,0.7493042945861816,0.7974608540534973,0.7459262013435364,0.8215420246124268,0.7392009496688843,0.8409218788146973,0.7968114614486694,0.8144457340240479,0.7815018892288208,0.8468888998031616,0.7621578574180603,0.8577237725257874,0.7471998929977417,0.8637266159057617,0.8182006478309631,0.814191460609436,0.8032097220420837,0.8488574624061584,0.7780784368515015,0.8545624613761902,0.7594649195671082,0.853408694267273,0.8258677124977112,0.8109309077262878,0.8106933236122131,0.839519202709198,0.7874640822410583,0.8454071879386902,0.7702803015708923,0.8460272550582886,0.8241859078407288,0.8071615695953369,0.8135191202163696,0.8288120627403259,0.7954151630401611,0.8350189924240112,0.7803729772567749,0.8359497785568237
0.5563106536865234,0.2574695646762848,0.5814570784568787,0.2368498593568802,0.5983992218971252,0.23649592697620392,0.6095211505889893,0.23605695366859436,0.5329664349555969,0.23846042156219482,0.5170731544494629,0.23954269289970398,0.5034591555595398,0.24101407825946808,0.6307668685913086,0.2475903481245041,0.49116095900535583,0.25422561168670654,0.58643639087677,0.2826292812824249,0.5262189507484436,0.2826356589794159,0.7481001019477844,0.3901560604572296,0.39376190304756165,0.38521522283554077,0.7741950154304504,0.5809000730514526,0.3437899947166443,0.5716153979301453,0.7922419309616089,0.7540161609649658,0.2924385070800781,0.7396908402442932,0.8154577612876892,0.8051053285598755,0.269941508769989,0.7934331297874451,0.7790657877922058,0.8066107630729675,0.29836326837539673,0.793701171875,0.7637046575546265,0.793623685836792,0.3109278678894043,0.7797961235046387,0.290834903717041,0.7379844784736633,0.3262672424316406,0.758224606513977,0.3339468240737915,0.7852318286895752,0.3319338858127594,0.8091589212417603,0.3317928612232208,0.8287420272827148,0.2841164767742157,0.8015803098678589,0.293875128030777,0.8325229287147522,0.3040328621864319,0.8455381393432617,0.3109428584575653,0.8565133213996887,0.25978878140449524,0.7985596060752869,0.27330607175827026,0.8270809650421143,0.29261741042137146,0.8377490043640137,0.3085942566394806,0.8425605893135071,0.2502240240573883,0.792755663394928,0.2633390426635742,0.8165157437324524,0.2814835011959076,0.8247095942497253,0.2963418662548065,0.8279125094413757,0.24785667657852173,0.7884107232093811,0.258074551820755,0.8060044646263123,0.2744358479976654,0.81387859582901,0.28830602765083313,0.8169627785682678,0.7974604368209839,0.7576227188110352,0.758924663066864,0.772305428981781,0.7496342062950134,0.7973297834396362,0.7464264035224915,0.8213241100311279,0.7397659420967102,0.8407418727874756,0.7972911596298218,0.8152359127998352,0.7825676798820496,0.8473159074783325,0.7632430195808411,0.8578041791915894,0.7481101751327515,0.8635082244873047,0.8186094164848328,0.814986526966095,0.8038905262947083,0.849128782749176,0.7787644863128662,0.8548935651779175,0.759994626045227,0.8540403246879578,0.8263077735900879,0.8117259740829468,0.8111799359321594,0.839961588382721,0.7880651354789734,0.8459266424179077,0.7708446383476257,0.8467392325401306,0.8246391415596008,0.8079679012298584,0.8139786124229431,0.8296613693237305,0.7958276271820068,0.835968554019928,0.7807340621948242,0.8370742797851562
0.5563749670982361,0.25741684436798096,0.5815324187278748,0.23681552708148956,0.5985015034675598,0.23646768927574158,0.6096329092979431,0.2360343486070633,0.5330178737640381,0.23841004073619843,0.5171179175376892,0.23949119448661804,0.5034882426261902,0.24096688628196716,0.6310089826583862,0.24758043885231018,0.4911927580833435,0.2542179822921753,0.5865042805671692,0.2826065421104431,0.5263058543205261,0.2826029658317566,0.7482426166534424,0.39016351103782654,0.3937434256076813,0.385320782661438,0.7748238444328308,0.5809515118598938,0.34376102685928345,0.5716602802276611,0.7923262119293213,0.754055380821228,0.292643278837204,0.739664614200592,0.8155907392501831,0.8051127195358276,0.2700251042842865,0.7935013771057129,0.7791908979415894,0.8066179156303406,0.29847902059555054,0.7937708497047424,0.7638013958930969,0.7936320304870605,0.3111836016178131,0.7798113226890564,0.2907862067222595,0.7377648949623108,0.32628533244132996,0.7580621838569641,0.33385777473449707,0.7851991057395935,0.33198055624961853,0.8091819882392883,0.33168667554855347,0.8287822008132935,0.28415659070014954,0.8014718294143677,0.29374510049819946,0.8322573304176331,0.3040001392364502,0.8453968167304993,0.31113457679748535,0.8565675020217896,0.2599618434906006,0.7985129356384277,0.2732274830341339,0.8269039988517761,0.29225003719329834,0.8379687666893005,0.3080654740333557,0.843151330947876,0.25041353702545166,0.792823851108551,0.26289910078048706,0.816585123538971,0.2807236909866333,0.8253589272499084,0.2955859899520874,0.829127311706543,0.24817106127738953,0.7885575890541077,0.2578781843185425,0.8062344789505005,0.2738158106803894,0.8145704865455627,0.28754398226737976,0.8181477785110474,0.7974175810813904,0.7575252652168274,0.7591507434844971,0.7723388671875,0.7498053908348083,0.7973799705505371,0.7465342879295349,0.8212696313858032,0.7396315336227417,0.8407059907913208,0.7976227402687073,0.8151442408561707,0.7825012803077698,0.8472899198532104,0.7629610300064087,0.8578341007232666,0.7476393580436707,0.8634756803512573,0.8186594843864441,0.8147724866867065,0.8037211298942566,0.848961353302002,0.7785993814468384,0.8549292683601379,0.7597867250442505,0.8541082739830017,0.8261128067970276,0.8113940954208374,0.8108993172645569,0.8396411538124084,0.7878773212432861,0.8458155989646912,0.7706387639045715,0.846820592880249,0.824274480342865,0.8075791001319885,0.813704252243042,0.8292164206504822,0.7957631945610046,0.8356590867042542,0.7806557416915894,0.8369385004043579
0.556387186050415,0.2573534846305847,0.5815553665161133,0.23678675293922424,0.5985416173934937,0.23645058274269104,0.6096956729888916,0.23602518439292908,0.5330286026000977,0.23835551738739014,0.5171205401420593,0.23943929374217987,0.5034931898117065,0.24091854691505432,0.6311861872673035,0.2475670874118805,0.4912061095237732,0.2542121410369873,0.5865366458892822,0.28258219361305237,0.5263257622718811,0.2825636863708496,0.7483128905296326,0.39015012979507446,0.3937285840511322,0.38533255457878113,0.7755460739135742,0.5809593200683594,0.34384700655937195,0.5716388821601868,0.7924638390541077,0.7540683746337891,0.2931784987449646,0.7396825551986694,0.8157998919487,0.80511873960495,0.27010345458984375,0.7934988737106323,0.7794607281684875,0.8066231608390808,0.298596054315567,0.7938454151153564,0.7640097737312317,0.7936393022537231,0.311523973941803,0.7798189520835876,0.29104694724082947,0.737956166267395,0.32700613141059875,0.7582311034202576,0.33450111746788025,0.7852373719215393,0.33244359493255615,0.8091644048690796,0.3324880301952362,0.8286809325218201,0.28484639525413513,0.8018363118171692,0.29431918263435364,0.8325560092926025,0.30453452467918396,0.8457016348838806,0.3116515278816223,0.8568510413169861,0.26038652658462524,0.7987103462219238,0.2743005156517029,0.8273581862449646,0.2933216094970703,0.838802695274353,0.30943000316619873,0.8444361686706543,0.2506720721721649,0.7928001880645752,0.26437216997146606,0.8168750405311584,0.2821792662143707,0.8258150815963745,0.29707998037338257,0.8296415209770203,0.24845285713672638,0.7883673310279846,0.2591782510280609,0.8063820004463196,0.2753642797470093,0.8147616386413574,0.2892913818359375,0.818450927734375,0.7978981733322144,0.757810652256012,0.7591758966445923,0.7726910710334778,0.7497361898422241,0.7978200316429138,0.7466318011283875,0.8217681646347046,0.7402054071426392,0.8410117030143738,0.7971256375312805,0.8149711489677429,0.782268762588501,0.8471165299415588,0.7628677487373352,0.8577937483787537,0.7477399706840515,0.8636541366577148,0.8183770179748535,0.8149372339248657,0.8038539886474609,0.8491994142532349,0.7785999178886414,0.8547025322914124,0.7599149346351624,0.8534772992134094,0.8260413408279419,0.8118953704833984,0.8109902143478394,0.8400381803512573,0.7875910997390747,0.8457233309745789,0.7703189849853516,0.8462573289871216,0.8244421482086182,0.8082042932510376,0.8139283657073975,0.8297697305679321,0.795673668384552,0.835843563079834,0.7806990146636963,0.8366858959197998
0.5564571619033813,0.2573017179965973,0.5816697478294373,0.23677591979503632,0.5986596941947937,0.23643633723258972,0.6098058223724365,0.23601143062114716,0.5331358909606934,0.23830950260162354,0.5172246098518372,0.23937761783599854,0.5035474896430969,0.2408486157655716,0.631312370300293,0.24757015705108643,0.49125829339027405,0.2541854679584503,0.586574912071228,0.28254932165145874,0.5263885855674744,0.28250351548194885,0.7484773993492126,0.3901294767856598,0.3937794864177704,0.38534143567085266,0.7759814858436584,0.5809667110443115,0.3442189395427704,0.5715945959091187,0.7927171587944031,0.7540795207023621,0.2939380705356598,0.7399369478225708,0.8161641359329224,0.8050918579101562,0.2707628607749939,0.7935535311698914,0.7800827622413635,0.8066082000732422,0.29907041788101196,0.7939668893814087,0.7644623517990112,0.793612003326416,0.31198254227638245,0.779861569404602,0.29190248250961304,0.7380723357200623,0.32730841636657715,0.7582525014877319,0.335309773683548,0.7856320738792419,0.33315059542655945,0.809626579284668,0.33309823274612427,0.8291452527046204,0.2857581377029419,0.8020290732383728,0.29609349370002747,0.8328954577445984,0.30635496973991394,0.845793604850769,0.31291016936302185,0.8568689823150635,0.26131945848464966,0.7988104820251465,0.27548784017562866,0.8267840147018433,0.29566094279289246,0.8361685872077942,0.3116997182369232,0.8399332761764526,0.25193944573402405,0.7928412556648254,0.26597702503204346,0.8164013624191284,0.2847149074077606,0.8236599564552307,0.29931530356407166,0.8259685039520264,0.24980346858501434,0.7885260581970215,0.2602655291557312,0.806226372718811,0.2772878110408783,0.8133748173713684,0.29119589924812317,0.8154486417770386,0.799182653427124,0.7578782439231873,0.7599763870239258,0.7726573348045349,0.7507097721099854,0.7981266975402832,0.7474772334098816,0.8220235109329224,0.740511953830719,0.8412521481513977,0.7978259921073914,0.8151341080665588,0.7827086448669434,0.8475416302680969,0.7631804943084717,0.8583828806877136,0.7482467889785767,0.8644000887870789,0.8196631073951721,0.8152680397033691,0.8050373792648315,0.8498109579086304,0.7792311310768127,0.8542197942733765,0.7607161998748779,0.8521257042884827,0.8274476528167725,0.8123554587364197,0.81202632188797,0.8406478762626648,0.7882088422775269,0.8453934192657471,0.7714092135429382,0.8452520966529846,0.8258426189422607,0.808708131313324,0.8147149682044983,0.8301938772201538,0.7959876656532288,0.8355551958084106,0.7814606428146362,0.8357803821563721
0.5565251708030701,0.2571427524089813,0.5817928910255432,0.2367350161075592,0.5987714529037476,0.23641905188560486,0.609904408454895,0.23599989712238312,0.5332465767860413,0.2381870448589325,0.5173356533050537,0.2392210066318512,0.5036075711250305,0.24065490067005157,0.6313996911048889,0.247578427195549,0.4913078248500824,0.2540847659111023,0.5865997672080994,0.2824936807155609,0.5264241099357605,0.28238385915756226,0.7485977411270142,0.39012855291366577,0.39377060532569885,0.38533997535705566,0.7763386964797974,0.5809686779975891,0.34445786476135254,0.5715824365615845,0.7930840253829956,0.7542092800140381,0.2944157123565674,0.7410582900047302,0.8165821433067322,0.805088996887207,0.2713819146156311,0.794200599193573,0.780849277973175,0.8066121935844421,0.2993617653846741,0.7947505712509155,0.7650430202484131,0.7936216592788696,0.31220749020576477,0.7805887460708618,0.2931953966617584,0.7380258440971375,0.32815414667129517,0.7586269974708557,0.33562639355659485,0.7858312129974365,0.3337644040584564,0.8097155690193176,0.3340357542037964,0.8292601704597473,0.2865777909755707,0.8022199869155884,0.2963363230228424,0.8329373002052307,0.30702123045921326,0.8455089926719666,0.3141792118549347,0.8562533855438232,0.2622053921222687,0.798745334148407,0.2758603096008301,0.8263335227966309,0.29570886492729187,0.8352600932121277,0.3117515444755554,0.838441789150238,0.25289151072502136,0.7924705147743225,0.2666161358356476,0.8157466650009155,0.285173237323761,0.8226414322853088,0.29968857765197754,0.8246138691902161,0.25070619583129883,0.7878116965293884,0.2612625062465668,0.8053146004676819,0.2783742845058441,0.8121324777603149,0.2922796905040741,0.8139576315879822,0.7996234893798828,0.7573297619819641,0.760564386844635,0.7722119092941284,0.7508298754692078,0.7974875569343567,0.7475149035453796,0.8216001391410828,0.7411794066429138,0.8412514328956604,0.7984516620635986,0.8147203922271729,0.7830776572227478,0.8478473424911499,0.7628187537193298,0.8586550354957581,0.7472894787788391,0.8641558289527893,0.8202413320541382,0.8147707581520081,0.8052608966827393,0.8498875498771667,0.7796688079833984,0.8549678325653076,0.7615177631378174,0.8533609509468079,0.8282076120376587,0.8117409348487854,0.8130898475646973,0.8405207395553589,0.7898041605949402,0.846045732498169,0.7731354832649231,0.8464642763137817,0.8266529440879822,0.8079683184623718,0.8161023855209351,0.8299044966697693,0.7976750135421753,0.8359919786453247,0.7830653786659241,0.8368037343025208
0.5565634369850159,0.25697585940361023,0.581882894039154,0.23669221997261047,0.5988550782203674,0.23640301823616028,0.6099937558174133,0.23598942160606384,0.5333215594291687,0.2380674183368683,0.5174084305763245,0.23907379806041718,0.50365149974823,0.24047155678272247,0.6315203905105591,0.2476002275943756,0.49134016036987305,0.25398221611976624,0.586618185043335,0.28240764141082764,0.5264426469802856,0.282241553068161,0.748628556728363,0.3901336193084717,0.39373916387557983,0.38529813289642334,0.7768200635910034,0.5810815095901489,0.34462547302246094,0.5716012716293335,0.793336033821106,0.7544058561325073,0.2950436472892761,0.7414725422859192,0.8170601725578308,0.8051126599311829,0.2720896899700165,0.7943390011787415,0.7815731763839722,0.8066473007202148,0.299649715423584,0.7949070334434509,0.7655332088470459,0.7936878800392151,0.3125016391277313,0.7807279825210571,0.2942250072956085,0.7377512454986572,0.32902634143829346,0.7586223483085632,0.3361964523792267,0.7856675982475281,0.334067702293396,0.8096784949302673,0.33397871255874634,0.8291926383972168,0.2868442237377167,0.8018167018890381,0.29643237590789795,0.8324570059776306,0.3074641227722168,0.845113217830658,0.31539562344551086,0.8559854626655579,0.262689471244812,0.798203706741333,0.2765319347381592,0.82578045129776,0.2960713803768158,0.836127758026123,0.3123946189880371,0.8408718705177307,0.2534947395324707,0.7919182181358337,0.2669266164302826,0.8154828548431396,0.2850743532180786,0.823457658290863,0.30005478858947754,0.8263676762580872,0.251555860042572,0.7872464060783386,0.26155149936676025,0.8049001097679138,0.2783900201320648,0.8127100467681885,0.29256051778793335,0.8155481219291687,0.7994368076324463,0.7574039697647095,0.7604703307151794,0.77253258228302,0.7509955763816833,0.7979301810264587,0.7478565573692322,0.8221009373664856,0.741726279258728,0.8416349291801453,0.7989205718040466,0.814988374710083,0.7840245366096497,0.8477181792259216,0.764117956161499,0.8584617972373962,0.7486557960510254,0.8640813231468201,0.8205936551094055,0.8151038885116577,0.8056697845458984,0.8500195145606995,0.7799853682518005,0.8553597331047058,0.7612935304641724,0.853924572467804,0.8284878134727478,0.8122831583023071,0.8136034607887268,0.8411571979522705,0.789958655834198,0.8469299077987671,0.7726488709449768,0.8474957346916199,0.8269251585006714,0.8087764978408813,0.8162444233894348,0.830807089805603,0.7976806163787842,0.8370535969734192,0.7826207280158997,0.8380624651908875
0.5565808415412903,0.25683918595314026,0.5819225907325745,0.23664557933807373,0.5988911986351013,0.23638005554676056,0.6100407242774963,0.23598210513591766,0.5333641171455383,0.23796160519123077,0.5174527168273926,0.23895004391670227,0.5036845803260803,0.24031862616539001,0.6315779685974121,0.2476060688495636,0.49137163162231445,0.25389033555984497,0.5866474509239197,0.28232598304748535,0.5264622569084167,0.282123327255249,0.7486476302146912,0.39013439416885376,0.39372146129608154,0.3852560818195343,0.7772266864776611,0.5811508297920227,0.3447946608066559,0.5716066360473633,0.793554961681366,0.754478931427002,0.2955917418003082,0.7417170405387878,0.8173896074295044,0.8051162958145142,0.27265870571136475,0.7943810224533081,0.7820672988891602,0.8066533207893372,0.29988667368888855,0.7949767708778381,0.7658615112304688,0.7937098741531372,0.31277403235435486,0.7807927131652832,0.2940632998943329,0.7377436757087708,0.32920172810554504,0.7585446834564209,0.33625996112823486,0.7855535745620728,0.33409908413887024,0.809536874294281,0.33411264419555664,0.829086422920227,0.2870159149169922,0.802000880241394,0.29652655124664307,0.8323427438735962,0.30718255043029785,0.8452352285385132,0.31474485993385315,0.8561987280845642,0.26301902532577515,0.7984455227851868,0.27674734592437744,0.8261196613311768,0.29566851258277893,0.8371396064758301,0.311648428440094,0.8425845503807068,0.25370779633522034,0.792256236076355,0.266630619764328,0.8159317374229431,0.2841627597808838,0.8250018358230591,0.29899460077285767,0.8290566205978394,0.25166481733322144,0.7876319289207458,0.2613339126110077,0.8055549263954163,0.27751466631889343,0.8141921758651733,0.2914251983165741,0.8180211186408997,0.7997130751609802,0.7573135495185852,0.7608237266540527,0.772502601146698,0.7512221336364746,0.7980169057846069,0.7479336857795715,0.8221768736839294,0.7418102622032166,0.8416898250579834,0.7991324663162231,0.8151010870933533,0.7842736840248108,0.8475792407989502,0.7643667459487915,0.8583562970161438,0.7488144040107727,0.8640097975730896,0.8205425143241882,0.8152259588241577,0.8057066798210144,0.849830687046051,0.780285656452179,0.855583906173706,0.761573076248169,0.8545180559158325,0.8284052014350891,0.8124603033065796,0.8139185309410095,0.8411852121353149,0.7905998826026917,0.8472732305526733,0.7732841372489929,0.8481382727622986,0.8267796635627747,0.8090704679489136,0.8163648843765259,0.8311929702758789,0.7981469631195068,0.8377343416213989,0.7831099033355713,0.8390886187553406
0.556596040725708,0.256778359413147,0.5819679498672485,0.23663361370563507,0.5989347696304321,0.2363651692867279,0.6100988984107971,0.23597952723503113,0.5334300398826599,0.23790094256401062,0.517533540725708,0.23886390030384064,0.5037378668785095,0.24020817875862122,0.631674587726593,0.2476620376110077,0.4914042055606842,0.25384145975112915,0.5866791605949402,0.282283753156662,0.5264806151390076,0.282056987285614,0.7487698793411255,0.39013928174972534,0.3937132954597473,0.38525819778442383,0.7774633765220642,0.5811868906021118,0.3450104892253876,0.5716095566749573,0.7936559319496155,0.7545719146728516,0.2958194613456726,0.7418416142463684,0.8175821900367737,0.8051221966743469,0.27296143770217896,0.7943915128707886,0.7825419902801514,0.8066753149032593,0.29998695850372314,0.7950254678726196,0.7662315368652344,0.7937552332878113,0.3128238618373871,0.7808361649513245,0.2948286533355713,0.7380664348602295,0.32988712191581726,0.7589093446731567,0.3366096615791321,0.7861478328704834,0.3338388502597809,0.8099564909934998,0.33378827571868896,0.8294011354446411,0.2872762978076935,0.8024042248725891,0.296988308429718,0.8328410387039185,0.307413250207901,0.8454875946044922,0.3146756589412689,0.8565496802330017,0.2630305588245392,0.7987680435180664,0.27715638279914856,0.826413631439209,0.2972274124622345,0.8358623385429382,0.3136556148529053,0.839730441570282,0.25363463163375854,0.792245090007782,0.26786231994628906,0.8159441351890564,0.2868287265300751,0.8230115175247192,0.3017692565917969,0.8250954747200012,0.25150373578071594,0.7872946262359619,0.2626516819000244,0.8048220872879028,0.2802119553089142,0.8119487762451172,0.29430168867111206,0.8140822649002075,0.8002389669418335,0.7577671408653259,0.7615429162979126,0.7724131345748901,0.7521197199821472,0.797732412815094,0.748561680316925,0.8220105767250061,0.7415105104446411,0.8415639996528625,0.799132764339447,0.8155936002731323,0.7839412689208984,0.8480051755905151,0.7641811966896057,0.8585138320922852,0.7490150928497314,0.8638796210289001,0.8207639455795288,0.8158611059188843,0.8059825301170349,0.8504993915557861,0.780083954334259,0.8548581600189209,0.7615373730659485,0.8525459170341492,0.8286782503128052,0.813119113445282,0.8136639595031738,0.8417879939079285,0.7896183729171753,0.8466814160346985,0.7724372744560242,0.8464146852493286,0.8273087739944458,0.8096670508384705,0.8164955377578735,0.8316961526870728,0.7977566719055176,0.837419867515564,0.7829639911651611,0.8378143310546875
0.5566258430480957,0.2567177414894104,0.5820189714431763,0.23661968111991882,0.5989800095558167,0.23635467886924744,0.6101500988006592,0.23597410321235657,0.533505380153656,0.23783783614635468,0.5176248550415039,0.2387794554233551,0.503791868686676,0.2401077002286911,0.6317299008369446,0.24769239127635956,0.49142828583717346,0.2537926733493805,0.586704671382904,0.2822440564632416,0.5264918208122253,0.2819966971874237,0.7488254308700562,0.390135258436203,0.3937065601348877,0.38525858521461487,0.777742862701416,0.5811939835548401,0.3452078402042389,0.5716127157211304,0.793796181678772,0.7546094655990601,0.2960226833820343,0.741874098777771,0.8177909851074219,0.8051254153251648,0.273160845041275,0.7943702936172485,0.7828890681266785,0.8066867589950562,0.3000527620315552,0.7950257062911987,0.7665089964866638,0.7937790751457214,0.3129115700721741,0.7808247804641724,0.2949143052101135,0.7380046248435974,0.3298761546611786,0.758915901184082,0.33646610379219055,0.7861209511756897,0.3338816165924072,0.809994637966156,0.3338536322116852,0.8295403718948364,0.2877397835254669,0.8021487593650818,0.297127366065979,0.8327574729919434,0.3076903820037842,0.8453752398490906,0.31527644395828247,0.8563026189804077,0.2632039487361908,0.7984495759010315,0.27693626284599304,0.8262842893600464,0.2967800796031952,0.8360549211502075,0.31332117319107056,0.8401488661766052,0.25368595123291016,0.7919586300849915,0.26759734749794006,0.8157591819763184,0.28632161021232605,0.82319575548172,0.3013424575328827,0.8256638646125793,0.25152820348739624,0.7870564460754395,0.2622544765472412,0.804746150970459,0.27961087226867676,0.8121978044509888,0.2938598394393921,0.814639151096344,0.8003720045089722,0.7579439282417297,0.7615423798561096,0.7728047370910645,0.7519581317901611,0.7980772852897644,0.7485077977180481,0.8221740126609802,0.7417703866958618,0.8416566252708435,0.799378514289856,0.8157036900520325,0.7841491103172302,0.8478788733482361,0.7644474506378174,0.8587799072265625,0.7491339445114136,0.864640474319458,0.8205721378326416,0.8159617185592651,0.8057215213775635,0.8503679037094116,0.7802795171737671,0.8557215929031372,0.7615760564804077,0.8543168306350708,0.8283763527870178,0.8132680654525757,0.8141106367111206,0.8418915271759033,0.7906872034072876,0.8476992845535278,0.7733529210090637,0.848300039768219,0.8268173933029175,0.809943437576294,0.8165572285652161,0.8320450782775879,0.7983664274215698,0.8385434746742249,0.7833627462387085,0.8397849202156067
0.556641161441803,0.25666144490242004,0.5820640921592712,0.2365921437740326,0.5990374684333801,0.2363435924053192,0.6102138161659241,0.23596863448619843,0.5335396528244019,0.2377692461013794,0.5176610946655273,0.2386961728334427,0.5038127303123474,0.2400112897157669,0.6318372488021851,0.24773530662059784,0.4914424419403076,0.25374341011047363,0.5867217779159546,0.28222987055778503,0.5265086889266968,0.28195661306381226,0.7490808367729187,0.39013996720314026,0.39365676045417786,0.3852795362472534,0.7778109312057495,0.5813347101211548,0.345312237739563,0.571729302406311,0.7941406965255737,0.7546259164810181,0.296320378780365,0.742047905921936,0.8182238340377808,0.8051285743713379,0.2734294831752777,0.7944938540458679,0.7835440635681152,0.8066946864128113,0.3001766800880432,0.7951381206512451,0.7670549750328064,0.7937936186790466,0.31301960349082947,0.7809250950813293,0.29413658380508423,0.7379648685455322,0.3296268880367279,0.7585172057151794,0.33678749203681946,0.7858015298843384,0.3344612717628479,0.8097856044769287,0.33505022525787354,0.8291422724723816,0.2882694900035858,0.8026424050331116,0.2975592613220215,0.8327226042747498,0.3080967366695404,0.8452975749969482,0.31555935740470886,0.8560840487480164,0.26381561160087585,0.798991858959198,0.27776145935058594,0.8262730836868286,0.2976301610469818,0.8358765840530396,0.3142421841621399,0.8400148749351501,0.25429970026016235,0.7926309108734131,0.2679515480995178,0.8163147568702698,0.2863695025444031,0.824043333530426,0.3016584813594818,0.8268508911132812,0.2520557641983032,0.7877968549728394,0.2628523111343384,0.8054754137992859,0.27987703680992126,0.8130006790161133,0.2942483127117157,0.8155876398086548,0.8006004691123962,0.7585046887397766,0.7615832686424255,0.7733158469200134,0.7519891858100891,0.7987051010131836,0.7485358119010925,0.8228766918182373,0.7416257858276367,0.8420473337173462,0.7996287941932678,0.8152413368225098,0.7848835587501526,0.8484992980957031,0.7646708488464355,0.8591017127037048,0.7494701147079468,0.864457368850708,0.8218514919281006,0.8155410289764404,0.8070756793022156,0.8510270714759827,0.780359148979187,0.8550915122032166,0.7619121074676514,0.852432370185852,0.8300836086273193,0.8128318190574646,0.8145990371704102,0.8419056534767151,0.7898295521736145,0.8463878631591797,0.7727503776550293,0.845565676689148,0.8290442824363708,0.8092397451400757,0.8179011940956116,0.831263542175293,0.7986606359481812,0.83661949634552,0.7840760946273804,0.8364220261573792
