pose_0_x,pose_0_y,pose_1_x,pose_1_y,pose_2_x,pose_2_y,pose_3_x,pose_3_y,pose_4_x,pose_4_y,pose_5_x,pose_5_y,pose_6_x,pose_6_y,pose_7_x,pose_7_y,pose_8_x,pose_8_y,pose_9_x,pose_9_y,pose_10_x,pose_10_y,pose_11_x,pose_11_y,pose_12_x,pose_12_y,pose_13_x,pose_13_y,pose_15_x,pose_15_y,pose_17_x,pose_17_y,pose_19_x,pose_19_y,pose_21_x,pose_21_y,pose_14_x,pose_14_y,pose_16_x,pose_16_y,pose_18_x,pose_18_y,pose_20_x,pose_20_y,pose_22_x,pose_22_y,right_hand_0_x,right_hand_0_y,right_hand_1_x,right_hand_1_y,right_hand_2_x,right_hand_2_y,right_hand_3_x,right_hand_3_y,right_hand_4_x,right_hand_4_y,right_hand_5_x,right_hand_5_y,right_hand_6_x,right_hand_6_y,right_hand_7_x,right_hand_7_y,right_hand_8_x,right_hand_8_y,right_hand_9_x,right_hand_9_y,right_hand_10_x,right_hand_10_y,right_hand_11_x,right_hand_11_y,right_hand_12_x,right_hand_12_y,right_hand_13_x,right_hand_13_y,right_hand_14_x,right_hand_14_y,right_hand_15_x,right_hand_15_y,right_hand_16_x,right_hand_16_y,right_hand_17_x,right_hand_17_y,right_hand_18_x,right_hand_18_y,right_hand_19_x,right_hand_19_y,right_hand_20_x,right_hand_20_y,left_hand_0_x,left_hand_0_y,left_hand_1_x,left_hand_1_y,left_hand_2_x,left_hand_2_y,left_hand_3_x,left_hand_3_y,left_hand_4_x,left_hand_4_y,left_hand_5_x,left_hand_5_y,left_hand_6_x,left_hand_6_y,left_hand_7_x,left_hand_7_y,left_hand_8_x,left_hand_8_y,left_hand_9_x,left_hand_9_y,left_hand_10_x,left_hand_10_y,left_hand_11_x,left_hand_11_y,left_hand_12_x,left_hand_12_y,left_hand_13_x,left_hand_13_y,left_hand_14_x,left_hand_14_y,left_hand_15_x,left_hand_15_y,left_hand_16_x,left_hand_16_y,left_hand_17_x,left_hand_17_y,left_hand_18_x,left_hand_18_y,left_hand_19_x,left_hand_19_y,left_hand_20_x,left_hand_20_y
-0.031973185937055414,-0.3451300573581721,0.02994065083605433,-0.4094681220847047,0.072619530848907,-0.4110154540887098,0.1050230091479426,-0.4118254293254634,-0.10409259897253795,-0.40040935903685265,-0.14853722500151342,-0.3949109119676024,-0.19155629461380258,-0.39111385977842394,0.15234455549714448,-0.38467237809214794,-0.22966557364269735,-0.36252307456969035,0.056633636134893736,-0.2860204107150644,-0.10803231852410736,-0.27365382052103304,0.4999700627692126,-0.005471410654451006,-0.4999700627692126,0.005471410654451006,0.6272914667435366,0.4431579527804273,-0.6285886560502878,0.4622609673676353,0.496805908471925,0.8798898971946186,-0.49524025426946094,0.8861653618875408,0.5128954800162427,1.0309853591559668,-0.5185496657723943,1.029402946845156,0.41604478584497684,1.0182525484342004,-0.39964552445841345,1.018745907143925,0.36339639545599417,0.9798074369140394,-0.36437830888438416,0.9798284404098339,0.5049950374173094,0.8933843080803779,0.3903445508845915,0.9128905227544056,0.32579656292083686,0.9649061269722198,0.31109456274761976,1.0254674726810344,0.2919733376826751,1.0728207477153726,0.41172186421588125,1.0236124618077853,0.3717218236825979,1.1022345794853703,0.3437802475912125,1.1423215387406114,0.3221987087795386,1.1726255612259817,0.48391825282903594,1.0312338260423861,0.44254739903299856,1.1141802059977344,0.4095652073923928,1.1590114974466277,0.38474644893104004,1.1921170287646645,0.5370769834775345,1.02798610464481,0.50883666617469,1.1040822167909468,0.4783789159754199,1.146444256835326,0.4514980164216537,1.178713446826144,0.571138397295663,1.017332640006693,0.5514724219887307,1.0750480120353616,0.529679284129,1.1044285510301104,0.5102220031313444,1.1263318455220397,-0.5313782211531809,0.8933053215297041,-0.3987943242751272,0.9134113647618188,-0.3370678431533327,0.9739827653356415,-0.3135337612778323,1.0381654265374398,-0.27482699982601916,1.0794015451423702,-0.41693274214590337,1.0250447214678102,-0.3651085155254078,1.1033292191225719,-0.33297696546447675,1.1439640568000253,-0.31066913023706005,1.1747949542118137,-0.4894963567732938,1.0372450712270431,-0.43324541997267585,1.1207129635141382,-0.39264432195336013,1.1646536173647695,-0.3634084612940037,1.1975017441386022,-0.5397242059926898,1.041049832146061,-0.4950751310418855,1.1194118639821062,-0.4565167347093012,1.1608350030761851,-0.42413113172583533,1.1891827957138927,-0.5687804197305704,1.039536686683083,-0.5372312697950458,1.102114814871053,-0.5060553787927616,1.1370299984490808,-0.47658199987777244,1.1605534668559618
-0.028934100037943236,-0.34756692090225155,0.03161936963414016,-0.41196328251024006,0.07403382369719638,-0.4135969931832902,0.10603769409499683,-0.414552454753689,-0.10087549574500333,-0.40281811056761263,-0.14507381955432017,-0.3981675220521506,-0.18675223247987435,-0.3950673524138459,0.15270069786459659,-0.3866381224520912,-0.2289595705798816,-0.3646755902714442,0.0583306477073609,-0.2874534612989789,-0.10463609805903039,-0.27683370164631055,0.4999675790020979,-0.005693851664820046,-0.4999675790020979,0.005693851664820046,0.6289545012716004,0.4413855526460364,-0.6206794390791153,0.465079507466172,0.5027271208280548,0.8768444151978251,-0.49188059146638147,0.8839233270273682,0.5166116850391183,1.0271092734432299,-0.5151499585622666,1.026272792198916,0.41838192869306323,1.01433467262984,-0.3967405376078104,1.015168258704778,0.366916729750103,0.9763553953454078,-0.3614563289543863,0.9764210934197083,0.5033420102624401,0.8829380786181975,0.3886993160187677,0.9059489961709447,0.3262193338323238,0.9606323985806139,0.31225415028940695,1.023909665872128,0.2924774709876048,1.0713951204498353,0.41211856380619266,1.017814666219736,0.37183718145720435,1.0977342579055775,0.3448464081865358,1.1382165204681898,0.3239170060624309,1.1693424864290665,0.4835011918236937,1.0249975814414767,0.4412399590322264,1.1094763967784353,0.4104206583198642,1.1551935709834449,0.38659452788244947,1.1898420672535106,0.5352242835464505,1.022076132835803,0.50572406654284,1.1002559504320333,0.47663006407320946,1.1443449259210736,0.4505354570770668,1.1780032742645632,0.5692287159830348,1.0115426158247376,0.5525870597047171,1.0706889218274391,0.5333226026771222,1.1004127349890078,0.5160832052753385,1.1225953000422275,-0.5285805379446469,0.8845702860302255,-0.39397965954983377,0.9084680162333608,-0.3321369486841046,0.9688406491721154,-0.31191329977172255,1.033309167309166,-0.2757331475491091,1.075843214137983,-0.41598194463306604,1.0229190725348787,-0.36424760629081043,1.103158469084095,-0.33182861314556555,1.1417898275941263,-0.30723715581888433,1.1720717403292442,-0.4894799392903744,1.0336467885994698,-0.4315292268872733,1.1182109000803506,-0.3922399968128906,1.1603106715027744,-0.36393715505157354,1.19299713375729,-0.5387965884983722,1.033860585722617,-0.493609118936494,1.1137222740209396,-0.45814073296969193,1.1539328360728853,-0.4276572719049403,1.1830834056980153,-0.565138064360149,1.0290583905492565,-0.5408460343585424,1.0913163355150985,-0.5149598795574685,1.1241751717001516,-0.48907116364502345,1.1484798959059452
-0.024937390108010833,-0.3482144031864164,0.03400488616978892,-0.41236500649078967,0.07586086178453878,-0.41391379102658293,0.10766191974218203,-0.4148296756144711,-0.09671892202839562,-0.40362089766124964,-0.14077794888236317,-0.399464314488828,-0.1815137515272327,-0.396780816489788,0.15386050804753815,-0.3866757285807605,-0.2274207529923316,-0.36553912354222323,0.060405538293449024,-0.2875037920226031,-0.10112269358804706,-0.2777579985946995,0.4999642087770338,-0.005982469553171856,-0.4999642087770338,0.005982469553171856,0.6302195022996471,0.43945921794880344,-0.6142302874109032,0.4659049345022863,0.5060863114649767,0.8737644414779256,-0.4880834047391769,0.8808158037877313,0.5192098282030694,1.0232227319116682,-0.5110597151769691,1.022711039740528,0.4202034978747041,1.01039846074698,-0.3931536293716514,1.0113632391312646,0.369443634497582,0.9727681078991093,-0.35789681782262345,0.9727601161775643,0.506198861543401,0.8754320473736333,0.38974127526810093,0.899661726140388,0.3264390709030143,0.9549106061069741,0.3117971270713858,1.0195991521678403,0.2911831473230469,1.0679967958516414,0.4116492479299223,1.0129871125507404,0.37107105979329996,1.0943772466791741,0.3445665152895558,1.1345403092799906,0.3238282198727403,1.165464941774874,0.4842271771014854,1.0203217369908604,0.44069826777666454,1.10645939770151,0.4094821594376568,1.1524053588091405,0.3855345218437584,1.187354489078689,0.5357642353988515,1.0172955384325155,0.5065604869433089,1.0959245327671776,0.4768403844790581,1.1398847730631594,0.45017245366817327,1.1732677479021676,0.5691154653439451,1.0064045979049037,0.554652669270282,1.066985177099413,0.5345035413251396,1.0969672304365252,0.515571152985212,1.118862549539234,-0.5274946905341077,0.8773868002642955,-0.3914324123439132,0.9034550189709133,-0.3299386679667635,0.9635372255301905,-0.3085003199418391,1.027559572803381,-0.2722265618262194,1.0703530217538035,-0.41092710709143226,1.0190383997061045,-0.3605909159523238,1.0990526257752204,-0.3278042123374731,1.1372936793444826,-0.3024633512875761,1.1671831619070328,-0.48547199872824004,1.0301335731176422,-0.4272475344397602,1.1152176585379525,-0.38725307496431505,1.156861853531762,-0.3579149101922321,1.1886464840617852,-0.5356907559590912,1.0300794070049488,-0.49025604303807085,1.111150316256116,-0.45463627413554425,1.1518989944523634,-0.42360708328378166,1.1809025058847527,-0.5624303902716152,1.0242976184594608,-0.5365405423500349,1.0874812789549644,-0.5090167203609152,1.1210786983220946,-0.4815730375795097,1.1455016213556508
-0.01912000467149305,-0.35063666055807863,0.0364823172766899,-0.4138744646482055,0.07719713311750816,-0.4153968301710359,0.10856048870659049,-0.41614690582982283,-0.09214269530245105,-0.4056635182563739,-0.13590168821872423,-0.4017663378578761,-0.17599716536934765,-0.39899969985557643,0.15443675574980875,-0.38752952515436007,-0.226236723342307,-0.3669383418070617,0.06228890852444286,-0.2883976647491872,-0.09726980035208532,-0.2793029142908648,0.4999621548061418,-0.0061517283424646465,-0.4999621548061418,0.0061517283424646465,0.6327603357403594,0.4378196052100974,-0.6109905253829907,0.4666041186966798,0.5095631232386145,0.8715422683654498,-0.4862767640455774,0.8787288130525334,0.5213387571113635,1.0205608077224244,-0.50893724769999,1.0204296275776676,0.4216704319587983,1.0076233875338647,-0.3911943150514834,1.008864945559325,0.3717227054903064,0.9703691127752548,-0.35609387645340795,0.970356260666478,0.5070618369649404,0.8708769501481655,0.38939080964915934,0.8960435950140642,0.32588787541848935,0.9518804679474246,0.31037936871031213,1.0167758616876417,0.29036863534475443,1.06607056807742,0.41137522806429316,1.0103675343458047,0.3710271404997799,1.0929390094158398,0.34482656564159175,1.1326511391839813,0.32396559880402065,1.1628635662732885,0.48530210886531916,1.0173409112976586,0.44233928192896366,1.1046942571850118,0.41021078269149397,1.1502862267185627,0.3851649033304812,1.1839385871984187,0.5373755298078857,1.0136820488817384,0.5094620790730586,1.0940258989598133,0.4785520927004838,1.138121705761273,0.45078311739535504,1.171014683882883,0.569805167249282,1.0021116055732542,0.5563168790879764,1.0633951135710116,0.5368813883842241,1.0934351451322428,0.5187020805193677,1.115206617400229,-0.5252042504140839,0.8730380987154177,-0.3882003276766829,0.9001141680870083,-0.32800769780838157,0.9605082215221744,-0.30757705502675264,1.0246723745906052,-0.27239041866463937,1.068167899276953,-0.41020923157491745,1.0161939713833656,-0.3575729769031577,1.096833198375226,-0.324429936630605,1.1349973138000038,-0.29955135627177365,1.1648565294860298,-0.4847658657060091,1.0275175655681013,-0.4238008905766437,1.1135376159638972,-0.38351141305991454,1.1549083325284997,-0.3540834077821602,1.1862705801771702,-0.5354692075353469,1.0277628635752731,-0.48818120281941624,1.1099257302214374,-0.4522707489862756,1.150282681309245,-0.4208064600256785,1.1787605168898418,-0.5627193343456309,1.021921358548112,-0.5373083886189308,1.0853992533254753,-0.5114964792572012,1.1184431329311721,-0.48514998864677933,1.1425406152996862
-0.013971004720633189,-0.35289255939583364,0.03827957301821247,-0.41525830953267995,0.07802497905732092,-0.4167939546712384,0.10899387804742089,-0.41745896907041513,-0.08880926267980124,-0.4072935275186972,-0.13223251059088015,-0.40345386104726005,-0.17222859804852608,-0.4005819311473855,0.15431450969880825,-0.3886165438625645,-0.22585050501377932,-0.3681248880472397,0.06398659816920538,-0.2898639539974703,-0.0938774784795876,-0.2808571389314309,0.4999559097584304,-0.006639901928510002,-0.4999559097584304,0.006639901928510002,0.636526127907577,0.43625038702251007,-0.6097442951021038,0.46790146278805594,0.51326261979244,0.8699244799170074,-0.4852546182462937,0.8779014416818908,0.5231131594208716,1.018624511988134,-0.5075884060228412,1.0194102166462358,0.42265346674203985,1.005493190367094,-0.39016519918958503,1.0076822237789695,0.3730632787749257,0.9688600428581322,-0.35507677626985296,0.9693837721468611,0.5058564454447655,0.8675797671436197,0.3881683843919238,0.8938378706603639,0.3251078348286982,0.9498397009516086,0.30949272982398646,1.0151298092797065,0.2894439740414134,1.0648982645100031,0.41108668948669536,1.0080529311063828,0.3700446936017062,1.0916173162358338,0.3435973610459688,1.1311578810097946,0.32238267092717676,1.1613125082896805,0.485257164921482,1.015173656382949,0.44195549306939347,1.1034365465098468,0.4095551411734399,1.149031554731524,0.38436940936099573,1.1825271984084724,0.5375224690864167,1.0115702217164808,0.5097769965346839,1.0921027346717298,0.47914093691919685,1.1359912490672144,0.4518700317525575,1.1682901768556677,0.5700990951954055,0.9999055635538981,0.5574549636103924,1.0611548734331855,0.5383261111958447,1.0914660658746491,0.5206105527858078,1.1132330523342826,-0.5245718506787393,0.8698293671349739,-0.387847392593187,0.8980661265480366,-0.32748886540477157,0.9598888812447293,-0.30619522835514157,1.0235847709049373,-0.27136346600438915,1.0665983362857208,-0.40928519360347765,1.0147597663023424,-0.35381130015127304,1.096225248176583,-0.32171809942803276,1.1346534695182877,-0.2984428169068633,1.1649221435566073,-0.4847197057317378,1.0261617847455031,-0.42274968677415514,1.1119497494893844,-0.38321100432533356,1.1529335040200668,-0.35488300750552404,1.1842751033877272,-0.5359344510189853,1.0266150929290245,-0.48732617242448173,1.108392154976306,-0.45068604924000394,1.1484106088856059,-0.41942937595362356,1.1766000887201724,-0.562182257109968,1.0212172487798628,-0.5337024563039329,1.0846772941726304,-0.507108745287371,1.1176720179125368,-0.480699945034483,1.1415647030793623
-0.011746815615834514,-0.3543252370312615,0.03945596046053938,-0.41595716233549357,0.0789382221999916,-0.4174216175453603,0.1097830332022415,-0.4180040662882742,-0.08713979153171633,-0.40827597072844846,-0.13058529609109518,-0.40447468841551143,-0.17039236478234254,-0.40151759409900617,0.15373750903691882,-0.3890851179846924,-0.2255242750727266,-0.3689273194858735,0.06500352777640364,-0.290859309705659,-0.09243094439561692,-0.2820278939578637,0.49995381260934224,-0.00679597361550929,-0.49995381260934224,0.00679597361550929,0.638615262460083,0.43457702815683036,-0.6093081072797478,0.46801708324885843,0.5157660307495122,0.8689167910923102,-0.4833657344268004,0.8781494812996451,0.5250978352500134,1.0176704015741438,-0.5046245875175809,1.0195977592928764,0.4244240700431137,1.0045864289383808,-0.38758478229327725,1.0078006113348699,0.3750040223370086,0.9684361793249471,-0.35257528836018515,0.969522339087377,0.5082187264949118,0.8660235396696713,0.38978102213916926,0.8926790829666846,0.325238458882659,0.9493043521881828,0.31082469358506293,1.0149025103524705,0.29210349862601986,1.0649411641386055,0.41197509333697674,1.0080652852574032,0.3712700159269749,1.0917128760317434,0.3447835760105926,1.1307647934770682,0.3229897272211683,1.1602860133821973,0.4862135815363688,1.0152781479864592,0.44382500079149145,1.1029315065958947,0.41257487323841635,1.1483181009101544,0.38800737463151463,1.1815584877668988,0.537837178075348,1.011409700512846,0.5098169583149962,1.0905952654768452,0.48014202819878926,1.1342323540889365,0.45399224465249133,1.1665566812439252,0.5699750153200664,0.9990758957227904,0.5566491816605323,1.057856319423963,0.5378571116762083,1.087461481937159,0.520839132168447,1.1089388294418134,-0.5223178731255969,0.8693208894786384,-0.38610570910944636,0.8986316991524647,-0.3260403433483763,0.9598598582970496,-0.30525657441143184,1.023408842292903,-0.27173468081364976,1.0664244455270624,-0.4088879322748583,1.0151569959901199,-0.35261382665518165,1.0962847581312698,-0.32100865952234003,1.1345415463867243,-0.29832134244546826,1.1650007529545554,-0.4839195563040345,1.0262473870554034,-0.421862823817025,1.1113791451560167,-0.3829285146167758,1.152051221382372,-0.3553970003041812,1.1835939298991849,-0.5347456980663766,1.0264338769656738,-0.48693772495873106,1.1073129120649787,-0.45060530438188007,1.1472483309973207,-0.4198649232996925,1.1757961267271073,-0.5611811965583382,1.021213266900373,-0.5337046103903362,1.0843367792600873,-0.5077301317893815,1.1169505865964577,-0.48221357229707773,1.1408824248203713
-0.010820837123599582,-0.35514199948580943,0.04021842242753022,-0.4164236796568936,0.07966641689641725,-0.41784304650297094,0.11032398735109074,-0.41838634031115485,-0.08628566002653328,-0.4088833798473786,-0.12975248859564406,-0.40510696990384015,-0.1694102220629796,-0.402130016771345,0.15352335160839242,-0.38943604308790913,-0.22526472560384594,-0.3696655110519081,0.06575517036223949,-0.29158654027290803,-0.09170552404507777,-0.2827987199916388,0.49995323296332345,-0.006838482983882504,-0.49995323296332345,0.006838482983882504,0.6398011697640028,0.43381766829763796,-0.6094834141578457,0.4682071082429306,0.5170946595084718,0.869097665034934,-0.48181917478209485,0.8787157437339919,0.5264299838894945,1.0174763173382773,-0.5026403961589765,1.0200944539116201,0.4257583669543235,1.0045558188886883,-0.3858100125715467,1.0082777166361165,0.37639048235913425,0.9687845169314308,-0.3507627699670947,0.9700004048178406,0.5078481944389946,0.8660313540037339,0.3896502416715069,0.8930679629115003,0.3254650114775272,0.9498933818477201,0.31092886903672007,1.0154819687000984,0.2918338672033289,1.0654499306410863,0.41353057226506196,1.0073521172737083,0.37118966429934974,1.0924531896077365,0.34459458202064686,1.13213518765017,0.3232087383848674,1.1618808975886095,0.48861646892674165,1.0143804234689442,0.4444146120873153,1.1041990167094382,0.4117329993591833,1.1499015101019476,0.3865151256122895,1.182942327179245,0.5407737824838639,1.0106724861619831,0.5123731499047296,1.0916534558038269,0.4811549458884347,1.1355304554095231,0.45376168096587394,1.1676571960276552,0.5726219790755303,0.9984508961129294,0.5593385091737926,1.0592129376666213,0.5392323725808447,1.0891341502852205,0.5206942372060916,1.1104140718488833,-0.5211712189220562,0.8691320121503694,-0.38461905404311414,0.8994987400953084,-0.3250200501369202,0.9608443502199608,-0.30411473372579534,1.0242307329872034,-0.271494391819714,1.0668184969954635,-0.40970430360556903,1.0131818199373985,-0.3533429031191655,1.094800094766287,-0.3212777657145239,1.1337736558535805,-0.29800006080113856,1.1646568092986613,-0.4851055289463741,1.0246697112818959,-0.4226598139534728,1.110100737518396,-0.3830452913732978,1.1515643536776026,-0.35477960971868033,1.1837899253504711,-0.5352389110271843,1.0259458728160373,-0.48531637591628823,1.106228155651639,-0.44827489547080385,1.1468805151036927,-0.41706090174607846,1.1763982045145005,-0.5601525358096093,1.021942993504919,-0.5311323255868807,1.0842163081377643,-0.5035464952235892,1.1176803703149418,-0.4764804142748363,1.1425951030688324
-0.010302109174731379,-0.3556211898758575,0.04067625979423563,-0.41669967022536714,0.07996768477942247,-0.41808821802542023,0.11028763681381928,-0.418611583503697,-0.08579231472741017,-0.4092255301692784,-0.12928363129843767,-0.40545241087782663,-0.16891631894936232,-0.402468274465899,0.15224798190000216,-0.3896903207223948,-0.22547825053991893,-0.3702065943895857,0.06607489163243534,-0.292165009839196,-0.09127180276532722,-0.2834017414735273,0.4999530749547077,-0.006850025060710503,-0.4999530749547077,0.006850025060710503,0.6406271097165678,0.4330899208738387,-0.6102152750092588,0.4682591499953941,0.5179097644647812,0.869315601195243,-0.48090820199149553,0.8790946219805785,0.5273188161763159,1.0172921471603515,-0.5018657640819041,1.0204633739846747,0.4267745665177463,1.0045394085050108,-0.3851522698662826,1.0086110633567629,0.3774760211804527,0.9690658249566558,-0.34990601003583216,0.9703284635692201,0.5103341544605006,0.8648688788342811,0.39184895394029345,0.8922483636643829,0.3278369890262879,0.9498276547901157,0.31195336768768567,1.0155679893077314,0.2936333592369533,1.065598714303961,0.41484245429213046,1.0077766933185446,0.3729439554441683,1.0921003815593167,0.34608384601245806,1.1315350060781615,0.32423150850779114,1.1612056834467928,0.488938016089376,1.0150164715991534,0.4452091789296261,1.1034811977474592,0.4136569572240136,1.148886976814521,0.38894461912607003,1.182014836732582,0.5404315487057445,1.0114187495693223,0.5107803783943299,1.0906954300975131,0.4815222309516084,1.1346415049399021,0.45594493220299315,1.167294767022728,0.5721325117226335,0.9991417171047406,0.5586562385814413,1.0577941180484902,0.5406871354895028,1.0875889312357725,0.5246046751699542,1.1092543999991487,-0.5224584555339207,0.8692390138285574,-0.384505101076012,0.8994755066920219,-0.32398002263947057,0.9603987064326654,-0.3035971428880846,1.0241921036374033,-0.2700195122985185,1.0675243711907842,-0.40893358932434387,1.0134840592521281,-0.35493783327773915,1.094634747299739,-0.3216463800843845,1.133598764063234,-0.29630094931132095,1.1644004074082175,-0.484458043062704,1.0251780967112598,-0.4241802387434932,1.1101069470679552,-0.38451773632898184,1.151899930470064,-0.3558674110554407,1.1841275840318006,-0.5349599299920456,1.0260029348919746,-0.4864019878156679,1.1061824818297463,-0.45000104320065865,1.147347470992144,-0.4189791696131219,1.1766965035878065,-0.5607140114466861,1.0214595639293487,-0.5342911482690634,1.083310013901094,-0.5072706597930782,1.1167983110354525,-0.48030182068449595,1.1415465598523629
-0.010025077672292305,-0.3559331474451919,0.040854588313113165,-0.417000524071428,0.07994727325926178,-0.41837095496724325,0.11002012195372235,-0.4188906263552902,-0.08548788406127063,-0.4095418645088631,-0.12899932838785683,-0.4057668167314811,-0.16855789884428826,-0.40278752269821577,0.15075743487356627,-0.39000139966779185,-0.22590595429845475,-0.3706506825315752,0.06599155690958111,-0.29244884417979755,-0.09110135532037439,-0.2837140730802595,0.49995220992336453,-0.006912871526655208,-0.49995220992336453,0.006912871526655208,0.6415385981445595,0.4323726942844953,-0.611289087793855,0.4684013585775605,0.5188704220631273,0.8696461137736817,-0.4806420817175843,0.8795729906320355,0.5282662049655792,1.0172510862673256,-0.5017282528767516,1.0209746215906428,0.4278412063581871,1.0046512176321694,-0.38489623267823847,1.0090709751010603,0.37870198483799905,0.9694364390234569,-0.3495703335550524,0.9707734339560847,0.509866777024127,0.865845282044588,0.3918878422939917,0.8937592654144413,0.32795828067968397,0.9508442691117902,0.3129079939928237,1.0161432080841013,0.29349694795453757,1.0659163266708869,0.41422838884159247,1.0083991506732353,0.3732533090724159,1.0934793156013103,0.3469612194392649,1.133693408374162,0.3252958242810004,1.1639317179544455,0.48864164977250923,1.0151145115848432,0.44508019012453826,1.1047355353808161,0.41311452212764804,1.150631191225034,0.3881505555297617,1.1841175024299693,0.5410894236168527,1.011287175062377,0.5125345565612285,1.0927413955381298,0.4829920255316506,1.1370356739082974,0.4569168537890288,1.1698073537806306,0.5739336312501296,0.9992083085998723,0.5597849511328004,1.0613683702850985,0.5399877557617827,1.0917173567849872,0.5220918079956898,1.1134980866089728,-0.522840041639555,0.8697770851585053,-0.3857504854955935,0.8992709316513028,-0.324372925157798,0.9611957771576881,-0.3029045970197126,1.0250765433364986,-0.2699196589145127,1.0690013071814908,-0.4081834106744881,1.0136009658946885,-0.35540294067902617,1.0952224216357367,-0.32260298163384804,1.1344965368829618,-0.2976517683884212,1.1653257148276315,-0.4843142709349122,1.0258102492484316,-0.4236553342835324,1.1112721275605566,-0.38379356673471504,1.1528611426272635,-0.35498141465555916,1.184992936902279,-0.5350502121830345,1.0273690416151384,-0.48617093725558697,1.1085642026878868,-0.4493212897602786,1.1489685976591784,-0.4176498360596941,1.1777257439746827,-0.560076282062463,1.0232620185282988,-0.5320888837419296,1.0861624400484804,-0.5044678947824947,1.1192495158720737,-0.47610488250734856,1.1432362429754082
-0.009679075223152945,-0.3560389628358791,0.04107106628223645,-0.41709841319741336,0.08001277151212528,-0.4184601016532424,0.10986109782832125,-0.41898223660184625,-0.0852231391923618,-0.4096511958807636,-0.12876111839620477,-0.40587290004808946,-0.16827809276640798,-0.40289311461004573,0.14961856265286336,-0.39013541769662763,-0.22651749304702395,-0.37088542139837544,0.06608251724280803,-0.29258481324543884,-0.0908349528847074,-0.28385449948721236,0.499952144592414,-0.006917594773180668,-0.499952144592414,0.006917594773180668,0.6421771787569948,0.4316059332990091,-0.6112568507107567,0.46826719445126913,0.5194833416756058,0.86982136070841,-0.48026187771608475,0.8798680491076142,0.5289958040470905,1.0170039591651099,-0.501673625847435,1.021248482571394,0.4286023539483935,1.004632455755742,-0.3846607101858147,1.0093018308410473,0.3794713077712009,0.9696322204629242,-0.34920467448853265,0.9709939643824189,0.5100707139023247,0.8661344689967576,0.39126554534829033,0.8940058484138632,0.3272735645918619,0.951471641485734,0.31245722279982363,1.0166982434399447,0.293845391438754,1.0664367276835394,0.4137966611801636,1.0089242342051756,0.3732287612728724,1.0939194177316398,0.34730415652073354,1.1341094991483966,0.3260023373747384,1.1642153987279575,0.4887467092900621,1.015752698867627,0.4454550996891189,1.1049928495097003,0.4140608900834087,1.1507767743911264,0.38918388304841767,1.1842246926092124,0.5415097381498951,1.011872460817454,0.5130983644838404,1.092778419201506,0.4838869829041823,1.1371821862264353,0.4577591592810338,1.170120060575033,0.5745609802311195,0.9993245829512601,0.5615729427141799,1.0596406538018386,0.5423261633085364,1.0900680207876143,0.5244675285272459,1.1121991326626859,-0.5234375682557807,0.8692190252992493,-0.3873907427373529,0.8985518723067216,-0.3254737686409169,0.9602912517456869,-0.30360355784915033,1.0246998755586176,-0.2703395571464213,1.0690559438310718,-0.40901325279824374,1.0129826215494762,-0.3549878709077941,1.0956909272130937,-0.32183834721100507,1.1350661364538481,-0.2968092588047509,1.1659866863547488,-0.4849604266895317,1.0250958861314912,-0.42314262162731114,1.1121849339642749,-0.38293634482017896,1.1538230607643067,-0.3540754936075462,1.18591189731885,-0.5357851113615797,1.0264409909512853,-0.4865146295288963,1.1092617769288786,-0.44946212767901017,1.1498026105673236,-0.41782509814500296,1.1782878618360488,-0.5611582963496416,1.0220125500296442,-0.5331053288911372,1.0864107466734292,-0.505808553050358,1.1196527837645533,-0.4780087217619649,1.1435720442207795
-0.008774945240239697,-0.35590716023096003,0.04193588664818975,-0.41691098176605484,0.08076589379856595,-0.4182509185705873,0.11040082576324693,-0.41875636056064713,-0.08429766831827354,-0.409488334984634,-0.12784151239195862,-0.40571132298258106,-0.16734337268112903,-0.40273432620322436,0.1495399297042103,-0.38998995953479687,-0.22628085778044063,-0.3708930329654174,0.06677981835876964,-0.2925026278266491,-0.08997072526746482,-0.2837888256567139,0.4999519188541631,-0.006933890252976257,-0.4999519188541631,0.006933890252976257,0.6427027504174871,0.4311421838213419,-0.6104888336814149,0.4678874506380736,0.5200704834885571,0.8692672610453873,-0.47886282577471884,0.8793969438152468,0.5296788703081509,1.0161542023527699,-0.5004829710876324,1.0206609399917113,0.42938073123567155,1.0039140581390018,-0.3834483716467749,1.0086471858950088,0.3802669363875607,0.9690293588759409,-0.34771177147307125,0.9703466788421377,0.5081401012665038,0.8663166505774221,0.38966001977554743,0.8946547729440049,0.3271162576302461,0.9515436603042671,0.3129456997444178,1.0162486609128776,0.29496930447434416,1.0658739954280507,0.4135249971601285,1.0088771237514211,0.3734588245811128,1.0936315080771637,0.3476221910545654,1.1334080964319995,0.32637699744386334,1.1629893688390607,0.48889494571254216,1.015682796487068,0.4462832701522204,1.1046691903860868,0.4149081720379497,1.1501383482565208,0.38990370512192857,1.1829983970211233,0.5417090326993321,1.0115816098022044,0.5140466438114542,1.0918937809983749,0.48483721883467623,1.13602211512944,0.4586728628859711,1.1686628692556702,0.5741965688325238,0.9984860169384467,0.5613076317857155,1.0577328205620546,0.5426662571218319,1.0882209838396333,0.5253510717725122,1.1105455771465895,-0.52107249812031,0.8691632679357851,-0.38527967035083477,0.8990346789012992,-0.32435877722297063,0.9601575714382199,-0.3022501525487489,1.0238618878173327,-0.26984621002391546,1.0685418954168202,-0.4091317871802838,1.0121907123013025,-0.35396588160715037,1.0946148970773462,-0.3205599244505642,1.1336402516255037,-0.2949778412221474,1.164562347771934,-0.48455284535266185,1.0251470563956995,-0.4213735943968707,1.1112220866932765,-0.3806577420499781,1.1525574630235984,-0.35120341219141854,1.184638561267876,-0.534794821313045,1.0274349048069464,-0.48402633866023054,1.1093185028000263,-0.4464755132780734,1.1492607262356143,-0.4146441980571792,1.1774776711301338,-0.5591506062628805,1.0239563463774404,-0.5302495020087076,1.08784381480033,-0.5032298082768676,1.1207783660912145,-0.4760240799630315,1.1445941185923592
-0.008361292360123805,-0.35614902799586273,0.042351293469663466,-0.41706235059059305,0.08110352694566564,-0.41839288629355764,0.11064307156447599,-0.4188813942979959,-0.0838780217942957,-0.4097019120107835,-0.12742364304966258,-0.4059427508917457,-0.16693291979718194,-0.4029732298107491,0.14949974774138167,-0.39014241074274586,-0.22629817316540984,-0.37121100703375115,0.06713104493583283,-0.29276777538052595,-0.08955839641785161,-0.2842210473332884,0.4999504673484325,-0.00703776939689614,-0.4999504673484325,0.00703776939689614,0.6428817448885118,0.43065880561516656,-0.6108125137900682,0.46761389287148186,0.5204493985578241,0.8688715515338709,-0.4779725964497076,0.8793458683035691,0.530158356554341,1.0157051276949693,-0.49991642922828666,1.0206061735025478,0.4298694150421753,1.0035241373636916,-0.3827093223967293,1.0084923724247175,0.38077535845632593,0.9687801974365895,-0.346647320019159,0.9701051340351,0.5097122010621786,0.8645179983558694,0.39022110310682895,0.8925374692704471,0.32704169543522343,0.9500559051557134,0.3130439343003312,1.015476506835879,0.2952660569822071,1.065422070792152,0.41230973648772223,1.0074202270768013,0.3740959040261441,1.092111504933865,0.3485772925187635,1.1320740319587659,0.3273574627517555,1.1621060760228135,0.4876178022667982,1.01412229967151,0.4466013131242869,1.102688601304134,0.4162362055002456,1.1484254126847195,0.3919048258838149,1.1819630505037217,0.5409461123001053,1.0102450584288394,0.5130344102870968,1.0896237285826196,0.48447365565085143,1.1340200810949215,0.458918677682859,1.1670266355409642,0.5747913128073306,0.9974447295336052,0.5618452963229381,1.056602760600359,0.5436055206057014,1.0871729839321194,0.5268011113490773,1.109305079668378,-0.521147346330847,0.8691909776711352,-0.3853987773816725,0.8988509307540444,-0.3232005989064535,0.95960187931961,-0.3012219518942399,1.0233465193576765,-0.2689431701538561,1.068052652025312,-0.4102181106357639,1.0119261202452927,-0.35499076176904343,1.0932375347325656,-0.32142928617860367,1.132166943830695,-0.2956775080045563,1.1633174783052675,-0.4855428074181684,1.0247497325451869,-0.42271531177699573,1.109712871869995,-0.3817997173880112,1.1511943638655735,-0.35210738928528895,1.183768290478362,-0.5355684219371296,1.0270359411360896,-0.48382160944701535,1.107978147349468,-0.4460579228088643,1.1483972508524165,-0.4144299676654058,1.1772358541176047,-0.5596819354099558,1.0238383535627804,-0.5296033245365883,1.08752866565664,-0.5019882087496063,1.120638110576609,-0.4745214415123152,1.1447599395510994
-0.00580537471562234,-0.3563221256669791,0.043614198163832676,-0.41708727226931724,0.08185049549642515,-0.41839807393138534,0.11114952892571896,-0.41886274114777217,-0.08244680826200906,-0.40981578185842676,-0.12573097796271787,-0.40608469756051047,-0.16556021415544703,-0.40310285658406625,0.1498383543693197,-0.3901890102197381,-0.22583114950867325,-0.3714684588268694,0.06824871106427194,-0.29304113561750184,-0.0875820378450873,-0.28465118462063327,0.4999503299004611,-0.0070475266881407095,-0.4999503299004611,0.0070475266881407095,0.643309727779909,0.4305765898301775,-0.6102241803477738,0.4675084044870634,0.5203885924192528,0.8687369887436458,-0.4767723987860429,0.8792375920446511,0.5305608301482821,1.0154831415940155,-0.49917919184554355,1.0204667155044187,0.43020180188032664,1.0033176516758806,-0.38165790747927786,1.0081868186753187,0.38110039550714153,0.9686337332725261,-0.3450983587206688,0.9697201554890575,0.5112868131517365,0.8661929870064047,0.39334659107564723,0.894252612233574,0.32968468809392487,0.9497049324782539,0.31371472494855296,1.0143286516998362,0.29697140656006643,1.0647891944377839,0.4138511475215293,1.0077070191494872,0.37415461004239076,1.0915165112773741,0.34862324451626386,1.1315771110584605,0.32714800307773395,1.1617224452225503,0.48778993951517946,1.0152243957314253,0.4463586739907059,1.103442323151413,0.41600558929255693,1.1495733624970734,0.3918517627932279,1.1832426955814794,0.5407399411607221,1.0117369804163594,0.5128882881864317,1.0913994437405725,0.4839892355078772,1.135917700391733,0.4579791790500174,1.1691664328751676,0.5745360974099967,0.9994098574786632,0.559695569932178,1.0587522344149847,0.5406162220593292,1.0897491905655432,0.5231740459511475,1.1126917671528496,-0.5198641165512519,0.8704018753607752,-0.3830786816759173,0.9001638576856031,-0.3223678561844057,0.9606558467020706,-0.30163758998006873,1.023744384816048,-0.2704908627668026,1.066695532849567,-0.40860727571679795,1.0136872191544433,-0.3546848153280499,1.0936776046129928,-0.32161257102509666,1.1321376162346628,-0.2964518085060988,1.1630208306307153,-0.4836326007863893,1.024951643789316,-0.42259097081588487,1.1093287360956356,-0.3832273441445263,1.150777295688046,-0.3552565173046471,1.1838211599820774,-0.5343328215684332,1.0253520679776948,-0.4858475717951951,1.1055621767865673,-0.449231817315792,1.1464692990212695,-0.4185566860320284,1.175870544826445,-0.5603167152055684,1.0202545305939656,-0.5338414926639773,1.0827621654003283,-0.5073729216869773,1.1158246540752146,-0.4809787373739868,1.1404558411933583
-0.0048545197214679816,-0.35655179041251844,0.04442643760632794,-0.4172565462652655,0.08258749250412291,-0.4185505858492909,0.11186553314098673,-0.4190041844540688,-0.08161409351799885,-0.4100946118589867,-0.12485738228832194,-0.4063925242363219,-0.16478714461704408,-0.4034024661066968,0.15045972730054982,-0.3903377617379121,-0.22536254641222522,-0.37182832164132024,0.06903220746609548,-0.29324204455264746,-0.08668290961001647,-0.2849657135741365,0.499949662206878,-0.007094734612978374,-0.499949662206878,0.007094734612978374,0.6441282603126759,0.42981919277238734,-0.6098083500355634,0.4671860481328594,0.5198853791045096,0.8685776214149522,-0.4758230512693071,0.8792719251540504,0.5308837452746801,1.0154245835903677,-0.4984501975121446,1.0205958627335563,0.4306793168594084,1.003267852666375,-0.38059362537322766,1.007938127410007,0.3816245766575744,0.9686606244611414,-0.3435628798700058,0.9691352368626692,0.5112935639478803,0.8658319664939643,0.39230801310336655,0.8937126728150216,0.3275467073519071,0.9491323201717371,0.31329946404623166,1.0138616893877666,0.2977361693430488,1.064225827542227,0.41353294583748473,1.006424468699527,0.3746981187547171,1.0903441472049942,0.34939484608990057,1.1305409344549497,0.32843516402504747,1.1606630754657457,0.48740015625339655,1.0146592156475303,0.4463162430192769,1.1024066209931696,0.4167694032092114,1.1488339158114056,0.3930429969812465,1.1825180894301164,0.5396929062974296,1.0116678268289288,0.5112319086919809,1.0905291129726924,0.48313241492507913,1.135460713381628,0.45775284942562444,1.1690246814294845,0.5732267120618246,0.9990624319384451,0.5605035511969432,1.055701212178898,0.5433203644466766,1.0866437229435497,0.5272975384836968,1.1097861784924385,-0.5205811076575904,0.8704718571726386,-0.3844234591376121,0.8988464708853793,-0.3234411991879437,0.9595072585565363,-0.3030141253858331,1.0234353312273696,-0.26959220838619075,1.0667166555242638,-0.4079193235004423,1.014706676887683,-0.35443882265436155,1.0939019659644844,-0.3211696022147435,1.1325555975649864,-0.29621452649871133,1.1636154307410438,-0.48272223004815124,1.0256429442389619,-0.4221203253641932,1.1089527236303165,-0.382563377730316,1.1504440494726635,-0.3543201695539796,1.1837900063099118,-0.5333495119476642,1.02561056414054,-0.4847773682812154,1.1050023516228338,-0.4487102633782918,1.1458757942172104,-0.4183377310584655,1.175466324981996,-0.5599123926192457,1.0202194995347746,-0.5335663033600443,1.0827348240758268,-0.5065132855822121,1.1158257321926277,-0.47956572490574734,1.1401569365602966
-0.004369662373903357,-0.3566542427624173,0.044646232116764564,-0.4173635835435975,0.08270508980335292,-0.41865076145324637,0.11191328246288174,-0.41909085497736476,-0.08142556376548532,-0.410189399265148,-0.1246489913176944,-0.40648112476521264,-0.16460551320605,-0.40348735765494453,0.1504926892239848,-0.3904298820468927,-0.22538521793861052,-0.37192044779465083,0.06943230826684561,-0.2933709897487093,-0.08598996073138863,-0.28509975993987285,0.49994901581576134,-0.007140138993857183,-0.49994901581576134,0.007140138993857183,0.6442473484877292,0.42956144343986813,-0.6097698994848759,0.46703299224306705,0.5188072201658619,0.8685701761123537,-0.475488754148195,0.8791732306740279,0.5304196564225154,1.0153971751663164,-0.4982576194620123,1.020500640954379,0.43030101348203653,1.0032433412569617,-0.38015763231889504,1.0073343202426555,0.38130752012325014,0.9686544410781629,-0.34279775648502636,0.9681086075577621,0.5120715768578361,0.8666130712834156,0.3931417497648694,0.8940161984794004,0.32934465692654186,0.9498299493225771,0.31451754734819437,1.0144685262634647,0.29703424019149666,1.0642644680890574,0.4149710982999716,1.0084266526636119,0.3751141616414656,1.0912995291626915,0.3496990794516216,1.131152029953498,0.3286400193425056,1.1611786402035507,0.4884603402679188,1.0163755057874007,0.4467563082994178,1.1036456579368117,0.4167682900983493,1.1498321342154711,0.3929452408257897,1.1835955194154273,0.5404935119676613,1.012761160785998,0.5133404568132254,1.0914361538878303,0.4852259273349628,1.1360363638772146,0.45989401766448096,1.1696256412699724,0.5728214503801188,0.9998652062105478,0.5585490460575706,1.0568357204530134,0.5407638781039346,1.0871721760618631,0.5247661430397376,1.1101357759676804,-0.5198160473773789,0.8701930383101484,-0.384364387451541,0.8984148048900418,-0.32281406160291687,0.9591337382351217,-0.3023019439811265,1.0228112844389528,-0.2693240400540267,1.0663049672307425,-0.40505260902099427,1.014247176465269,-0.35432081000753857,1.093707983530035,-0.3214419368268261,1.1324508520158576,-0.2961401910566996,1.1633582037976093,-0.48048620269824405,1.025816584805239,-0.4211799823187037,1.1094466639205918,-0.38199763024057115,1.1510422389238444,-0.35408759426324704,1.184470937905887,-0.5315311739712714,1.0261712324277994,-0.48305645533992,1.1061978344176129,-0.44747148106923995,1.1466394184388886,-0.41773752719064977,1.175941873287028,-0.5579147169765685,1.0209772749386705,-0.5300295218583606,1.0837596630407798,-0.5021938975616925,1.1170404258350501,-0.474766040403284,1.1415222014609583
-0.004017556560152929,-0.3567064332679593,0.04501733869805909,-0.4174939554403266,0.08305040708938054,-0.41877286624461857,0.11219364803775665,-0.4192189102313392,-0.08106361494067338,-0.41035253835855584,-0.12429772035069804,-0.40665443224687353,-0.16425902514110247,-0.4036832824586506,0.1507437370820099,-0.39065368550842006,-0.2254114117382114,-0.37216016062190266,0.06974605281018419,-0.29348690671797134,-0.08565680335390276,-0.2851337848627273,0.4999491566429021,-0.007130271527154774,-0.4999491566429021,0.007130271527154774,0.6443429773724364,0.42961677002918935,-0.6106505757240901,0.46659661123456203,0.5183549588060242,0.8688620793351247,-0.47518173806748376,0.8790038686294099,0.5305973247170364,1.01530701481712,-0.4985371645894643,1.0203350462119336,0.4303055209440398,1.0033316986127272,-0.38016294608877016,1.0070475488909623,0.3813478128103324,0.9689062410836689,-0.34253200487195123,0.9677439981744614,0.5097443801842033,0.8671431132003236,0.39110422098729936,0.8941419716207957,0.32779480914361747,0.9498911486015406,0.31352783382893257,1.0147321038208097,0.29561310147515885,1.064573249646764,0.4131753025539811,1.0105571232330213,0.37269265197004764,1.0933292241601256,0.3470436810200787,1.1328445958648503,0.32583718396868144,1.1627998542350981,0.4869928098302223,1.0181638256321184,0.4454193366074564,1.1049587509188208,0.41513736377055527,1.150923905363401,0.3910818189770265,1.1849132999994247,0.539051089266947,1.014207541897093,0.5122529617306033,1.0926604908831674,0.48411026997372236,1.1371930256806921,0.4585735308771998,1.1709455356932361,0.5715251320793627,1.0013119688548564,0.557488830929864,1.0586688782263247,0.5397566416895021,1.0891411572495044,0.5236325175429863,1.1124638679644032,-0.5229605681358405,0.8716953791294406,-0.3852682755091293,0.8988960774444505,-0.32406476353214014,0.9594758819671093,-0.3042901098205117,1.0235917661806153,-0.27250598238387636,1.0675185594924443,-0.4076618573029079,1.0149898378399889,-0.3558509980885536,1.0946134582143834,-0.32271997750952097,1.1333063877993865,-0.29706967574706056,1.1639567738943397,-0.48280452111751926,1.0264095398291977,-0.4219837286328655,1.1103556391758505,-0.3812407933058109,1.1526166988525368,-0.3509231103337223,1.186356122542248,-0.532880555348216,1.0271319492099777,-0.48489899817699367,1.1073692959450168,-0.44837096781247127,1.1479652873928061,-0.4162125493626131,1.1776796687020998,-0.5578102221465514,1.0228198949355691,-0.5289407958682929,1.0858136824166933,-0.5015755204085058,1.1185594327794488,-0.4735778872131939,1.1427926410405873
-0.004068593210510678,-0.3567570992938366,0.04500122773396567,-0.41758987790309765,0.0830240161071912,-0.41886770546971736,0.11214665977099655,-0.4193142989662416,-0.08113392505222934,-0.41044654504196426,-0.12438083680320176,-0.40674983576019114,-0.1643538388531269,-0.4037908487955155,0.15068215433918855,-0.390774578507661,-0.22562733180955408,-0.37229036653471725,0.06974889685655991,-0.29356877848420493,-0.08570657212468888,-0.28520618769534023,0.4999488845687432,-0.007149322937837899,-0.4999488845687432,0.007149322937837899,0.6443933723663146,0.4295679236925124,-0.6109145008828363,0.4662276368334255,0.5181141249571725,0.8690480932028124,-0.47532966931325654,0.8788261169314806,0.5305918984420273,1.0155036937902457,-0.499400016058857,1.0201397913048345,0.4301347624325121,1.0035725702683496,-0.3804477417327797,1.0064859660936631,0.38110043823887724,0.9691797683780498,-0.3426279504034288,0.9669126352727436,0.511314722333489,0.8672894510533103,0.3933554696122018,0.8947886730028504,0.3292836124886567,0.9504055368579966,0.3144504077307776,1.0152241568773692,0.2963381906139178,1.0648222138453052,0.4134144616580234,1.0102818998867729,0.3733264279499026,1.0925063516812599,0.34779760845410335,1.1321402488333026,0.3271952942657144,1.1621017250904304,0.4864698808554662,1.0180594598508315,0.44564906109716185,1.1038595437285184,0.416231128837294,1.1498713195880021,0.3931819792424641,1.1838379386135114,0.5389877674348058,1.0140134958189821,0.5128492912433043,1.0913768894404228,0.48602550590586957,1.1357837684524867,0.46201151025223,1.1690337968203839,0.5731824530844716,1.0007494693029888,0.5595439358471007,1.0571569123557825,0.542966509494749,1.0875585483233445,0.5284458979989677,1.1103738630720064,-0.5226274258993189,0.869781766671767,-0.3863468580132464,0.8980579237553497,-0.32551086251094036,0.9588340184906107,-0.30558642533627717,1.0228024913273301,-0.2721519247913507,1.0659230568307763,-0.4089095911942018,1.013744829786051,-0.3560630268875395,1.0929334219648212,-0.32290673212733306,1.131728264668849,-0.29775118315210103,1.1627808223049663,-0.4839359674821172,1.0254383469320019,-0.42265315662859415,1.1091030793918817,-0.3810880143760827,1.150860791517708,-0.3508504399538161,1.1844072177551315,-0.5345595477673325,1.0259346358797043,-0.4861572875933685,1.1058156365545762,-0.4486685034656143,1.1459651240125912,-0.41673041282334855,1.1749531018778916,-0.5603897568632451,1.0208969813712214,-0.5320713364606918,1.0837983331357692,-0.5039382756539389,1.1170028812916508,-0.47603416889011335,1.1416134442141197
-0.0037640988959873356,-0.35687756218191624,0.0450920174263706,-0.4177167266455213,0.08303447160166047,-0.41900624771050865,0.11211981783221762,-0.4194624953975873,-0.08103084301866767,-0.4105235580099508,-0.1242194798643012,-0.4068107204056537,-0.16419252473055082,-0.40386968701130777,0.15057510683476372,-0.39093087097694407,-0.22578285574121867,-0.37242682066129446,0.06994508939235375,-0.2937057870360509,-0.08540802474416695,-0.28531507917707577,0.49994810467736767,-0.007203653899779857,-0.49994810467736767,0.007203653899779857,0.6445056129749555,0.42960923536248424,-0.611128742415403,0.46570705972316256,0.5178731354027888,0.8692456010092549,-0.47592053922691596,0.8787107433229542,0.530626101515981,1.015690678774883,-0.5018782809333064,1.0197957984068227,0.4298983290756855,1.0037869635850614,-0.38253389415047867,1.0062080055432463,0.3808011071541004,0.969428805441724,-0.3435991678288988,0.9667700974947934,0.5099671352337463,0.8681003216741318,0.3935651687849746,0.8955276646974865,0.3307971595275526,0.9498929274592485,0.3143081107005197,1.0144621830571459,0.2955957420403929,1.0644097654538698,0.4156350410956365,1.0107913419872747,0.3742820466952922,1.0927364001853404,0.34859991764811943,1.1323680359725188,0.3275918863796129,1.1629639259802862,0.4883302100230311,1.0184126311726003,0.44683142052034697,1.1042810644229766,0.4166121123827023,1.1507555278749202,0.3926036312226634,1.185543748283607,0.5407425507176065,1.0142041013158656,0.5145229547939237,1.0927301866954386,0.4869228545602622,1.1377196260608402,0.4616812175650598,1.1717336012456858,0.5742663259312668,1.0015685257797475,0.5594034361756893,1.0592803076295394,0.5416783466788957,1.0904813471716763,0.5253754806385647,1.114439232771086,-0.5262321655587822,0.8680415154304179,-0.38978958602818653,0.8962083747072694,-0.32839176224929917,0.9570848201102856,-0.30753385333502836,1.020664799351667,-0.27603356768101134,1.0642668551861272,-0.41360212034596355,1.0112910841036664,-0.3592076763726982,1.0910261370898564,-0.32594508964526914,1.1299556485181257,-0.3008818685743913,1.1612308061183776,-0.4871241272510114,1.0229127512340148,-0.42604185999499655,1.1069934746754875,-0.38501618336626753,1.1492263436280044,-0.3553365612086692,1.1831060630488994,-0.535583800726596,1.0239370894264053,-0.4874228185870074,1.1031295715979517,-0.45072517054044703,1.1439697311710397,-0.4199321131834726,1.1741774999702954,-0.5588058315933436,1.0196455650974101,-0.5291786912343805,1.0825655829470737,-0.501187474002433,1.1169461540361285,-0.4738406844374487,1.1431866095330532
-0.004502596157884407,-0.3574127424128063,0.04494716337149633,-0.41827875292771083,0.0829307848812648,-0.41955600527878334,0.11203062990461436,-0.4199174781820673,-0.08142795878873553,-0.41109585239440155,-0.12474433221830547,-0.40732447030568697,-0.16477193483331815,-0.4043005613528697,0.15057382966994245,-0.39129230912044494,-0.22609158995742537,-0.37286695759133937,0.0698713693057593,-0.2942967101279518,-0.08585308853995977,-0.28585026369231287,0.49994954337514613,-0.007103103475445869,-0.49994954337514613,0.007103103475445869,0.6438974426576591,0.42958302167208834,-0.6144004990626332,0.463926498952563,0.5175575022322572,0.8692259663128036,-0.4794198357762934,0.8772278687772715,0.5306257964790131,1.0158043939200436,-0.5066722512792056,1.0183971878919562,0.4299285684588168,1.0039023131420342,-0.3864958844358659,1.0049892844698705,0.38082352334073477,0.9695482924394497,-0.3468053383781985,0.9657786305932899,0.5077898540228559,0.8664191963637551,0.3926146207281135,0.894007336623325,0.32905998208348675,0.9487194846028474,0.3119623248564954,1.0128506819618002,0.29652542308690066,1.062670238148762,0.4151597867008184,1.0086930221819956,0.3738895030609146,1.0902542720228787,0.34731120067269283,1.1295057677872113,0.3254348206119281,1.1598366405794358,0.4871864534526244,1.0164560883898266,0.44509888812411674,1.1022051854927655,0.41532337621860793,1.1486814780203705,0.3917094401941301,1.1834920843920094,0.5389781844910926,1.0124831049720315,0.5108458926672608,1.0900562776539937,0.48356395558244086,1.13490666350886,0.4592306252198953,1.1688058742766403,0.5725755204363575,0.9998698426268612,0.557346157607242,1.055309819682139,0.5402387338418753,1.0857652158386513,0.5252211273220829,1.1088666305651969,-0.530892933500261,0.8634594913024176,-0.3957479038123973,0.8901624280383176,-0.332692801408999,0.9503490537274768,-0.3085387092223219,1.0136348905999961,-0.2765468590059196,1.0588488580425686,-0.4189646302818081,1.0047511141135772,-0.36246964511519536,1.0834330108679393,-0.3292019298401033,1.122288739861283,-0.3046511830153124,1.1532744146582283,-0.4923290908242756,1.0182236098690098,-0.42955988163514186,1.1018493727424037,-0.38720151683349546,1.1436150862380825,-0.35636422682982344,1.1759971540559422,-0.5399515088269231,1.0209347121353347,-0.48750442086678114,1.1002301250731028,-0.44812640403712956,1.1402538432694436,-0.4151966331865078,1.1686302985526626,-0.561360648813133,1.0179166298105256,-0.5271062911953348,1.0827014083569022,-0.4962081822935972,1.1161213928439393,-0.46576088792460124,1.1396252333449117
-0.0063735933603049025,-0.35818543704366085,0.04340293731418261,-0.4192502999689261,0.08147725303314886,-0.42054680604079586,0.1106374288201332,-0.42093876781723333,-0.08329813664127458,-0.4118988329134239,-0.1266856625413943,-0.40810172754531815,-0.1667821560781599,-0.4051211489381771,0.149401419227633,-0.39227809988388357,-0.22829372746375395,-0.3734640458886324,0.06845911473677603,-0.295008932207408,-0.08764894017816752,-0.28644458130146755,0.499948887133781,-0.007149143563661923,-0.499948887133781,0.007149143563661923,0.6450507443853584,0.4307202309760263,-0.6236869637342412,0.46251781713210105,0.5173832579307218,0.8715297361155496,-0.48510552555312036,0.8745706250939693,0.530438116563851,1.0184818532446578,-0.5143835402389684,1.0164891629700112,0.4294638669086561,1.0065715563808504,-0.39379818273341327,1.0040536540168399,0.3802530519677124,0.9721897487071081,-0.35210958441388895,0.9646531777722294,0.5105027570125571,0.8717326994314395,0.3907955719242184,0.8982181881438382,0.32525177374153,0.9537870737572761,0.3113777177774901,1.0186287345916833,0.2936130864972374,1.0682910984009828,0.4084411402943823,1.012596139631348,0.3703735010002808,1.0955892192931753,0.3459299968327803,1.1357014024283731,0.3254734310470413,1.1661525762367138,0.48421700467736356,1.020566010539952,0.4429515804205197,1.1086914805428445,0.4121494492117862,1.1549317315139445,0.38755839605477366,1.1891993723224987,0.5388586461508289,1.0172255726325985,0.5117292162602204,1.0978420675900533,0.48177209789187475,1.1419200470949409,0.45469274118775227,1.174920725011652,0.5742953289532092,1.00498546038047,0.5594144681195579,1.0660435912439965,0.5395943881709295,1.0958177755710468,0.521705797935687,1.11763210362679,-0.5346856580628351,0.8573553523063416,-0.3994254074307077,0.8833784985968532,-0.33619131842999594,0.9442917510408136,-0.3115245991245157,1.0091106007569328,-0.27692413853645126,1.0539361172991821,-0.4253303810011123,0.99386587476815,-0.3650408179132717,1.0741563376447074,-0.33050000005399943,1.1136571828097852,-0.30649302279890894,1.144978739873,-0.4990228670050336,1.0093289198500117,-0.4323469697127711,1.0952309178254311,-0.38753747659019727,1.137812933065613,-0.3555865552097277,1.169768082848497,-0.5466155391062459,1.0147435004153622,-0.4884193690347625,1.0957225252429756,-0.44666567557280645,1.1357799616942823,-0.4129745440513274,1.1633589375257871,-0.5680626637944254,1.0139405490516227,-0.532365600422318,1.0786620342384636,-0.5004515106523525,1.111919086869983,-0.4690417135071747,1.1347947439317336
-0.007033385152262599,-0.35818895950416524,0.0433130826681974,-0.4192600433027316,0.08143864597069886,-0.4205551427093482,0.11063911213808064,-0.42094244291854427,-0.08347568594470954,-0.41190929564605083,-0.1269347642671133,-0.4081093470197806,-0.16708234512493808,-0.40513223746746535,0.1495293721903582,-0.392309824177546,-0.2284277827996064,-0.3734988627743662,0.0683689191583148,-0.2950386616820881,-0.08780792893980316,-0.2864580786821993,0.4999492096773988,-0.00712655196741831,-0.4999492096773988,0.00712655196741831,0.644762210062968,0.4309844847023656,-0.6287731265523335,0.460906917184146,0.5155654033730593,0.8718255955949387,-0.4861884516053946,0.8691439269434755,0.5294029426961325,1.0186688480468153,-0.5150669929041642,1.011814174038345,0.42864101520642595,1.0068245054906209,-0.3951604950392423,1.0002273268661699,0.3796892955032089,0.9724714609906382,-0.35283611007502635,0.9608291977850829,0.5075995154904237,0.8690393263985411,0.3885563059527373,0.8963661074854907,0.3245928501709703,0.952031624293043,0.30938482115490495,1.0162768338830803,0.2929952510897822,1.0655301147317997,0.41068087908683,1.0132714599281978,0.36906477334443083,1.0948801374230028,0.34276062949997865,1.1336613458433273,0.3214043139852769,1.1630879272312482,0.4836497741244004,1.0211932820493503,0.4411919678268053,1.1062099343198601,0.41089920490508675,1.1517743768020083,0.3871344062046816,1.1853284511821724,0.5357252666971918,1.0171209825361363,0.5075291883155316,1.0938928863223023,0.4790324390057727,1.1378099814989084,0.4541811299641548,1.1707756221752286,0.5691391318362735,1.0040441339845227,0.5541169357032301,1.0594993369304515,0.5367229778523857,1.0902165109993827,0.5214497404114995,1.113645920292945,-0.545119285849709,0.8349734882884264,-0.40714549194522104,0.8612573796869444,-0.3419628834290903,0.9226646874711697,-0.3179886610844653,0.9892231269847148,-0.2857965080547828,1.035544476814357,-0.42779820187947537,0.9697505114962369,-0.37073660162857464,1.0521730702523724,-0.3385383283542417,1.094326199643552,-0.3147686334581162,1.1274819017355615,-0.5017091694845086,0.9846333886056018,-0.44178997136773906,1.0714627460643904,-0.3975943494209511,1.1163539616349925,-0.3641761444720263,1.1482907335469894,-0.5507460162269542,0.9903387919458987,-0.4953524608362316,1.0704389960501384,-0.4529652042678795,1.1129381974570054,-0.4179666408730408,1.141742516879742,-0.5756459533942491,0.9906492552654381,-0.544200025103216,1.0539588463641894,-0.5128607003462756,1.0889904590801405,-0.4820053200254203,1.1127321121280496
-0.008326338331033486,-0.3580497207053762,0.04232026042496362,-0.4193350131089875,0.08047665587926721,-0.42065476064036167,0.10969468279850263,-0.421082652971277,-0.08464759023018303,-0.4118568334154144,-0.12807496013473246,-0.40808167302999987,-0.16815088715392304,-0.4051855650304076,0.14867958735302017,-0.3924739286999146,-0.22952279338177065,-0.37349253138429683,0.06744094134523719,-0.29497164460177894,-0.08882063982873444,-0.28609033208846024,0.49994918791677384,-0.007128078377677162,-0.49994918791677384,0.007128078377677162,0.645111730760333,0.4312755303474848,-0.6387853590687503,0.4575143979652253,0.5148269491549344,0.8723761354724362,-0.4873057961547344,0.8601805082362044,0.5285112654113303,1.0192667243054498,-0.5151416757373458,1.0007868076727016,0.4278608805229098,1.0073812591698894,-0.39571802276776724,0.986845321835347,0.3790218165359363,0.9729900045069371,-0.35346572858919983,0.9444105597160042,0.511862039942774,0.870512379647835,0.3914447772285826,0.8982124380664769,0.32881095879287087,0.9543764932866776,0.3139336428700019,1.0191413680508354,0.2948732577545182,1.0682676604009576,0.41407013391179687,1.0150832097975435,0.37207690190417786,1.095548120485992,0.3457044396989264,1.1349188907407703,0.3238494784703588,1.164948727436781,0.48710495895817624,1.023170135494875,0.44415452173104103,1.1072000177510541,0.41270546520037216,1.1524569655315664,0.3867740877915528,1.1861310399172307,0.5393155050186352,1.0190734574688507,0.5100442629220413,1.0963084963465755,0.48068173119064816,1.1406057896734672,0.4536871635228872,1.1741565117233297,0.5727865156312828,1.0057736709668406,0.5594597875541247,1.0616772167413948,0.5419673575807282,1.0922973188565581,0.5259680697804129,1.1158524938688488,-0.5396408078392245,0.7995599602342831,-0.41033716715027124,0.8273922772945609,-0.34415129129028826,0.8904002719041263,-0.3187175537199473,0.9573271524095035,-0.2899926021574503,1.0057765655162367,-0.4189836315116279,0.9309536882448457,-0.36821958084744405,1.016272646941683,-0.33692215417360016,1.0621165202766603,-0.3130698425329205,1.0975901137560975,-0.4955172988049199,0.9457065385436836,-0.4424988394764882,1.0335637944032294,-0.406828639295764,1.0823039983954448,-0.3798132531381159,1.1185591202118212,-0.5494763753582519,0.9517081640587916,-0.49999394210359005,1.0310290597628544,-0.464863798042879,1.0758576142327483,-0.4338773127714669,1.1086265852880255,-0.5815716957060051,0.951911784475923,-0.5507208089409167,1.0148338332341897,-0.5225864567840411,1.0501003551029848,-0.49353920827917397,1.0749280185613177
-0.008796556551862194,-0.35861166033286773,0.04187460924137073,-0.4199574257146139,0.08003837840237067,-0.4212771376562246,0.10924633848958969,-0.42170552582575266,-0.085211689333084,-0.4124883264159602,-0.12866522770709612,-0.4087214860610869,-0.1687674421908773,-0.4058420689616641,0.14822252954337306,-0.3930847049349849,-0.23022442801830223,-0.3740986616203002,0.06706682029092739,-0.2954703757020707,-0.08931324973665077,-0.28657959381271214,0.49994637899909034,-0.0073224398732897695,-0.49994637899909034,0.0073224398732897695,0.6453525126474807,0.4315207858785659,-0.6559624751032349,0.45141152616521435,0.5129406715503316,0.8730039927303046,-0.4887677212183878,0.8199712312813825,0.5268265107603203,1.0202926271486399,-0.5060934817678203,0.9631043667232968,0.42431134954427235,1.008339215321486,-0.3924465804139865,0.9478464372054962,0.3770446661107982,0.973796462914988,-0.3539763420890422,0.9010094792615383,0.5101042158555272,0.8709734952150077,0.3895978659526243,0.8982904848390237,0.32656462563253424,0.9550739830812955,0.31222944690653703,1.0192731435443625,0.2939235422491442,1.0683632627816395,0.4129492560385326,1.0145227600598923,0.3703360003903898,1.0961964579210701,0.3438026802794125,1.1354459080257595,0.32239151860960297,1.1650120469831302,0.48712148031301095,1.0225284032821134,0.4442285019006862,1.1082994267002289,0.4135407972466114,1.1536548569840137,0.38903128805099046,1.186734804210172,0.5396839508994439,1.018668452023067,0.5102183338278469,1.0965352456513942,0.48093481516129905,1.1404818093276934,0.4546524654347591,1.1735156190142617,0.5731971898017534,1.0051938387094257,0.5610211141965774,1.0614684866962174,0.5435176015320571,1.0921483903170282,0.527229489850074,1.1156847763346265,-0.556798972107415,0.759178670601389,-0.419011773318014,0.7724024249739254,-0.3449572332024902,0.8319543984782721,-0.3200570036836733,0.9024573510353437,-0.2961638875592437,0.9549415884024716,-0.42434255367732854,0.8707471538070183,-0.36988955840102206,0.9621885254180987,-0.33407345447916836,1.010363249123507,-0.3066882615357581,1.045595612870546,-0.5035882356567405,0.8889997885515509,-0.4436319457426519,0.9829493038003522,-0.3998688177913898,1.0345074470757063,-0.3660123334254626,1.071925437456664,-0.5579183089374722,0.8992292834706846,-0.498497281348629,0.9827725546752555,-0.45681825515552094,1.0294942802135705,-0.42097295308059324,1.0643713626170985,-0.5857567419135231,0.9051053560551555,-0.5442761962953186,0.9711958213114223,-0.5082316335421609,1.0088210962905388,-0.4724328033368205,1.0361407605545312
-0.009671185561551447,-0.35917459943827357,0.04119643012456802,-0.4204140892554463,0.07938242435391736,-0.421728179917651,0.10867812927966773,-0.42216065486878973,-0.08581163632892003,-0.4129755089481623,-0.12922790759333214,-0.4092086459925101,-0.16931636799516073,-0.4062949721175488,0.14776574933832753,-0.3934836471923807,-0.2305756449766142,-0.3744141159823883,0.0667291180505405,-0.2960198235957073,-0.08967018910215477,-0.28731146472650926,0.4999444993027872,-0.007449672266979407,-0.4999444993027872,0.007449672266979407,0.6456656493167597,0.43076143845048964,-0.666291454932055,0.4433043825418218,0.5145210064972698,0.8688857085990872,-0.4880707515335805,0.7850443164476193,0.526873993811507,1.0194788486284139,-0.4908814206773001,0.9278150051826156,0.42411451192990796,1.00757176924163,-0.38507906309876017,0.9067464129953594,0.3775389829994896,0.9720088283955244,-0.3523874348745078,0.8576490517812293,0.5176894052757889,0.8715900287021092,0.3955119708773836,0.8979406232440128,0.33066358098785903,0.9539689543285124,0.31705134968649396,1.0187060901901375,0.2994848068844736,1.068247575700011,0.4161456913583911,1.0150614617450984,0.3745085927245174,1.0974498629149598,0.3480058321023704,1.1366935507482283,0.32627272562622694,1.1658550373878152,0.48989841665122946,1.0230039737488954,0.4472856714720881,1.108646388019347,0.4167472211525255,1.1537751686791433,0.3920869520866153,1.1867545189935849,0.5418747823989614,1.019365365060877,0.5127625685853581,1.096648120461399,0.4837101064340334,1.1404113080933695,0.4572686581519112,1.1732147477304309,0.5754962401289356,1.005870630498396,0.5634977496170239,1.0623330529502713,0.5457849490147989,1.092850099689316,0.5293345137551939,1.1158087841040647,-0.5390508474944,0.7114650493385603,-0.41856385004897,0.7096461909024785,-0.3481965692183385,0.7635423017548785,-0.3242042702277533,0.8312772766127716,-0.2995796737960393,0.8826015020166033,-0.41089055495637283,0.8297798063154018,-0.3666909349404072,0.9088395048068248,-0.34096472297392,0.94988499509795,-0.32487826006009884,0.9779284790864298,-0.4787532824354813,0.8515928417875412,-0.4322026128720185,0.9252192636599285,-0.3949687435447637,0.9619366601302106,-0.3701142815764476,0.9879442399989208,-0.5304994482156655,0.8618401403913623,-0.4859046422989945,0.929559174040849,-0.4439461555264089,0.9620789047590681,-0.4133277762108504,0.9876742427488479,-0.5606117220335647,0.8652653821360944,-0.5300581108444686,0.9217794184305723,-0.49896417072428123,0.9517941498893411,-0.47204582391374783,0.9740417226367837
-0.009994095564679412,-0.3606330478263271,0.04090469132385281,-0.42186091761874106,0.07898877698714961,-0.42315320277601337,0.10835928949905997,-0.42356712871936125,-0.08600171379809565,-0.4144681723967474,-0.12933153729535166,-0.41072795429693665,-0.1693854087205681,-0.40782874451784584,0.14750592445262078,-0.3947780636942008,-0.23053818649336058,-0.375891556671568,0.06638692010557777,-0.29748249899551255,-0.08983213151761506,-0.28878999843760567,0.499932005458898,-0.008245599908095706,-0.499932005458898,0.008245599908095706,0.6453982366569448,0.4295555361044693,-0.6805726319920129,0.43994945346924175,0.5159043623451582,0.8642087722863241,-0.48835200211827784,0.7243527567427898,0.5267851792640318,1.016288341485631,-0.4788629798258855,0.8560642706540884,0.42368511851856605,1.0047294107384905,-0.3854480614359364,0.8098687974340238,0.378148916437361,0.9672748269946931,-0.35895691255687684,0.7701815222382291,0.5122602531108468,0.8720841244970804,0.3929385322038815,0.9008455387117491,0.33105914018925786,0.9567177921470607,0.31707630371595363,1.0208991141351145,0.2978273257864322,1.069647939012717,0.41764743025346884,1.0155687514416265,0.37414155582973574,1.097745176299568,0.347667242726419,1.1371509261062847,0.3269730639678943,1.1673366915468844,0.4918521710447477,1.0225715421890453,0.4457065361806903,1.109423629904963,0.4128221408322678,1.1547580256676604,0.38808826785707506,1.1884344829424245,0.5455491530579133,1.0181991462848488,0.514823973822319,1.097379249041368,0.48383009114605985,1.1407250163527383,0.4567222622959142,1.1731939805725642,0.5804074594907884,1.0055210266840175,0.564514487189488,1.0668545381818382,0.5439311346633371,1.0973257313436422,0.5249780650041578,1.1194619890654698,,,,,,,,,,,,,,,,,,,,,,,,,,,,,,,,,,,,,,,,,,
-0.011728156961769627,-0.3616882334960673,0.04084662447489465,-0.4230511968022043,0.07897977339021078,-0.424359482649933,0.10865433630780297,-0.4247794551825202,-0.08619450875210005,-0.4157128350943782,-0.12972593372257882,-0.4119834031332395,-0.16982985172479376,-0.4090800250097759,0.14804963434337043,-0.3958607089322355,-0.23039493416468984,-0.37710280982298405,0.06590929986274245,-0.2984858262015584,-0.08997180687064571,-0.28982629160362466,0.4999156542362372,-0.009183607654671707,-0.4999156542362372,0.009183607654671707,0.6461223299433142,0.4286624158909596,-0.6919914978741453,0.42855429862632705,0.5227916607362946,0.8562756814833227,-0.5065939315915698,0.5729071370249726,0.5281957387499308,1.01410992827594,-0.48009136631715527,0.6694316423228355,0.42459797661603427,1.0028664022109006,-0.3961659254207828,0.6189821629054911,0.3824942797345527,0.9629312988850417,-0.3849140311464065,0.591268215647469,0.5156601611632762,0.8705023068127752,0.39518227030726305,0.8989443998592308,0.3305136411608073,0.9555612495578598,0.31602793607028484,1.020333421347844,0.30060521468628026,1.070114671355607,0.4177304661535635,1.0139782684490397,0.37771391225682566,1.0971087294584079,0.3513091992435904,1.136033399400869,0.32971207828245813,1.1653618531802876,0.49215665053907687,1.0208424316277755,0.44894611850263655,1.1075600650395556,0.418309769391925,1.152690375874002,0.3941957142145065,1.1861074251592982,0.5447315435518656,1.0166085640078095,0.5149587936447206,1.093729534952049,0.48627056366763605,1.1373444188636477,0.4608898963249866,1.1702613839589717,0.5786038234250886,1.0035909775633503,0.5640156914522827,1.060728887763356,0.5454561189043154,1.0912802158672048,0.528315125203137,1.114105566806743,,,,,,,,,,,,,,,,,,,,,,,,,,,,,,,,,,,,,,,,,,
-0.012007226440720517,-0.3605290099084683,0.04076520742649112,-0.4223369746005995,0.07887662882751262,-0.42365739333094693,0.10867060662082018,-0.424175001045261,-0.08627974748634874,-0.41521783136234025,-0.12984709130542688,-0.41158927514811766,-0.16996018221972847,-0.40881465445567694,0.14822423023640663,-0.395752454862491,-0.23039705017799733,-0.37686496387849333,0.06602785730199294,-0.2974590066530344,-0.08982664960459964,-0.28903239324920244,0.4999110447871091,-0.009431187616678499,-0.4999110447871091,0.009431187616678499,0.64555739437776,0.4281954187822568,-0.7160258280185773,0.4285166771393403,0.523499311286568,0.8531701053279159,-0.5065839090428738,0.4580234423708773,0.5286101991036014,1.0127762356268704,-0.44628679628372525,0.543867626928338,0.42468345546378605,1.002977967361384,-0.3720474280289427,0.5183218946367265,0.38334181365370257,0.9631466193564912,-0.37835951847994925,0.492929089360127,0.5156788246648636,0.873360266578475,0.39554695220947134,0.9013442359422801,0.3309552693418896,0.957803327126863,0.3167105085829837,1.0218884532104127,0.3004754641177549,1.070908593931912,0.4153517820324237,1.0171015027638644,0.3752936108928563,1.100046883195161,0.35011601969285744,1.1395424615203782,0.33009151077096827,1.1691082766723102,0.49065572323769435,1.0238101988238761,0.4467964785833927,1.1107932989537215,0.4156819704341793,1.1561617211576296,0.391413904284047,1.1891560037103472,0.544513492409257,1.0190125323237214,0.5145400207180376,1.0976400129048787,0.48431985654274795,1.142009609612198,0.4569247119995179,1.1753468058803294,0.5796487531721414,1.0054435526953864,0.5643091689364204,1.0641614986798096,0.5445275572296158,1.0953436519174151,0.5255235291626456,1.119044436979744,,,,,,,,,,,,,,,,,,,,,,,,,,,,,,,,,,,,,,,,,,
-0.01864215614978717,-0.3606451070252428,0.0370957035906777,-0.42253764303231567,0.07556496696884768,-0.42384218195619167,0.10680142365988252,-0.4244216115487316,-0.09071699784945418,-0.4152983691237108,-0.13458995927701742,-0.4115497780033789,-0.17456597375381006,-0.4086487831589427,0.1480197021779506,-0.3961314760043301,-0.23123433285918324,-0.3764240123731368,0.06341305782727333,-0.2977830453168064,-0.0927667725438951,-0.28937861225737954,0.49989497813072825,-0.010247479674474112,-0.49989497813072825,0.010247479674474112,0.6449344620012388,0.4268888565394238,-0.7356079176095909,0.46047904733397566,0.5239528189903913,0.8506243293413653,-0.509519653227288,0.3127321392478463,0.5286348643268203,1.0106568396473825,-0.4404679030532524,0.28886731149790834,0.4243446739140058,1.0010730864521913,-0.3834462998510512,0.2359363373791136,0.3838005474822452,0.9613795111475153,-0.3913020783718284,0.25066933691001064,0.51174984109997,0.8693629920460151,0.3920533911004985,0.8970810572498938,0.3284032204033058,0.9540563863674412,0.3133796419215458,1.0176659696747206,0.29746068777768714,1.067254839843318,0.41208661313727357,1.0133998335810845,0.37320590066904824,1.095143282881778,0.3478793693631387,1.1346105054350144,0.3274578910305445,1.1641543341620817,0.4860087385970887,1.021148456932338,0.44380097519415584,1.1070748604781087,0.4128104959266067,1.1520285169140232,0.38850154846780954,1.1846467289232059,0.5398646368898696,1.017347068753973,0.510458403874761,1.0946085105685244,0.48152606208803606,1.1373392268799558,0.45575463054653825,1.169308709673436,0.575760392138371,1.0040883727105316,0.5629234035362818,1.0620712503315315,0.5444487818737055,1.092809953977036,0.5265198598985902,1.1153653923869957,,,,,,,,,,,,,,,,,,,,,,,,,,,,,,,,,,,,,,,,,,
-0.023189585722576553,-0.361507248646331,0.0340199769508628,-0.4237700483258983,0.07263663836556235,-0.4250319894833396,0.10493951763107102,-0.42565075889639353,-0.09412297486541789,-0.416434774535791,-0.13805588239512406,-0.41256831727297455,-0.17773172783895522,-0.4095403620863623,0.14741990012040546,-0.3975072207102763,-0.23274709095310012,-0.3770644887190901,0.061353938478695025,-0.29871016634388664,-0.09464821131512328,-0.290405388488312,0.49987198526251825,-0.011313635565491269,-0.49987198526251825,0.011313635565491269,0.6446152232544761,0.42663640088807436,-0.7486055627894285,0.47052396587077217,0.5235680450015554,0.8513191634145292,-0.5125509228900228,0.2541409554605346,0.5280489161125653,1.0120489996614475,-0.4266906779271041,0.17928197388581055,0.4202917947414098,1.0025942968421493,-0.3902591698985274,0.13085457014476184,0.3815962864346218,0.9637942549787114,-0.3996788048366417,0.15219616787387144,0.5080845703285476,0.8697818444520578,0.38861365983049434,0.8987748294671053,0.32612582263313916,0.9563998460195376,0.3126720411850826,1.0199068853942288,0.29619371082549695,1.068553630914402,0.4094433111667803,1.013634871995238,0.3699548666930971,1.0958413564460237,0.3448913829501916,1.1357894805342055,0.3250637348941006,1.1656599443469005,0.48452610176663935,1.0209761207268846,0.44224897897079074,1.1077429932676703,0.4118140786246468,1.1532599862327626,0.3880514569200506,1.1861737613902315,0.5391444383915853,1.0169451012891497,0.5106485461763759,1.0954962616916988,0.48183704303051206,1.1389746269398184,0.456007649959076,1.1710697792658307,0.5758924508000185,1.0035409062718117,0.5639173277814962,1.061867503810221,0.5456739885230919,1.0926278430282428,0.5281708719286569,1.1150936232159394,,,,,,,,,,,,,,,,,,,,,,,,,,,,,,,,,,,,,,,,,,
-0.0265950344389906,-0.35925686871927065,0.03113905820743893,-0.4233506240418254,0.06975788587642483,-0.42479016951765186,0.10290090962219631,-0.4256384790997938,-0.09794709068834977,-0.41500468643833294,-0.14245980292197,-0.41093741343880963,-0.1822977152250695,-0.4076473516798906,0.14640503309901134,-0.39795978277328775,-0.23538130453958245,-0.37588453148708734,0.05936834680876621,-0.2968516150338164,-0.09607031840353973,-0.28780320342275334,0.4998526914596128,-0.012136178994276294,-0.4998526914596128,0.012136178994276294,0.6441346273110065,0.4282568014885471,-0.7740086801901032,0.48117020264693844,0.517924210390105,0.8582587873471135,-0.5159981731127334,0.2042122674645109,0.5238960232157004,1.019496613979265,-0.4265514209931997,0.12562206414894067,0.41173060781052334,1.011831876863828,-0.39599077858479004,0.07819308828746203,0.3748443403572128,0.9754080285452427,-0.40577726935713865,0.09826286249578536,0.5058009914478492,0.869893051238196,0.3847069679362474,0.899560765656428,0.3204374261629618,0.9567762322902552,0.30754119470105856,1.0200347220571075,0.29185544500125077,1.0685421533921151,0.40671811874917174,1.016787935115518,0.3655337046266518,1.0971299567802195,0.3399855512795938,1.1355909125412242,0.3201118293484869,1.1648648429166404,0.4821314018398762,1.0238693299326698,0.43879186822457356,1.1089331772026099,0.40829123953437524,1.1534837339077888,0.38517229818416954,1.186780150925854,0.5370860531786977,1.0193492668651492,0.5072444557299022,1.097290291937829,0.477968733900211,1.1403024372843817,0.4528762817343472,1.1729993889156871,0.5740894369552341,1.0058949973965945,0.560216191118122,1.0650035833354907,0.5411875877412298,1.0959128875321653,0.5235422109963948,1.1189854750030064,,,,,,,,,,,,,,,,,,,,,,,,,,,,,,,,,,,,,,,,,,
-0.027377190549166472,-0.3590177950678565,0.0297531690156047,-0.4240406153275597,0.06814805596886528,-0.42560284025430895,0.10204874664692008,-0.42661580820472816,-0.09936190613296875,-0.41510448217877954,-0.1444272482242165,-0.411070797322461,-0.184209282688879,-0.40787242090403386,0.14577667466376418,-0.3990799870766032,-0.23623135590986488,-0.3766206251378865,0.059114308320152784,-0.2966658175460951,-0.09553916738978749,-0.28698082008242287,0.4998174493499353,-0.013509897309928489,-0.4998174493499353,0.013509897309928489,0.6452267926234999,0.42941384729508314,-0.779027139238636,0.48786556702570094,0.5190980812618157,0.8620813896340582,-0.5313280161596066,0.17905471505976062,0.5243049363588391,1.023927802233205,-0.43368612354413455,0.07423728664477687,0.410208124267711,1.0166281012388396,-0.4323964221350227,0.03632109805576183,0.37423748977165455,0.9813205043926974,-0.43515331606813196,0.06228947393022913,0.5041609858679138,0.8720645631895307,0.38354179629884544,0.9026910423776181,0.3195944756473675,0.9610247714935966,0.3039552743505595,1.024024799275116,0.2883865755332886,1.0721196149496577,0.40490629290048313,1.0199352064015847,0.36298268948733375,1.0998948975250002,0.3378741519739726,1.1396852396066781,0.31868872086248634,1.1702262850576195,0.47985222488993845,1.0267081595711283,0.4355203106630472,1.1115688956733203,0.40531156989272665,1.1569596942744056,0.3822047190197262,1.1910853642024481,0.5354000956783482,1.0217164043957498,0.5044852074617086,1.1005101102445278,0.4754718654208642,1.1447227989407367,0.4501686602331124,1.1784117576499906,0.5738859173584002,1.0080187156484874,0.5596637260882121,1.0672769478201793,0.5409316214295458,1.0986970289634383,0.5236369590447535,1.1227024496552525,,,,,,,,,,,,,,,,,,,,,,,,,,,,,,,,,,,,,,,,,,
-0.03015107077122173,-0.3550386365049164,0.02736918456120554,-0.4222170312722638,0.06619691092667501,-0.4239479400731186,0.1008182457423386,-0.4250959377240016,-0.10273168797471155,-0.4125826392337186,-0.14817574356865865,-0.40866003189094846,-0.1887411475890565,-0.4055312983167774,0.14506601919301096,-0.39788356494883453,-0.23954184866838374,-0.3747219000797805,0.05523633115375913,-0.29259155792078273,-0.10002865891465283,-0.28116578865165853,0.4998586642594692,-0.01188763074541307,-0.4998586642594692,0.01188763074541307,0.6459224125429291,0.43515321392079526,-0.7754121703702345,0.4926028475423879,0.521909560175045,0.8772793064583951,-0.5315121950065615,0.11566262476133593,0.5266292564920991,1.037906921166619,-0.43458096371598937,-0.01387626366512029,0.41086109401433224,1.0300139860598598,-0.4416643438755456,-0.0439209506131519,0.37477385103479544,0.996139932733922,-0.44038243572823976,-0.012050083243179537,0.5030149809139901,0.8790985488049105,0.38033965411104986,0.9097375411406043,0.31582435216472693,0.968087996425159,0.3030989065063536,1.0322998280805153,0.286414132471861,1.080906969183057,0.4008479281832516,1.0277103193901436,0.3613455726951131,1.1083312070907279,0.3365467476541236,1.1487432965663587,0.31692316280934174,1.1795133790426113,0.4765956922077802,1.0349978933142534,0.43470754128716577,1.1197902001519302,0.4047950726220385,1.1656448995596758,0.380999391754757,1.1997547346358441,0.5328299780804575,1.0300909253678296,0.5035666425209888,1.1081538631139995,0.4756755793107084,1.1526241062352243,0.45027545439951394,1.1862341742522917,0.5722673525694895,1.0161631055975155,0.5614861474295241,1.073412268324295,0.5451729834836722,1.105488514008284,0.5292460954769539,1.130519736372467,,,,,,,,,,,,,,,,,,,,,,,,,,,,,,,,,,,,,,,,,,
-0.036669627330204214,-0.3507776001410696,0.023054661599539214,-0.4224779243368566,0.06312674557614203,-0.42469129701714564,0.098657880968376,-0.4261497863881777,-0.10851384758796759,-0.4120548816095319,-0.15431790556985328,-0.4088085978716672,-0.19573290525501183,-0.4059369007078362,0.14359205299464733,-0.3993034635555609,-0.24519180900787374,-0.37538725283574403,0.04875883799102444,-0.2882817131731478,-0.10933165687353334,-0.27468273589381353,0.499889209144749,-0.010525140409393648,-0.499889209144749,0.010525140409393648,0.6493702655773915,0.4441511837414226,-0.7824822313344306,0.4863780541445098,0.5282588887795109,0.8954978558010068,-0.5369446149649184,0.046894470362640016,0.5326908874883833,1.0565611747840624,-0.4436480043374004,-0.08733177624892574,0.41464541043639,1.047946368800629,-0.4496274567286379,-0.11021524721600258,0.3781392079194304,1.0141737346483253,-0.44698342369143385,-0.07105541859104049,0.5106795865413967,0.8943616479275124,0.38493224407695337,0.9231985329508025,0.3191406804768773,0.9832931829352993,0.3033571097296493,1.049154867314783,0.2843153210076704,1.0984961417471404,0.4024357153744705,1.0452306161388842,0.36218341871072585,1.1273863596759406,0.3377635717739917,1.1684113553518536,0.31907375738773597,1.1997288485991031,0.48028691100040494,1.05292060441606,0.4367805076779659,1.1394183545216416,0.40486458953805277,1.1850863964639926,0.3806112509016055,1.2192783848540558,0.5387180768271654,1.047798361422596,0.5096764254236186,1.127690140251224,0.47897425914615377,1.1724687674866925,0.4517596309168117,1.206274748980343,0.5791987799384917,1.0333457150454257,0.5664265197961788,1.0941650986880989,0.5475701971096361,1.1259177062179913,0.5298262138228156,1.1497571723714206,-0.4655120973289208,-0.015430454379266975,-0.37721758790343884,-0.05146939440608663,-0.3081686057511785,-0.10365490012695332,-0.26758432031587404,-0.14175657878188197,-0.2581930466138871,-0.16690715504604142,-0.33873932411806007,-0.16846665716851636,-0.30883543837489286,-0.21409638392928543,-0.2857881999849,-0.24072771919311609,-0.2651877656646246,-0.26012171065726575,-0.3921289886305767,-0.17202163222028755,-0.3811486912727649,-0.21974493247958912,-0.33559485255420485,-0.2265469335901797,-0.2958160424562967,-0.21923615711760122,-0.44313648809804157,-0.1619510777431931,-0.4236265803617442,-0.19652598954262687,-0.36889788305028076,-0.1855147431111678,-0.3295890192182717,-0.1629562374173876,-0.48455103097030494,-0.14022853964756138,-0.45240556435057233,-0.1629763942863867,-0.40888100271555056,-0.15126376875601655,-0.3786478690781945,-0.1289474880998966
-0.04089702005926542,-0.3499738178003921,0.020006922757951767,-0.42405604338912667,0.060781898694804645,-0.426377017775764,0.09672776074728476,-0.42791688668641187,-0.11191041905619142,-0.4134319697509574,-0.15841685023659774,-0.41032400128828994,-0.2001051364934915,-0.4075085576923511,0.14161990727731294,-0.40109691141272175,-0.24999485705415533,-0.3767097361950696,0.04274615593479692,-0.28633612127995783,-0.11577126235347662,-0.27197220930220284,0.4999137396215108,-0.009287245966180259,-0.4999137396215108,0.009287245966180259,0.6518687172840142,0.4518650725441657,-0.7879745856682967,0.47313792884812605,0.5305333052057881,0.9090923504705081,-0.5411272430672783,0.014157810976329843,0.5366415153892016,1.0715647141939724,-0.4523024454256214,-0.11429668762563318,0.4155534245126857,1.0623808073853696,-0.45556877104428584,-0.1362194837262446,0.3777303691374212,1.0281447176741239,-0.45071494813229124,-0.09613930486282354,0.5087752744435708,0.9060857005673647,0.38311739900996555,0.935905917561801,0.31839521864869896,0.9954470535892024,0.30518628051814606,1.0621300223012824,0.28603863151515563,1.1116593836320035,0.4029220310371068,1.0576378287094355,0.36241100293737316,1.1404398585996423,0.3373387295169445,1.1815397467034476,0.3179661590849478,1.2128601711553164,0.48100948608687005,1.0650154363212345,0.43733246949465604,1.153176092248495,0.40555342701608665,1.2001722009342481,0.38140554833930496,1.235249783137587,0.5400610600716707,1.0599699452510518,0.5110034745138804,1.1412120734441975,0.4812184736569426,1.1867568154140324,0.4548042922037055,1.2206753825740628,0.5820186054519949,1.0459409906991424,0.5701836739976096,1.1075556067173522,0.5518996863339245,1.140242648229651,0.5338771063269491,1.16464777790429,-0.4675350991035012,-0.02946730511160374,-0.38679442561578364,-0.06734947741276717,-0.33622751605043716,-0.12718510117357754,-0.30486725695123423,-0.17064989723883392,-0.2884817077555784,-0.2054643398442748,-0.40394687836968357,-0.19546237948099557,-0.3777977993810247,-0.24559959443748844,-0.3147263898978395,-0.26089604128247607,-0.2570925829699014,-0.259732061341094,-0.44546393337441287,-0.19391142614674162,-0.4262986185713003,-0.25649344678144476,-0.3481038986305992,-0.2678090268047878,-0.28655671285599293,-0.2601001565750119,-0.4834504839978667,-0.18251404076793096,-0.44201552300546976,-0.22815403950313037,-0.3625400902872854,-0.21181715785486996,-0.31682169234762225,-0.18371981822332747,-0.5149250512155071,-0.15907729714312538,-0.4630418663469412,-0.19395229995878896,-0.40008453405670175,-0.18225892583087278,-0.36141502129127046,-0.1598406790876197
-0.05308108846142999,-0.34976154677126275,0.00836248793419808,-0.4257835646441911,0.05067435923824419,-0.42847839382168784,0.0878409463329393,-0.4301734256704046,-0.12255970544703527,-0.414587597605143,-0.1686407531340865,-0.41192791253554806,-0.2098852243237211,-0.40932561394114814,0.13499639960441567,-0.4034991645308043,-0.2579613131128232,-0.378740724303184,0.031700277221969116,-0.2850577413891205,-0.126554341206646,-0.2704311956843932,0.49991787105356916,-0.00906213006235192,-0.49991787105356916,0.00906213006235192,0.6541397906688328,0.4588342629691228,-0.7995557177191182,0.45430067304979604,0.5314567305706407,0.9216045200759504,-0.5503711493339662,-0.0017641232967263408,0.5379132052508778,1.0856361993513133,-0.4686281727533161,-0.1277455338140902,0.41450321088093706,1.0763198582958413,-0.4704408381193453,-0.1544946367250029,0.37630284992789587,1.0416065867999227,-0.4637841237545516,-0.11450204302680568,0.5100900470290406,0.9189075308785328,0.38310679592080954,0.9490108528319761,0.31645278444470365,1.0085118123928218,0.30272556595297734,1.0760704635633558,0.28312309327647883,1.1263143950481787,0.40199237549924566,1.0709422259977046,0.36022436218392506,1.1548430041003892,0.3349652059870799,1.196120167483421,0.31534592018254864,1.227163273239194,0.48092487426825725,1.0781657996444354,0.43644971382399933,1.1667333883545394,0.405359671419135,1.2141440742501792,0.38155181509344877,1.2486338712526628,0.5406012040951113,1.0723617677381352,0.510537463047245,1.1537081179581796,0.48067267734776625,1.2000383268620494,0.45401289417952745,1.2341070951167132,0.5832463022561395,1.0574508583297708,0.5716989525169905,1.1173182039723302,0.5543555104042236,1.1508853805740173,0.5373597731198003,1.176453477998464,-0.47795934205365015,-0.04650222238216288,-0.3943219696234784,-0.09094976959878373,-0.3422066435823453,-0.1572456847993591,-0.3040364061503628,-0.20348266257313055,-0.2694543704593664,-0.24111727344365358,-0.4355407540897296,-0.22596292395231535,-0.40244107585361927,-0.2792022776571368,-0.3280874690433559,-0.29561247440625343,-0.26715610926355843,-0.3005926046600329,-0.4708058231070559,-0.22426287151675542,-0.41675149972398107,-0.28899318092711596,-0.3189797742364569,-0.2889838986793479,-0.25486933216446994,-0.2734346741949075,-0.5001907341106004,-0.21310111452294062,-0.4175354118185073,-0.2658284267486818,-0.32394443407728957,-0.24414170998529203,-0.2760555080953852,-0.21361560791652565,-0.5194711886821386,-0.19180425216580985,-0.4434829722020261,-0.22897539281601384,-0.3760730705114485,-0.20795927466967967,-0.342175118967284,-0.17704851391824772
-0.06554035605729044,-0.34785392849659663,-0.004272216316947458,-0.42553294082041226,0.03944124091318322,-0.4293637353452442,0.07800684464634225,-0.43165401329863584,-0.13405128643888042,-0.4142011655495111,-0.17903708749373592,-0.4123648319922666,-0.22055070123638273,-0.4100733135922492,0.12786216660289998,-0.4066984718057205,-0.26600420973804284,-0.3807408266458387,0.020334346191916167,-0.2831366383099522,-0.13783523933636754,-0.26893122075822284,0.49991180396523704,-0.009390860249326416,-0.49991180396523704,0.009390860249326416,0.6574896373841385,0.4645273256038813,-0.8141386716247683,0.4399820765996632,0.5309865277319938,0.9334453301774717,-0.5596699066798017,-0.011070306842853643,0.5382099437783239,1.09922298834385,-0.47922150866061003,-0.13838939409921136,0.412140872307427,1.0898114244496506,-0.47904004903992503,-0.16406309511956427,0.3735176173406129,1.054645353297762,-0.47179064268334053,-0.12286674036868146,0.5090748059831858,0.9293088541627164,0.38090406351490214,0.9590184959522497,0.31361963950177024,1.0193774473847856,0.29882548235389267,1.0872050688822337,0.2775916351516279,1.137300919346418,0.39931583557463896,1.08274678557142,0.35800612762971495,1.1673450091738158,0.33184758918534435,1.2093682692729957,0.3113081558179665,1.2408141819252945,0.47894707461187874,1.0901958447658673,0.43500005900278044,1.1795214695279836,0.40338213775170756,1.2277032517797084,0.3785455609970928,1.2632563422788392,0.5394532257106734,1.0849117784156082,0.5089101219263922,1.1674168369403368,0.47861912415157826,1.2143706951703168,0.45076956161183984,1.2490625612978374,0.5829744727826957,1.0704696718339033,0.5712958450076727,1.1318583121036074,0.5530404873605576,1.1660823526465494,0.5343829887311432,1.1923004325289572,-0.49065015690609565,-0.049784468826671126,-0.3988769537446619,-0.10018499660970101,-0.3487949254000218,-0.1658970068524441,-0.3136255463904644,-0.21464525972993995,-0.2824416633206393,-0.2571742676391151,-0.4342462218676301,-0.23222764554812794,-0.3964113002659403,-0.2880936993021021,-0.3228582496950044,-0.30427721573973604,-0.26346708290612175,-0.30939376272662855,-0.4717074736905266,-0.23239764580474623,-0.41621083675548604,-0.29884789899648706,-0.31907902230847257,-0.2960915084562382,-0.254628487215257,-0.2781895599596955,-0.5055105893451218,-0.2254679202642904,-0.4231014586927864,-0.2827684028687575,-0.3378376468723312,-0.25441161579685045,-0.29553676300452497,-0.2185430383725638,-0.5286470453957797,-0.21003245221088648,-0.4393124421628483,-0.24518877699642977,-0.3771753990955925,-0.22155803249984352,-0.3496606390070398,-0.18941416187944143
-0.08284176409947172,-0.34634138996462965,-0.017723760010055357,-0.42455407619898405,0.02833012048609949,-0.4288909519516306,0.06908373147883505,-0.4315276616825192,-0.14997435295049302,-0.41371046115143995,-0.19432218655293748,-0.41214020893736125,-0.23496019980001984,-0.4098839738009787,0.12330465804841137,-0.4073338732752095,-0.2737474610617108,-0.3807425305964149,0.005494160069612556,-0.2809594000675653,-0.15733328405378788,-0.26792435828061073,0.49992187577560415,-0.008838445621337959,-0.49992187577560415,0.008838445621337959,0.6566721812703783,0.4671431726711332,-0.8240895568486261,0.4328138499604655,0.523944346660579,0.940338208102046,-0.5641572738501616,-0.022402053051058402,0.5332133136907667,1.1064399316398377,-0.4860769963388601,-0.14493293091710657,0.40527072676793574,1.0967879356970232,-0.4835759030793621,-0.1679691379937153,0.36607679430031365,1.0614050458656434,-0.4761177693885848,-0.12839550316729806,0.5104373500487452,0.9341328783454035,0.3814953713104622,0.9653317950949031,0.3150612399586138,1.025546458836324,0.2987901147235861,1.0947706184090564,0.275139505034803,1.1469946622356324,0.3985375442014913,1.0889931072362753,0.3562831822086618,1.1744705712199368,0.3299931896653753,1.217913463374652,0.30914211263699554,1.2515727230992106,0.4782840687660162,1.0969967957554592,0.4338213502508825,1.186707061879031,0.4024293745736476,1.2360914167882349,0.3775032691013775,1.2728669446201766,0.5391951703132122,1.0916807251213392,0.508123969469753,1.1753789580269918,0.4787160455421674,1.2234210484650856,0.45087777980119054,1.259201461479359,0.5822645379948198,1.077402918464492,0.570652489012142,1.1395959312918504,0.5538693120980133,1.174283808983383,0.5372137322844307,1.2014703077843254,-0.4850961381804706,-0.05413642616197524,-0.39205195228452405,-0.11075763952939818,-0.3438582660360978,-0.17323964672088984,-0.30792970257081764,-0.2218467760884047,-0.2927222429234911,-0.26825059816710994,-0.4418644821940713,-0.23514271474016346,-0.39296152714651894,-0.29193441399146347,-0.31400387106209415,-0.30477485237926083,-0.2575063936166628,-0.3062269525295655,-0.4813231133023053,-0.23535846551725106,-0.4084954642913327,-0.30241882062792586,-0.3069306671718475,-0.2886535408721557,-0.25085744414545796,-0.2634916064943135,-0.5141101030899822,-0.2287197333185295,-0.41735835414305933,-0.28596045793436836,-0.33064602585485564,-0.25421390726031745,-0.29482747627701117,-0.2183825860918689,-0.5327775351388078,-0.2143366055912593,-0.4271321257172147,-0.24839653684430243,-0.36707226553446404,-0.2215240409639782,-0.34901561253024593,-0.18865561001017053
-0.09124795302151932,-0.34515889742861255,-0.025790942390499356,-0.4242086238610128,0.020439367538990033,-0.4288363736343853,0.06300181125721771,-0.4319332674143952,-0.16028024619726264,-0.41363861544361613,-0.20521916330703605,-0.4120679783393409,-0.24545721941257054,-0.4098340837942642,0.11930844960156205,-0.40832246131098243,-0.2809156885316096,-0.3803820248404508,-0.002327015794194927,-0.2792989985196562,-0.16621886122602303,-0.2675374084482117,0.49992026112922133,-0.008929306383541091,-0.49992026112922133,0.008929306383541091,0.6538946636642539,0.46952611856983156,-0.8304968726896527,0.436040696981822,0.5144175492183805,0.9468579959312127,-0.5696984800002751,-0.022260995976680947,0.527900120322279,1.1128502362341088,-0.4950920527849438,-0.14816767443254103,0.398220149738099,1.1029348242048373,-0.48869147512585576,-0.16548111873220658,0.3579406400425144,1.0674116062506191,-0.4806182988665047,-0.12578637942075796,0.5110890768092291,0.9384832955759354,0.3803841154393726,0.9696718059942244,0.3113692638317772,1.0312354046560157,0.2952554051934602,1.1011529171466614,0.2727003515455738,1.1534152620110183,0.3987027794320539,1.095917340669615,0.3550286149385925,1.1818665213952506,0.3283800491389589,1.225107035940926,0.30727622953121214,1.258354965491415,0.47943406417438217,1.103864005828496,0.4331142766110383,1.1935886887441691,0.4009950315527486,1.2429012582612156,0.37516717515842946,1.2794420603077872,0.5394383149660761,1.0983245159996127,0.5064773350504581,1.181127046690899,0.47638967429300927,1.2292089104883603,0.4483376595714494,1.265169601199822,0.5805660105099477,1.0834506811789324,0.5675175672050176,1.1437483325964561,0.5504566075237118,1.179041226280886,0.5331624564655248,1.2074535407937745,-0.48992433117576034,-0.05524891475269169,-0.3953817137162256,-0.11705496315801793,-0.34790242025943463,-0.17975740064962895,-0.31310434147410415,-0.22792253001557716,-0.2792105960509615,-0.2727682661448345,-0.4540712764430745,-0.24031655612657543,-0.3983685225301515,-0.2913280060589022,-0.32240690936228933,-0.2974493991648287,-0.261241719123602,-0.2924575267906704,-0.4931469595480691,-0.23922466617540022,-0.4119921791955749,-0.29867030893517993,-0.3166020926645263,-0.27686888633291595,-0.2587967935502156,-0.2430941855855223,-0.5246434450532432,-0.2324271733781525,-0.41729190719382275,-0.28148642203727037,-0.34034819038388064,-0.2391068758590043,-0.3065185964819394,-0.19550158166716788,-0.5424859303429284,-0.2186101064467605,-0.4364431074085762,-0.24745768365517495,-0.3864486442546252,-0.21378452628398467,-0.37214835031530064,-0.17614084370904884
-0.09310101635066367,-0.34506168123309616,-0.028904104817854607,-0.42435935160620464,0.017175900134279706,-0.4292580517041779,0.06025612111187507,-0.4325975786265586,-0.1636455105741119,-0.4135786868872525,-0.20895851645063176,-0.4118547971236802,-0.24982129730605762,-0.40933184009869683,0.1167752496190938,-0.40933004188267086,-0.2846394349306877,-0.379236177401494,-0.004434101017394377,-0.27929996211447977,-0.16826464802057955,-0.2675936956664218,0.4999137056482988,-0.009289074495669248,-0.4999137056482988,0.009289074495669248,0.6534115834851375,0.4704864098776854,-0.8345709389253448,0.4387367480797867,0.5118087847790845,0.9509404810387105,-0.5724152583133546,-0.02335573923996205,0.5269924413781816,1.1170396573802714,-0.500904402797545,-0.14814479851936754,0.3959315043028307,1.1070207169699242,-0.49143487732366875,-0.16194137121655824,0.3547022470213102,1.071380315097148,-0.48312304332731804,-0.1232920144675105,0.5111161119658773,0.9411559081170827,0.3802194119542325,0.9732521460837218,0.3118363733940116,1.035128040251265,0.29445505704903085,1.1049074534961931,0.2713350339598076,1.1573966600081236,0.39593749835625064,1.1003152892901151,0.3525755568679185,1.187042049412421,0.3264551503988143,1.230267086720642,0.30644652055880917,1.2634036525988444,0.47677138468035335,1.108488780533534,0.43001201371360404,1.1987414826395804,0.3977810294260848,1.247789862726333,0.37236792126053253,1.283689926993261,0.5377560829854211,1.1027790850078438,0.505470672692849,1.185690270485158,0.4753246599469187,1.2339534295738999,0.44700083944064767,1.2697866002046612,0.5805301277143263,1.0875136695200989,0.568337743533912,1.1478761850801777,0.5512719541609564,1.1834712719090994,0.5336031630139557,1.2120053638093415,-0.4939390729614478,-0.05598406932868854,-0.3971726330039617,-0.12477026792193402,-0.3522433664273859,-0.1849358788271681,-0.3149451292597249,-0.23188867789777867,-0.2785174684107748,-0.2744794844136366,-0.4721142449352033,-0.25066373154396193,-0.3854130194804664,-0.28958198152942777,-0.33788053550361424,-0.2466598836810502,-0.3357325065200476,-0.2097970545538131,-0.5074282106587301,-0.24851618208466883,-0.38814798617491275,-0.28029251742028627,-0.3461475339803839,-0.2228801550724293,-0.3518952318047563,-0.18148360375995853,-0.5335240415088126,-0.2406630130560113,-0.4024217454648642,-0.2543506738025618,-0.3788591214711132,-0.19374222223066317,-0.3940563246309393,-0.15197176186585706,-0.5517649051142116,-0.22486736360273923,-0.43695348721709,-0.23578625119355495,-0.40945169119682834,-0.1933194017024212,-0.4193163446721465,-0.1620499235239932
-0.09410592050185103,-0.3445943414271366,-0.03050944800810806,-0.42406086930809195,0.015723600813558024,-0.42915825707255295,0.05915581850216344,-0.4326828944503163,-0.1663454345793022,-0.4131303982332849,-0.21226335687266235,-0.41122744952738866,-0.2532014633799195,-0.40858544264497,0.11561438690429361,-0.40967115201202403,-0.28746090506547317,-0.37849115942663086,-0.005123268010973951,-0.27891237742146646,-0.1695927750234305,-0.2672211111649452,0.49990782554275276,-0.009600310469808316,-0.49990782554275276,0.009600310469808316,0.6532985454505021,0.4713065503274241,-0.8363597970693013,0.440824783975099,0.511543728487708,0.9536195912008509,-0.5736075619744996,-0.016747822077528004,0.5269498609409091,1.119458169258539,-0.5058189699214672,-0.1423580488803554,0.3952065561372981,1.1093544249447298,-0.4935463288465279,-0.15847405667990414,0.35322243131390346,1.0737090990607576,-0.4842850436013414,-0.12056165722958449,0.5151333366931443,0.9427122982586518,0.38362181321561195,0.974010223104257,0.3133195346671635,1.0369461788656513,0.29468719830526935,1.1078787104707117,0.2725363493571299,1.1611864939655878,0.3965064530665601,1.1015898706150453,0.3518925108968074,1.189639152916138,0.3259133069679756,1.2332138020310282,0.3060805114685257,1.2664798265511295,0.4785973940660634,1.110460730424438,0.43022739347432265,1.2016122796764452,0.3975085169965086,1.250663693348067,0.37245715893569953,1.2862830789385507,0.5405946955038148,1.105653129364551,0.5070514941440297,1.1884773640309125,0.4756889587526056,1.2366811545940042,0.4476234827011629,1.2724275995850014,0.5833438187972204,1.091069160102197,0.5681761929313729,1.1519798514682593,0.550623020816185,1.186821028254085,0.533733728063983,1.2143672180599503,-0.49499454180568997,-0.04634311492806562,-0.4026023019424295,-0.11722694843585917,-0.3750585140155909,-0.17851767711092456,-0.36531300995861726,-0.2234413415811731,-0.3628012449664226,-0.2645086691800679,-0.5028025701457582,-0.243476915717454,-0.37052400660104223,-0.2730758113865317,-0.3346406545055218,-0.22545855968176567,-0.340874731519379,-0.184903312691368,-0.5315159530646592,-0.24341981104359367,-0.37521091323983646,-0.26619875135722093,-0.35270758854452555,-0.20673549233963706,-0.36750892785879796,-0.15841803285160586,-0.5520385682205836,-0.2371055112702439,-0.39518409856839826,-0.2454826047987183,-0.3933485826161772,-0.1852031272408786,-0.420309314409279,-0.13825966265008377,-0.5684192630888771,-0.22325141299713502,-0.4393945250616616,-0.22537677570090578,-0.4248706027749756,-0.18122615599540776,-0.442918802157571,-0.14633772223973127
-0.09548231331590075,-0.3448467681750879,-0.03279217928119634,-0.42478772320250086,0.013542750113831546,-0.430111684927819,0.057331489304186134,-0.433816985983364,-0.1691510636216564,-0.4134107340800539,-0.2151021918445567,-0.41127351431169856,-0.2558611055910587,-0.4085056178133676,0.11377446745432225,-0.4109767819338754,-0.2901262287493472,-0.37864126222114713,-0.006101559518988663,-0.2793108213074537,-0.17098854033465385,-0.26761957766393146,0.49989843751351626,-0.010077309737478616,-0.49989843751351626,0.010077309737478616,0.6533512263335746,0.47216272125867714,-0.8373091633523456,0.44399108900358425,0.5116518817549061,0.9571626403509215,-0.5752998929540607,-0.00485420570957397,0.5270487275217267,1.1228084323324403,-0.5103065906052865,-0.13360884115991006,0.39487468495454375,1.1127462663029615,-0.4970506978469642,-0.15076777627425855,0.3523087625516958,1.077316372220036,-0.4867139580263178,-0.11159290040588031,0.5171330008475372,0.9445248999040302,0.38630075704403344,0.9757433378242717,0.31460954017019094,1.037720061710346,0.2959838029609212,1.1089658187361495,0.2741631347517941,1.1629711114999641,0.40125202253571385,1.1048602179955866,0.35545142818955017,1.192666989577341,0.32854247409252374,1.2355479492774233,0.3073699445430737,1.2680656751945536,0.4825277915549254,1.1132378497308324,0.4341127248376007,1.2040468689502213,0.4009350584048573,1.2529761593904782,0.37533972312978503,1.2883930473464535,0.5433728619692448,1.1080869417502106,0.5093230624682403,1.1912762974104978,0.4772224960303226,1.239473150220105,0.4485049677246321,1.27529395067414,0.5849565809331619,1.0936826561530404,0.5690016759785034,1.155750784209069,0.5503937619802391,1.1907326894748267,0.5321875927922096,1.2180246017542709,-0.4990167907042454,-0.04477940263315806,-0.4159394322482504,-0.11302610333951399,-0.40119710777748036,-0.17808666422441405,-0.4037944795002441,-0.22386022268631586,-0.4112674628498537,-0.2637931269443889,-0.5374006411571483,-0.24133353274884106,-0.4008370307443264,-0.2728349141437965,-0.36247305076315284,-0.22618789791551835,-0.3714560695370825,-0.18483979457546937,-0.5625907392360456,-0.2388442443495742,-0.3997557158009522,-0.2611019425096429,-0.3718632335668796,-0.20294883930622848,-0.38463753834674624,-0.15749748355409365,-0.5698555041273533,-0.22828188435447494,-0.40881990244121824,-0.23564949399036897,-0.40069360206657184,-0.18006540192734113,-0.4215105103856193,-0.13919816400313947,-0.5650599765229312,-0.20980698208969523,-0.4384546035510894,-0.21076046366494475,-0.4246070524436416,-0.16977580931688857,-0.43807706458823403,-0.14052587279595616
-0.09511971678611926,-0.34439744454220134,-0.03265487559360325,-0.42442903601809584,0.013564225496756992,-0.4298307166069057,0.05730530366034997,-0.43366454799603443,-0.16890218717958938,-0.4129928638836431,-0.21485422049290542,-0.4107862434679027,-0.25565586737912993,-0.407960719366857,0.11359326933681964,-0.4110752859380536,-0.29016552748021246,-0.37778470956496213,-0.00577458812059788,-0.2789330276383072,-0.17070868756687263,-0.2675031769909125,0.4999018720508965,-0.009905469196817729,-0.4999018720508965,0.009905469196817729,0.653251274519173,0.4719244152431631,-0.8431755970127258,0.44386194948565816,0.5120393680209642,0.9577634469800167,-0.5748449674682301,-0.009783554803554763,0.5271305035631214,1.122600014911681,-0.5158299724795434,-0.13464538656083008,0.39492256200260956,1.1125932815126567,-0.500826374481981,-0.15157721872502278,0.352323445424899,1.0772885589535839,-0.4880309622207638,-0.11407707381299802,0.5202553746480312,0.9455612912280407,0.3881148622828055,0.9752831172359722,0.3162748343506867,1.036993594306224,0.29800730207344106,1.1076459051270877,0.27606680520153515,1.1611343551064077,0.4021615677536906,1.1046347099204503,0.3564269935951725,1.1919261379523982,0.32935489414343344,1.2350613166326339,0.3084730356375206,1.2677172759097328,0.4830698591775828,1.113893460888907,0.43380584828294216,1.2043694734867998,0.40070124403863555,1.2531491982681529,0.37489151545007565,1.2890540406652728,0.5439555326983518,1.1095288654054543,0.5090173359793702,1.1922777330421048,0.4776396415900537,1.2402514381212333,0.4487122759937261,1.2762872858120522,0.5874237634395904,1.0951050380780758,0.5743807897042511,1.1570707828161968,0.5550495618713659,1.1925250536976724,0.5354120128370378,1.2204014871217537,-0.5006172235673165,-0.03426595172383386,-0.4215873168692537,-0.10713656266033564,-0.41300117212377657,-0.17715612272900477,-0.41739177601112554,-0.23003319460285057,-0.42466979436805075,-0.276289080727425,-0.5394606543768639,-0.22762952440481404,-0.41267498339157965,-0.2559589977347245,-0.3733228233854535,-0.20772942294134034,-0.3821560479679436,-0.1741363784636794,-0.5584748445826268,-0.22036589495652584,-0.4062217685841373,-0.23126889481110854,-0.37863780929460966,-0.18062908751407517,-0.3898423741841821,-0.14869991863473947,-0.5596719536175111,-0.20597102606033715,-0.4080205627776735,-0.20618559539247996,-0.393888487129185,-0.15883548996047128,-0.40959419162266486,-0.12702697117698694,-0.5479597432148555,-0.1859284804218214,-0.4312679819453584,-0.18733985776565532,-0.4096295919501901,-0.15189040325527164,-0.41488605895058,-0.12694804289571893
-0.09299218870974943,-0.34352861902187826,-0.03082793903996622,-0.4231753028903351,0.015211335462582756,-0.4285584211922205,0.05876315606270107,-0.4324516132139999,-0.16651331317817367,-0.4118566190119805,-0.21209141430367873,-0.40965655778956706,-0.2530242745305687,-0.40680424849144387,0.11438474864014082,-0.41012331568797367,-0.287937140825765,-0.3760544927505546,-0.004076880740578528,-0.27836548138035666,-0.16841397199720937,-0.26700176103940015,0.49990863804168895,-0.009557908312160518,-0.49990863804168895,0.009557908312160518,0.6539143647774335,0.4705929933915876,-0.8458586875118234,0.4428044150910847,0.5123101185782278,0.9548106276196747,-0.5714576458370824,0.0017467241898622616,0.5268863198208896,1.1187371064346094,-0.5170266972336045,-0.12158106495068892,0.3949261216746479,1.1086294830599295,-0.5017424027016065,-0.13921986574751655,0.3527126646458258,1.0734962383410678,-0.48760863966754636,-0.10165663365250414,0.518100006210334,0.9408207410714735,0.3852556522302909,0.9734538015811425,0.31584425509583625,1.0340378118511486,0.29912840153926445,1.1029834719136824,0.2744289642815542,1.1546855711751833,0.4044863418585553,1.0960617879520809,0.35741735367507543,1.1832523795494478,0.3292276506143312,1.2261595181995735,0.3085918233528861,1.2582708763264614,0.48479344041460715,1.1047604305821048,0.4343043232125187,1.1964734036081086,0.39985995622561626,1.2448956474198516,0.3738954147091089,1.280120886619655,0.5453596762940397,1.1009754461678036,0.5085354625260168,1.1860564097596618,0.4750276137667676,1.2342852970253004,0.4451620739082966,1.269653451933094,0.5885848324187519,1.0882866930484811,0.5748956693434981,1.1519752168071813,0.5551963603097062,1.1880519453932454,0.5356457316511176,1.215263336389042,-0.5036909803168508,-0.004760624315801267,-0.4216825843495478,-0.07022958956269844,-0.4081666014851527,-0.13650002369805983,-0.401886236751003,-0.18937030875083832,-0.40409662633550647,-0.23091614525804918,-0.5342786648409897,-0.19647682235495814,-0.39444441167065747,-0.2109428944344039,-0.35645885765367247,-0.16986994078451348,-0.3647582970791926,-0.1497630217398656,-0.5482303604689045,-0.18869584268691159,-0.39053884963381674,-0.19271045301186582,-0.3610131849464484,-0.1474992489350246,-0.3735844829713051,-0.12257673106589273,-0.5472464038339772,-0.17330964565219967,-0.3934005265161612,-0.17443873979393887,-0.371308880588954,-0.13143312141225694,-0.38816873072861835,-0.10444096791640683,-0.5300716587478,-0.15238402376606525,-0.4359978143035855,-0.16402396774431371,-0.427941811970583,-0.14518797767429278,-0.44821650685057735,-0.1318068039546195
-0.08057643602735348,-0.34242149677623734,-0.020757078804655108,-0.4210845712892938,0.02447804919025685,-0.4263815415519302,0.06581650752656407,-0.43019274071110863,-0.15365305877414942,-0.40991702081519193,-0.19793082201000375,-0.40776538872281437,-0.24049977004160075,-0.40487110899241524,0.11819582728771912,-0.40803720513365516,-0.2803126067284405,-0.3736868671714583,0.0054070053523640905,-0.27792814633404184,-0.1555969327214358,-0.26669279045329697,0.4999055312865027,-0.009719042605084074,-0.4999055312865027,0.009719042605084074,0.6570499142400709,0.4649735835270616,-0.8355386065068786,0.4578900597562359,0.5118749699117984,0.9385578291743017,-0.5592892685107332,0.014043600066662262,0.5231563620949482,1.1005501797459905,-0.5074892686273877,-0.12074902797917585,0.39377555715405144,1.0898783224815052,-0.49361069145610353,-0.13309264538797244,0.35318486160047735,1.054680416936271,-0.4796116109919608,-0.09847560615964653,0.5174514293023431,0.9180784551447485,0.38653750843019197,0.948588865867584,0.3117769324615745,1.0081416407810069,0.29423698228842216,1.0749951546802208,0.2760960620900761,1.1268346482390146,0.398153883113529,1.0679234076379174,0.35602578918196526,1.1543760148488629,0.32703076981917395,1.1970229985765262,0.30408423064264567,1.2280602692046632,0.4778825731225644,1.07729887311013,0.42480331123388754,1.1681533597375977,0.3898506947211057,1.2156628238195404,0.3621556358561998,1.2507586643842488,0.5401395941925055,1.075196429676782,0.49937807659693245,1.1598111534971411,0.46633876212002073,1.2060953619853594,0.43796660084351496,1.240604269433618,0.587217006981593,1.0634506299365545,0.5719553184716454,1.1291269468109628,0.5527430728483399,1.164055296125578,0.5355136000635002,1.1893352929454553,-0.4830103272607277,0.00499336263262836,-0.41246974567923367,-0.07037062197668494,-0.39379292485470035,-0.13876676835545382,-0.3921887916817515,-0.18737432315445177,-0.39548092260954976,-0.22761802156560895,-0.48044573645052346,-0.1721944174814639,-0.3669651804105561,-0.16460621925856295,-0.32308925342670186,-0.12565391645182047,-0.31882714831334746,-0.09990047135397957,-0.5017003522960283,-0.15489916155649516,-0.36791362340558176,-0.13365864209816083,-0.3401885874135285,-0.09306913611312435,-0.3470352680885187,-0.06707670669608033,-0.5091913032909807,-0.1336673259484853,-0.3819157967479222,-0.11059695268719322,-0.35960650943698436,-0.07295430536191758,-0.3648703502158487,-0.04708011905751064,-0.5099140851344244,-0.10861304975861671,-0.40776666750899226,-0.09414623094549107,-0.3852154219575073,-0.062261214299036076,-0.38521506508694603,-0.03936677822445452
-0.06458377172547292,-0.3415252780497631,-0.0046640221067855295,-0.41834128025554645,0.03915136588892955,-0.4231976488798167,0.07747813838937335,-0.4266954603371724,-0.13710989569029108,-0.4079140126166422,-0.18189779986856,-0.4060362605081075,-0.22478157901542153,-0.40347234355292094,0.12653060280264963,-0.4047314454973579,-0.2687541496314578,-0.37173171038471875,0.021148153819124403,-0.2775214175950128,-0.13949002267630267,-0.2668364571963948,0.4998978153476937,-0.010108125968897248,-0.4998978153476937,0.010108125968897248,0.6617931011667184,0.4564247771941136,-0.8307671139107512,0.47688477354574693,0.5078204758046274,0.8979351683485178,-0.5453057762459469,0.07185458143873688,0.5116519340395701,1.0561124581074477,-0.49419001156010284,-0.05791104129646602,0.3835782222163924,1.0393859299306611,-0.48298491851594033,-0.08800260490068729,0.34932835195309303,0.9981138294037967,-0.46898734318502816,-0.05552300243359263,0.5073384959875054,0.8847464798653583,0.3766286640069653,0.9019423288562879,0.29450619529321803,0.9556071244475192,0.2597720009529857,1.022781537690023,0.2414056630384714,1.0789643027441471,0.3868320548339282,1.012285583238659,0.3365509638537567,1.1039906827814416,0.30281495534100766,1.148091367196144,0.2782736026585892,1.1752245335254987,0.4644957413873346,1.0289919507810719,0.4085495121481308,1.1203161081045823,0.3657679427290247,1.1667012737050113,0.3325969008307037,1.1970359956581185,0.5227998271443465,1.0366084509067013,0.4803708344008005,1.1209321795828882,0.4396020464553372,1.1673792336423248,0.4056545857076445,1.1988938215582605,0.5631867351666133,1.0379411626092006,0.5374772378204211,1.1093348918723613,0.5069786521065315,1.1490975235069842,0.47855473632529255,1.1745784555216132,-0.4749816155215116,-0.010212211104501418,-0.4116468654232887,-0.04204163311304164,-0.3574057335575464,-0.06740218738638078,-0.3244994758048671,-0.06902283280015449,-0.3004718676600084,-0.06544982920936404,-0.34580868027300066,-0.12484546094082839,-0.33238451089183574,-0.14728975600940203,-0.32592701281671754,-0.15137058488172972,-0.31569795234482523,-0.1498270070092395,-0.4033685807530408,-0.13026621011457398,-0.3708679971606385,-0.0900140970314341,-0.3562582183801085,-0.04383633981777504,-0.3420605604743356,-0.004604683030322003,-0.4608522927892265,-0.12355840369814641,-0.422548376821939,-0.06868004340930495,-0.4025984914051586,-0.024242371646785207,-0.38530816874384954,0.013080471589638643,-0.5173525878347377,-0.11318065854774749,-0.48419854182004574,-0.06831058806310636,-0.4687815171736307,-0.0329592673276534,-0.4544893855974783,-0.0026138789924064236
-0.04926888377673276,-0.3470773266835993,0.009404661241195288,-0.42095423003563065,0.05054469574953743,-0.4244984744449407,0.08534627548528856,-0.42727800896803253,-0.12309450869901241,-0.4114383108439107,-0.16910494990284541,-0.40903193711108227,-0.2121843995925439,-0.40688943846529063,0.1334586682507543,-0.4040853088582455,-0.26346781796978286,-0.37376589313661845,0.03467112137770631,-0.28178607987857257,-0.12477474738248336,-0.27184566345956407,0.4998662517361846,-0.011564185021751749,-0.4998662517361846,0.011564185021751749,0.6703593737005553,0.44886529977713113,-0.83230036732199,0.48372581490273264,0.49500547424809055,0.8547543738077121,-0.5426445276620019,0.12973990895919532,0.486182567952574,0.9946531835814588,-0.48285851915337424,0.025687389916480886,0.3625038680023969,0.9732386384327681,-0.4733694573292731,-0.012667889414156704,0.33824731449708206,0.9316020616634818,-0.4636937280991301,0.01449482849224542,0.4861461393848318,0.8359817119221576,0.35745375477368113,0.8343945169053403,0.2627608253206721,0.8718437806315751,0.2187026769129068,0.929228752076534,0.20268640464832768,0.9813378459844132,0.3290053636579836,0.9406426112490758,0.284239062455638,1.0288187715708323,0.236233171044272,1.0438131877058794,0.20786366982050022,1.0342204088768052,0.40422153894000107,0.9657799471948318,0.3505868537397347,1.0525764625242637,0.2951351487051438,1.0660116431483084,0.26333022471710066,1.0566947469118806,0.46846645054608943,0.9787873821842733,0.4202389713500497,1.059851270705285,0.3625581628103693,1.0717520429313743,0.3288886530237523,1.0623504560756731,0.5210519001837437,0.9835161351179387,0.4840878092928521,1.0506965628054927,0.4338616314819648,1.0641375441568848,0.40183303144740284,1.055901671468933,,,,,,,,,,,,,,,,,,,,,,,,,,,,,,,,,,,,,,,,,,
-0.03261462402464419,-0.34845041876423477,0.02229974411573271,-0.42110504426835765,0.061149252616164926,-0.4236513700746919,0.09312532274415337,-0.4258450745327917,-0.10952431745880915,-0.41199090829390433,-0.15454513147562213,-0.40904347066486024,-0.19821281937809312,-0.4069746205400892,0.1394405214454211,-0.4019463541417481,-0.2574263691105646,-0.3728543730419451,0.047868391215048885,-0.28224445046897945,-0.10431544995838359,-0.27290974618426356,0.49986756909836544,-0.011507100577072308,-0.49986756909836544,0.011507100577072308,0.7081494758140383,0.43774315115643647,-0.844125519868134,0.4860682281940395,0.4919114455476093,0.7672240617520806,-0.5396258420729344,0.1478066256230074,0.47913276578239133,0.9060381231246463,-0.45247095219080247,0.06487777849379686,0.34822852589231784,0.869595515919022,-0.4448991818783472,0.012844907847933865,0.33231904309338844,0.8284183494644923,-0.4472540221411767,0.03213346260630376,,,,,,,,,,,,,,,,,,,,,,,,,,,,,,,,,,,,,,,,,,,-0.5479238177097789,0.11337101727186115,-0.46317652019810074,0.06213685730355213,-0.39560832662583467,-0.0030350890567776945,-0.35309588684447785,-0.05400387597712588,-0.3363772696436713,-0.10135142651384192,-0.4767300109414578,-0.05580666197829033,-0.32207131270138717,-0.06817858613635826,-0.24022192573080897,-0.04074173120808173,-0.19248564514336905,-0.01140724014626413,-0.5107151531508615,-0.02427535661796714,-0.32023662204124476,-0.015930272657938515,-0.255390805796063,0.021659174581776918,-0.22639718779650236,0.051008235821792015,-0.5226810127774251,0.017948098364199697,-0.3307301450045778,0.0277656341667332,-0.2631851024664438,0.05318834912552577,-0.22828198144096026,0.0738698244375043,-0.5099080919759216,0.06326169809625416,-0.35882018159734475,0.06946168325193275,-0.3079484908052218,0.07863099009877027,-0.2845212567734784,0.08406641523172144
-0.02497535814912195,-0.35069785469922715,0.029899984878176935,-0.42239343254493467,0.06787415347371967,-0.4243024870693558,0.09886968116928253,-0.42627493285875034,-0.10179516804154655,-0.4140912346201937,-0.14565552139985324,-0.4110400512721167,-0.18871345223543928,-0.4091702090180037,0.1463176714570691,-0.4021310920509888,-0.2512120950323037,-0.37454766064042117,0.05511038800617246,-0.28389786592467875,-0.0939371662575708,-0.2754590538220419,0.4998301211854146,-0.013032649606803358,-0.4998301211854146,0.013032649606803358,0.7404425565138272,0.4293641852622578,-0.8506342948682762,0.490817586696359,0.47852494007994895,0.6666656416616156,-0.543317672172074,0.15145916604844079,0.4284281209203235,0.7723200744876048,-0.4453547890438544,0.07094780099414523,0.3203709933856835,0.7091956358666383,-0.43691317606476693,0.017189493223934735,0.3202420387474688,0.6758253079054427,-0.44246897172784966,0.03430490612378869,,,,,,,,,,,,,,,,,,,,,,,,,,,,,,,,,,,,,,,,,,,-0.5721047373667226,0.1274763470562159,-0.46429831685478196,0.07661597467971469,-0.3917672775763857,0.012318597594135868,-0.3537807622601628,-0.03772734850342792,-0.3339654187834327,-0.08886569357746373,-0.482916257068515,-0.045951407691271956,-0.3422658447251131,-0.055489935345598665,-0.2576972100695417,-0.038697594970208096,-0.1945318443559503,-0.019663867505422906,-0.5228558406819539,-0.016729063431904903,-0.3461373419087482,-0.00887923563430535,-0.26765038176004274,0.02214647293403117,-0.2189203903083028,0.04937042042627782,-0.5418641887764521,0.0265428200680595,-0.36929818940384224,0.04024002048332205,-0.2803681899895028,0.06239426727852219,-0.21785148439756935,0.0819466713333606,-0.5384883895638267,0.07274813578368856,-0.4071121935950066,0.08124165071822764,-0.33541947378649356,0.09176665849059915,-0.28121142528336057,0.09920041323342711
-0.023397058729714666,-0.3503071802961507,0.032368768426817074,-0.42099235584205014,0.07089662998320491,-0.4226079608647816,0.10141079990538439,-0.4243865856752423,-0.09950986766797525,-0.4129241539339929,-0.14311899525164276,-0.4099197861218908,-0.18560010085585005,-0.4080970988400689,0.1501048275345882,-0.4001219050867663,-0.247871615633175,-0.3731285310398718,0.05755955585537142,-0.28349047396592864,-0.0917356805494904,-0.27512445290543663,0.4998552364867543,-0.012030900081497348,-0.4998552364867543,0.012030900081497348,0.7427550608926294,0.44553026917819366,-0.8578272710552481,0.4852050041837478,0.4391507785195141,0.5644294412542152,-0.5546796257886877,0.1377980827548014,0.31929108999304706,0.6092752706758292,-0.45439514441670575,0.052107705138222236,0.2683173972862549,0.5341714696191254,-0.44259367012842343,0.007790398246801359,0.2929142498559975,0.5205143747585709,-0.44787651060587347,0.026618814649556833,,,,,,,,,,,,,,,,,,,,,,,,,,,,,,,,,,,,,,,,,,,-0.5960056814026513,0.10673313194060721,-0.47799775230405894,0.05604823012214361,-0.40152233648163277,-0.008044211709410203,-0.3590774574969209,-0.05657504920627893,-0.33022119484124096,-0.09935510959362616,-0.4553039896700653,-0.0700636164701841,-0.3336210460464238,-0.0761848930972722,-0.26298016009802655,-0.04231095973380294,-0.2248371637876259,-0.009879674836665433,-0.4999817457473119,-0.049647304433903715,-0.3615968542163738,-0.04090521926538971,-0.2766036402897077,-0.006157020603533797,-0.22794072894182593,0.02344415901321221,-0.5345276317990392,-0.014150043758907787,-0.40030403186111035,0.002242104092014343,-0.31878425800932303,0.03001196563357905,-0.2690110405209819,0.05235004873070871,-0.553776004436572,0.028072535515264133,-0.4484274050609587,0.03850534767765754,-0.3903115037231171,0.05291547925882032,-0.35293721583705623,0.0644378155197682
-0.024032503122762165,-0.35246285934425536,0.031398597523149455,-0.42202877877513256,0.07028415347088365,-0.42362312160204013,0.1008343296180047,-0.42531855173109323,-0.10064786338151493,-0.4136346903624852,-0.14409393143442747,-0.41061071655090264,-0.18590463408840466,-0.40877724490192696,0.15030393516857826,-0.40083378322746316,-0.24685920368866388,-0.3739349550203325,0.05781916808614396,-0.28685352743201026,-0.09177376567220683,-0.2777447647893258,0.49981737894338685,-0.013512501846911032,-0.49981737894338685,0.013512501846911032,0.7324413546039814,0.4509904321021213,-0.8627244099606541,0.477520735220044,0.3856001415128315,0.4769153415055739,-0.5785632007114154,0.12924101987175582,0.23993995019681022,0.4677273024599212,-0.4870716771153499,0.04594474387433539,0.2100117802106829,0.3847522004286244,-0.4704627338967659,0.0004825237656073646,0.2454272560022628,0.38532945469286056,-0.47320220543540126,0.01881526258315891,,,,,,,,,,,,,,,,,,,,,,,,,,,,,,,,,,,,,,,,,,,-0.6107505504149165,0.08469016762010152,-0.4985106461600347,0.04329443709969427,-0.42530761802904454,-0.006868427316180151,-0.3772980996151059,-0.040268372606066215,-0.3360223855450939,-0.06480936350524394,-0.4593716091405147,-0.06430415301419698,-0.37004207679916773,-0.10854128994918728,-0.29616008554767426,-0.097981254937411,-0.24916844676528915,-0.07453329521358416,-0.48557859110534823,-0.058360682988386266,-0.39247102679303814,-0.10651863982755473,-0.308041827146642,-0.095552955994033,-0.26077659154089833,-0.07293985646539894,-0.5192394761164797,-0.042838781423617474,-0.43677404846492146,-0.0913826668673996,-0.3549220382264945,-0.0843510815942909,-0.3029787602816637,-0.07026615665381639,-0.5555693145259012,-0.018531551379093732,-0.5130796487514206,-0.04935594590369503,-0.47099342810679984,-0.057653523912728884,-0.44401300679497485,-0.05894884270221108
-0.03395136993458328,-0.3548530295272421,0.02197704146729908,-0.42502150017502227,0.06186867447271952,-0.42666754292892023,0.09307441728363401,-0.4284274478010251,-0.11104001312395517,-0.41611050719427145,-0.1548110504511056,-0.41315573393756,-0.19683175689807247,-0.4112189951551468,0.1446780057872573,-0.40373390010215116,-0.2562187728815248,-0.37597086220765163,0.04912705893859963,-0.2889367790056512,-0.10239618010824636,-0.27944690144194456,0.4998341262432699,-0.012878130401069155,-0.4998341262432699,0.012878130401069155,0.7321335910345088,0.4555201922849393,-0.8784339895360966,0.4659490049134992,0.3644692780855052,0.36251615523953623,-0.6153403496104648,0.10359495217408282,0.18987226260394682,0.31829308872238726,-0.5479777424521917,0.001610510706499549,0.16304320181419846,0.2622516130349581,-0.5306720681978744,-0.03300801829607582,0.20599623271254916,0.2718261748367305,-0.5238006774246436,-0.001705281828910998,,,,,,,,,,,,,,,,,,,,,,,,,,,,,,,,,,,,,,,,,,,-0.628519519370607,0.06716671074619299,-0.5196110301742257,0.018462788057686565,-0.45780487158923044,-0.03895757041859852,-0.4277538205896814,-0.0816371156786735,-0.4143372386251098,-0.11242525008006839,-0.4887145045071504,-0.08841350737730427,-0.445354806904333,-0.1368196675194488,-0.3995720915127664,-0.1615499155206877,-0.35374857267943993,-0.17864245447866164,-0.5199558078594869,-0.08503041195820886,-0.4696727463844373,-0.13540146297805897,-0.41913437845815305,-0.16015256860455496,-0.3688959956120696,-0.17906314024272738,-0.5543021619488709,-0.07425288946913443,-0.5030546347638446,-0.12130170830424594,-0.45781809281616936,-0.14424036607916427,-0.41322152663799533,-0.16218122910702204,-0.5885804723099572,-0.055606628393646496,-0.5520163713776604,-0.0971794657780568,-0.5133425729398483,-0.11923743027230974,-0.47613644466835275,-0.13659450774515677
-0.04367375074861008,-0.3612546778421288,0.013540338030157872,-0.43293115146439853,0.05487094441549777,-0.43474944911271735,0.08680369908580438,-0.4366146432700262,-0.12074552570737931,-0.4235860510759177,-0.16429331092566146,-0.4207097125350329,-0.20622006526953457,-0.41883605497807935,0.14030676102585407,-0.4114675062175746,-0.26590697392530654,-0.3829532693818285,0.04020885812147604,-0.29451196043327005,-0.11358409836420627,-0.28476554418355565,0.4998509915966429,-0.012205990326589564,-0.4998509915966429,0.012205990326589564,0.7470351284847141,0.46437181161700886,-0.9021255357296233,0.45448447396636155,0.31918106032702426,0.2587783277636339,-0.6342658931945161,0.04489511786377104,0.17198120810152592,0.18668117680423119,-0.569668589627092,-0.09152758037857468,0.1487956668064455,0.13245884183136544,-0.5483670242803127,-0.12117173903537576,0.17675456550112315,0.15238469895644988,-0.5387870355674467,-0.07331532980757426,0.2457398519418581,0.2159764810838976,0.2055431092349419,0.15820601073122828,0.14578223278501512,0.10567867442692642,0.09328086636455445,0.07301145897923596,0.059592825795338346,0.055963389607304216,0.13048550745462412,0.07805112362518689,0.04216355562845188,0.08845333741038222,0.0626783726192206,0.1037869307008692,0.10014317629562798,0.10649371140640686,0.13730909443389872,0.10703420961385178,0.040485947507103104,0.12661584984105892,0.06383635118978256,0.1348384483752966,0.10406416500772306,0.13571783037947285,0.1444271613460155,0.14354322881531795,0.0500403141470722,0.15992906614929916,0.07139497863134822,0.1673427723640724,0.10572461445581961,0.16868381542831853,0.15352056254780333,0.18129625182757003,0.07383707520827223,0.1901180126818582,0.0901591472024648,0.19591903548488568,0.11769789027642595,0.1977344926771594,-0.6450007301794453,0.03218912032050235,-0.5517509928944059,-0.026205322866244312,-0.5015536421059814,-0.10141468615525912,-0.4823712888428327,-0.15782243322815417,-0.4729009765144032,-0.2048985865709054,-0.5425403794043884,-0.12808610467111312,-0.517628304581794,-0.18593048484944658,-0.493070880985406,-0.22949612436286954,-0.46807127374182905,-0.2679915498357337,-0.568098339150551,-0.12437496189541344,-0.5355911167372394,-0.18353122698716237,-0.506955262007969,-0.23060187332329551,-0.4764692849289763,-0.27389993028356896,-0.5933578771065028,-0.11403523814321101,-0.5552106683573753,-0.17158815275021957,-0.5240461121260499,-0.21362104740059543,-0.49520330988492006,-0.2512967984147218,-0.6177673651145811,-0.09792573660447754,-0.5839025206486782,-0.1471482892530056,-0.550454121820086,-0.1813623938754781,-0.5185672781944273,-0.21095148246609807
-0.04813141199546575,-0.36187189171096046,0.009342060121094755,-0.43430448320209913,0.051088022593890024,-0.43654686884251226,0.08389123394927026,-0.4385116718237163,-0.12513386672402,-0.42500726962896723,-0.1689950719616402,-0.42240395664085817,-0.21111098933399405,-0.4204413668659172,0.13829230983448418,-0.41333231537975246,-0.2705546809628762,-0.3845139819010878,0.03626816048707704,-0.29543895294547146,-0.11840781640591211,-0.2859569948916406,0.49985939062497237,-0.011857048706625012,-0.49985939062497237,0.011857048706625012,0.7486803860841845,0.4714255434922517,-0.9090501273003546,0.4488842706716356,0.2630987385161052,0.17300915833680175,-0.6422191076328778,0.011318948373340758,0.13664591734381643,0.08701456304580321,-0.5925527788516806,-0.1325169772120539,0.12791936153294442,0.04457889561070119,-0.5675337633772515,-0.15658699313777283,0.14470641455403482,0.06499793659408254,-0.5500010928145759,-0.10584574501994887,0.28456357770107243,0.17207588420101358,0.2547798785958047,0.12318231385925951,0.20758989465393854,0.06789723679874649,0.1711386204697248,0.028661050228309164,0.14642595933592512,-0.0039324307125070835,0.18274583895883464,0.0540784428300967,0.09282816083967713,0.034252424640686584,0.05145028951379781,0.026137878603832435,0.02804971024039725,0.01849567737734037,0.16862371924759967,0.07714308068966637,0.057425713455093556,0.06772006381315814,0.050573626864529,0.07416410505953075,0.06384657427797368,0.07606245361057165,0.15376634911885412,0.10474059794514978,0.043021468187583144,0.0944822704311307,0.049947871914771874,0.10517496879541864,0.07523293807893393,0.11024437598332441,0.14070773325930988,0.1344912154410112,0.04896660614843644,0.12536406929651767,0.06197676443927276,0.1322584397751615,0.08834630167235491,0.13420547886399067,-0.6404393403437231,-0.0025356063491391565,-0.5523569926393782,-0.06415354016243895,-0.5237218311001203,-0.14641428176077373,-0.527061792320222,-0.20369200160758985,-0.5402554137618154,-0.24622732156680158,-0.5751580259845583,-0.16959016235619934,-0.5748683289331723,-0.23105200688568034,-0.565894010505373,-0.2792912835653373,-0.5545321084578471,-0.3223121693302196,-0.6015754383636476,-0.16549864288296426,-0.5947020351022332,-0.22831269819693065,-0.5779725254439835,-0.28106126615311827,-0.5583327660342944,-0.32979269001496503,-0.6279810858041804,-0.15368402367009373,-0.617116922196772,-0.21687414932197727,-0.6034699429248631,-0.26527178673398616,-0.5879589780412614,-0.30927993721902236,-0.6542747916016163,-0.13490904548657687,-0.6476192144303071,-0.18727845626453302,-0.6336447971159992,-0.2265394540420251,-0.6160119498487833,-0.26148574796732926
-0.054025242823742554,-0.3664283241427286,0.00355011357011303,-0.43912170640150305,0.045542212146215996,-0.44149797704309934,0.07937142963189606,-0.44343625878163906,-0.13104525307572348,-0.4297162622270225,-0.17500200139571803,-0.42719665930854694,-0.2172029439080147,-0.4250297576297996,0.1361762802410459,-0.4181064644723879,-0.27499717808080854,-0.3888250862106536,0.030616521045998442,-0.30018366928132784,-0.12442945052939479,-0.29042091529981207,0.49985757741913933,-0.011933243342407262,-0.49985757741913933,0.011933243342407262,0.7434781125297583,0.47227264778491373,-0.9151436278677492,0.4437821346748493,0.26983079912070024,0.143761252824792,-0.6531571936666289,-0.0006537456902108529,0.1609519380838434,0.05080213335539876,-0.6115660987825359,-0.16016075208255087,0.14106042820581755,0.012886808420905152,-0.5836465813281877,-0.17952577689796548,0.15334815204495136,0.034805271205910544,-0.5614733056065079,-0.12352818393938786,0.28446270863916595,0.14087348954840617,0.2640321713950982,0.08159039645395427,0.21487917593194197,0.027246520786778736,0.1719802979859521,-0.01026634204832928,0.13894632087406888,-0.03861900649324687,0.19327421239640724,0.025749844801587138,0.13324383136267004,-0.010506745920132154,0.09978959958141824,-0.038154882930018605,0.07573754514212544,-0.059897811803290235,0.16986269047650188,0.04559736911316325,0.108585079455105,0.007333543152183255,0.0801711035641149,-0.020210055217016288,0.06018602226886706,-0.04364164482241066,0.14357448917626567,0.06802814124108852,0.08401896558404154,0.031064164605881812,0.05667557737937183,0.004025175188658703,0.03924842594843181,-0.018507743791857413,0.11811653002684201,0.0941038817548394,0.06314390577187434,0.06290959804290171,0.04234304972698045,0.04071578794537275,0.02586327972726554,0.02203440617136992,-0.6292521466908021,-0.024305613145624072,-0.5459754521246736,-0.09496545049608102,-0.5409757982957502,-0.17709548684717494,-0.5496086365789039,-0.2321866504536358,-0.5595998938280373,-0.2804231827219308,-0.6255276075985607,-0.19824052703272327,-0.6501428406300362,-0.2643570753902465,-0.64368839627575,-0.3161822815196669,-0.6309941851328738,-0.3612057673305101,-0.6521086570998285,-0.18953517673485196,-0.670020583142436,-0.26074465865704555,-0.6584948479889341,-0.3184873818813312,-0.641780799428394,-0.37052569049648215,-0.6714843574572328,-0.17362010207099043,-0.679275753020929,-0.24440822093420994,-0.6672687434334611,-0.29777303856196113,-0.651947415580376,-0.3444220652337088,-0.680383325918296,-0.15133336225548477,-0.6811845165941856,-0.20653303137069434,-0.6672492591109224,-0.24761461705402874,-0.6490527686211771,-0.2829400438345402
-0.055046312594016406,-0.36738503838526215,0.002688359898601115,-0.44000055789116027,0.045021953229697605,-0.44191405945439227,0.07995343607500968,-0.4435814746547045,-0.13132379005238065,-0.43050322767802374,-0.1750971861263013,-0.42777170390603986,-0.217494566715775,-0.4253237952482614,0.1360948213652105,-0.4180325281950669,-0.2723588125814178,-0.38919528466263736,0.031815783172008956,-0.30087497034239846,-0.12437132745351759,-0.29117936516310394,0.49986460940796584,-0.011634958591322372,-0.49986460940796584,0.011634958591322372,0.737558474609859,0.4726188521626436,-0.9118493154298982,0.446894577883532,0.2732102388644565,0.10902055773257457,-0.6534803615359583,0.002759176536089116,0.17678737419117077,0.004942873489769584,-0.6176040371876891,-0.15522077432694129,0.14697234983383514,-0.027808049480142868,-0.595014865991988,-0.17869855199271326,0.1592185739375847,0.00018961895386450945,-0.5695757172721801,-0.12032658785674595,0.2819494418263884,0.09758265413252316,0.2570484763138724,0.039470254177274816,0.2052176689577238,-0.01591561809362212,0.15047611770928743,-0.043545609334305825,0.09851169405599168,-0.054307240188665826,0.17608164776606475,-0.05416734973495696,0.05141578351840101,-0.043808484875432326,0.05843935322496326,-0.03065878222679892,0.08788861749236908,-0.028546018098690926,0.1563798666576719,-0.03301449563954581,0.02883625593371148,-0.018279522766324555,0.04792386682756524,-0.004621787718320704,0.08410948385670913,-0.0025226756901386206,0.135598001115992,-0.00543760235346755,0.019958556775084377,0.009590280680717201,0.0446157596863702,0.0229090369922629,0.08081648116649594,0.022357608343340742,0.11681550013197169,0.02798564296726413,0.027792654558949824,0.03857630305531799,0.059887986262207565,0.050314436665654876,0.09546013020531921,0.04994449380468392,-0.618888961213907,-0.03473448594808335,-0.5440261898721201,-0.102579555081574,-0.5417005691732525,-0.18266230849460524,-0.5468295759743522,-0.23676778807457885,-0.5626583434748287,-0.2849480239105399,-0.6282139844977659,-0.21064243252785678,-0.6635194767870056,-0.27663697403990134,-0.6657107840602192,-0.3308975066186079,-0.658451817294509,-0.3772278538675875,-0.6513248401927633,-0.20253546702759992,-0.6813878099223702,-0.2763409848946992,-0.6810079910742189,-0.33571478078905914,-0.6737504185655224,-0.3890299490184283,-0.6662529176623834,-0.18636591987535592,-0.6857528800680417,-0.2590445876051667,-0.6827430277396961,-0.31425240163660445,-0.6761423826606258,-0.36269510635539637,-0.670794593696458,-0.16327969605426743,-0.6759410287102292,-0.21766054139444865,-0.6690332985238893,-0.2603397361828184,-0.6585809022563617,-0.2989244047802187
-0.05613611723828675,-0.368548041576889,0.001946005168852654,-0.44109620181324904,0.04475187130459095,-0.44284112749438076,0.08101744777354919,-0.44442702915026944,-0.13201354291691222,-0.4317633021724392,-0.17571628372975787,-0.4290052852748355,-0.21810298359161073,-0.4263933344608035,0.1372296929191549,-0.41888790953132615,-0.27108453620837925,-0.39026902269524416,0.031989455717424696,-0.30216514272224143,-0.12511332328102986,-0.2925067904928476,0.4998306177484497,-0.013013591402955731,-0.4998306177484497,0.013013591402955731,0.7315766941772449,0.4687806128021953,-0.9048365223930266,0.4521834563516746,0.25716215344981486,0.08420868799783353,-0.6508990452848444,0.0013022731379670317,0.15637273782036537,-0.02807795061925853,-0.6132578444723868,-0.1545368751557189,0.14132555944636785,-0.05993262060412001,-0.5929938219206999,-0.18040624874341898,0.15119974239172448,-0.025376046236927945,-0.566795293475367,-0.12055045022206462,0.2605309868925409,0.06924492637334509,0.2337001803111924,0.009155132878506502,0.18607650518369656,-0.05349483751163267,0.13670049983697108,-0.08892005675443387,0.09117369734207245,-0.09998127971360908,0.14543045025438758,-0.0913020619517539,0.01182041950602485,-0.08131056335590876,0.009689069492909297,-0.05619523784716212,0.04349795905607578,-0.04390393599647435,0.1273427834239425,-0.06953410829484016,-0.009062923240006172,-0.050428143932073045,0.003006473859560349,-0.027677989866064498,0.041502204646877906,-0.02103189629162001,0.1098282741206375,-0.03781520745775802,-0.013295310938399025,-0.01636726868176262,0.006850586091444908,0.001891975179919587,0.04536020038769602,0.004186456423004357,0.09448745953269538,-0.000506805924028481,0.001567216766782286,0.018833326956084518,0.029786837025116922,0.033094004548996414,0.06686899521118349,0.032976457506692355,-0.5797154025848368,-0.0330226780218503,-0.512014553796718,-0.10139091865399556,-0.5184662203981389,-0.1790261122595163,-0.534960291794828,-0.23167949343386804,-0.5533590649212924,-0.27878976797059196,-0.6008132455438912,-0.20947548190053303,-0.6484627208588218,-0.27713601066479054,-0.658456301981007,-0.33354326126295875,-0.6575445025317961,-0.3814680928384049,-0.6243758741222818,-0.20172125292137566,-0.669648839795512,-0.27668508586421964,-0.678595372952292,-0.3390797153858892,-0.6792143460589127,-0.39550044455731376,-0.6386285686975569,-0.1863419694440968,-0.6742049446438722,-0.25982859703641104,-0.6794610097342988,-0.3170691474103617,-0.6805102559219519,-0.36709391755996124,-0.6431010254045925,-0.1639905613242506,-0.6607962517158492,-0.21801777355553106,-0.6626475019362303,-0.2616757979000199,-0.661111754456364,-0.30101315856848004
-0.05345057475243108,-0.367751191257109,0.005454281375439132,-0.44007068736485133,0.048722801121201184,-0.4416858275790592,0.08608592484940211,-0.4431907529388125,-0.12905370150041617,-0.4310452833869487,-0.17280260360709943,-0.42826698180495015,-0.21519320701612396,-0.4255329274828686,0.14189162914725625,-0.41759492296287276,-0.26773924793952375,-0.38934955784492714,0.035102019610101384,-0.30138721501605237,-0.12261261404703766,-0.2918549840257938,0.49982246370206934,-0.013323091938195033,-0.49982246370206934,0.013323091938195033,0.7298821739140903,0.46556868941456847,-0.8838096338949526,0.46522704064984516,0.25164672691676143,0.0879269680663891,-0.6288701733860385,0.0025517648294029215,0.15485676766635756,-0.020242487662186157,-0.6079338449020036,-0.1480675787228512,0.1426376102949185,-0.051902439177915136,-0.5859343146803291,-0.17469146612842373,0.1499955608919406,-0.020655231633598916,-0.560678232219663,-0.11673423881710811,0.24951917116908828,0.06596350397063641,0.21771115265077265,0.004163793908147898,0.1676983825848574,-0.057734838739337234,0.11836729686703758,-0.09428532236190207,0.0717410553661198,-0.10352205309680386,0.12595339739800643,-0.09853905113037595,-0.01181298135267021,-0.08823134081917715,-0.016915934875279218,-0.06191505252909493,0.014851754109257952,-0.0491171663479349,0.11004166791381102,-0.07622431679541283,-0.03481706264714668,-0.05111872110936017,-0.021479279235932347,-0.026859123814740368,0.019379032343989196,-0.021166610121909867,0.09285045516368393,-0.04384304276124614,-0.03298898249458849,-0.016105138405472997,-0.010803590735814885,0.002509937341512684,0.03016591513009586,0.003520365003522312,0.0779471944784289,-0.00602137223398405,-0.013760091243494556,0.017683636357562163,0.013430541338904804,0.03177189477877407,0.05054615695694532,0.03042822994051494,-0.5372430858227144,-0.010986974887267539,-0.4628201164603266,-0.08138217609758024,-0.47106992589004965,-0.15733092695004677,-0.49044573187133655,-0.20812868258415004,-0.508394563720302,-0.2536379112266437,-0.5604824611399783,-0.1904547253146947,-0.6040449255733658,-0.2550897168290488,-0.6185326768334632,-0.309249342398925,-0.6288762804297249,-0.3562821056003297,-0.5841401113361447,-0.1840384117177801,-0.6240487200092031,-0.25676362293533384,-0.6383394326899829,-0.31679384589648235,-0.6513876500486678,-0.3726407439324102,-0.5993307487563811,-0.16919794987798012,-0.6332871791526954,-0.24043684493493833,-0.6438666529079414,-0.2943231514930359,-0.6541906678735107,-0.3422159131954566,-0.6057839350698933,-0.14724531714272796,-0.6263241123049842,-0.20156689459753455,-0.6316575203063273,-0.24402288946489986,-0.6346392555794284,-0.28176914376399625
-0.048817218801111166,-0.3655560361571895,0.010103954645329647,-0.437340350355337,0.05322244395295436,-0.43888028005866603,0.09082301866223853,-0.440312212760402,-0.12352265740622351,-0.4287533302890565,-0.16713456945523655,-0.42606101308885647,-0.2093910276113748,-0.4233664078165888,0.14585504161169421,-0.4148508328006206,-0.26156936707805956,-0.3873214933060987,0.03847742112740867,-0.2994365307841256,-0.11962973159032675,-0.2900855234544573,0.4998371798245943,-0.012759062073529535,-0.4998371798245943,0.012759062073529535,0.7287818997206861,0.4615222976166912,-0.8653339263143309,0.46832496468101625,0.23319532857796363,0.10020665961977165,-0.5854990515256403,0.009079727785147748,0.1420424271253719,-0.0004129112055079743,-0.5764141469774395,-0.14455424404033532,0.1320611703446699,-0.035787077389367004,-0.5565803374698407,-0.1718534606866535,0.13644854853438546,-0.008850977780184614,-0.5249975067020749,-0.11532984355629791,0.23568612383080553,0.07041653331700821,0.2017910818350777,0.006888441165961009,0.14289496277777766,-0.05222372909632674,0.07293212555088324,-0.08296031640987289,0.007091250153857182,-0.08734500611490895,0.10335433176233452,-0.09618297048520881,-0.039277216718655125,-0.07908294948403614,-0.03639836444314008,-0.054224304908675,-0.002908997625006308,-0.04658248741353995,0.09003981159348252,-0.07327673780517192,-0.0574979354185619,-0.046448978408392676,-0.039842599326571006,-0.023029874374392433,0.0013442995415450445,-0.01831764715287253,0.07587687430194656,-0.04052962156578324,-0.05617828985354577,-0.012051304181204236,-0.029790412311771902,0.007314365781353733,0.013450260044265229,0.007379347028074943,0.06346843067188328,-0.0025175942969342274,-0.033340127317521416,0.022263027020920118,-0.004514537794875093,0.036960457947458725,0.03463346005375959,0.03486286787944218,-0.4414142340708839,0.011413103679735446,-0.37603875253241753,-0.052069741846174016,-0.383047689293641,-0.1248819152189108,-0.39251172738345114,-0.17001453716588458,-0.3948550563915331,-0.20941439454736566,-0.4867285861418307,-0.16655828990409852,-0.526225286173575,-0.23334808598938,-0.5443151271512122,-0.28337792578454307,-0.5586103150082583,-0.3250837021958,-0.5030022699157721,-0.1641873324257997,-0.5488100447281072,-0.23455647405010674,-0.56626757698985,-0.29107185412101877,-0.5830442934078639,-0.3429538882549431,-0.5138632904064849,-0.1550170827894756,-0.5533806974904414,-0.22365443986758138,-0.5676440811457472,-0.274678561379741,-0.5849461389104932,-0.32068431162772937,-0.5128823939110841,-0.14029007853146264,-0.5409766011973066,-0.19700474967946685,-0.5552046341391672,-0.23797616936061214,-0.5686605571617999,-0.2727111054105719
-0.043226282650022936,-0.36467105077804884,0.01602845325644476,-0.435869960014445,0.05891703591031339,-0.4372755252378182,0.09653676993908532,-0.4386569527676025,-0.11676267702500571,-0.4278147448499396,-0.1604361901486949,-0.4251746846136523,-0.2028153763822013,-0.422475134071232,0.15064505354407934,-0.4130135566840367,-0.25491522170932546,-0.386438753041961,0.042944714177167366,-0.2984624389055925,-0.11497887869737605,-0.2893945222522824,0.49984256183987663,-0.012546448634937639,-0.49984256183987663,0.012546448634937639,0.7297433907120134,0.45848407555260234,-0.8512962613439659,0.4731136811513425,0.213166689649352,0.10399141765426002,-0.5113831119444622,0.03718568250809112,0.11644467429767631,0.003895931909443394,-0.5053727123837779,-0.10026390877897416,0.1089339804519868,-0.030864396285404286,-0.48940016293654137,-0.13646982294859367,0.11494722643880191,-0.0032209304167930834,-0.45830238817267543,-0.08803384040847138,0.21748392109041037,0.07464669981581143,0.18153150963199707,0.014248383747046409,0.11673318805029095,-0.04528911613125177,0.04303876009652794,-0.07701225071604743,-0.02522411751450368,-0.08541546993930056,0.08405052321681342,-0.09267789849786452,-0.04993553675433344,-0.07605448525156665,-0.05922114807812463,-0.04704894755086036,-0.036264379762345464,-0.03532286739107135,0.07412606001223267,-0.06950280929785545,-0.064698582810084,-0.04514668096766814,-0.0603559612479392,-0.018679358376290253,-0.030415998777024413,-0.00933835559999432,0.06243772346293764,-0.03574732645569147,-0.06513943728921734,-0.007895559122830664,-0.050467363012606126,0.014089325454859096,-0.016855966261181615,0.018392324765263614,0.05249094427749167,0.0030735424717419193,-0.042998454702516266,0.030244273888555183,-0.02661180718177567,0.0458741136296472,0.0008383294240337751,0.04664412882654254,,,,,,,,,,,,,,,,,,,,,,,,,,,,,,,,,,,,,,,,,,
-0.03303859486479588,-0.3605396597914517,0.026555270990831884,-0.4305920012017169,0.06791077371338146,-0.43187508886405285,0.10466420804483,-0.4332434124929296,-0.10424319402827954,-0.4229042560614143,-0.14861238897492837,-0.42020988988587765,-0.19114805608796306,-0.4174718388737344,0.15603398228294918,-0.40801300489507025,-0.2426071091052654,-0.38267097074814416,0.05090445773303068,-0.2951536225731589,-0.10472496253481502,-0.2866534966924652,0.49980736809468407,-0.013877852797351941,-0.49980736809468407,0.013877852797351941,0.7221151218719547,0.4498850892330192,-0.8322095572476167,0.4774311300720816,0.1850678904747129,0.10828033550280093,-0.4422670264606198,0.15781725570941305,0.06783059126264339,0.025715320514227685,-0.3497303017895718,0.0808570389475714,0.07538121767416288,-0.009844697985297225,-0.3419257642840484,0.02912352387200038,0.09144443530535634,0.014283032464386896,-0.3349803244650044,0.05164715610551839,0.1978058947076511,0.07654908517619448,0.15963837435422246,0.018838945411155505,0.0931716147064089,-0.034863756322247544,0.019920790844188,-0.060642414234537236,-0.04309554051381152,-0.062437984549454616,0.07049390639108047,-0.08263228289892634,-0.0680989891019487,-0.0761135844143426,-0.0729199308774874,-0.04968229301120656,-0.04525833297706713,-0.03906637236422348,0.06191101515157171,-0.05986546425494152,-0.07088662071913514,-0.044353697498186836,-0.05675934884182626,-0.020862148537902112,-0.018841921370461607,-0.012002661533452356,0.05001795876086495,-0.02823578959597174,-0.06238458573247149,-0.01083810689178038,-0.042903057711899686,0.00931767243723873,-0.006491577949775265,0.015164141019696284,0.037808215379848166,0.007181832058264831,-0.045678673191510547,0.021179060128914486,-0.022996360561783995,0.0385953846914007,0.00922126258575605,0.04393571559111807,,,,,,,,,,,,,,,,,,,,,,,,,,,,,,,,,,,,,,,,,,
-0.027121175015641076,-0.3566586448067767,0.032216859713386885,-0.426053170033446,0.07279337329489971,-0.42732350222730847,0.10902505030061067,-0.42868275211043033,-0.09807815876196248,-0.4183458759831406,-0.14253533409837482,-0.41565998307916596,-0.18498323674445105,-0.4128665876873007,0.15881428226466493,-0.40372453605404557,-0.23543061540973198,-0.37865024847088036,0.05667178384276832,-0.29204664485660675,-0.09734456000401755,-0.2836274528611294,0.4997556404542031,-0.015630093864379004,-0.4997556404542031,0.015630093864379004,0.7166429113494526,0.4415709761025024,-0.8225862793069759,0.47932204386097765,0.16616829821164866,0.11027635255096455,-0.39907243822662264,0.17639105032099653,0.029087713797747397,0.03965345003512717,-0.2548378192019068,0.11444201831361543,0.044585432704211427,0.003149789509328628,-0.24383161210834586,0.06170236610219529,0.07142499794179127,0.024149276527940935,-0.2540003904013098,0.07744346797037437,0.19775644642882653,0.08599225276828298,0.16051117453728997,0.022763651810833483,0.08473349434123276,-0.04085584199207742,-0.0010088652215033008,-0.07825340907479232,-0.07820232870011139,-0.09364713100927524,0.07098608509268102,-0.07687379381352968,-0.08027303138352784,-0.06280437788929323,-0.12178089933476778,-0.03579460037921995,-0.12979306198297821,-0.026479665604206983,0.05957190271898872,-0.04454982111401993,-0.09010806230466575,-0.026500253554786444,-0.1284939066583045,-0.004992021584422736,-0.1397162315898401,0.004667844827460725,0.047293471565836416,-0.005469161249879182,-0.0855695877071976,0.009170040117421294,-0.12802772868545387,0.02475467356119646,-0.1476254544851532,0.03183692856053131,0.0371018795979061,0.035814520612483323,-0.07237070823381433,0.044551379121090806,-0.10566365004519097,0.05723511468511013,-0.12793858842375577,0.06380478535812606,,,,,,,,,,,,,,,,,,,,,,,,,,,,,,,,,,,,,,,,,,
-0.02222289867328139,-0.35380659548473525,0.03709443745194705,-0.42265253719521106,0.07715248784406623,-0.42395304002546624,0.11301348603027805,-0.425334472116036,-0.09259832054097729,-0.41472627572237486,-0.13702356793201995,-0.412030751314835,-0.17942365035164315,-0.40909492500806777,0.16179267238442474,-0.4006172949705906,-0.22941771472137784,-0.37573334278289994,0.06090034560206956,-0.28970227980145036,-0.09213627799266981,-0.2812677383803864,0.4997168038592621,-0.016826049467530663,-0.4997168038592621,0.016826049467530663,0.7128633731539687,0.4373776851617037,-0.8149979778926054,0.47933064032331635,0.16065292323848024,0.11237947570902926,-0.4044848849863849,0.18649775157218484,0.025486585157500165,0.05025353517908432,-0.25326251310990405,0.12826149778439988,0.040887561499888786,0.010158914704829857,-0.23998227008046666,0.06953348135134554,0.06918043090583705,0.027931311720788953,-0.2538107328910379,0.08417841820113062,0.19708932017925576,0.09133996721626471,0.1616282727402637,0.02728929133623258,0.08646979348344122,-0.032167917066890955,-0.002963502456540289,-0.06538266654535851,-0.07578094403854517,-0.08154189205298726,0.0800319122567849,-0.07152428591326628,-0.07866313054205956,-0.058276027895243276,-0.15615712329210818,-0.036468934370349065,-0.19933224838900948,-0.025067355016526294,0.07263680084396501,-0.040819172131786846,-0.08394181750356954,-0.025867146027334,-0.15880983529231443,-0.008259866799142845,-0.20831600394389374,0.004166834932602196,0.060361848380536647,-0.002194481137196864,-0.08219374548077639,0.010526383264291998,-0.1509046209513416,0.021334665515194837,-0.1955438751372364,0.0282513828021966,0.04370577798057438,0.04069161877884065,-0.0729084800946317,0.04765407628941948,-0.12717052716190774,0.05482755753679106,-0.16617334838643133,0.06004116963915394,,,,,,,,,,,,,,,,,,,,,,,,,,,,,,,,,,,,,,,,,,
-0.01952020806573843,-0.3528383799407109,0.03925736478423951,-0.42126554722837545,0.07910154707042426,-0.42260678936841395,0.11483140597120445,-0.4241412170227786,-0.08983170421979181,-0.4132871835128579,-0.13415622823202072,-0.4105726299973447,-0.1764448233557985,-0.4075959118573216,0.16272557143180552,-0.39976821304036314,-0.2262232076682586,-0.3745627291109624,0.06325659440166453,-0.28895459270466506,-0.08889085996095497,-0.2804754978567697,0.499605243679945,-0.019864553544007752,-0.499605243679945,0.019864553544007752,0.7104227866969294,0.43465090505442994,-0.810985528182327,0.48199015722672733,0.15865855429421433,0.11603573502890871,-0.410249792359651,0.1860739550909426,0.023780300703126,0.05436114956574669,-0.26023981029648663,0.11969437823188785,0.04081076994499443,0.014704872096457792,-0.24821401202968207,0.06625603054209102,0.06953336338478854,0.03131882632850907,-0.2620928950364127,0.08348639618460334,0.19772603400002162,0.09492328667339649,0.1609228733465272,0.0333205406981929,0.08699618972876509,-0.0263512302499873,-0.004565492972108227,-0.055656955704978396,-0.08534432156384052,-0.056753745559804614,0.07362920432918695,-0.05856348457499005,-0.049872336720908024,-0.060078989730229376,-0.11808882618400843,-0.046551713160734795,-0.16071483587067822,-0.03956650561297331,0.06007211382211697,-0.02557414261875555,-0.07322842139713098,-0.020486410673693813,-0.12286125648666765,-0.002962361243884388,-0.14788912195770873,0.006698344661311875,0.048505626217221175,0.015670359609969486,-0.07662699025166644,0.02344442634365116,-0.1122861098097862,0.03927705738507344,-0.12348745919028076,0.045793878072217784,0.03880828547360201,0.060294783230429146,-0.06960564293086616,0.0644236285337671,-0.09555774046674448,0.07600155764976194,-0.10628382707850947,0.08195917448194047,,,,,,,,,,,,,,,,,,,,,,,,,,,,,,,,,,,,,,,,,,
-0.018211062631531834,-0.3525946651112555,0.039333697207750096,-0.4209722046689416,0.07901051413508765,-0.4224947022587702,0.11464572806174958,-0.4244688495883954,-0.08920859930492755,-0.4125844551880974,-0.1339090098461739,-0.40980784513183294,-0.1760883367078505,-0.40682153859095194,0.16195646418272747,-0.40040628788246396,-0.22619524576468497,-0.3739929384628502,0.06461794975382705,-0.2888248980723279,-0.08600413368544914,-0.28014496929150834,0.49957527787499634,-0.020604410598708725,-0.49957527787499634,0.020604410598708725,0.7078030078686894,0.43461121352254317,-0.8108156366098453,0.4825796140900333,0.15520902918453636,0.1216718516662648,-0.4064427825583996,0.16989929553262353,0.02535700887354873,0.0593611127623095,-0.2595109396138666,0.09420337064258337,0.04173927197467206,0.019066746282005272,-0.24292590396865654,0.04487666878925674,0.06877143484115868,0.03657980976584333,-0.2566347566985547,0.06609766728252521,0.20727794119911436,0.10875771344384165,0.16613764503217826,0.05012490580702101,0.07208987071983383,0.004388871589390069,-0.03856140307913348,-0.004969768219076016,-0.12122830733304088,0.0027959256522662158,0.08999649977569069,-0.050068085533149544,-0.04653052891747007,-0.039145459443585,-0.033369107104697204,-0.011511408318187193,0.0045374890271902436,-0.005020928446323922,0.07835614680311336,-0.020189908349373648,-0.05733033749049425,0.00036600718967205124,-0.03155745256988628,0.021524525362445507,0.01066517639605601,0.02189830824723633,0.0626559467960835,0.01850854479072253,-0.05934487447320987,0.04010728270622743,-0.02824627034319472,0.057588254275229,0.013273303899428863,0.05519246094810309,0.04475393370057983,0.05953915694736129,-0.04128273151497753,0.07510065833615945,-0.01008510404500456,0.08880313664461748,0.02726647780632021,0.08630227526754743,,,,,,,,,,,,,,,,,,,,,,,,,,,,,,,,,,,,,,,,,,
-0.019072860193621907,-0.35216631296997514,0.03827274919688909,-0.4204246075918477,0.07789016087100768,-0.42199689077720665,0.11348652932720125,-0.42412972423656164,-0.08995603294295297,-0.4119182846081403,-0.13467017393808947,-0.40911619141852124,-0.17674303714510944,-0.406141271035814,0.16052887365214025,-0.39994614838925363,-0.22677933423485713,-0.37371140829570026,0.06357035015330985,-0.28831190314259236,-0.08660348157820437,-0.2797344966799125,0.49957754233352164,-0.020549432984839706,-0.49957754233352164,0.020549432984839706,0.7036246432651224,0.43448114616520295,-0.8121676895986585,0.48090085186877185,0.15828886649069251,0.126732793027979,-0.40511198664816145,0.1680231894826676,0.03494893837456456,0.06329506621738169,-0.2800237121001454,0.08444130424442789,0.04654870905429674,0.023758062244014378,-0.2636765961742833,0.037840269851443065,0.07048365727029125,0.04203693752898992,-0.2718925519221262,0.06221203043359258,0.21338887418668848,0.11593918359356901,0.18533613023972303,0.05256573906488202,0.11464251343431861,-0.001747962493344232,0.02920412079155678,-0.020999408958211827,-0.03343106476570302,-0.014136452638835931,0.09722004049554399,-0.047446467066504794,-0.04208174864189155,-0.029716569050846846,-0.024150173193994543,-0.004392640879991826,0.014743240083182075,-0.001531092064442067,0.08118786387235158,-0.017425050811854647,-0.0549275644414516,0.006461082360709692,-0.028637756591039898,0.026560594220540683,0.013543157891887344,0.027395386311560146,0.062341088632683825,0.020294388095007873,-0.057046137326321356,0.041548458004507696,-0.027062730987510667,0.05895612188516306,0.0151850984987703,0.058989689083566735,0.04532295782892861,0.061080289303100097,-0.03979468158464257,0.07534810377229027,-0.008975934671178373,0.08831074658590232,0.028421763735952208,0.08797781702003582,0.013085503147638566,0.07992914878057723,0.02698495600820281,0.030802566646259813,0.013587475369518338,-0.0051720909723359495,-0.010855478388330468,-0.021055080047067593,-0.013006631201062616,-0.013774508288728348,0.0002308019132069575,-0.0426185495745333,-0.061462966334574654,-0.04176253116687623,-0.033568734157848806,-0.014001141726316549,0.0070876152158815256,0.0004944579960933274,-0.013971194519897584,-0.01100444654333762,-0.07509124888646608,-0.0005572593721917034,-0.037148906230726884,0.022631805949862364,0.008815777450036663,0.03399320564223774,-0.02419361309781106,0.023621380122409875,-0.07518558807152216,0.029298953611883498,-0.03190024694307798,0.04491263722229809,0.013478656216523423,0.05260533958326021,-0.030546918424430528,0.05719921910858386,-0.05771024131042541,0.06123781380279838,-0.023158953570544892,0.06829822423043118,0.01497272563566732,0.07059110521420106
-0.019041314332976404,-0.35169407973900385,0.038376816435318276,-0.4199567126359314,0.07794616749459198,-0.42153068296681373,0.11349422165279247,-0.42370936042272933,-0.08981331190645128,-0.411430144878631,-0.13461721039552635,-0.4086131654574025,-0.1766277499791323,-0.4056352267443285,0.16038341161436312,-0.3995352696524463,-0.22665731765310615,-0.3735478795667766,0.06355617662688874,-0.28785741633796974,-0.08651805814408035,-0.27929182814628256,0.4995733602717359,-0.020650852447450053,-0.4995733602717359,0.020650852447450053,0.6992913426912815,0.43529042805439344,-0.8148515648152996,0.4798425570553044,0.15575795562806544,0.12953912833113823,-0.392171149133598,0.16112759487073677,0.0358941961014405,0.06532201569483302,-0.28980980815683055,0.07520942110137223,0.04617608056235612,0.0249722559478238,-0.27538474274136393,0.029596725462465626,0.06782036477122345,0.0443669463495164,-0.2770305062871995,0.05529058542654039,0.21004590222440067,0.1152936007570355,0.1856653648581415,0.0518841891909442,0.11854320280333314,-0.003604238606574084,0.034090487482707925,-0.02406590771202533,-0.02835788147466635,-0.01792890312906799,0.10020272177785405,-0.04951320456611961,-0.04299909379072489,-0.03280056618472821,-0.029953334966053766,-0.006488517316323612,0.008920334359925348,-0.0022209313251743265,0.0844279439212673,-0.02063194507404635,-0.056967094005649775,0.004805377455527711,-0.03214450772961008,0.02619011001094592,0.010207789478765454,0.02684951150889774,0.06499489073295849,0.01663383025688552,-0.05964163788057038,0.040923721838768655,-0.03066282730253018,0.05898174314679064,0.011762249592454402,0.058022563873423555,0.04704395640357662,0.05739911378692921,-0.042565703909923445,0.07566539022229635,-0.012095896228053694,0.08864143838328774,0.026225677794537237,0.08672231258082123,,,,,,,,,,,,,,,,,,,,,,,,,,,,,,,,,,,,,,,,,,
-0.015243274735641122,-0.34990344467428136,0.042090385089591585,-0.41788399699079215,0.08078427677135368,-0.41947817476569826,0.11553124179507998,-0.42167096029372786,-0.08563773518530456,-0.40938127906253885,-0.13139183759584985,-0.40656435274926195,-0.17341440738858285,-0.4035970652468119,0.1613396837355297,-0.39760733234559303,-0.2241165713705632,-0.3717407886291644,0.06637862733955009,-0.2863380337202637,-0.08253601735987812,-0.2777520606488034,0.49956746749921344,-0.020792917458171366,-0.49956746749921344,0.020792917458171366,0.6949573590934001,0.43410210979905556,-0.8135669134344597,0.4787725859616479,0.15570561287793214,0.12789034777707559,-0.38796225673972606,0.17139885274699343,0.03547514745910179,0.06158062688960304,-0.25502845314619754,0.10105185754935493,0.047041174549074034,0.020475063942887218,-0.2360700676787895,0.04667075463111631,0.06875603633062836,0.0401281879382095,-0.24731922329317466,0.06644008665725823,0.19384192424280372,0.11032722248815652,0.16406429831728225,0.04875747987186264,0.07933936903040184,-0.011150815250276053,-0.013979935223124861,-0.044920105197810825,-0.08566326821742831,-0.06192755969147258,0.08883416528373704,-0.051121740442552396,-0.06046402047515694,-0.03941484521381193,-0.040045232862687775,-0.01001830524851355,0.0003506427296140098,-0.006551159540256148,0.0796058291348728,-0.018139828101021892,-0.06333059435089668,-0.0005757753301667111,-0.03465950893292637,0.021159545611743196,0.004973430930275948,0.022813082230560906,0.06296069273166796,0.021074762851229712,-0.058204347132204855,0.03613848799559034,-0.02782254856194313,0.05376380913199034,0.011612019282451569,0.05488409819530045,0.04281949500690318,0.061871965333066374,-0.04812480079702696,0.06559793305926198,-0.019958702014393086,0.08098965946244313,0.01361668965073182,0.08479419036440414,,,,,,,,,,,,,,,,,,,,,,,,,,,,,,,,,,,,,,,,,,
-0.013957413225262266,-0.3474794952990028,0.04365090486123206,-0.415295960998716,0.08213239741681143,-0.4168911778754404,0.11671577662231054,-0.4190927751937434,-0.0840436981232121,-0.40681229277156933,-0.12980643467125563,-0.4039636756621578,-0.17171283969042223,-0.4010050548516094,0.16218092650110633,-0.39509581053222725,-0.2222575274365531,-0.369627287951793,0.06746589010617896,-0.2841094205458376,-0.08104073853104815,-0.27548767645643296,0.49957152646824143,-0.020695167121604872,-0.49957152646824143,0.020695167121604872,0.6924596978036288,0.4351609320375566,-0.8145258324833138,0.4785890005190376,0.16055339399704502,0.12950634544500872,-0.36786739194384144,0.18424575394903317,0.04564489875543099,0.06331795628348706,-0.1974954875776639,0.1163138442068805,0.05819489568573183,0.02315376616303885,-0.18192838616781257,0.0638227111495347,0.07615411516630036,0.042932562195647575,-0.20119698699307112,0.08054708196125766,0.21595238948058676,0.11352164343677612,0.18629795949516903,0.04570343682784609,0.11036820400418453,-0.006578732720070002,0.017293321705140308,-0.014836844396814316,-0.05253084754885419,0.0023534916474693265,0.09449089433326363,-0.05157753654241395,-0.05592910234005909,-0.0342789377062102,-0.08958599142173937,-0.0017810045322053478,-0.08704012930581301,0.01094857806449161,0.07512153838708242,-0.02277631528347014,-0.06073956092657164,-0.006838944244569443,-0.0855204243663676,0.020308467661821886,-0.08038126035835691,0.03402269763086159,0.05521424149290822,0.01693556486108672,-0.06705275058766573,0.029927426311978075,-0.08963103744772422,0.05237927964016604,-0.08593671928283628,0.06168084877873332,0.0358137667944766,0.06094564105511103,-0.06663373550054578,0.0719885546377883,-0.08163232124428398,0.08662753382143003,-0.0826670741600229,0.09233815127985723,,,,,,,,,,,,,,,,,,,,,,,,,,,,,,,,,,,,,,,,,,
-0.012069363187546287,-0.3460073804260584,0.04567079595059758,-0.4136102513785453,0.08384944141767822,-0.4152196083531923,0.11815351600569174,-0.4174239801839385,-0.08189674192914966,-0.40511564496214936,-0.1279492526916551,-0.40225139986492,-0.16973066073721502,-0.39929836116150813,0.16320726152310566,-0.3934491637664688,-0.220290044036505,-0.36815427516711047,0.06892104351566145,-0.28279724206304446,-0.07927874169209746,-0.2741035556054032,0.49959130923021694,-0.020211970256206097,-0.49959130923021694,0.020211970256206097,0.6916180119149568,0.4348584636433325,-0.8147924372814882,0.4780773945821374,0.16780564140709295,0.13284948198932442,-0.36792189752354676,0.1973881051313898,0.050511458632872465,0.06765163687862075,-0.21477800182582116,0.13541201335992276,0.06229560763919084,0.026083963075815463,-0.20007093664141568,0.07967969692783888,0.08105472236538758,0.04452654704941064,-0.21450011474534791,0.09420114222645949,0.21920389633056156,0.11965603299637162,0.1854484316272011,0.05175443343237597,0.10710055737986858,-0.0022020108760586136,0.0072892712048433,-0.00946262497572811,-0.06631194434915566,0.0070494579108841176,0.08880603511633804,-0.047739616417382495,-0.06017302796279485,-0.02765473065315454,-0.10656888123918189,0.0005080937312207513,-0.12016363825420873,0.010821992127589984,0.06949331722201103,-0.018851626157576934,-0.0700764458924416,0.00022239107660920027,-0.10056402365922125,0.024983812466207535,-0.10579991558368483,0.03715135880386634,0.05177649614687057,0.019656413194541235,-0.07615110089144297,0.03545385952088175,-0.10381703929501113,0.05566558554039602,-0.11070462255403754,0.0632120651191383,0.03539526985225463,0.062479572142953355,-0.07105892869141164,0.07513385507000357,-0.08988751518772668,0.08946913773463527,-0.09871900541437606,0.09489054099524291,,,,,,,,,,,,,,,,,,,,,,,,,,,,,,,,,,,,,,,,,,
-0.011190923228015119,-0.346085661556067,0.04628044682367302,-0.41366127252661333,0.0843600695519221,-0.4152698358189166,0.11845499152343025,-0.41748861677980625,-0.08150377770820999,-0.40501122274399154,-0.12768910523853144,-0.4019780947468095,-0.16953041657538967,-0.3989160999703559,0.1634730593626055,-0.3934978272054297,-0.2200200413472443,-0.3679783463295162,0.0697756176727368,-0.2828803290368174,-0.0789180305288738,-0.2739030862485425,0.4996034803304153,-0.01990885335061567,-0.4996034803304153,0.01990885335061567,0.691303420603772,0.43490667946184747,-0.8158592322914836,0.47742017437317197,0.16861915963725704,0.13796356248553787,-0.39494241416886333,0.20248211641819017,0.05234919881774857,0.07466902510703559,-0.21614049814356404,0.14453726607341252,0.06295177150508416,0.030104252519805065,-0.20255911258320208,0.08188105349068207,0.08206396686084076,0.0474691395558197,-0.22426443459570264,0.09570086128435083,0.2111531651549061,0.13740532672398562,0.1748799950873877,0.07134305123066444,0.09184893686008642,0.015406503958065218,-0.012262900843219838,0.004231370641268189,-0.09295781186232997,0.01808948660442139,0.07892399922383597,-0.028586738956106424,-0.06840433713561117,-0.012347819094272449,-0.11530992336527598,0.014656618827364206,-0.13114975457759434,0.023604669271187838,0.0614515671567758,0.00038612030318874136,-0.08197628130576025,0.019797510059139656,-0.10913047921008392,0.04445939799071668,-0.11315175178868393,0.05358781154412426,0.04470948630963136,0.039141724866334576,-0.08756732065940948,0.05479847992590436,-0.10914404442590703,0.07598007608590664,-0.11257571846397178,0.0839972271590858,0.02965773987577188,0.08040287905287043,-0.0799059038059753,0.09382951263112244,-0.09689389488556091,0.10918880963812326,-0.10435465506653976,0.11550575082089826,,,,,,,,,,,,,,,,,,,,,,,,,,,,,,,,,,,,,,,,,,
-0.00969756693883142,-0.3452334372093454,0.04757023293659461,-0.4127053977894852,0.08567254321500914,-0.41433718350622295,0.11962391661871498,-0.4165598778781053,-0.08022111961646085,-0.4038230192787139,-0.12639728497204622,-0.40071826978638736,-0.1682018642054448,-0.3976582245251927,0.16439685679927743,-0.3926054001075013,-0.21861013848208521,-0.3670938062328867,0.07098354566924085,-0.28203655579909415,-0.07765601792758088,-0.27285056782525313,0.4996187678998778,-0.019521443650715762,-0.4996187678998778,0.019521443650715762,0.6909684829854651,0.43467603724981874,-0.8150431528556806,0.47694044691398824,0.16566483135502105,0.14901730080315032,-0.40958932322527186,0.20435994683171912,0.03502140304269169,0.0829976587718584,-0.22075366572465382,0.1451558305983896,0.04418961769797357,0.03401244209277947,-0.21494666738102905,0.08096608176143363,0.07299995033455416,0.05198755284190312,-0.23865562409556149,0.09523480534761442,0.20115403030966722,0.14716454071725352,0.15841483461740258,0.08407597901370872,0.07489497623897576,0.029046750285585263,-0.02670945052116454,0.015113335526367783,-0.10695273259887748,0.020449340928175318,0.06525360116400358,-0.015953775071649124,-0.08251301071944084,-0.001744765500871304,-0.15064193384290694,0.020332188749136098,-0.18584610945724492,0.030717008734569923,0.05370722978639369,0.012819818814982994,-0.09030661090762425,0.02743685609536549,-0.1432126866851859,0.048529016773745354,-0.17043588364921392,0.06133415092613833,0.041159700379214605,0.050686307500807944,-0.09561422234929462,0.06206654169944733,-0.1452797019588353,0.07848139350164442,-0.17162626249710178,0.08684905020450936,0.028950514268021133,0.09100334666992133,-0.08766423863256949,0.09972657811786274,-0.12773602768034545,0.11129744199543828,-0.15517315471044507,0.11746391654431106,-0.31840732219166307,0.11629846369196346,-0.28215159468720713,0.0636683078476431,-0.2125745795967456,0.012164373506167836,-0.15429250845061834,-0.02509500462741133,-0.13201798859248098,-0.06325816684711219,-0.22730844393448638,0.00555215713269904,-0.11946807495964154,-0.016352482626399614,-0.043254134247958285,-0.018790407551077425,0.017672693398884116,-0.02199301866937292,-0.23217529875066878,0.03533297798694493,-0.10780834448927029,0.013393983703558179,-0.024854522957394657,0.008172312759554875,0.041941292900242205,0.0010272219509928043,-0.23397842359327237,0.07320586073249542,-0.10879649765160108,0.05790444231369234,-0.028486240507610394,0.052141118649209846,0.03613548666944762,0.04275084588583236,-0.22572185013140206,0.11488472624925616,-0.1337521876387211,0.10510040600855527,-0.07618787679025964,0.0966662077349872,-0.028347630297627824,0.08487588672276374
-0.008942550008246402,-0.34424449635696924,0.04848700193068267,-0.4116915229086949,0.08660298405637738,-0.41335716891979385,0.12038895770452876,-0.4155850124065959,-0.07936061187683838,-0.4025615376584768,-0.12552932726864435,-0.39937248641476614,-0.1673297136078807,-0.396272416845269,0.16512011028179033,-0.39159070342913715,-0.2176197310686124,-0.3660911211295665,0.0715821846477795,-0.2810043977918128,-0.07695875617434508,-0.27132027970668116,0.4996405442254226,-0.018955911112989273,-0.4996405442254226,0.018955911112989273,0.6907699329296965,0.4355976620885296,-0.8145579472890967,0.4767309023715885,0.16703917003903754,0.1630820835416226,-0.41277137289788823,0.20156124512837129,0.03529736310723788,0.09897695753286495,-0.2254910369795146,0.1432546499723158,0.043513770693800254,0.047036449090705645,-0.2163924984158647,0.07819010233514648,0.07266663527098025,0.06454667862325514,-0.24056509549238625,0.09260989656706134,0.2008147516668428,0.15629014049396006,0.15886606253725058,0.09241201517963761,0.07222908791432449,0.03599178821682389,-0.03153859099809443,0.018647073258328494,-0.114258315201599,0.021798345178072605,0.05793313192486736,-0.005167269741782325,-0.09139760244356114,0.009300208708491483,-0.15539740099610255,0.031802072013952944,-0.18954817785848693,0.041064393148265925,0.0455311216434877,0.025748395411711526,-0.1013447144185976,0.042304399326022396,-0.1477821068364351,0.0632293817941745,-0.17183119042113476,0.07399280861743983,0.03320964951979035,0.06472572447380155,-0.10241693276784927,0.07797392666190513,-0.13942930398283013,0.09446931045753039,-0.15750914613060044,0.10154378655835265,0.021617350823711294,0.10546590823731142,-0.09034638463542555,0.11341602030250489,-0.11846719169198308,0.1263754109251563,-0.1362759753090592,0.13284162908509567,-0.3620872164154881,0.13430560495135307,-0.31782467900570865,0.08767141364821121,-0.23117936911646328,0.03821762907470505,-0.1518448455407021,0.002215502962641024,-0.11797216347278794,-0.0362291809316052,-0.25108495933878977,0.02772764228679659,-0.1446329999209298,0.004043686666965795,-0.06211949237116821,-0.0066655068001182935,0.008697038527569693,-0.015617258076379474,-0.2493508991937456,0.05498991691246921,-0.12537074070815432,0.030936936320139784,-0.03677725175465025,0.019108652162034615,0.03883346453042365,0.010361169035701542,-0.24411505294270017,0.09259030327870045,-0.11894489987726804,0.07489529063437181,-0.033725678280101576,0.0650557793700023,0.03886572309358135,0.05571909034008751,-0.23440197792587492,0.13548477451000007,-0.14077333861425959,0.1220940067927734,-0.07880106653132785,0.11037570484999783,-0.021526204145259006,0.09909202750815567
-0.006664247130664544,-0.34325635831062534,0.05049477866269333,-0.4105701470468621,0.08853894385686885,-0.41226871893270695,0.12218290438825752,-0.41451823446079217,-0.07691631195302762,-0.40138123658795405,-0.12306899371210395,-0.398184499781208,-0.16477697192962396,-0.39508610333640276,0.1666176270072679,-0.3905613126137601,-0.215092891021341,-0.36499951494236993,0.07343870297579613,-0.2800926300545781,-0.07469644434295747,-0.27040272918505787,0.49965004389964573,-0.01870384000899494,-0.49965004389964573,0.01870384000899494,0.6911166224620938,0.43495769275227736,-0.8119136891962468,0.4745088794403131,0.16952560713345524,0.17522583789893315,-0.4104783951111469,0.20538614106180128,0.03870840816609842,0.11119540757326063,-0.22968733518086656,0.14932500629439402,0.046844358505774585,0.05984175734752162,-0.21955325557605646,0.08638091024703054,0.07521066560951437,0.0774551048091963,-0.24138794812954165,0.09865536431925466,0.21263033171079754,0.16548727988163225,0.16026249587426894,0.10335604442072271,0.06963059261741276,0.04516144763308894,-0.028677367227176846,0.0182862849960756,-0.10237496295154196,0.0056990966921112015,0.06076645916932941,0.0036734256452146093,-0.08699444393841396,0.020979439224514233,-0.1440474068702388,0.04547250775652601,-0.1699743761657056,0.05593374052588155,0.05308111398068777,0.03760268663356822,-0.0889830685886651,0.055731443438660155,-0.1264576049317965,0.07716748220200431,-0.13945203358139266,0.0865987603404238,0.045243910967895956,0.07967486441227914,-0.08539907272893865,0.09313296705837368,-0.11307294703706905,0.11012203413342814,-0.12014211236313829,0.11590073197518277,0.03634607933977359,0.12382315250095788,-0.07148086031692678,0.13101382568774472,-0.08642524711531906,0.14348290835109162,-0.0906066296218269,0.14773492742729663,-0.35246406198532443,0.15146127649629046,-0.30485090974391615,0.10584895369469874,-0.21452034598163963,0.05689543474084115,-0.13333613792527324,0.0213572476661055,-0.09660468965479706,-0.01810056698140545,-0.23257760216113596,0.04298489082492791,-0.12402291142397762,0.01966110593747505,-0.04458906460386855,0.009173195442255288,0.01997027593863429,0.0013888618497490417,-0.23244648167854826,0.06964576759912905,-0.10896209309327105,0.045359100419856246,-0.025873289822776455,0.03219758496089997,0.043000389827606116,0.022574810433989546,-0.2288220912055699,0.10695721339143059,-0.10443843644399513,0.0843374180472287,-0.025598088019124495,0.07346003435578878,0.04105864020984515,0.06444641923727594,-0.2211729283576753,0.1494717877901409,-0.13008998792183538,0.1331203939681324,-0.071921420818142,0.12215520059601391,-0.019085806719597434,0.11299793618438604
-0.005879490363196845,-0.3430136964187289,0.05125321736847155,-0.4102858315289764,0.08935752271118179,-0.41204518767544585,0.12302484347882335,-0.41439074397380393,-0.07600219914022506,-0.40092892197746266,-0.1221304294349196,-0.39766352803745314,-0.16378691337758264,-0.39454792281028817,0.16716884563508083,-0.3903880068705458,-0.21405924408305968,-0.3645475916668229,0.07426076366138241,-0.27978709804731655,-0.0737465700474882,-0.2701897708644481,0.49966070813968233,-0.018416751650364598,-0.49966070813968233,0.018416751650364598,0.6898223101190905,0.435882050647327,-0.8096081548581137,0.4711303845318026,0.18212655757702892,0.18986367088011263,-0.3954122981447512,0.21035897707457038,0.05307659132158372,0.11917095532555734,-0.21470417220596624,0.15208496031789892,0.05320052461336422,0.06983406187903334,-0.20021790336959785,0.09470892014749074,0.08003748007529787,0.08931587875011529,-0.22717965576994464,0.10807072106819209,0.20819054930277053,0.1761745478856495,0.16046025450457188,0.11312121861990591,0.07445011818558364,0.054960231616278166,-0.020842384184940613,0.02589603944465494,-0.09271225009975256,0.006817221683517777,0.06506249520069746,0.023365878678575022,-0.07221618821449129,0.030515469370863912,-0.12713288664269412,0.05023964707822396,-0.15690116673155816,0.05904366085111935,0.05370705336339396,0.05706612597408509,-0.08002797996233908,0.06372527333487674,-0.11604020929336425,0.08312547559917641,-0.13161575244512055,0.09327515878151782,0.042780196167526534,0.09757439171868412,-0.08228684772994825,0.10235068146454211,-0.10592831065119984,0.11959619333629203,-0.11355225925645349,0.12854465200849258,0.030255376789659914,0.14027718355676239,-0.0707732506030468,0.14281943537569894,-0.08488696387327013,0.155426085272006,-0.09120302760925476,0.16286154299969102,-0.35136383689722694,0.1734949762521269,-0.30462209362588727,0.12566471435620286,-0.2139536632822223,0.0746821422512276,-0.1340241390360015,0.03650334738645416,-0.10071253272516899,-0.004128743694096298,-0.22852856385426296,0.06478647913470459,-0.11733276443490434,0.03633828292379528,-0.039700756143102346,0.023923470535758228,0.023777163398401493,0.015485211111776033,-0.22570022908827211,0.0904683072255133,-0.10816861001620774,0.06247330958506964,-0.02449755264583296,0.050019201275248525,0.04537178380035132,0.042948850161502225,-0.22043209258513885,0.12684024537902336,-0.10753965935600458,0.10303868396325046,-0.028270716827906568,0.09427105130475404,0.04054162409578385,0.08785221361948801,-0.21286967880245916,0.1687998692897349,-0.13246666028990622,0.15524353196503662,-0.07722447503703596,0.14595198966802905,-0.02573731738695434,0.1382572220389008
-0.00707882887313246,-0.3434678607086229,0.0503692856711137,-0.4105600353579884,0.08900016176467897,-0.41233488491605574,0.12290818342965931,-0.4147995908285865,-0.07722401470147004,-0.4008679260937305,-0.12318654462574738,-0.39739348599763985,-0.16446077232576414,-0.39419109052278417,0.16713435711099942,-0.39069046633435395,-0.21408918315321676,-0.3643399835358561,0.07417834586591689,-0.2799141017211674,-0.0742785472584575,-0.27088004998583065,0.4996772967026354,-0.01796104562508728,-0.4996772967026354,0.01796104562508728,0.6875408708832953,0.4403790195924587,-0.8080132858715455,0.469512034595452,0.18241550137599838,0.2049656736013715,-0.3762563909534942,0.22269754093371363,0.0533764072037175,0.13410039823978667,-0.19692850694861155,0.16349633392256066,0.0537510826693597,0.08446410519072257,-0.18215258069621776,0.11097601156879824,0.08023837060185426,0.10480174860731348,-0.2109775412025318,0.12518582154846522,0.21553422112344428,0.20278132643424132,0.16140387402380557,0.14381302287536218,0.06714977965251251,0.08738830143294793,-0.031253494579942705,0.05930718510035409,-0.10672846590095018,0.04917917818341678,0.08052234653114504,0.05504538664822224,-0.059475303169519766,0.061018059092602106,-0.08776092536145837,0.08100748107498665,-0.08994116945432501,0.0873658425001371,0.0729297155821456,0.082585976934417,-0.06522878506771702,0.096926977314878,-0.07031173825074481,0.11540150108891671,-0.0540392696485525,0.12188284676633415,0.06462552517534154,0.11827538068359474,-0.06479601870855452,0.1291262845003806,-0.06487602865669309,0.1466360459443003,-0.04754820616366883,0.152992355832319,0.05400201805326531,0.15606804189537893,-0.05558893601249971,0.1648098575650786,-0.051648689011861364,0.1772954045733219,-0.03574916826509502,0.18234078223414696,,,,,,,,,,,,,,,,,,,,,,,,,,,,,,,,,,,,,,,,,,
-0.009021009702616819,-0.3441048925673331,0.04899645598357179,-0.4109477326432208,0.08812308610441787,-0.41265060857364944,0.12218428064592106,-0.4150327212288117,-0.07949253616007812,-0.40106979810491133,-0.12536580059796842,-0.3974108393344917,-0.1662875833773864,-0.3941275825327866,0.1667889157598122,-0.39058814564047173,-0.21524030657064305,-0.364245923734181,0.0733867034455005,-0.2800301921622323,-0.07587228280111165,-0.2712590918411072,0.4997025926912887,-0.017242936455371873,-0.4997025926912887,0.017242936455371873,0.687454543090794,0.443574178126932,-0.8003532549787186,0.46776376289708105,0.18302875498763468,0.23677105661687445,-0.3488963630276191,0.25335470368944873,0.054671015272767375,0.16527881007692838,-0.18242168547559656,0.19290063504817492,0.05341773837454013,0.11330944333516096,-0.17054063777891015,0.14090186084295706,0.07976055491704027,0.13378525468794408,-0.19981317286766306,0.15743317992909742,0.2081234841842812,0.2473190380475893,0.11876004100473288,0.20233113286777205,0.027026053547188473,0.155083934438968,-0.04724822552771132,0.11929905169970458,-0.10421113092531223,0.08949058721270181,0.053830307788242264,0.10059276959064863,-0.04124791371139713,0.1034420500751104,-0.09237149153194027,0.09906379772257326,-0.12453449917712049,0.08976984999980679,0.07615532963682238,0.11150034375458501,-0.026921505689995084,0.13451330563969205,-0.05650162987255893,0.1655112587769964,-0.06499108886174113,0.187662538736735,0.09616191896249143,0.1374288610325918,0.0047581167747180846,0.1575863798397934,-0.024617236320437,0.1870536312582312,-0.0334426107101361,0.21027644566744616,0.11333458022947066,0.173560903202515,0.04994614406794274,0.1903182921639308,0.032833378884608966,0.206158968321683,0.027193416611237455,0.21772496694302138,,,,,,,,,,,,,,,,,,,,,,,,,,,,,,,,,,,,,,,,,,
-0.009564833539053377,-0.34562226338587565,0.04808374953116217,-0.41151586859826444,0.08787050647342287,-0.4130922874558369,0.12202844762249082,-0.41512054094651457,-0.08154233395068888,-0.4012169592591189,-0.12711116812841886,-0.39704666890636275,-0.16769321892040376,-0.39359947620522245,0.16715350501993814,-0.38973911574861553,-0.2156334413281355,-0.36331471236590884,0.07373411232695859,-0.28164567003157354,-0.07628947918315113,-0.27245739239321576,0.4996968728031025,-0.01740790943220753,-0.4996968728031025,0.01740790943220753,0.6898697705529401,0.44411859007302473,-0.7886903041372125,0.46723045883196185,0.18312903647372056,0.28549678288527675,-0.3460981904581249,0.29510704324561177,0.04709128164525585,0.24261981234578092,-0.18610287088119595,0.26430571155286653,0.03701950641251863,0.18477513683036612,-0.17195100998367624,0.20083968322204096,0.07286040313097436,0.19712842008242637,-0.20237811119633914,0.21156863313598642,,,,,,,,,,,,,,,,,,,,,,,,,,,,,,,,,,,,,,,,,,,,,,,,,,,,,,,,,,,,,,,,,,,,,,,,,,,,,,,,,,,,
-0.012996132691331683,-0.3485029160991155,0.04456264163177254,-0.4130026371899417,0.08479121340340152,-0.414388981773581,0.1191065380182323,-0.4161527445766167,-0.08583231472510604,-0.4026669882493114,-0.13142916692040835,-0.39812261461999304,-0.17188236655694544,-0.3945750678346582,0.16452064947705866,-0.39016818382120383,-0.21965170660512712,-0.36375840360267864,0.07149237567382774,-0.2841898965742673,-0.07993165541001282,-0.27465346706602745,0.49969971493700555,-0.017326133206096463,-0.49969971493700555,0.017326133206096463,0.6887445727578825,0.44630556293247287,-0.7802473303655202,0.4625528855496882,0.1823771540308548,0.3531838569593454,-0.3225728303138397,0.355077459008933,0.03899924966167177,0.3491093028184906,-0.15694786901685967,0.3588392703929448,0.01379904166353219,0.28298862581845435,-0.13387066563179356,0.29922998006244755,0.06536339895401633,0.28307131491655096,-0.17263937331327342,0.29830032454618294,,,,,,,,,,,,,,,,,,,,,,,,,,,,,,,,,,,,,,,,,,,,,,,,,,,,,,,,,,,,,,,,,,,,,,,,,,,,,,,,,,,,
-0.013747907746802523,-0.3498430657861452,0.04404453747606565,-0.4135122940579773,0.08437934446126169,-0.4147689110691673,0.11880606013653881,-0.4165233131514164,-0.08643613985079354,-0.4034380336243406,-0.13191288104940163,-0.398775815762927,-0.17229522016041496,-0.395207487920322,0.16418014062504838,-0.39020153031341465,-0.21962072230747787,-0.3641342288339553,0.07127827515266444,-0.2854524995227435,-0.08124591386571783,-0.27621509750974604,0.4997029055191325,-0.017233868275491226,-0.4997029055191325,0.017233868275491226,0.6882593759695651,0.44348775637546817,-0.7657491124269481,0.462399790846481,0.2884529920951683,0.44631646046577245,-0.3528149631184949,0.4239843918734545,0.1632340559837811,0.4754894654673823,-0.2117611008181704,0.4529343865587298,0.12533206908208241,0.4175495404294783,-0.18711363168604073,0.3945984689931837,0.16652896558210148,0.4033348303100661,-0.2218932571173859,0.3784962559871505,,,,,,,,,,,,,,,,,,,,,,,,,,,,,,,,,,,,,,,,,,,,,,,,,,,,,,,,,,,,,,,,,,,,,,,,,,,,,,,,,,,,
-0.018197789350386094,-0.3513834028256561,0.04019047422942135,-0.41473999891720237,0.08094871605968978,-0.41592991965071296,0.11568908763760281,-0.4175846387678031,-0.09109229552924063,-0.40467271101621155,-0.13599663437327775,-0.40000976167016566,-0.17613272307088268,-0.39643680032070355,0.1612512582583066,-0.39023858482525603,-0.2220348710440181,-0.3652219450869293,0.06843342855260176,-0.28717285086115213,-0.08628066709222705,-0.2777730464064823,0.49969605568366365,-0.017431349178676267,-0.49969605568366365,0.017431349178676267,0.6860789061503377,0.44014303077888284,-0.7379229039215847,0.4547201968830305,0.3493566606439674,0.5090407697092951,-0.35628135406092665,0.5315018316808828,0.2367813209271596,0.5673450962968275,-0.219974076904223,0.6169816813061143,0.18751746387969337,0.5029365766586827,-0.19086236386642388,0.5456263453228137,0.21148375253445514,0.4842528962309219,-0.2246077459041264,0.5165014019063873,,,,,,,,,,,,,,,,,,,,,,,,,,,,,,,,,,,,,,,,,,,,,,,,,,,,,,,,,,,,,,,,,,,,,,,,,,,,,,,,,,,,
-0.03135336784775208,-0.35815703675635324,0.028574475603792292,-0.42257101330155344,0.07068313443580555,-0.42355011977336826,0.10668482408768583,-0.42502779611131114,-0.10519403768003562,-0.4124477161839863,-0.15050553632662947,-0.40768378237273417,-0.19093466800060652,-0.4040661775680029,0.1537177799886795,-0.3961766814416688,-0.2365911218990782,-0.3721832624742235,0.05852030875237332,-0.29270376911553403,-0.10049454788232387,-0.2831061470715068,0.4996959492041527,-0.017434401307782878,-0.4996959492041527,0.017434401307782878,0.6907305745716841,0.4319403984358232,-0.7419229075251466,0.44113769316140283,0.36378313743030055,0.5737175601250977,-0.40440189492266077,0.605944434769258,0.26064395105583016,0.6608960940404908,-0.33614301704771865,0.7090973396976837,0.19291058230417854,0.6024875804395038,-0.25722792048744314,0.657313670688645,0.20721682140963787,0.5753471915747962,-0.27175498405818405,0.6175888318733768,0.3935346981535136,0.5740703703554498,0.2839473488860202,0.5618878519090817,0.17073630997131528,0.5796668765682434,0.08790987666476398,0.6142390707712742,0.03453474476340251,0.6420094067829324,0.18453983045441003,0.6194939407371791,0.08659555068903971,0.6870342540319588,0.08877171162696028,0.6852824831986576,0.11376802326864295,0.6689644845357429,0.24383606725650914,0.6464928293558471,0.13497270361066047,0.7091970204808595,0.1420156321977486,0.7012460121287255,0.17523665946967487,0.6802058438006728,0.30178788577098187,0.6698487780983662,0.19980769593874104,0.7288510616919215,0.2053685781646505,0.7162905085772832,0.23659687484105948,0.6940091430167683,0.35378939214081195,0.6911889844774428,0.2772549072257919,0.7395743242780369,0.277899457994695,0.725457600357461,0.30244659762783893,0.7059390851834582,,,,,,,,,,,,,,,,,,,,,,,,,,,,,,,,,,,,,,,,,,
-0.039405509582134776,-0.36244259546159335,0.021358163333358608,-0.4273383873216858,0.06403335766074367,-0.42815963314309297,0.10077137339471728,-0.4295509597383776,-0.11372895690209969,-0.4172620849574948,-0.15938596563801932,-0.4124794137958561,-0.20017131390050266,-0.4088615051315186,0.14871890425306583,-0.40035630122170973,-0.24573832462965464,-0.37671002542612836,0.05213030870588529,-0.2962589242792506,-0.1089953755623343,-0.2865087105834163,0.499703509396008,-0.017216349709325698,-0.499703509396008,0.017216349709325698,0.6938880505337409,0.4267726215207355,-0.7428692695819002,0.43660414723887353,0.4065325965616203,0.681103290097885,-0.45028530127140154,0.7184775682034898,0.3579762622502682,0.7948580807989385,-0.4274905881849367,0.8540249895769242,0.25595483559467547,0.7485041759159687,-0.324560663593032,0.8220746884794392,0.2540961469966248,0.713642781135068,-0.32053395327279777,0.7714689101434878,,,,,,,,,,,,,,,,,,,,,,,,,,,,,,,,,,,,,,,,,,,,,,,,,,,,,,,,,,,,,,,,,,,,,,,,,,,,,,,,,,,,
-0.044017954597327005,-0.3643202622894959,0.01744217803734852,-0.4292969184477626,0.060558428081744005,-0.4300852887673691,0.09770472538716655,-0.4314705414219259,-0.11862847234400653,-0.4192665846858696,-0.16447773196710816,-0.4144117911096779,-0.2055366861527611,-0.4108143468305537,0.14613836693470855,-0.4018155409411807,-0.25090572937317424,-0.3785821360485033,0.0487231040687298,-0.297965355691387,-0.11420115268224947,-0.2880952822953018,0.49974456307711,-0.015980352776718623,-0.49974456307711,0.015980352776718623,0.6954856025998658,0.4292056637785781,-0.736881792481292,0.4391446299323397,0.4353668786243133,0.7654570966286172,-0.46366440943146625,0.805455667040789,0.4190078980277421,0.9033745246714873,-0.4645124679845678,0.9554778914242402,0.27942281349331555,0.8713528320866644,-0.3397110916138105,0.9433962475677962,0.2620313450431747,0.8291607614456555,-0.32564556221418073,0.8893946029936914,0.4393674020053178,0.7496744434786404,0.3223502296183095,0.7437024578386212,0.22524125717662316,0.7763650789477285,0.18258602391392437,0.8248305692783274,0.17821573842040758,0.8676735070709576,0.27214615713743157,0.8140150839568178,0.2206627122648191,0.8865299066027711,0.18485022392359007,0.9219011424780302,0.1618989969900183,0.9383974568341662,0.34134249470337663,0.8397164871890412,0.2865544562412381,0.9161816883235265,0.24924846326474273,0.9463786263415014,0.22422187024090676,0.9587662218053967,0.4046872395468157,0.8604589671359294,0.3525080907606188,0.9327836005951172,0.31854260595879885,0.9560255323782939,0.2990658327910569,0.9620093766077491,0.45816270156679867,0.8757256022370155,0.4273265291087446,0.9388460503316918,0.4004409610171164,0.9556286649184992,0.3853308592965869,0.9565066522925585,,,,,,,,,,,,,,,,,,,,,,,,,,,,,,,,,,,,,,,,,,
-0.04308023080909258,-0.3635369594846727,0.01796388987261589,-0.42780228375917995,0.06091711132179325,-0.42858009608204006,0.09833929821779276,-0.4298985311716713,-0.11761072375520062,-0.41759387115992896,-0.16342004630191134,-0.41276582127203554,-0.20448117277794522,-0.40913292437831106,0.146316872149379,-0.4000324693745144,-0.24980109420725918,-0.37725284088144023,0.04946040397306869,-0.297570986093008,-0.11364920637888534,-0.28673317406456406,0.4998250901235381,-0.013224193094365597,-0.4998250901235381,0.013224193094365597,0.6899738580799961,0.4309722657026043,-0.6977616947856561,0.4444493762795756,0.4675060930004951,0.8145242682198754,-0.4780880226768823,0.8574372803919253,0.45227942707884894,0.9541923217961558,-0.4859243138204289,1.0036341459206641,0.32245654723878064,0.9276222347756694,-0.3615696697748787,0.9933385379226986,0.2926838364740558,0.8853887142081104,-0.3380401269686367,0.9453854735785748,0.4768800501519438,0.7992359330136461,0.3514524057336104,0.8047932843128092,0.268440127209171,0.8470775182664081,0.23694158005538027,0.9042069947459808,0.2276681460967502,0.9489546116606745,0.35742348338703706,0.8991169068723129,0.30397360755425684,0.9743475607985139,0.28266382015078406,0.9622522488068719,0.29067811640880503,0.9387646094888723,0.42494412137145676,0.91743595986832,0.36519607219266265,0.9935865704299229,0.33327419815495707,0.9868718470444539,0.3405394272053678,0.9662067634439122,0.47478690879316304,0.9276434688883097,0.42785048406539944,1.0009480306716612,0.3967702941095865,0.995829705946078,0.4004182694822338,0.9775186722160149,0.5100972050607101,0.9324552543494999,0.48201847951609067,0.9933778436205648,0.46193213843240594,0.9940896381836468,0.4658834905420317,0.9805147151516407,-0.5314152376249421,0.8459718760928109,-0.4002996747041893,0.8534948511275049,-0.32564290655631584,0.9095130380630971,-0.3030929566167211,0.975416269169806,-0.2965161420160065,1.0184198651628003,-0.39478592110438365,0.9492390132331658,-0.3401321388533408,1.034205394857555,-0.31414508635120253,1.073732469642732,-0.2945501794382525,1.1029555783217764,-0.4738940595355998,0.9682416239403396,-0.4073391218866849,1.0558144928913304,-0.3691261901896481,1.1009715441587966,-0.3452134168292111,1.1345788194136253,-0.5358449220060139,0.9781992932945823,-0.472630178043869,1.0563053623250267,-0.436016694586725,1.0944519938937665,-0.4129419909911354,1.1194831724848664,-0.5781869850323355,0.9814180685181164,-0.532252855600159,1.042260352182334,-0.5022862141364796,1.0758332914252335,-0.4805530998490919,1.0993755972885413
-0.04285103889033387,-0.363409878496975,0.017720289075744848,-0.4272594051944206,0.06044896415543853,-0.4280264930866765,0.09808983326356896,-0.42929590474032436,-0.1171144708927708,-0.4168331957793188,-0.16281272601537172,-0.41200648528193523,-0.2038634139685281,-0.4083103418929158,0.1458884789992529,-0.39962742169333226,-0.24909445155216248,-0.37673110956298417,0.049440510704098634,-0.29795161762301775,-0.11350078761784058,-0.28637028932020275,0.4998639553055148,-0.011663026465131223,-0.4998639553055148,0.011663026465131223,0.680736180037751,0.43201212170852504,-0.6648423175820783,0.4498799472238517,0.4922627244190858,0.8498168059982886,-0.4875604096037368,0.8884629999196677,0.4744520170662904,0.9956688241941866,-0.5082834659551639,1.0338519772011319,0.3516488706779363,0.975211039941472,-0.38783582292163354,1.0274755132385462,0.3143809628524214,0.9367700650309266,-0.3549026869525705,0.986979187530827,0.5037809518269304,0.8420949045273814,0.3928963115111166,0.8534620961615761,0.31546914286586364,0.8964080685987258,0.2921841224495936,0.9535791726680298,0.2717951960608001,1.0003635759326786,0.40917385901509734,0.9587578484436201,0.36666733520785744,1.038184378540957,0.34051286085572613,1.04445834587987,0.33078019687657756,1.033068577896849,0.47627889521333916,0.9729414395939335,0.43482397773444237,1.0496269751802325,0.4054799168200886,1.0538846488054416,0.39810783587424964,1.0439548933010367,0.5264489606297694,0.9784642918073854,0.49304228574406844,1.0486512253839468,0.46486384171963213,1.0514610777589057,0.45748566515961,1.0413145893057656,0.5605988489188423,0.9796601610047305,0.5367559669230668,1.0407095431572126,0.5119323683342637,1.0444418651452265,0.5063810699212903,1.0339226411729592,-0.5666701935270365,0.8686616230090866,-0.42800851666892337,0.8888191418224073,-0.362048665764911,0.954107233467084,-0.3479985008361629,1.0193155177186588,-0.325199097683153,1.0602724009424407,-0.4310100422454202,0.9834667591803841,-0.379685083704765,1.0644501542928035,-0.3506627357611903,1.1092490805598967,-0.3273091961262315,1.1439428330922023,-0.5114899847790064,1.0007284097297164,-0.4507612996616063,1.0818206228434801,-0.41019340692810674,1.1284143688422883,-0.37716691775664574,1.164813087237979,-0.5699850788252466,1.0104944867051284,-0.510982129812152,1.0871748297311974,-0.46758316293579644,1.126794967340956,-0.4322609977339023,1.1553246993531343,-0.6047800862820396,1.0143202747772846,-0.5633769815236999,1.0747704806319085,-0.5302650408719302,1.1062098524808595,-0.5014804218814995,1.128734049941673
-0.04279271236058967,-0.36393733062206235,0.017656745153426197,-0.427014179238587,0.06012824731674942,-0.42761835226505757,0.09777132952846926,-0.4287549421938466,-0.11669283278212617,-0.4168817857767297,-0.16228685458701814,-0.41213877366472257,-0.20332244449863426,-0.408417496553223,0.14557760617986648,-0.3992689291960947,-0.2484279379739991,-0.37706260884081716,0.04890360379527269,-0.2991197754623255,-0.11378524304073045,-0.2874092549775442,0.499889941499417,-0.010490299695885589,-0.499889941499417,0.010490299695885589,0.6711370600297111,0.4315326149903345,-0.6538193512804948,0.45467520609447604,0.521614672206984,0.8613013662920445,-0.5160926097219088,0.896300979967778,0.5017589854502129,1.009315070322061,-0.548585497664286,1.040218718068198,0.38136055810573366,0.9908687821547708,-0.4259264139367271,1.0334436311887285,0.33707416755701247,0.9550200543432356,-0.38623737959391147,0.9983979852824066,0.5317025001514827,0.8696680626737402,0.41704591662831847,0.8801977097726102,0.3375065094874392,0.9269488554915045,0.31463435773800363,0.9850712032307337,0.287886698339779,1.0336825926210467,0.43874244131224077,0.9897847682540557,0.39531622166058994,1.0743486836229166,0.3508048598672782,1.1115591982560205,0.31198750447918,1.1314288752005195,0.5125233066658073,1.0025663842807229,0.471088432283476,1.0913357049509218,0.4232437954399219,1.1341395868968749,0.38197883414402667,1.158339226943127,0.5587337993234789,1.0085460612934103,0.5199033563404096,1.0883896421932746,0.4709900496730031,1.1269872162451329,0.42591253657309386,1.1512071646284094,0.5860462561391662,1.0081019856571474,0.5553136497204108,1.0742868560190872,0.5139496288694752,1.106272261184048,0.4732429211935568,1.1247887259381664,-0.5751263504971473,0.8861919410934985,-0.4409447676384231,0.9106478046585398,-0.3832500232176484,0.9756048103991763,-0.3683337753215464,1.0422251817661912,-0.3351836870282465,1.0885753506529516,-0.4579971141171895,1.0018273864612302,-0.41278579164110957,1.0870917138092377,-0.38191350899326537,1.1345775700320306,-0.3553284291153291,1.1698407407927007,-0.5389845056878958,1.0183419004811385,-0.4804097333294048,1.1044700090972428,-0.4386525205088613,1.1515361596882019,-0.4018617115075913,1.185996925488226,-0.5971200538461907,1.0277958826622922,-0.538429411142567,1.10968338485955,-0.4978972423409625,1.1500807288681325,-0.4611015819036256,1.17830164529337,-0.6304593481460996,1.0326552164158103,-0.5923660977970094,1.097183377772952,-0.5620669615496267,1.1310014975302543,-0.5304366138103062,1.155574585329563
-0.04294113587126303,-0.36474599411610015,0.01733270691275137,-0.42736486644851096,0.05961352930849225,-0.42783315027254426,0.09733144737666938,-0.42886031710401007,-0.1165363305655552,-0.41717082234080016,-0.16209079593306458,-0.41230537541014156,-0.20313324144587833,-0.40850088666266493,0.14502204517169878,-0.3992323532665659,-0.248196688574093,-0.37730390969453326,0.04839931357401146,-0.30014257092889274,-0.11404129900678596,-0.2884422448809925,0.4999129241301895,-0.009331038934832734,-0.4999129241301895,0.009331038934832734,0.6656087890639584,0.43210214317700074,-0.6462767511058434,0.4588448107291774,0.5406193741658388,0.874120327487994,-0.5320188828181921,0.9005483236547402,0.5302944520347865,1.0278171598507622,-0.5698849412696858,1.0454240900701786,0.4092742516721423,1.0080480344250398,-0.4472664494599255,1.0372482753430983,0.36174296402276646,0.9725031428478591,-0.4035882785132505,1.0021161008429718,0.5365786280210545,0.8776953283910943,0.42022174702112386,0.8960718439529347,0.3525079399136781,0.9453371525857023,0.33261605992813204,1.00609524405608,0.302705015952271,1.05526386090781,0.45438790631793197,1.0108346080633903,0.4173000079759087,1.0940694204803072,0.3790445874049742,1.1312999307374196,0.34488429505404006,1.1558697974503642,0.5277391714549274,1.0192020011384306,0.5010053043215617,1.1083367045868733,0.4642186510849881,1.1555200372155725,0.43146101010145105,1.1887526751631332,0.5760864158843078,1.0186886433744622,0.5518144095003471,1.0972071082640358,0.51713692330545,1.1397650310264373,0.4819402124007104,1.1718003607121885,0.6034681292332136,1.0114560530224976,0.5893775304581583,1.0750573567240855,0.5624107907039506,1.1046797920933025,0.5325990335044176,1.123083047389222,-0.5775829383856876,0.8933161846063045,-0.44608493682162254,0.9221699372401547,-0.39304932568368217,0.9854237372245949,-0.37833310739187853,1.0487842704935875,-0.34562353023415476,1.0946220416512782,-0.4624355508428434,1.0215550977374037,-0.427510299010655,1.103730249468784,-0.4026975181733535,1.1482084687460745,-0.38160291428365256,1.1816430650227567,-0.5449564010772564,1.032689207095529,-0.4975345545336057,1.1186821610284843,-0.4602544008883292,1.1656732383539303,-0.42797107991352257,1.2000293964363478,-0.6071618229643787,1.0365993008687362,-0.5608427365932618,1.1202915094120551,-0.5261439263066305,1.1623274996434418,-0.49179092734891433,1.1911809137996454,-0.645408217464738,1.0354834528938683,-0.621057345789126,1.1005648065180365,-0.5993874427261336,1.1351696328448027,-0.573836893445186,1.1608233049820729
-0.04396781865515873,-0.36515128039634376,0.016348966289858012,-0.42754198925309467,0.058567692489337346,-0.4278027456033883,0.09649541715194902,-0.428628784268768,-0.11654686415692175,-0.41754085795669266,-0.16185913195021573,-0.41255597266007754,-0.2028391103744087,-0.4087721007674864,0.14470651943950896,-0.39866391440881804,-0.24772913675773117,-0.3776277074817651,0.04733356664017328,-0.3005238088687634,-0.11489614052557981,-0.28929442096756053,0.4999289786500015,-0.008427117298717722,-0.4999289786500015,0.008427117298717722,0.6616838757450707,0.43330485688576864,-0.6427963846225682,0.4606618812220702,0.5370417762632854,0.8822026389367282,-0.5384374403627156,0.9020721261783335,0.5395659744437615,1.0334078180464583,-0.5827396227739939,1.0446656336354283,0.41968551266299053,1.0179727116716895,-0.4601210783047837,1.0342500447007055,0.3676919485863993,0.9829617580206255,-0.4123367297585869,0.9990730372544295,0.5383426814034914,0.8792497692740475,0.4252927612667958,0.90260751429795,0.3619319575649875,0.9545582112263209,0.3383198298588819,1.0155462054658422,0.30584006850195106,1.0649250991175552,0.46346144442572035,1.0218873847704955,0.4299377552013366,1.10348161715959,0.398185381664736,1.1415753956174135,0.36975634019806863,1.1691037757383123,0.536340334348457,1.0286515951431139,0.5103344148390934,1.1168809852270263,0.48372948333749116,1.165554601482228,0.46130725741935763,1.202674844442308,0.5846049077630077,1.0256545046327952,0.5690296934985289,1.1034116760230197,0.543873220373639,1.148838669841946,0.5183027408435674,1.185085325444607,0.6119254950233218,1.016790029613944,0.6018659290353983,1.079361626555357,0.5828728493583317,1.1119584829119005,0.5616585745537367,1.135885345732572,-0.583815249769473,0.8908008864034733,-0.45262000421591264,0.9197148906864558,-0.3965284535777306,0.9834973717568116,-0.38116678539636056,1.04737551425267,-0.34777790207230164,1.0910291618346866,-0.47173412718255964,1.025860492560823,-0.4368759159491022,1.10901080243032,-0.4102029610517713,1.15191359806877,-0.3874308038342171,1.1842667885301659,-0.552704980989901,1.03586433125606,-0.5057909483608641,1.1234856846849506,-0.46908256844855484,1.169989320773919,-0.438515922793389,1.2042767220863355,-0.6119635114152964,1.0383318996775712,-0.5716858773722101,1.1211131008392332,-0.5406762335826714,1.1642047375464228,-0.5095466745864,1.194530311896991,-0.6470923497239666,1.035739339676512,-0.6298772414234858,1.0974653257151339,-0.610741459266159,1.1315790022689727,-0.5866003735126699,1.1570402833793672
-0.04531316922750215,-0.36557863015783965,0.01576609397814378,-0.4277931134809694,0.05815854687318075,-0.427817078737771,0.09626522240833117,-0.42844547596552973,-0.11697289595013341,-0.4182974584589251,-0.16204460816675412,-0.41323447372375144,-0.20299339399206034,-0.4095730899840168,0.14490646094508683,-0.39831302817297654,-0.2472964135481635,-0.3784263197459391,0.04638816606436438,-0.3008848423381112,-0.11693894986873439,-0.2902789474544964,0.4999391657501553,-0.007799394145624286,-0.4999391657501553,0.007799394145624286,0.6607975782884876,0.4342228509087503,-0.6438366048006339,0.46144388652736135,0.5411007630558601,0.8832113168102254,-0.5397565658990661,0.9016831728645336,0.5426859661128193,1.0347670369353963,-0.5800627445090512,1.0450697290288407,0.4244178185186067,1.0182442047307159,-0.45925800135727396,1.0330674773118635,0.37276857372578837,0.9830361411029337,-0.41284288142761266,0.9975560417273922,0.5381611000733117,0.878637730813361,0.42917432991091703,0.9025830259658054,0.36261745483300933,0.9539595743306409,0.334355142903577,1.0139622618119177,0.301173017502546,1.0643684710260646,0.4627139605545889,1.025083268744669,0.42573077625829936,1.107830958540085,0.39630662867912353,1.1470148864656788,0.3709431542124174,1.1762865586227569,0.5327800258943309,1.0319403771872726,0.5076723312037478,1.1211046658108583,0.4863084043474573,1.170183256187034,0.4704275026920238,1.2080269341746013,0.5806773828599637,1.028586594567192,0.5672378924009627,1.105812463640152,0.5478051705210076,1.1504855067612725,0.5286954439138991,1.186453240835247,0.6092719378319261,1.0180066949386017,0.6032958486181903,1.0779326935981133,0.5894395318573593,1.1079708028621273,0.5739242554374595,1.129994479140957,-0.587811811615392,0.8913787891059031,-0.45481140302703854,0.9179225947617196,-0.39374465814376897,0.9793165076919611,-0.37557764015597767,1.043281977260278,-0.33952115004857786,1.0858260033559803,-0.47799454662435126,1.026241044397966,-0.4300738446791517,1.1066319062562495,-0.3990355101794965,1.147330212856349,-0.3739925498766975,1.1789490140701595,-0.5547473133336274,1.0387857567512533,-0.4957207166646715,1.123645095809511,-0.45496906622237354,1.168264456755396,-0.424203089817664,1.2020339283090054,-0.6084927568472555,1.042410882467168,-0.5562408281375055,1.1234418704318332,-0.5198057433614793,1.164641135482346,-0.48881409882095767,1.19407881638301,-0.6372731694343194,1.0405723807430254,-0.6076982380982316,1.1025155209703208,-0.5830053397112552,1.1357337352286532,-0.5582329330605368,1.161284871753326
-0.04509352331908455,-0.36494444281054295,0.016299896663047306,-0.42679873192837664,0.058788563761913805,-0.4265923877354745,0.09695041940503142,-0.427030573644297,-0.1158888312701177,-0.41786975828265155,-0.16064390733554137,-0.4127250560830234,-0.2015620846170712,-0.4091291173345398,0.14586761431615713,-0.3967851641820607,-0.2454415768677687,-0.3779240328889479,0.04670780358434209,-0.30020476843336835,-0.11730937538917523,-0.2902982771667671,0.49995537505473114,-0.006680041458190296,-0.49995537505473114,0.006680041458190296,0.6607536746764511,0.4347143901063391,-0.6473369118358336,0.46230822603245203,0.5500705595462523,0.878063294053393,-0.5421450513318038,0.8986140724623625,0.5459796986787866,1.0332916513289012,-0.5758625705124132,1.0445749525525618,0.4334413995338427,1.0163196444619682,-0.4547849088792098,1.031647426952726,0.38472233107089365,0.9795822729525026,-0.4110318348110705,0.9950084432362754,0.5379314871526831,0.8780810804049907,0.4272422931428244,0.9023696943737657,0.35802659332861786,0.9543364605809741,0.3284069144698986,1.0138968732019351,0.2928895966225572,1.0634327629762308,0.458264842340849,1.0246179906288946,0.4164074781518545,1.1065484552548381,0.38314114692822926,1.1452330945487128,0.3540861284468135,1.1750036196804756,0.5257325265372788,1.033141930774313,0.49571074104623736,1.119964092377,0.4702938194694655,1.1684114124047795,0.4507945746698246,1.2060018533598604,0.5705561588566455,1.0303039945478736,0.5530336756649489,1.104797963056459,0.5295527646880305,1.1492062052657281,0.5072720947284187,1.1857825990360502,0.5957857608824139,1.0200011940989964,0.5875139816710384,1.0773175995506656,0.572986359858485,1.1083554585196858,0.5572940697318204,1.1326268489960907,-0.5882201448582045,0.8899347831700781,-0.4550519292968661,0.9142267742942197,-0.39312154161143725,0.9746176294198394,-0.37118612950214236,1.0381558807753293,-0.33132320070084437,1.0780637257430037,-0.4796887279839424,1.0241886416099482,-0.4223592641981887,1.1036206866956457,-0.38329098005466283,1.142560413791548,-0.35166999892566825,1.1710897217542222,-0.5497918316566583,1.0386901467543328,-0.4830206294686769,1.1213851993552855,-0.4348360521284226,1.164665471672094,-0.39752512706585463,1.196088326352912,-0.5961821263506127,1.0425540627811598,-0.5373376706673809,1.1215727440499799,-0.49611948941744727,1.1620941055759286,-0.4613451457507683,1.1904989090774192,-0.6176370818230793,1.0400696021497629,-0.5910065231793799,1.0982471822199273,-0.5671722491792646,1.1320959601724538,-0.5441358844204426,1.158989148931833
-0.043459702465269666,-0.3631989500426318,0.018071434804145126,-0.4248618756574559,0.06056538105822577,-0.424518048276305,0.09865591417122507,-0.4248793165831675,-0.11362381756120078,-0.4164294404365497,-0.15808830801995943,-0.41120198561570465,-0.19896737036152634,-0.4076532339146396,0.14754434310486073,-0.39497704573111175,-0.2424021171613887,-0.37664012751115056,0.04804672200757236,-0.29872921307132366,-0.11628100708553492,-0.2892155526165911,0.4999679135058697,-0.005664403286060769,-0.4999679135058697,0.005664403286060769,0.6602458708647685,0.4338239878666137,-0.646609310164162,0.46214715393993067,0.5545457855111939,0.871822161273517,-0.5406022420860042,0.8940786892065398,0.5476367114029257,1.0271628224920593,-0.5690698706179486,1.039825719680752,0.4406936656716266,1.01110416024327,-0.4486863203798945,1.0253150938092732,0.39699466921918175,0.9725856234484987,-0.4069991431203069,0.9873728366048962,0.5334385641104344,0.8777606001978087,0.42059207346656086,0.9009966239780313,0.3522673871916622,0.9527994259900637,0.32330199127509934,1.011126816622651,0.2878586654202713,1.0582036324881576,0.4480327623469581,1.024259441122471,0.4044993144884062,1.1046207215045598,0.373146474554496,1.1432148543374636,0.34691913573421634,1.1732955722172185,0.5137939129429837,1.0334429016717694,0.4804632383852878,1.117308518278513,0.45367554673635707,1.164958248925595,0.4329747942409282,1.2020146641282332,0.5561512479590146,1.0303374074524556,0.5359967160951972,1.10283737283051,0.5098366734512968,1.1474473351905419,0.48474708865300203,1.183907954911636,0.5794424546038681,1.018672063918291,0.5696174371730877,1.0719885812576804,0.5546388785551852,1.1024885543162777,0.5384366511301203,1.1259679659344053,-0.586751604480711,0.8868002712502435,-0.45218011353691645,0.9092508364918265,-0.38944078558090645,0.9668656727768516,-0.36453278829854174,1.0293892043272723,-0.326281641644584,1.0702251971159564,-0.4780532501488534,1.0223726806573852,-0.415869452128854,1.0978520720843363,-0.37330832185868806,1.1349656890368969,-0.3388172368996262,1.164212158650137,-0.5464963776941796,1.0375941784720166,-0.48139405666490664,1.117642082992766,-0.4308614699820323,1.1591025842982496,-0.39107271785810294,1.1900036425680671,-0.5885037725930383,1.041170970246573,-0.5305609796084584,1.1180584220039655,-0.48565581135470964,1.1578107220323561,-0.44759802904754825,1.185840028135484,-0.6042750801686881,1.0381356883712816,-0.5764958915211033,1.0964612844391655,-0.549820248005844,1.1288706743422297,-0.523545241060629,1.153254770891482
-0.042369861642704384,-0.36186897819199465,0.019893754982817258,-0.4233848631016633,0.06254028518535662,-0.42291201138121803,0.1005960176443392,-0.4231938220637813,-0.1119314918429277,-0.4154770049499193,-0.15607829224407122,-0.41030274395462163,-0.1969208316512098,-0.40690480689874126,0.14951459615201843,-0.39349504510568895,-0.23935463447218716,-0.37625143957026075,0.04922039875477194,-0.2976559381260842,-0.11654867091178592,-0.288462437507002,0.4999690400084778,-0.005564084201473239,-0.4999690400084778,0.005564084201473239,0.6601810399996755,0.431806151029295,-0.6427975351904559,0.4612023252433577,0.5566267367927209,0.8653358354010853,-0.5383030060211692,0.8903717131121486,0.5455852578718561,1.0220194449184923,-0.5648222743540549,1.0359718124446513,0.44300818155382166,1.0080737845089354,-0.4438172833865835,1.0202617332276458,0.4025293914370681,0.9690030417375077,-0.40325476609758093,0.9822730719346838,0.528661414120431,0.8770040943684126,0.4143354816505678,0.8998725673495203,0.3500750446273362,0.9531381399122714,0.3209384358257732,1.0123325799806904,0.2823991202597821,1.0596861646145554,0.439925143622408,1.0236685013203857,0.399745267335553,1.1046951648548937,0.36922140325013053,1.1431848477580298,0.34383630833465323,1.173262688589415,0.5041927349033485,1.0320955461897674,0.46824795560958765,1.1164961129456652,0.4397462871796864,1.1641383271639725,0.418964286388203,1.2010520612361777,0.5460402239480291,1.0286324383175702,0.5247158409939924,1.1010554362455092,0.5008049703076479,1.145028634111936,0.4789889557066802,1.1811507048545447,0.5695810853684933,1.017159691799193,0.5579113731925688,1.0705002722826105,0.5430861862259284,1.0994799345556852,0.5289084595819402,1.1215485838819972,-0.5796565159281081,0.884999089143345,-0.44583701976601725,0.9078388333083405,-0.38501968105045314,0.9653970722816868,-0.35970981762619564,1.026452848992454,-0.32196663680086907,1.0660612789448136,-0.4720330050786836,1.0193462118114647,-0.41147757926643,1.0959951403398083,-0.370253852065741,1.1330718573454435,-0.3374343655379868,1.162235965325075,-0.540593374555496,1.0339163047766733,-0.47489046032171467,1.1155685187196003,-0.4275517431296507,1.1571826001065293,-0.3919560692550271,1.1891619084945988,-0.5819334702292308,1.0376441201840982,-0.5246233945701607,1.1154779726454727,-0.483592832327611,1.1559098129460117,-0.44996536181986196,1.1853862489887457,-0.5973269735426191,1.0354200403188552,-0.5648391539308367,1.0965225432752834,-0.5353115202313736,1.1299731694752917,-0.5068524419918955,1.154259862261905
-0.04022992580032879,-0.36166082726283477,0.021983669362468854,-0.4229799740235466,0.0645398193472394,-0.42242222697541454,0.10254628879974333,-0.42265147401160286,-0.10970120651912332,-0.41542927181287437,-0.15372389035476894,-0.4102113771768289,-0.19458844381064455,-0.40683052735961334,0.15142026170443676,-0.3930924426209891,-0.23688136977089905,-0.3762180977479552,0.05121436811546563,-0.2977023547437974,-0.11490387009143566,-0.2886943800616629,0.4999692631678572,-0.005543995615972596,-0.4999692631678572,0.005543995615972596,0.660218130067608,0.4307015654218179,-0.6411907934383058,0.46080227592519685,0.5585045285433844,0.8632518360738951,-0.5354721474410198,0.8924030878131338,0.546580558340827,1.021847490957016,-0.5610960410357052,1.0368636460546088,0.44558331893504033,1.0088460764218063,-0.4401357309312686,1.0228977090658524,0.40552305491058127,0.9703602468975259,-0.4001873845399548,0.9858749543230279,0.524981013058221,0.8759938204026615,0.41232894136727105,0.9003848347065977,0.35002708414284045,0.9528024568569801,0.321427721350298,1.0121754865292711,0.2866631810238174,1.0602665939163705,0.4413797685104672,1.0204620778631666,0.40214499466547804,1.1000282621419297,0.3718611766486481,1.1391693063639456,0.3461828306063307,1.1702440238660532,0.5056445918388767,1.0294027680659525,0.47160422443274747,1.1125451837926763,0.44374711098784414,1.160751444716571,0.42247807420910266,1.1989393479392585,0.5475763240020314,1.0268647037753031,0.5254206496231184,1.0990873952598952,0.49994583076211396,1.1432443133055845,0.4761271250727361,1.1798162731950625,0.5694615214689362,1.0174790210291642,0.5567049197823014,1.0721033063032555,0.5405238393706148,1.1025040631830327,0.5238212205568137,1.126425871457681,-0.5724754867619429,0.8846959463984041,-0.4395350802640495,0.9089740388232346,-0.3808770737155815,0.9670772552700097,-0.35846966834925525,1.0288848003161417,-0.3207521985675849,1.0683860340892972,-0.4642216776290043,1.0215413075219708,-0.40647954339644454,1.097805754248623,-0.36894652012283913,1.135229537878311,-0.3396339195326254,1.1647916377982483,-0.5342879182879089,1.0351497329488155,-0.4725419669940161,1.116011394516528,-0.4295216322097599,1.1579357622093063,-0.3975750060482339,1.1900564576706394,-0.5780972556484062,1.037795363140115,-0.5256821999043672,1.11531935746691,-0.4872160089677572,1.1554543820239787,-0.45461003954176943,1.1842369639128567,-0.5957899493963026,1.0348774707106558,-0.5664625082824515,1.094952133560631,-0.5384347846071602,1.1277795950123348,-0.5103644362699932,1.1519183204144352
-0.03948662228323206,-0.3617355013245364,0.02272111210429824,-0.42307397076276265,0.06534251693072769,-0.42252390819641994,0.10328161797021607,-0.42273308691883194,-0.10885536979506229,-0.4156865006309594,-0.15274187950859758,-0.41043657731056665,-0.1935835094978139,-0.4070804655089898,0.1522444878435816,-0.3935055300131773,-0.23570718824080625,-0.3767029551259024,0.0520175034683006,-0.2983372930942141,-0.11449890359711602,-0.2893640108094486,0.4999680802687056,-0.005649664806440984,-0.4999680802687056,0.005649664806440984,0.660210909226674,0.430662593574871,-0.6417711889587946,0.46084307577151384,0.5574708818894656,0.867554287607181,-0.5335247393721927,0.889661017335474,0.5457682436607101,1.025431552126937,-0.5586482576774303,1.0334468928443974,0.44657528104353933,1.0127477302506085,-0.4380333427856182,1.019298095337939,0.4061588083403766,0.9743237225004927,-0.3979666717509494,0.9824282414635858,0.5237612820947186,0.8774022412723921,0.4111162270150943,0.9006401970465349,0.35109302522714225,0.9530286262802636,0.3241186124337994,1.0131608484735015,0.29497917478211044,1.0630206285523174,0.4445359975115353,1.0193406779502285,0.40388833020656995,1.100982470044442,0.372630686275492,1.140197265887705,0.347088030215781,1.171107783497658,0.5094261020548879,1.0277265542782925,0.47371668010182927,1.1122880421345183,0.44530047802222095,1.160718517881457,0.424142270409038,1.1983298888682454,0.5507214263687602,1.025259884004094,0.5274265079902195,1.0976759636419984,0.5013882438304051,1.1422802467600692,0.477280019851695,1.1788161281045282,0.5710879541063395,1.0161938006074673,0.5580804151983646,1.0711407537083961,0.5425736559565353,1.1023890339236826,0.5268408298620273,1.126847728407729,-0.5700328639876985,0.8836825077482627,-0.4359029859702618,0.909543084253654,-0.37538863499448805,0.9682098849255338,-0.3547395236910604,1.0307610670315568,-0.3235920148933387,1.0728529760245427,-0.4602306999060353,1.0233467876896603,-0.4052669144112433,1.100263916330257,-0.3686167734395675,1.1380502996240995,-0.3395065416633232,1.1677856709022285,-0.5324957338903992,1.0364285674871243,-0.47401643047996195,1.1180944377076585,-0.4321318609080721,1.1603814241129657,-0.40121387462004743,1.1927517896039246,-0.5774511563506486,1.0385452131472148,-0.5273082353419493,1.1166535402038493,-0.4896279741604096,1.157001345657875,-0.45822786798193355,1.1860823715586746,-0.5956056177053105,1.034760488402566,-0.5699493708552249,1.0941288989219606,-0.5446415879999489,1.1274846840271602,-0.5200719780728968,1.152778086890328
-0.03885519431434212,-0.3620650034257009,0.02327203553922386,-0.4234905899087279,0.06593034756535791,-0.4230899772337375,0.10365336108713073,-0.42332826069433827,-0.10834870435731352,-0.4161937440485808,-0.15220032836317285,-0.4109041967231159,-0.1930561341178866,-0.4074825220159574,0.15264412852225254,-0.3944684334233971,-0.2353349535418945,-0.37722542638881784,0.052655350843112625,-0.2990128369774081,-0.11403139710245533,-0.28992201089108666,0.49996712604842886,-0.005733486799009368,-0.49996712604842886,0.005733486799009368,0.6592953954146205,0.4309226265255208,-0.6423841797094184,0.4613170304891712,0.5544673904860481,0.8736535192249373,-0.532128929038369,0.891803184796461,0.5435014474292506,1.0306824312124314,-0.5563674168828313,1.0337099017099804,0.4438434580153413,1.0179225636552456,-0.4362222880811305,1.0197367723417095,0.4025207816261764,0.9809170753529993,-0.3965873228443873,0.9830614035952627,0.5282328049898739,0.8761853645824996,0.41491375060885444,0.8991895262687982,0.353199894635255,0.9530306661105368,0.3266904695629153,1.014397127534701,0.3013075969787669,1.0647596409160691,0.4468455175545102,1.0194389737417444,0.40391793853080293,1.1012682781110381,0.3721899050584766,1.1396285717206105,0.346290342987263,1.169491128783425,0.5121307276962537,1.0271380483246735,0.47320403719857407,1.1117859629458824,0.4441162914632135,1.1593349928476404,0.42287027832274154,1.1965856746079417,0.5539573880932936,1.0242612603522565,0.5270788354150092,1.0976949178146012,0.5012715552452819,1.141753730292517,0.47827151726714134,1.1777693057336518,0.574914518759548,1.0149122566997604,0.5573925484406451,1.0718925415140348,0.5397916704088773,1.103292238655711,0.5230026056264155,1.127891383786658,-0.5657204327919139,0.8841663001906204,-0.43028793768676665,0.9112473603749438,-0.3694739417042293,0.9718886064211242,-0.3511058310518928,1.0348288754912864,-0.3211487630561552,1.0763976369510813,-0.4594372046897847,1.0264017992410772,-0.4047168233977751,1.1037233333356005,-0.36778143813421826,1.1405917362044795,-0.33849374827897094,1.1699527611939997,-0.5329213497141743,1.039397052517996,-0.4750591486119044,1.1212901071863843,-0.4327710787074335,1.1628807131542604,-0.40048021479729895,1.1948432407337448,-0.5771556984177432,1.0412859337575948,-0.5273622567622065,1.1197886316105126,-0.48888003513303774,1.1596412617670655,-0.45610547140110363,1.1882921173408008,-0.5934800101456188,1.0376095922087747,-0.5683648442370378,1.0985649087844092,-0.542719949007486,1.1324892069314778,-0.5168181579048355,1.1578698504841896
-0.03749571284531192,-0.36214258489925755,0.02447345377889607,-0.42365928810804915,0.06716639808685171,-0.4234629885955146,0.10435382324382576,-0.4237174261764423,-0.10723009837074961,-0.4163630719003132,-0.15103546227087233,-0.41103792554964347,-0.1919292449757175,-0.40753410454846395,0.1532270001478319,-0.3952152938344838,-0.23467965909840666,-0.3772968515791154,0.053904904210266155,-0.29937786229318636,-0.11290134442933478,-0.29023086188712877,0.49996466755704216,-0.0059440049273494075,-0.49996466755704216,0.0059440049273494075,0.657562046639259,0.43080809869601805,-0.6363941095880289,0.4639180627727721,0.5521214201935544,0.8746560538048238,-0.530570016917271,0.8950828975474556,0.5415414055020924,1.0318899028961683,-0.5535441322350384,1.0350841553894956,0.4419557948713882,1.0195122858601353,-0.4342078391897005,1.0213450828974502,0.39975045298378775,0.983309866597547,-0.39520053656616555,0.9845111639264531,0.5277624605416855,0.8729004400652033,0.4149625792930139,0.8979765472695315,0.35211866862826924,0.9523870967489645,0.3265000508278812,1.0137788922111988,0.3006125723050771,1.0643396323571468,0.44358254703029815,1.0171863176219675,0.4015233299429503,1.098522589060146,0.3706328590212529,1.1376524048546246,0.3440873733948722,1.1680670791706214,0.5068487940079681,1.024585444893296,0.4706247678770498,1.1089927874001986,0.4431321440636658,1.1570028033271027,0.422228055832404,1.1938868413225767,0.5468745152088735,1.0209773206333996,0.5231007230116749,1.0936000098516356,0.4994995630098966,1.1380315274308899,0.47765167785992996,1.1742288234154203,0.5671700471073758,1.0100409039901022,0.5541506838068186,1.0631690746965865,0.539323471605575,1.0930190746701436,0.5252148548397201,1.1162110406809704,-0.5609584065893198,0.8835921644934437,-0.42500654317379294,0.9123525768748731,-0.36429113179077693,0.973198520472749,-0.3460718640129372,1.036230433167087,-0.31613521381484005,1.078070240302836,-0.45812842444081153,1.0281690665190037,-0.401714895992062,1.1055938265357859,-0.3648464505819809,1.1418107246276672,-0.3367256683284865,1.1709730915854015,-0.5313578879820477,1.0401635514568135,-0.4728929321736541,1.1222994997744233,-0.4305257615247982,1.1624301367999004,-0.3993528420562711,1.1933477833704251,-0.5744265022223601,1.0408765781117049,-0.5243824335309639,1.1196652438479178,-0.4835667251286927,1.1587320210471654,-0.4502734367979632,1.1863995045681688,-0.5891087033794506,1.0366939784556932,-0.5609515013015031,1.099758858330576,-0.5322935544812263,1.133747575969825,-0.5049452734583357,1.1584930089882157
-0.035647589513948134,-0.36250837617738135,0.02574459695310818,-0.42394781728795644,0.06826553856144671,-0.42390841058876766,0.10486078126803465,-0.42414601962667314,-0.10559470321083676,-0.41662807857281126,-0.14920634210350336,-0.4112673760036395,-0.18993628262921744,-0.407628824111871,0.15357080101620502,-0.3955697619091135,-0.23392139461730357,-0.3772832723917486,0.055138877633913876,-0.29988328322200336,-0.11095891230832618,-0.2906975705092516,0.49996370180787375,-0.006024688752749627,-0.49996370180787375,0.006024688752749627,0.6574540222546964,0.4307557698462637,-0.6304714538279188,0.46490267655861695,0.5506302530389335,0.878343070424376,-0.5286225020888473,0.8953745567591,0.5401509653320468,1.0345111513995464,-0.5514659199621271,1.0342673641927003,0.43978811368950305,1.0218366656474513,-0.43286411174163547,1.0207310517029784,0.3982351965335545,0.9857450271982936,-0.3945150482844261,0.9835204411062327,0.5286308509657941,0.8727165952723982,0.4128891453505526,0.8958425391415572,0.3478048628609091,0.9509756282207881,0.3225934808488023,1.0150201972346584,0.2949275290143405,1.0652768742668106,0.4424452829257667,1.0160935288549373,0.39874369879879334,1.098212414593365,0.3682852146031707,1.1367900146421976,0.34364155622344533,1.1667718336233386,0.5080389582275234,1.0238822518177733,0.46716040769215655,1.1094644743504463,0.4374250475584848,1.156846020798844,0.41617392749649595,1.1942242768446811,0.5503025317891823,1.0213495365071963,0.5229867875130484,1.0949663712364548,0.4968928735484867,1.1390891840349833,0.47416812104621053,1.1749699855116449,0.5730103639008464,1.0119738590143152,0.5554456626251209,1.0690458912756675,0.5378522412126985,1.0985790972688678,0.52265862098986,1.120833195748064,-0.5493212604520368,0.8844769346579997,-0.41731215772024105,0.914973601050859,-0.35873176169050286,0.9747810593550561,-0.34026950048381827,1.036142410636589,-0.31297601987954243,1.0783507702920399,-0.44532019087280245,1.025492137929832,-0.39382008776737565,1.1029772856444344,-0.3598265777541247,1.1408667155961336,-0.33233561838046755,1.1709106502217583,-0.5175889602710533,1.037509400088676,-0.46265869324244974,1.1190966293431324,-0.42480499648408293,1.160916265287941,-0.3959408138302185,1.1932420036423022,-0.5625479965845718,1.0397319824502695,-0.513833190146952,1.1170085195595618,-0.47787569032073907,1.157866587516819,-0.4470475178539128,1.1886890827473215,-0.5805942610825878,1.0371068729014816,-0.5534554016793665,1.0979298885974857,-0.5282304388274263,1.1322920850167069,-0.5027471060635728,1.1591349489025748
-0.03490900987904215,-0.3632217436638109,0.026151869367750127,-0.4245854550036624,0.06868995490564457,-0.42466604696667465,0.10504227333774903,-0.4248758754891583,-0.10497759940058034,-0.4173272248210192,-0.14854924346964737,-0.411876358460819,-0.18936617854884602,-0.4080390567412879,0.15373384467028212,-0.3960584603392371,-0.23371858508831092,-0.37751284708280125,0.05574247757717857,-0.3004410497367153,-0.11021618831124405,-0.2912030846615676,0.4999613703656434,-0.006215154230424288,-0.4999613703656434,0.006215154230424288,0.6575315705790954,0.43096841639464056,-0.629472098352034,0.46528578776068513,0.5495474679616663,0.8786090168502797,-0.5257885342691576,0.8940783324688604,0.5390941115216713,1.0347885604423057,-0.5506677407734833,1.0329687850122995,0.43833434371017654,1.0218649044951722,-0.43080645326455375,1.0196288114661798,0.39694257866275223,0.9857821906686143,-0.39221815311832287,0.9819992662611432,0.5304124424895537,0.8714102844635344,0.4150641935944453,0.8957217851510609,0.3479279715889738,0.9512143608539818,0.32230195364839215,1.0149633828007512,0.2964508570486795,1.0658509738105026,0.4406813063457439,1.016183616362271,0.39696283796837134,1.0984083458296037,0.3661969674033026,1.1369820637283834,0.3410658553571306,1.1670063546559,0.5063831249874362,1.0240751724752435,0.4656915304473975,1.108537330749961,0.4359709064744354,1.155487047058715,0.4144199031498113,1.1921241089181474,0.5495655009699646,1.0212847314133766,0.5223995531725988,1.0945984832245512,0.49671208942596357,1.138328973607456,0.4740316854705072,1.1738604562173884,0.5734494412570351,1.01137971200349,0.5552151756809105,1.067950817443463,0.5370833197815419,1.0970585417640142,0.5211686333839389,1.1188003387690293,-0.5465381818731666,0.8844239941372937,-0.4093608651180686,0.9111984475508002,-0.3502320780011161,0.9729705174767159,-0.3337944343628617,1.0365181708308207,-0.3024930279772791,1.0789242369375927,-0.43684506211744006,1.0254459037356485,-0.3865306313529237,1.103714057604489,-0.3542989666318528,1.143120633330973,-0.3289970975811768,1.1740801917629495,-0.5111782354718003,1.0373543681045059,-0.45495320795034244,1.1189125441539967,-0.4169208142451106,1.1613508915719202,-0.38927632383864286,1.1943646545417814,-0.5587434116748843,1.039404342677481,-0.5080016431396439,1.1170754036048882,-0.47295916673622096,1.15786695889463,-0.443925689431318,1.188482554390546,-0.5799014735223905,1.0370576026716458,-0.5520433698879939,1.0979706557763382,-0.5253992661826191,1.1323101788007246,-0.49860922868786706,1.1588948403676345
-0.03468075262001867,-0.3638284242866646,0.02633224118851577,-0.4249710461061058,0.06887783524657246,-0.42500505328286153,0.10521197116070714,-0.4251670187237111,-0.1047133847623805,-0.41783599534175153,-0.14827373961685283,-0.41231965279603244,-0.18909648891337758,-0.40840086834265193,0.15399818827368417,-0.3960923297114904,-0.23343739474464528,-0.37782730327473396,0.055931286358208585,-0.3008283761125732,-0.10996796666606677,-0.2916909649702105,0.4999590415232854,-0.006399749926188019,-0.4999590415232854,0.006399749926188019,0.6572073363100178,0.4311938028701283,-0.6281440572343517,0.4657083600240381,0.5487632919018416,0.8782420187032549,-0.5210787784277995,0.8918392122663719,0.5381684144247411,1.0346734733491254,-0.5456666907791243,1.0307533530982946,0.43738450049534344,1.021474013476837,-0.42391565480391,1.0175124835050466,0.3969496890416783,0.9853658499647122,-0.38606360772041115,0.979628154649832,0.5269784391835293,0.8702463804315411,0.4099886305870217,0.8952424902203885,0.34310458435148483,0.951560712573369,0.31961503145367404,1.015818247072242,0.29447665923636906,1.0662307975809664,0.435802693681273,1.0139902082614987,0.3948869951454978,1.0975205170569295,0.36480906658987033,1.1363708501016236,0.3395785243484943,1.1662996146086337,0.502780691004148,1.0217796884600485,0.4639203394785767,1.1075625970225118,0.4345421461540011,1.1553580976931788,0.41287907363657506,1.192286440839791,0.5475379203740943,1.018978298573849,0.5215907228006292,1.0936211016665787,0.4955132849757593,1.138049279597933,0.47213861065867474,1.1738112489375199,0.5725262380111483,1.0093097966285354,0.5543965723826895,1.0662737657322845,0.5357975965833566,1.0960124017355344,0.5194908492087486,1.1187997704403012,-0.5372088665896048,0.8830032460819616,-0.4017886153054111,0.9095776005583452,-0.339733588169184,0.9717861330849035,-0.32248354516175154,1.03630292360559,-0.28981205453990116,1.0792712975566685,-0.4265264709205327,1.0242544758696484,-0.3743501111951338,1.1042849953452782,-0.34280124701381126,1.1427662030278711,-0.3184212737989174,1.1728759680893974,-0.5018097888906841,1.0351617073172121,-0.4439702045582595,1.1194707860261714,-0.4061100313736046,1.162076045703675,-0.37850822602502737,1.1944649038483315,-0.5515684665474837,1.036267524973157,-0.5004522847318108,1.1159959315921093,-0.4651648574364449,1.1576069127007687,-0.4357019522902291,1.1879927425686916,-0.5765837227664522,1.0330157487132958,-0.5480621095568852,1.0949738192179217,-0.521650833685893,1.1295509362190874,-0.495191580423144,1.1562212454789846
-0.03526449039723925,-0.36442469961324836,0.025830033106380906,-0.4252503081307212,0.06849550255830635,-0.4251585174430464,0.1050674953586949,-0.4252633892778428,-0.1049200958796392,-0.4182147662286032,-0.14840349884562978,-0.4126493226051337,-0.18925697893115748,-0.40874434969927437,0.15430960893882018,-0.39598032298254104,-0.2330463137464268,-0.37814726825949035,0.05563768123348815,-0.3011759616687461,-0.11045425607892845,-0.292210254760489,0.49995648885232863,-0.0065961545199706,-0.49995648885232863,0.0065961545199706,0.6570694154515432,0.4314443147894992,-0.6265738659792054,0.4660166176784085,0.5471076228134024,0.8776867746731459,-0.5111707614541111,0.8906477978990855,0.5377787053308105,1.0337105705294587,-0.532887358267524,1.0299879543809205,0.43687908610289194,1.0206621541078555,-0.4107991752542599,1.0176558281770245,0.39698058542169945,0.9849738902083311,-0.3746808477689408,0.9793068032885037,0.5231320510532227,0.869889520357358,0.40669670485909176,0.8946919319445368,0.3392382867774798,0.9511980343535339,0.31571515571434117,1.016120602485047,0.290384043125625,1.0668391600917861,0.4313818871022783,1.0165191599888381,0.390714103641422,1.098271319698033,0.3620589324079587,1.1367114116363028,0.33811720463692774,1.1663750001517046,0.4988904031941433,1.0234295681942351,0.4616179288815051,1.1081032212035657,0.43390014708433267,1.155324047063347,0.41356903857669636,1.1914302396972938,0.5441487229989443,1.0190189393715547,0.5197247183825437,1.0930116965949306,0.4955857157800274,1.1372660522742601,0.47393001588129985,1.1726882400748848,0.5701504809515816,1.0073821735499715,0.5538430219696486,1.0622744520553498,0.5371690682104865,1.0910848157916857,0.5228428185406949,1.1132746718086228,-0.5318148155324616,0.8828505435832975,-0.392024778918554,0.9094548136059117,-0.3290066031501276,0.9712051757282004,-0.3108474103803294,1.0360181962106267,-0.27630360769280854,1.0777745537698264,-0.4200253361513771,1.0250567515672548,-0.36297439004864984,1.1049158744623537,-0.3317766891303874,1.1438295595908825,-0.3097442521945568,1.1744715065820708,-0.49523079920961227,1.0363613119164046,-0.4316206876178179,1.1186596512662694,-0.392155033745212,1.1606393346222863,-0.3648929211835191,1.192906238408261,-0.5451521304798576,1.0378718225899906,-0.49052904528290575,1.1155224025353105,-0.45247726858855314,1.1563589606262639,-0.42205118835709965,1.1860071857518546,-0.5718572644964479,1.0352985661255694,-0.5416592972050134,1.0967445550033428,-0.5123574163236388,1.1307234747930324,-0.4839364811203366,1.156464945750177
-0.036048318652099655,-0.3646630462163357,0.025049877388414316,-0.42536834535419404,0.06788977916768865,-0.4252078577131688,0.10474504504292463,-0.4253046624331629,-0.10543531446668915,-0.4183347782604787,-0.1487816736022062,-0.41274292792531797,-0.18962580607657686,-0.4088532040555159,0.15435559919910466,-0.39592907810019456,-0.23283021464511008,-0.37824226012156514,0.05517768839261889,-0.30133399959861507,-0.11091961637227626,-0.2924341443838409,0.4999550182708458,-0.006706691121429453,-0.4999550182708458,0.006706691121429453,0.6561111073281957,0.431586281190087,-0.622899350672656,0.46625829167822264,0.5435925152359022,0.8772463765942864,-0.5002765502217864,0.8902629652522587,0.5376094380047562,1.0329973220333977,-0.5173990172795994,1.0308559281468352,0.4365032261628509,1.0201747881505254,-0.3947362480024183,1.01954775631268,0.3964606968902713,0.9849227286788717,-0.3608766400925423,0.9808051602323382,0.521664659650908,0.8684800662462551,0.4066773523646543,0.8936219053353193,0.3387087488821229,0.950171225873225,0.31364617944301354,1.0157011742818634,0.28991226731087283,1.0674448836250316,0.4294074791541077,1.0148833163484803,0.3885528813046026,1.097638826893384,0.3592872390774355,1.1367341283825139,0.3344468918592671,1.167032057399543,0.49693520087565407,1.0222767698796664,0.4609694918868501,1.1077481566057494,0.4326622108209355,1.1555996370691102,0.41101892437257703,1.1918265351011645,0.54281919081373,1.0184410985590964,0.5200663519335591,1.0929423228011126,0.4954088147789103,1.1371616500901358,0.4727733217007794,1.1721478444998623,0.5691607626948081,1.0071710028770262,0.5538024906836037,1.0624308555978286,0.5377688679748903,1.0907842288478464,0.5240068996730303,1.1121796863063176,-0.5244147153019415,0.8815240430136219,-0.38745179023992016,0.9055760357495843,-0.32229870666990174,0.9691772377876909,-0.30325138992378803,1.0351912654631885,-0.2643809826662718,1.0767539461409423,-0.405463702850387,1.0255448615998575,-0.3509856359188869,1.1039757228710985,-0.3203303254743926,1.1427167602785477,-0.29834914100972365,1.1732747650010469,-0.47836316802793566,1.0375237081128443,-0.41760253600239816,1.1183063841111178,-0.38013326434134587,1.1599599131517415,-0.3536814720200214,1.192155860416567,-0.5277885741112576,1.0393444607186904,-0.4760632348414635,1.1162769920052502,-0.4412816719157498,1.1568180739358327,-0.41133900898440334,1.1869102581310687,-0.5557661958604357,1.036191710792535,-0.5259950982810282,1.0958614944609684,-0.4974419922332309,1.127885765040077,-0.46794956310022373,1.152112217806207
-0.03657828255995619,-0.36495403274340993,0.0246182669406142,-0.4256247889266365,0.06757491258626283,-0.425422993461728,0.1046954752031744,-0.4255091589555766,-0.10579273456246167,-0.4186129674301231,-0.14906318524517753,-0.41302613494112256,-0.1898944896404869,-0.40918444611939053,0.15448275530494252,-0.39608907340463173,-0.23261274594310258,-0.37851365199419207,0.05478922322366833,-0.30153706474751024,-0.1113381831070992,-0.2926674773286786,0.49994990741496753,-0.007077434264292169,-0.49994990741496753,0.007077434264292169,0.6560550470152055,0.43198816913072247,-0.6213113598245997,0.4671869126139869,0.5368302983386178,0.877803421443359,-0.4890411442396453,0.8917614516686072,0.5364691496236118,1.0326020983262647,-0.5025464575069094,1.032722406966674,0.43625962715124944,1.0199097595568767,-0.37858979176800656,1.021823780908275,0.39423715581900015,0.9848961577035752,-0.34687053012102004,0.9827081000045782,0.5173752772155635,0.8695520310615187,0.4005448932768968,0.8956890831904093,0.3348309771227409,0.9520219331086608,0.3125304338602314,1.0169829176882559,0.28763389749022633,1.0675034121151843,0.4254104613116854,1.0173224554067442,0.3873136163572313,1.0994667443465564,0.359671369460555,1.1380247724225792,0.3359924010902464,1.167626490601475,0.49470667863091344,1.0242488911876337,0.4595660843238467,1.10875969564305,0.43248505495530126,1.1561938278559265,0.4114174524632071,1.1920339946275946,0.5419581199453907,1.0196243607265727,0.5184903600771337,1.0943409278837906,0.493784535181555,1.1387831624447138,0.4710312749610614,1.1740387183415049,0.5686171778973899,1.0077307376532343,0.5506098707472592,1.0632591906340834,0.5338539962511623,1.0922107965672128,0.5196150230711808,1.1147793607453005,-0.5171851227255836,0.8808208289829543,-0.3795357741516682,0.9070005461204345,-0.31508565570625485,0.9686696412252787,-0.29394954412726104,1.0339687153638015,-0.25994063081826535,1.0779283786004168,-0.3973201761263742,1.0228804917998688,-0.3457114454881892,1.104363974392545,-0.31465276739456044,1.143572114714334,-0.2905123931089048,1.1740993182492665,-0.471769613543128,1.0353117162608134,-0.4114371697126075,1.1192753391961467,-0.3733631611204533,1.1611451967900992,-0.3464667163974245,1.1932524538024052,-0.5225677090181117,1.037418454230645,-0.47199352129055616,1.1155553514759395,-0.43703227597521055,1.1565627743531812,-0.40800391758537563,1.1870532169146553,-0.5506962033364416,1.0334135132676912,-0.5222162518324719,1.0921557665039145,-0.4964939303223251,1.124909793855309,-0.47215872287734023,1.1503492786636051
-0.03791035018924906,-0.3650763017749914,0.02385896697324666,-0.42578914071716367,0.06717368246370624,-0.4255341594758029,0.10464834682992212,-0.4256279943557093,-0.10703132929671287,-0.41880323420669996,-0.1502391710937874,-0.41322284492352734,-0.19107929809455476,-0.40942476114432447,0.15473745030108021,-0.39616958137189806,-0.23257671502606767,-0.3786840310041681,0.05386383997323466,-0.3015993458181902,-0.11256201506867619,-0.2927212511534151,0.49994460630587456,-0.007442487867917838,-0.49994460630587456,0.007442487867917838,0.6555912631006794,0.432619361565835,-0.6190178370643955,0.46862554349437135,0.5296570532668194,0.879844200199091,-0.48048222693907205,0.8937207295830588,0.5348382542604142,1.033456133434121,-0.4924315751137516,1.0346204883334815,0.43338491822559366,1.0206609340260813,-0.3683999176192759,1.0238943368830922,0.3874477295831666,0.9858796204645887,-0.33755465408558966,0.9845137768919848,0.5145478545162906,0.8727269025681883,0.39710269235700024,0.8985021850728244,0.33236331179262263,0.9543117614899133,0.31090677406353445,1.0193291919656524,0.28622485736265296,1.0698306339827173,0.42194753850494005,1.021016436718363,0.384364551688286,1.1024165233943815,0.35732829333312666,1.1405239602642891,0.3338414897582735,1.169971396127351,0.4911711564774796,1.0275612524275566,0.45742737585176885,1.111257507590025,0.430733247046862,1.1582201933404073,0.40969328269199,1.193353443422974,0.5383175000450658,1.022152708019462,0.5171830321531861,1.0959960779060614,0.4930173187346398,1.1400764057777049,0.47071381534368895,1.174762101373687,0.5650122975070742,1.0091370746536374,0.5508158157000527,1.062824444873509,0.5364884999868434,1.090958192417882,0.5244092094487781,1.1125491302243655,-0.5097783234115013,0.8814937772684188,-0.3730669213018397,0.9090680817045614,-0.3106256037523661,0.9712482886559107,-0.2900401033407936,1.035950670194007,-0.25453820030961627,1.0787565376302475,-0.38806545730207515,1.025771703138321,-0.33907618331998585,1.1053501449842333,-0.3090403292076297,1.1439800259360897,-0.28708519616654504,1.1739166959117278,-0.463331729500604,1.0378304881919411,-0.40474533158395826,1.1209539271041498,-0.36726498363237986,1.1628876427943722,-0.3414635120579362,1.195283633589219,-0.5160795250500592,1.039390019438271,-0.46716235459207844,1.117905296492845,-0.4330850255155841,1.1582817097937426,-0.40530288016373445,1.1881546344590406,-0.5459912318272423,1.0343744225201406,-0.5188216878231898,1.0929053218973641,-0.4935105647898245,1.1258654364001515,-0.4699464198769013,1.151497737727923
-0.03944616404196689,-0.36528397914565935,0.022930222736313975,-0.426078619486287,0.06659634691302009,-0.4257476094300126,0.10443963740191979,-0.4258200213638456,-0.10829659021324059,-0.41912166663463724,-0.15149401574509072,-0.41353775330742226,-0.19234962038369635,-0.4097818092906399,0.15481292391795412,-0.3962749489613578,-0.23265525108912538,-0.37892947571777646,0.05259313873242999,-0.3016876268770511,-0.11397225876993142,-0.2928653002441435,0.49993834604101073,-0.007851761444326751,-0.49993834604101073,0.007851761444326751,0.6548465928279829,0.43288093746152967,-0.6179817274835304,0.46979251658623783,0.5255930190114697,0.8817994738082189,-0.4769685448035255,0.8952889418947327,0.5343116611201822,1.0346235501701344,-0.4882496440134202,1.036248832959076,0.42962552212364385,1.0223464105955529,-0.3640769463486724,1.0258101426360824,0.38017424745179573,0.9879976230382341,-0.33355322582426594,0.9865152688084518,0.510943399141328,0.8742726462840711,0.3932505382838291,0.8999371302632712,0.3287971163595761,0.9564623652148794,0.30950109194066705,1.0216016658411196,0.2860935859268487,1.0718335846402944,0.41789222460177583,1.0196341126335986,0.3811651593346407,1.1016922748562883,0.35542419408275483,1.1408511324263728,0.33317594794267874,1.1707778307711398,0.48763489512480557,1.0264099520341141,0.4552380523520106,1.1118921563074264,0.430569385760026,1.1597029857222785,0.4115003524069892,1.195816416988156,0.5349571808998482,1.022230016355489,0.5130844288215883,1.0977105661497264,0.4910645116122127,1.141940154396628,0.4714589944630182,1.1770361394605657,0.5622019062187696,1.0100166483377242,0.5475130423136638,1.0647217181903983,0.5333020191297408,1.0924643522029274,0.5218166725560555,1.1134512147873659,-0.5098717694138409,0.881543941626009,-0.3724419461877647,0.9095154620129171,-0.3111191279617886,0.9711835608533365,-0.2904222475788892,1.035747356625926,-0.2546903307665553,1.0773337699270034,-0.39055897722671373,1.0266211116995179,-0.3395806413420701,1.106756316208964,-0.30855410661968546,1.1457495015178076,-0.2861254717052571,1.1762200419152884,-0.465188867967609,1.038228426950052,-0.40432036633958435,1.122233628452895,-0.365845603651716,1.163913692291955,-0.3406542778667997,1.196213762842168,-0.51748399730953,1.0387936748400186,-0.46847343760987875,1.1187674436601804,-0.4330037423038962,1.1593903713073936,-0.4054742747540133,1.1890037863048617,-0.5467550303996829,1.032938509418861,-0.5193866640728773,1.0927655947667716,-0.4931696419195797,1.1264235981177328,-0.46972144251723313,1.1527380614260265
-0.040425746998309676,-0.3656013523843856,0.022372928744170077,-0.42650856489804156,0.0662451512502211,-0.4261441785941572,0.10435700339947317,-0.4262359582202006,-0.1092115099624076,-0.41952812771411285,-0.15249558453680265,-0.413940610845002,-0.19354973760164274,-0.41020965195203984,0.15487237575170287,-0.3965219418539192,-0.2330066129218661,-0.379216240980919,0.05192016937442732,-0.30188861624717356,-0.11501526096869728,-0.29304888888680686,0.4999352209698052,-0.008048281423513761,-0.4999352209698052,0.008048281423513761,0.6541223162816093,0.43281610018215755,-0.615570970200113,0.47125782369694585,0.5242807983228229,0.8829766538740711,-0.47507665907268104,0.8960698037337345,0.5344193802451914,1.0353829121891718,-0.4872307126614921,1.0373280157583684,0.42725780112838485,1.0234268037233583,-0.36278791095590956,1.0268100483101195,0.37563839682253475,0.9893095399153874,-0.3318949780444061,0.9875709683843831,0.508414855483885,0.8750946463538753,0.39060929315038606,0.9007053997183904,0.3255019639226689,0.9565320579145676,0.3073797812366958,1.0212921189096005,0.28658048834076183,1.0716257163038099,0.41397060928899426,1.0203384137310791,0.37689476288207896,1.1019000567661483,0.3518276616159376,1.1408920119636805,0.3307785675506996,1.170697975233574,0.4855317301550873,1.0270330850684266,0.453684757509925,1.1119643674480006,0.4297410923953767,1.159495731010839,0.4116530343334246,1.1951938793616907,0.534504803323623,1.0221403277014427,0.5132821866604221,1.0969720595913517,0.4911413276632706,1.1411975723225614,0.47167512547173857,1.1759890762508947,0.5631585587001018,1.0090079233723173,0.5479189030784903,1.0621370634951484,0.5336817976854696,1.089934580756486,0.5219973479912743,1.1111658958532609,-0.513757701029133,0.8824269797832232,-0.3760776677180207,0.9118682779532845,-0.31464832615316773,0.9735548924188447,-0.2929750637198072,1.0373514346179906,-0.2586113442939069,1.078398450506565,-0.39236983380208357,1.0279310310573713,-0.3424355837236232,1.107775514090234,-0.3113031093336978,1.1468410714180073,-0.28806156393430055,1.1772840276696261,-0.46581840323535095,1.0393761623099032,-0.4067710942492184,1.1225354176447266,-0.36903896218098425,1.1643307218574213,-0.3440033090977642,1.1967877000365537,-0.5173503771319446,1.0399883982114562,-0.4699362193855968,1.118081596618091,-0.43597619649223246,1.158861191433455,-0.4093269839810393,1.1888957673806133,-0.5467368082594625,1.0341129408873708,-0.5212574235455902,1.0920297880640235,-0.4962508767593293,1.1252038294211133,-0.47334857026931715,1.1512422557696824
-0.04114805981162897,-0.36564155287916594,0.02166853555642083,-0.42667359665000193,0.06564792480960814,-0.426324336161189,0.10394770511764188,-0.4264711437708704,-0.11002106846445525,-0.41963759244441534,-0.15330840452684655,-0.4140567287619833,-0.1945535926544896,-0.4103404834171762,0.15449212103027868,-0.39672908179049915,-0.23357386211265757,-0.37929399149814286,0.05124014905111188,-0.301914672271595,-0.1157424949968709,-0.29304705774392903,0.49993304717948905,-0.00818219639404889,-0.49993304717948905,0.00818219639404889,0.6533389145630477,0.43241258656906767,-0.6146094724850918,0.4714161289923308,0.5237164375157112,0.8830431444208209,-0.4750606153573962,0.8957676229000606,0.5343111183973013,1.0351031545759366,-0.4874997306211595,1.0370914414582912,0.42516610050759523,1.0230318110529477,-0.3632597903790665,1.0263832397664803,0.37228859776643214,0.9890699084635677,-0.3320666581207008,0.9872216826201495,0.5048088663406823,0.8743842275319842,0.386591327745726,0.9008732715208463,0.3224337817461386,0.957759463933736,0.30602322234170354,1.0231187916344529,0.2849701301562146,1.0730438612013466,0.4097567098989975,1.019732570688318,0.3735357654889366,1.1012228932834272,0.3496118680595139,1.1405138061663553,0.3294245672006992,1.171063170608017,0.48248362739389766,1.0265157178829265,0.4510736012495993,1.111989528083839,0.42746684840197224,1.1598585105202306,0.4094875161505957,1.1960002802984084,0.5326513504804776,1.0215319535898142,0.5134632111733116,1.0972866874296214,0.49125617660652116,1.1421822721413295,0.4709687365654095,1.177263547906541,0.5615732859394649,1.008539954065663,0.5479530189842882,1.0636452748290182,0.5329272350428413,1.0921137961285183,0.5193727610916237,1.113996326218155,-0.5213300472026214,0.8822075732705413,-0.38301921368501557,0.9095066518030616,-0.32068234967803644,0.9703757742539245,-0.29822440958767343,1.0356986370185488,-0.2627643222386504,1.0790076067127503,-0.40069857444376544,1.0277439282992056,-0.3480873660982873,1.1087705774867527,-0.31498534461658184,1.147308104717567,-0.2904298343491526,1.1774212280889107,-0.47321673854305324,1.0390168346894038,-0.4117036252483542,1.1235037498309308,-0.37208118253361216,1.164873944666096,-0.3461161407915355,1.1966611096907156,-0.5234346427343477,1.039131247608153,-0.4747471507232796,1.1184934453091029,-0.4387206859723789,1.1591263124456628,-0.4102480386709355,1.1886522053782806,-0.5516637444075767,1.0332952966434221,-0.52544266751789,1.092572562939175,-0.4994945758378503,1.1256818328026725,-0.4761069471474766,1.15155298012215
-0.04146060041729693,-0.36564822256551677,0.021462764682878277,-0.4267628124500043,0.06549248271025067,-0.4264561553282669,0.10383822735246025,-0.42666373432176297,-0.11035619659706809,-0.41966581880371595,-0.1535913938999391,-0.4140946952393525,-0.19489242110225197,-0.41038431133385117,0.15439985358451946,-0.39685889232250227,-0.2337707455311589,-0.3793066750118594,0.050940877457887876,-0.3019339608704607,-0.11594973400923854,-0.2930419637010427,0.49993240044710996,-0.008221616823379947,-0.49993240044710996,0.008221616823379947,0.6525095956117031,0.43224584178666864,-0.6136461022363201,0.47147252870586925,0.5237249786734279,0.8827712079429808,-0.4751041017310841,0.8955954972623574,0.5340108160949028,1.0347335277005703,-0.48757869041999946,1.0368216954320808,0.4246352532173105,1.022585668235906,-0.36345436963868744,1.0259981486865997,0.37136411616926046,0.9885732675030472,-0.3321306270375413,0.9869037146206283,0.5088325937250544,0.8733649746583293,0.3879300684205556,0.8984216492962891,0.32126437131837804,0.9552791135051376,0.30402689572631836,1.0216088259135716,0.28424762288593797,1.0729166883124188,0.40918776312275207,1.0176459238072797,0.3741733184277361,1.100878019207475,0.3496318277542952,1.1406395161469856,0.32862971782410677,1.1711096368328955,0.4828483649275996,1.025104048031294,0.4519040965756434,1.111695544322202,0.42812512277436254,1.1597726903097854,0.4097506740865812,1.1961747863585832,0.5338319513591694,1.0212838808762108,0.5141501397276612,1.097620093946137,0.4914695559806033,1.1424649623589276,0.47058943982902607,1.1775327096372856,0.5634278204689261,1.0093275984788719,0.5480111075982221,1.06600318713661,0.5313405573904944,1.0941257639218598,0.5167195918727786,1.115197234117401,-0.524987179386499,0.8816928899912715,-0.3868918946738738,0.9093162289823328,-0.3245985705692681,0.9690230396546845,-0.30165548832600303,1.0344360145366447,-0.26602616822398345,1.0786726982432697,-0.4049911325338558,1.0271478341139133,-0.35212377928137345,1.1087821901540165,-0.3205761212255187,1.1467822485862675,-0.29685357233463755,1.176718228321951,-0.4781931983079455,1.0385704216077485,-0.415968565398609,1.1239301598743978,-0.37652476523721834,1.1649254220484184,-0.3501204719388236,1.1964689541720899,-0.5290733018998891,1.0385512415986797,-0.47906611174393104,1.1181346748086034,-0.4427184333952816,1.1586143069713826,-0.4138181741493059,1.1877813021574295,-0.5580439250163435,1.0326560650904004,-0.5303913699649566,1.0926192411165245,-0.5034920763162375,1.1259935720128083,-0.47947390996000144,1.1522026083584167
