pose_0_x,pose_0_y,pose_1_x,pose_1_y,pose_2_x,pose_2_y,pose_3_x,pose_3_y,pose_4_x,pose_4_y,pose_5_x,pose_5_y,pose_6_x,pose_6_y,pose_7_x,pose_7_y,pose_8_x,pose_8_y,pose_9_x,pose_9_y,pose_10_x,pose_10_y,pose_11_x,pose_11_y,pose_12_x,pose_12_y,pose_13_x,pose_13_y,pose_15_x,pose_15_y,pose_17_x,pose_17_y,pose_19_x,pose_19_y,pose_21_x,pose_21_y,pose_14_x,pose_14_y,pose_16_x,pose_16_y,pose_18_x,pose_18_y,pose_20_x,pose_20_y,pose_22_x,pose_22_y,left_hand_0_x,left_hand_0_y,left_hand_1_x,left_hand_1_y,left_hand_2_x,left_hand_2_y,left_hand_3_x,left_hand_3_y,left_hand_4_x,left_hand_4_y,left_hand_5_x,left_hand_5_y,left_hand_6_x,left_hand_6_y,left_hand_7_x,left_hand_7_y,left_hand_8_x,left_hand_8_y,left_hand_9_x,left_hand_9_y,left_hand_10_x,left_hand_10_y,left_hand_11_x,left_hand_11_y,left_hand_12_x,left_hand_12_y,left_hand_13_x,left_hand_13_y,left_hand_14_x,left_hand_14_y,left_hand_15_x,left_hand_15_y,left_hand_16_x,left_hand_16_y,left_hand_17_x,left_hand_17_y,left_hand_18_x,left_hand_18_y,left_hand_19_x,left_hand_19_y,left_hand_20_x,left_hand_20_y,right_hand_0_x,right_hand_0_y,right_hand_1_x,right_hand_1_y,right_hand_2_x,right_hand_2_y,right_hand_3_x,right_hand_3_y,right_hand_4_x,right_hand_4_y,right_hand_5_x,right_hand_5_y,right_hand_6_x,right_hand_6_y,right_hand_7_x,right_hand_7_y,right_hand_8_x,right_hand_8_y,right_hand_9_x,right_hand_9_y,right_hand_10_x,right_hand_10_y,right_hand_11_x,right_hand_11_y,right_hand_12_x,right_hand_12_y,right_hand_13_x,right_hand_13_y,right_hand_14_x,right_hand_14_y,right_hand_15_x,right_hand_15_y,right_hand_16_x,right_hand_16_y,right_hand_17_x,right_hand_17_y,right_hand_18_x,right_hand_18_y,right_hand_19_x,right_hand_19_y,right_hand_20_x,right_hand_20_y
0.5150072394498303,0.17908035404481235,0.5426034813249518,0.16196398774176465,0.5605597490248969,0.16565896666243532,0.5767345735183432,0.16949476807648706,0.48862153027377536,0.1539180131032199,0.47091069362314125,0.15261347518339685,0.4555766261392197,0.1516490824154077,0.5980211655050546,0.1898374133270595,0.41884265487625827,0.1655243185277748,0.5506308022198811,0.21390910384195763,0.4787409802910189,0.2002448434208843,0.701924291229658,0.36998561144248476,0.2945119333400845,0.30706026465747754,0.7388011603243763,0.5643739277579475,0.2041482238018441,0.4895179073004121,0.7292439763425081,0.7331506316220627,0.1558697564672799,0.6497391222668862,0.7365637008774941,0.7892993819639832,0.11321237620791819,0.6985591720178927,0.7001890566924911,0.7814450489002625,0.15648337342798935,0.7087367681992514,0.6847047852438287,0.7617350880577287,0.1820376295294489,0.695535302664364,0.15707574516211342,0.6476875853053491,0.19472667662430732,0.6787223215564637,0.19769454977761997,0.7096607076233473,0.1891552556088837,0.7334578424005699,0.18585501821032369,0.750178247154291,0.16875967761656246,0.7228466472567703,0.16392826539131766,0.7539310307172369,0.16154436072971545,0.7694729672548384,0.1582299488024408,0.7816526773900263,0.1337208340256948,0.7161941747600191,0.13224699398369805,0.7457576902729041,0.14532866863367222,0.7388937112343659,0.15148301726546692,0.7273837400069196,0.10428734920386185,0.7052334295347111,0.10321429805114513,0.7325859509735309,0.11643839301691883,0.7276730202911778,0.12191715501209233,0.7169872545045732,0.08149866612783319,0.6932805256806638,0.08035602714947032,0.7133924531963685,0.09217736579212105,0.7112040384393616,0.09744462057251241,0.7028621408230322,0.7351831626897072,0.7215934169528118,0.6829022823259292,0.7341157564250147,0.6631998069197274,0.7600650170447947,0.6601142271374982,0.7872919179826176,0.647656250897084,0.8059999109394356,0.7142479187788742,0.7873063713397572,0.6972720865855874,0.8204755995847455,0.6827764624699122,0.8340219084473182,0.6720041076898448,0.8440345891075495,0.7424408219557732,0.7952010554114066,0.7206473257297076,0.8288119644282463,0.6989099467023958,0.8379078091318091,0.6818620453384391,0.8420634453620152,0.7576462794354726,0.7973154916380822,0.7389201150419281,0.8274206027242605,0.7165297499091327,0.8348295688864413,0.6987136335517012,0.8370770996290717,0.764007689224599,0.7964491988102864,0.7501208803858614,0.8207734903535939,0.7320844819311038,0.8291142655013453,0.7164688406474494,0.831517840214978
0.45548914693070286,0.17624200118982694,0.476780610949458,0.1520268285906537,0.49452914154922056,0.15087358119176458,0.5114919948045702,0.1502532926271366,0.4228079798879651,0.15830706081119666,0.40476221453048905,0.16181413568336872,0.3887307948304247,0.16537971072807636,0.5377050615185516,0.1651044128274545,0.3568826958421335,0.18912369833962345,0.4964295262089769,0.2013252841537913,0.4256410074600015,0.20772908643159838,0.6878324210196014,0.3118364355639528,0.2734606523204852,0.3583889358456651,0.7703224453366256,0.49221868320245665,0.23420839541773322,0.5597055274286333,0.8056935736600761,0.6562794771193423,0.23015658855198184,0.7260573138589301,0.8286759578139657,0.7084322944229617,0.20185652645323077,0.784911208218551,0.7915966063642587,0.7105198450364627,0.24630829247803407,0.7829667692473072,0.772581403681559,0.6954676467023381,0.2672360149812779,0.7636998755514754,0.22956290376541266,0.7236501454243482,0.2741995104027611,0.7436491448745912,0.28451555166503184,0.7733283339964827,0.2793246945306368,0.7995771531093426,0.27825219997842887,0.8173645652905097,0.2623673966888772,0.7924060023849553,0.26634295995261625,0.8254770765206304,0.26709071726681005,0.8416646577144408,0.265691540527925,0.855208056169978,0.22526109823247287,0.7958813624940989,0.23208831288085605,0.8266067845750882,0.24364682852286132,0.8160665771290604,0.2466099896421588,0.8033255115051461,0.19410033485214218,0.7932168122379502,0.20065857091230382,0.8204234181723689,0.2135781697040815,0.8119195207258285,0.21653142164700778,0.8002560366428477,0.17057455182472658,0.7879069873333346,0.1754868783560925,0.8090359776711427,0.18651712159124295,0.8043157786692381,0.18920860700763664,0.7950533798824715,0.8083340016604119,0.64637431801377,0.7622049696138891,0.6692888481513102,0.7500888563994987,0.6991713493412955,0.7515119714791106,0.7273561623224414,0.7456820104549982,0.7494100640569064,0.8069297481704473,0.7126624423682167,0.7977474016603748,0.7493453718280885,0.7865279492214367,0.7667705644479266,0.7791411606452641,0.7797709652392655,0.8354521965901457,0.7136713903867189,0.8217250236470806,0.7513922598505096,0.8015312160192937,0.7651263824429783,0.7868157269147188,0.7719929754723895,0.8493879775758875,0.7123618743712559,0.8386523560289776,0.7463372511518831,0.8183840590525135,0.7581977595853822,0.8026846402177862,0.7636115797190088,0.8533232810642821,0.7108440708847995,0.845849873344646,0.7374930491410012,0.8303468975785651,0.74890408525581,0.8171296220920847,0.7541984489725415
0.5307887162536833,0.1789162564976544,0.5583060325070162,0.1635265251556133,0.5754628997317263,0.16799616367048192,0.5917621747451469,0.17271591346648751,0.5056698445634928,0.15251433064013087,0.4878020274372322,0.15011060881315597,0.471286063244662,0.14830534801710632,0.6119901697930178,0.1951498377874696,0.43358773802620554,0.16065937151823748,0.5614742559631899,0.21493920313132003,0.49283632007144085,0.19916259136649492,0.7102685238119745,0.3799098667638524,0.3000361156757525,0.29448043392288525,0.7296069252428431,0.5794486528613517,0.19754264811245476,0.47408436622412364,0.711574413912938,0.745537314313469,0.1433095016507056,0.6305365506879772,0.7178821583388795,0.8026899200970101,0.09787881350140992,0.677540863902125,0.6813436993083544,0.7928300106901931,0.14110814441987263,0.6897757027847167,0.6683994982554982,0.7725796959162554,0.16668972855849506,0.6779917489563745,0.14445111763579144,0.627886245977525,0.1798865883123602,0.6612380415746856,0.17973809966596016,0.692476926653963,0.16658257177459068,0.7155987598604592,0.15961957861607462,0.7317991660255599,0.15245374932930245,0.704467806251869,0.14593413507426278,0.7368568529972213,0.1415069234841676,0.7521504663262404,0.13574478654832034,0.7642988585082324,0.11669706777084032,0.696015210380984,0.11393185869932615,0.7265939857913598,0.12839609722531542,0.7201456507799961,0.1354023729207655,0.7090771820927815,0.08802113832948749,0.6834307909915696,0.08594907424908776,0.7108858410796806,0.10065448693859769,0.7068093208931473,0.10735637325058944,0.696676961430148,0.06732435075132559,0.6707945260564807,0.0654132909977942,0.6920140426763082,0.0771446500298778,0.6908593511840222,0.08268658289722036,0.6828287279222043,0.7130594746241729,0.7375415807331217,0.6646000630565526,0.7446045100924311,0.6458529375780384,0.7690033787534527,0.6375752835567116,0.7960640940500034,0.6252112659042997,0.8157765688926357,0.6960238899982503,0.800555741551432,0.6746151230534086,0.8320632202596411,0.6582718995338119,0.8450976743368883,0.6471932828912064,0.8552519137117581,0.7220203835991756,0.8100938213921378,0.6965436312255315,0.8404911428649262,0.6732873705691531,0.8465227464393039,0.6578694517731714,0.8479266521957474,0.7350508800500869,0.8127952800689715,0.7147460561093685,0.8405457133585693,0.692457396011523,0.8455835725176465,0.6764355653234552,0.8462780906693589,0.7384356023405758,0.8121340573599003,0.724845857640076,0.8346835977523732,0.707803728211149,0.84112198156158,0.6940168947013583,0.8426241735354594
0.5264458952458795,0.17805389352724735,0.5537956814464311,0.16224322825045026,0.5709566482653501,0.16639301782560512,0.5873076134120755,0.17080013474076228,0.5008764515967472,0.15213166018430813,0.4829593068744162,0.15000721227467162,0.4661773409772529,0.1484016804011008,0.6080654082659547,0.1929046944287233,0.42918664791595224,0.16120213573233907,0.5573672594888011,0.21345146949683524,0.4882020291376776,0.19894902370781511,0.7116772253372341,0.3741159204738332,0.2966566358412313,0.2964082528726687,0.7325141206609334,0.5751099480731239,0.19692661700191066,0.47880063682961616,0.7177375769084624,0.7410310987428815,0.14747115470547406,0.6359891026167085,0.7258037412652605,0.798224582457117,0.1027704078741491,0.6843102588926793,0.6887469960999838,0.7890284261160232,0.1461232812771167,0.6956147094548157,0.675916968548056,0.7690762601169396,0.17132917120259572,0.6832228952840401,0.14840412385723328,0.6332943666120436,0.18479174656354924,0.6662006704986463,0.18501727485448494,0.6971881848707089,0.1724402343669661,0.7203343253078852,0.16662541681512166,0.7368604031513473,0.15796723971246818,0.7104541016109357,0.1523639411226001,0.7429541235566677,0.14825474044315262,0.7584438999489989,0.14233029012316895,0.7707906973207883,0.12191753312500092,0.7026522196602543,0.1195481055619414,0.7332042985042164,0.1338126867218527,0.7264646820341836,0.1404103005888293,0.7150195699845948,0.09283404730054229,0.6904007445309133,0.09134348904072026,0.717644563856637,0.10611929972486256,0.7133207627542664,0.11240512205689535,0.7029806148298527,0.0717791065191456,0.6779236148662471,0.07059764863545698,0.6994569425296293,0.082459585990869,0.6980343680663512,0.0875917278220893,0.6897506471501956,0.7199759675066205,0.7340748355662696,0.6705869307814049,0.7412849965791632,0.6520936476882278,0.7661912517217171,0.6454456880868785,0.7936637515357192,0.6335303435114612,0.8135557799488031,0.7038579929600679,0.7969276472140449,0.6833053571658179,0.8280707793852384,0.6669172764868431,0.8413353530449461,0.6556117571813689,0.8515046939509108,0.7298278879652078,0.8063112299185675,0.704508499674094,0.836221635656134,0.6808239261069506,0.8436465224369627,0.6644729242702403,0.8466968640733685,0.7425129738147911,0.8091187421347612,0.722015870466935,0.8365285421553601,0.6996656991232237,0.8430411703708531,0.6831194884202466,0.8451776955934363,0.7458889572043972,0.8086883101561286,0.7324192360455875,0.8313197586036928,0.7153057663003515,0.8386656189785968,0.7011469006217599,0.8409031392444672
0.4530214466059954,0.17562699325298162,0.47414060048259804,0.15219897110594793,0.4917134207640635,0.15086564385290313,0.5086199291265961,0.15001496403959713,0.42075504450065904,0.15883785565355296,0.403187849671231,0.16232129846350196,0.38668298121030853,0.1659622471116655,0.535256748272327,0.16460227659930138,0.3553815863167969,0.18951821268087796,0.49314850306883695,0.19976071274844676,0.42303548293112736,0.20728516936268748,0.6902527061909661,0.3042336224457687,0.26995555140253846,0.3581831403861778,0.7714133700223936,0.4900889632395656,0.231958577642831,0.5632876882166906,0.8086367373939447,0.6519160818214738,0.2336777061592076,0.7277682261651953,0.8346726491463201,0.703801780001466,0.20626853290812092,0.7878338988060187,0.7960698629427154,0.7065581108276197,0.25105735921598693,0.7851579111453342,0.7780222958415297,0.6915316636121098,0.2708252630521759,0.7656101194798308,0.2331872901994815,0.7249523253430228,0.2778394521272306,0.7452069704948456,0.2875688674607373,0.7745234018681161,0.2830143227912288,0.8001483666581832,0.2820647982511604,0.8172223294459191,0.26676481287976345,0.7956999921992047,0.2711599048958141,0.8283735682153126,0.2719717495892706,0.8444111067784094,0.2700573825118815,0.8579746191436735,0.23003338906640114,0.7993955306280349,0.23668578946756574,0.8289542673191028,0.24799135604260017,0.8180687266292175,0.2506752661322137,0.8050150244503491,0.1984899595339708,0.7967109743212304,0.20482069890758692,0.8229135098827349,0.2175881816588932,0.8141922961296905,0.2204679678036815,0.8023140096213852,0.17453306897078846,0.7912881962994315,0.1794382051963912,0.8119791014397566,0.19026600634668123,0.807023133471014,0.19293773041144463,0.7975071438178376,0.807554887706547,0.6457886369742603,0.7633199878296348,0.667642054746528,0.7536032107001474,0.6966679177533259,0.7557792589880747,0.724577062743371,0.7507303142557014,0.7469629110574403,0.8125326955228933,0.7092772966597054,0.8031006572833438,0.7452703894452399,0.7912932963879933,0.7631978555848522,0.7831478675875168,0.7764329065563755,0.8397375349595294,0.7098046652522276,0.8264993480354754,0.7461262577155765,0.8061737198167054,0.7607798585762369,0.7911167892089004,0.7687760905352761,0.852331781444886,0.7082528733190474,0.8428736337895414,0.7406726772710368,0.8232345563081518,0.7542168049514814,0.8074928423598742,0.7616471582348755,0.8551198395631093,0.7064886944067588,0.850764175985044,0.732228643408358,0.8368978807255105,0.7449877809653789,0.8237079536234883,0.7520181463629327
0.49137502727669397,0.17299422785535767,0.5158614817365441,0.1539528960837685,0.5334111965661223,0.15555692543195543,0.5501959565206826,0.15751556465635747,0.4622821063375707,0.15163224976353534,0.44462146837639466,0.15208618920522998,0.4276907322039766,0.15295805081087832,0.5740330827663598,0.1763849224264703,0.3929839432407419,0.1711482189068424,0.5269251924706243,0.20308225427185747,0.4565651770652483,0.19928817757785286,0.7065469210248705,0.33900514953900934,0.28086448223239,0.3238233162316792,0.7546375040289847,0.5360268106425252,0.21034936615293232,0.520698479134753,0.7650346168670874,0.7015260906142621,0.18537834787262736,0.683425016837935,0.7831511484711393,0.7569082299861575,0.14861670531515708,0.7386632628636266,0.744293012166058,0.7534136577038917,0.1933683799214746,0.7430092668557589,0.7289444876763952,0.7356760500282684,0.21584054159574273,0.7266952893125596,0.18607620264806607,0.6800239222009437,0.2271644655045325,0.7075693498697982,0.23211400827721052,0.7383883788142303,0.22268711692818421,0.7632852032797739,0.21857814055157054,0.7802427654755698,0.20612340824304531,0.7557511032318154,0.20515901194840636,0.7887883290048798,0.20341770416733151,0.8044630075061745,0.19965143229900084,0.8172984668769736,0.16957837876060572,0.7533339701978925,0.17157578636119986,0.7836327852703167,0.1849081732630325,0.7747159345084396,0.18991378076312065,0.7624361019287615,0.13892378022544394,0.7454699536000233,0.1413424924197748,0.7727112182976515,0.1557160064728531,0.7661725452161404,0.16070452638357102,0.7549241650647185,0.11628235221087008,0.7361959281300696,0.11828461280898356,0.7576597472208422,0.13060237944151687,0.75486709692303,0.1350830414282168,0.7460302489053279,0.7652647619203803,0.6968109503269555,0.7174158944960104,0.7102421360226887,0.702821374367085,0.7370053007617448,0.7012135094350596,0.764778965456191,0.6923212878775639,0.7859487049469174,0.7590234920727332,0.758767248372314,0.744297990321444,0.7933586282109386,0.7294918377349211,0.8089674182122857,0.7188151278075501,0.8203045531488583,0.7862201561308639,0.7640343708680444,0.7665827875460467,0.7985030847269694,0.7436925912669143,0.8095530505601438,0.7274739996623683,0.8148699292048189,0.7988466163167995,0.7651001915124734,0.7830489909968772,0.7961290254139674,0.7610243064938491,0.8056722130190437,0.7443670696422993,0.8098653768394545,0.8018454028020578,0.7643781445056449,0.7917473361198615,0.7892815555158523,0.7749099044556538,0.7988722293061599,0.7604569655003718,0.8028117717753736
0.5193798925479851,0.17455585651498046,0.5441153131317172,0.15792936950901176,0.560768925251215,0.16124307679201563,0.5771711193177985,0.16489675987746977,0.4923317233545239,0.14990014182497763,0.47408653783718685,0.14827626848674563,0.4567511022868711,0.14723245730954054,0.5981318166775438,0.18661327897922245,0.41892828542024,0.16163744627772064,0.5492485324684577,0.20837833487273622,0.480343407607976,0.19741691643549575,0.7141414171648123,0.3629886795483657,0.29024526864718386,0.30269902241862595,0.7395588982878183,0.5655011572333456,0.19986841097553637,0.4920060186767423,0.732250730726834,0.7299942825147185,0.15810810193840708,0.6517951702631881,0.7450581171944181,0.7865893501539958,0.1158366648377791,0.7026446106707118,0.7068434142401288,0.7792883068129627,0.15989889829615622,0.7114254254847652,0.6935186667184327,0.7600946889068456,0.1837685974486406,0.6971766127670923,0.15929869299962007,0.6474658574671994,0.19760764913912793,0.6787021286058885,0.19923169377707922,0.7099077052444749,0.18617798414555242,0.7333652880302524,0.17953408684130412,0.7496165338151777,0.17122431116426784,0.7253180125283883,0.16670284803445073,0.7577851035826151,0.16349676983379513,0.7731271318087992,0.1583695434548439,0.7853412560546585,0.1348504989041801,0.7187176560696192,0.1341903354934828,0.749093457109656,0.14867678012093233,0.74184848008446,0.15484830609752365,0.7300750100964245,0.10552178742305696,0.7075987050842587,0.10568926912826432,0.7349440654929253,0.12071360533469627,0.7299728961021914,0.1264736976799794,0.7192036449454811,0.0839031948946169,0.6961839836238606,0.08410215536188037,0.7179737099896715,0.09636803896255902,0.7163017417222297,0.10128545051520338,0.7079535032984969,0.7338332547543185,0.7247583012027955,0.6846200188287968,0.7330730528332207,0.6667161125833309,0.758196479084875,0.6620228016566608,0.7853569532679131,0.6514409189097479,0.8054021827619429,0.7210169833111475,0.7859330160393649,0.7026291076070132,0.8184955917431059,0.6857843605404245,0.8325145942257999,0.673389934114621,0.8425309758156923,0.7471045793149463,0.7936611713129561,0.7252443030424786,0.8258977055047882,0.701480608293485,0.8345227682222967,0.6848138811348871,0.8377636080315598,0.7593999878848658,0.7956823853056543,0.7418725781956368,0.825059477388242,0.7187733315602056,0.8324464414908193,0.701404961147236,0.8348689654994922,0.7622478895354234,0.7949641876136554,0.750092310262563,0.8188777110950441,0.7322387882270376,0.8269392987380113,0.7170768546222366,0.8296520478283586
0.44772065932373784,0.1740324945846086,0.4665993172747808,0.15062476114873558,0.48343478328374506,0.1488691230624823,0.5002456558357231,0.14749132647542684,0.4147790860525841,0.1581873524568086,0.39679329765343996,0.1620001405556836,0.37986227818414786,0.16616730212489642,0.5275370166753216,0.16211214916813907,0.34811347218602173,0.191360579170934,0.48637813615802084,0.19762827754343473,0.41732846764811965,0.20768781631654343,0.6911533455502498,0.2959341107014639,0.2666630391363781,0.36487422376231105,0.7755378841864653,0.48331301614680444,0.23763346106919775,0.5732638035437829,0.81681022533945,0.6420364605272327,0.2454984367981008,0.7380556865095946,0.8461123582230405,0.6918011523162776,0.22019513114426525,0.7990056410959029,0.8074871154395616,0.6962807772161838,0.2647749506744314,0.7942537579964246,0.7891153496055365,0.6818828196151951,0.28275055024929263,0.7735877109256488,0.2452176402399133,0.7334076425190026,0.2913605075358303,0.7519156544273631,0.3020722752200179,0.7811164434230036,0.29648788132872017,0.807350158463924,0.2949004356240726,0.8247416109602539,0.2801695639506714,0.8039784302705977,0.2854713839648677,0.836392609086417,0.2869349672962742,0.85196404704396,0.2855509171270654,0.8651700641288964,0.24347865203600483,0.8086481164146988,0.25175767798873283,0.8378631442396899,0.26342070355793235,0.8266674153782132,0.26583765967860884,0.8135191031299874,0.21209050843833133,0.8068920685655975,0.2204713756504884,0.8328675318263906,0.23324681724641888,0.8235917025684353,0.23537982905866567,0.8115125256161824,0.18799767610700863,0.8024850203397262,0.19496087328167555,0.8229508838354127,0.2061601106430732,0.8175999100421103,0.20827110480487265,0.8080652843423095,0.816799661535468,0.6355670285282604,0.7725424497907543,0.6581449240381536,0.7626597845764227,0.6871310410360326,0.7661839902324895,0.7146646537844814,0.7620900159124864,0.7373055627553022,0.8227587095405193,0.6977549814740618,0.8146313956379343,0.7338933328302226,0.8032680684863127,0.7522387067202327,0.7949747821796094,0.7656589995718648,0.85009990702793,0.6976570248551637,0.8383965785213267,0.7343967965425284,0.8189792963647358,0.7495555468458126,0.8045295057092955,0.7577305418054069,0.86263906072702,0.6961425495100556,0.8541151804855254,0.7288859034005071,0.8350634416767034,0.7424960793112949,0.8197650021768557,0.749852936662205,0.8652963478085103,0.6947107724082654,0.860567012392737,0.7207828112957871,0.8463000524005505,0.7335319286435753,0.8330009111835568,0.740409802876867
0.46601509450663703,0.17199782560726554,0.48701405527027836,0.15015447890944034,0.503917602251073,0.14977418602785014,0.5207648703075896,0.14977380771747528,0.4349771647128434,0.15353684437826376,0.41678575572694937,0.15589845866118074,0.3995574805190468,0.1586962531341241,0.5471408293014485,0.16662157138537737,0.365951860620982,0.18124415031841754,0.5025051091524241,0.19865408039271815,0.4331800198486272,0.20312257737637782,0.6995871937274986,0.31295481505109846,0.27030489801040647,0.3476923465943579,0.7686458143373451,0.5064352171668036,0.22527358936510383,0.5533794030545045,0.7970474033226793,0.6680396501161733,0.2198299995748595,0.7179616744995159,0.8223636068194629,0.7200163521060986,0.18921757561872482,0.7766793373077425,0.7835680851479563,0.7214078487117109,0.2339146304890273,0.775499199393396,0.7666101350265782,0.7055264883742389,0.2531244978325555,0.7563875396891122,0.21975080633199923,0.712927707203735,0.264522861629255,0.7349487306330423,0.27239478166142095,0.7653888709696843,0.2646984216518724,0.7913217136432052,0.2621023143256609,0.8084469306089903,0.24938029592251637,0.7858857579326133,0.2518671800953092,0.8194107352044742,0.25175144651879766,0.8349898602865617,0.2490847315826014,0.8477933055965547,0.21245548777572204,0.7877912329122299,0.21807611770383506,0.8179273894370009,0.2304611463456167,0.807501704403564,0.23394010513474378,0.7945731203051871,0.18102748678018626,0.7837021069744197,0.1873003944441307,0.8103446581193146,0.2006755575672674,0.8018610388987106,0.20379930829208182,0.7898038361221736,0.15722980481098614,0.7775234811081119,0.16269870664239783,0.7980198279498052,0.17422486700847872,0.7933892086549161,0.17723148646879028,0.7839270543874548,0.7957380281140977,0.6620055040843078,0.7506761952671497,0.6806168769379495,0.7393806061401638,0.7085895938837063,0.7403151936423615,0.736423792907593,0.7346548902839622,0.7585992958636514,0.7977994201475949,0.723522754779035,0.7876392291115033,0.7600448880727695,0.774362352269376,0.7774922386379126,0.764395554263219,0.7899745765474647,0.8250709337756712,0.7250801544020571,0.8110894506164158,0.7623133427647735,0.7894071447047321,0.7756650632956636,0.7735961093914173,0.7821734463050344,0.837697988439518,0.7240779503743002,0.8278736979850043,0.7572276213655778,0.8067024394435817,0.7691511598362433,0.7900202187150276,0.7747607249172734,0.8403382142711666,0.7224183239350801,0.8351015865307319,0.7487955306016558,0.8195416156396095,0.7604889520271896,0.8053018464813568,0.7662044929455522
0.5359215904771555,0.17749468029176296,0.5628440133344572,0.16291241420122043,0.5791212823939369,0.16758761574199074,0.5952827808512052,0.1726125236445094,0.5119473479653659,0.15061964691482888,0.49383718211111055,0.14747728350226963,0.4764909368896971,0.14507429331127009,0.6160221392431233,0.196708107037578,0.43857192650152765,0.15688139051561828,0.5632516957628746,0.21386540391022887,0.49525590920092033,0.19751113459965636,0.7183860313411252,0.38163001780003725,0.2974280803451562,0.2873640935518542,0.7269825115149848,0.5868540298342231,0.19403060698486702,0.4709392595946993,0.7060916911805372,0.7497928523334438,0.13992087158319927,0.6261309159038051,0.7149583384557503,0.8069906782119742,0.09297632791105853,0.6729600603344359,0.6775285089357689,0.796780044743543,0.13554165795525247,0.6849985533533567,0.6662557574471041,0.7766049431395331,0.15920118228509378,0.6723978221727835,0.14166221623954833,0.6204155762296314,0.1780575112711909,0.655228125453416,0.1769678527993167,0.6868219498102,0.16196896052374782,0.7092690850089718,0.1548660828105639,0.7250775695103688,0.14795616953422996,0.6996488345257412,0.14025338774679635,0.7319407682859487,0.13545420828297633,0.7465672879471885,0.1291974423034764,0.757878825798652,0.11214804069299117,0.6903519671872226,0.10899946793043214,0.7208029655559793,0.12442643685510701,0.7150880866814403,0.13201737568269856,0.7041314793168725,0.0833939120123085,0.6770463082209051,0.08205209751744358,0.7046993734620266,0.0977772391074736,0.700939799745224,0.10465525093890954,0.6904808418139072,0.06257747015708442,0.664025112152385,0.06209001134362152,0.6853209078998453,0.07472641752386727,0.6845462011741188,0.08046531853460775,0.6763508677309589,0.7087230829107308,0.7424544971627225,0.6589987885304134,0.7469056552134019,0.6390247950880256,0.77086138740294,0.6315068950715841,0.7979289672467238,0.6193329084502558,0.8173127206065078,0.689242029187938,0.8017724575788672,0.670142200499941,0.8335379418498642,0.65253560155678,0.8467934305824103,0.6392258534083816,0.8563880055578234,0.7150935531685011,0.8112863636186581,0.6921943257978688,0.8426068345880474,0.6670953528668148,0.8494544100612921,0.6489731476297345,0.8514591428945073,0.7278243370521686,0.8141058273994694,0.709956290869028,0.8430753084704828,0.6855120680728299,0.8485472503475604,0.6668248001346266,0.8491396056606277,0.7313133377360954,0.8134064303361088,0.7194879160791927,0.8374528309404603,0.7006987389857886,0.8441451572347785,0.6846349971596075,0.8452304514312379
0.5177545143281411,0.17411114076677137,0.5437313882780667,0.15751160672885683,0.5603801593913185,0.16099341323206154,0.5769252768827887,0.16483701547231747,0.4914610953743739,0.1489503102861986,0.47306988007759554,0.14716320854233095,0.4555548626619759,0.14608131193912427,0.599854980609546,0.18746054224136635,0.4198872501538815,0.16084041262999488,0.5481542712614803,0.2084818313191033,0.47838999312230734,0.19719442894418754,0.7158488236742171,0.36431025251224153,0.2884285473722293,0.30131692021390794,0.7394112704785237,0.5683100733686421,0.19926742432875139,0.492826000007654,0.7307236453327786,0.7325784724028834,0.1564196766699789,0.6509360702285469,0.7440250668328134,0.7891223587515754,0.11305621726079418,0.7009541145507552,0.7057529424093858,0.7816535781735724,0.15595951324022883,0.7097451189490567,0.6931962403334655,0.7623625032684199,0.17813268482751055,0.6953609236275893,0.15915212659409472,0.6450470109471955,0.1967957687871817,0.67748913797635,0.1977304197599084,0.7090787342386314,0.18501200728052652,0.7332131167490921,0.17996854510890015,0.7504537758321912,0.169858398294307,0.7241478433846152,0.16392414432107705,0.7558502718644109,0.1604477512397957,0.7705622555748519,0.1551748913109539,0.7819688203583582,0.13385846219195602,0.7172193710342323,0.1318082918023042,0.7468194145965743,0.14661500192187799,0.7401528888979569,0.15354826767983704,0.7288594617665156,0.10453453114015904,0.7060111270367542,0.10414744053930486,0.7325516179112798,0.11926732363914616,0.727926123583201,0.12551134883682402,0.7172942496678332,0.08286479778800954,0.6945568951664722,0.08298912517516394,0.7149736161778841,0.0953789995541327,0.713444440800728,0.10072560558281213,0.7051868613476954,0.7314549915030077,0.7254224482032854,0.6826661147435671,0.7335674431618464,0.6647528484211536,0.7585006872601052,0.6595020718401263,0.7858804254840316,0.64888139883546,0.8062433263754396,0.7174584776056592,0.7847381161040314,0.7004331112027204,0.817583019322097,0.6846991047298481,0.8327912241629081,0.6726379331336296,0.8439930856468199,0.7441381844558381,0.7930442465569,0.7236401974464794,0.8253201450261838,0.7003755413630084,0.8350989818734519,0.6827383686016244,0.8392685861330489,0.7569798744256597,0.7956630382504757,0.7406821654791045,0.8250138317571223,0.7179901201436641,0.833028337657332,0.6997440484331373,0.8358256828151436,0.760168895586256,0.7954619185878747,0.7490312705339388,0.8193706973741098,0.731450830319396,0.8277033023992451,0.7155802208986539,0.830475796275744
0.4923489416364336,0.1713014400110404,0.5163640884774346,0.15199464090971176,0.5333329019187261,0.15369338781336822,0.5501823151603702,0.15577800431846733,0.4632683807348919,0.1490771739929464,0.4447716915024076,0.14928392265276774,0.4271993482155981,0.150143236590643,0.5753902636698559,0.17597159293189882,0.3938309671306946,0.16872822709030644,0.5263958466023488,0.20243052731631747,0.4556641035644228,0.1986660647795874,0.7098820544486737,0.3398363433099384,0.277083846899561,0.322263074215114,0.7546508454396834,0.5403673880071661,0.20960371081031587,0.5235473793983245,0.7635163744577171,0.7047304542429127,0.18352421956684234,0.6846464230235805,0.7827886560951143,0.7595780433190643,0.14568229161775315,0.7385834209905542,0.7440418825662685,0.756101485945571,0.18905154887758413,0.7427754002690459,0.7295931256977444,0.7382727872020929,0.20932282034386118,0.7260905679023382,0.18602077229185615,0.6779711111901081,0.22707555370693394,0.706354489882792,0.23158504692278903,0.7374760936331225,0.22055736583174979,0.7622666106030489,0.21585514816379253,0.7788817041613778,0.20459097519036884,0.7551802550522542,0.20261735087358435,0.7876495232276932,0.2004207969444704,0.8026269129804913,0.19616346204546842,0.8145184358128756,0.16792369629162623,0.7521488762882362,0.16992097335593154,0.7815689898484255,0.18386592214086667,0.7731818657052931,0.18921513975289145,0.7612012535537322,0.13763719916116718,0.744068394754423,0.1404000069264052,0.770515886325514,0.15485432713965225,0.7641435255527659,0.15976663614120096,0.7528359821048377,0.11492082260440206,0.7349029279554817,0.11720291260181631,0.7555359117889582,0.12902389607570053,0.7526122719610508,0.13328885214929787,0.7438297832134606,0.7638455799364513,0.6982195356625047,0.7156531755958575,0.7108815973487024,0.700340692716444,0.7373308119501016,0.6986816924078576,0.7650565224954253,0.6902697940736311,0.7863662827620994,0.7549921773492863,0.7576305382338371,0.7421706696319527,0.7919593415256272,0.7281099374264897,0.8087945808971211,0.7171433098689544,0.8211283362144027,0.7825997219711436,0.7636435809214643,0.7650566230516977,0.7974931199424771,0.7429463055478197,0.809339148528275,0.7260635976227299,0.8150824993530701,0.795676086767529,0.7655143312484594,0.7815553881439825,0.795948245803962,0.7600912484221418,0.8061861269220987,0.7426797499048298,0.8108702036479185,0.7991581675936321,0.7654589640524904,0.7900474510612563,0.790021902593869,0.7733020478557997,0.8000682721530292,0.7579838945702031,0.8043809877924555
0.5255978125019678,0.17385083012057403,0.5517971442234685,0.15866711049349033,0.5683517103015895,0.1627806003492145,0.5847280990491341,0.16728950225576836,0.499851589543501,0.14851822488509775,0.481748427939388,0.14627382557144913,0.46428847478395024,0.1447749859739042,0.6065685882718675,0.19105879271308507,0.42821715903617064,0.15867222037833167,0.5549082833282399,0.20928700829876956,0.48586473152629683,0.19570919287814298,0.7171878653961854,0.3720052654033001,0.29110133089680723,0.294268493743833,0.7335335793052001,0.5769512894303751,0.196520268810221,0.48350648622979575,0.7200434731785769,0.7411722810779069,0.14793581636310527,0.6402703944946019,0.7315851733413111,0.7981729360137184,0.10267874581117764,0.6885342618329766,0.69349181343771,0.7892774894588059,0.14501851521766534,0.698686433390673,0.6816857849471696,0.7696150274591398,0.16720559308638472,0.6849216134419359,0.15103578281221924,0.6340996840964078,0.18744518061357335,0.6680515029482994,0.18786698757504994,0.6993916188010623,0.17479755554304,0.7230166243549514,0.16852386581416046,0.7399766227136011,0.1594099724560591,0.7127032869672669,0.1536179495563641,0.7441245169021384,0.14966977983377266,0.7591952379147606,0.14358923452392408,0.7711568007876111,0.12333697574013025,0.7050544817550839,0.1214906200085974,0.734861726690772,0.13575715723422682,0.728439000012631,0.14208969053186776,0.7169560789737797,0.09422131129394845,0.6930816256309102,0.09360672453761826,0.7195069567040777,0.10828471339296636,0.7150746457074719,0.11426716720982372,0.7044263166103845,0.07302533530485611,0.6808916763391248,0.07295236844619235,0.7010889097140942,0.08480721019171372,0.6994730038678979,0.08985999714078485,0.6912210528869749,0.721120889522763,0.7352284636758157,0.6723748719891125,0.7399094844347658,0.6545306978023164,0.7645994002035087,0.6472835485313546,0.7919054495597165,0.6346785940963757,0.8114941266441348,0.7041252299329025,0.7933582489845277,0.6859128195216244,0.8260107358145495,0.6700436833248532,0.8403758956161161,0.6582291281251266,0.8510105144985138,0.7304986797112952,0.8025630840872213,0.7077448494264557,0.8336479875704039,0.6844708018465652,0.8416505286708991,0.6674485624730215,0.8444242868920431,0.7434488259500772,0.8055822931433019,0.724170009507036,0.8334628185260974,0.7022294353745061,0.8403391466168699,0.6855459799649944,0.8426761630976376,0.7469633359777279,0.8056269198869385,0.73380865919696,0.828625049525675,0.7166407327967839,0.8362260514035733,0.7020749956999695,0.8386754616984757
0.48223259613054453,0.16936285169606793,0.5049980409804194,0.14990807721089833,0.5220256526732455,0.1509695243166776,0.5389349731106794,0.15246039817378637,0.4522988860490044,0.14947317585532122,0.43430481712074903,0.15061741820367358,0.4169095191922477,0.15236504719899685,0.5645444637218815,0.17191323580281162,0.38366761234716773,0.17265676737383598,0.5174636380339549,0.1987190136043485,0.4475532137141137,0.19804318736701582,0.70655238235747,0.3294929073241128,0.2734517019897449,0.3308065259383375,0.7600445603731971,0.528068506960803,0.21507011540321985,0.533268553621795,0.7772882097351848,0.6920470395249945,0.1957982353651127,0.6970217924660596,0.7989527253655972,0.7459788853021683,0.1597679489712086,0.7529687877791622,0.7597722468921513,0.7441767449455108,0.20322098228263036,0.7551537584919052,0.744641686039327,0.7270018472367601,0.22241272176330817,0.7375350737116544,0.1982087620779034,0.6914474329960469,0.23995860156281004,0.7172722706676882,0.24561102961118972,0.7477883866438897,0.23620742912530598,0.7722797019789693,0.2326271586565545,0.7889970920664975,0.22158515577716725,0.7665896310006178,0.22121411171422933,0.798650061113442,0.2196819816084879,0.8143194161406362,0.2158015269879517,0.8270433312506187,0.18455952314080437,0.7655850838178277,0.18746401278984537,0.7950280640072098,0.19980957804169958,0.7860814061085233,0.20378535950192767,0.7737093264264578,0.15357276595896896,0.7590147848221016,0.15682114328689511,0.7852463291411462,0.17030468169897733,0.7783298271079236,0.17435634199911532,0.76708099095725,0.13012772539712075,0.7506156970134379,0.13275567146171413,0.7710552417605745,0.14397289624639265,0.7675154809896546,0.14796560808296794,0.7586284320581619,0.7771953869784904,0.6861453982086169,0.7303191667918411,0.699391597053586,0.7167823135111425,0.7266559835241972,0.7149173449298194,0.7548780894005185,0.7057717105738629,0.7764914989036671,0.7705134754208853,0.746462176418146,0.7584493515867805,0.7815598428650863,0.745471436021578,0.7984137605134207,0.735906482430918,0.8108371009891209,0.7979842039098073,0.7508128024786189,0.7818202094027795,0.7852760868572217,0.7607344581501959,0.7976008290396918,0.7448231707179725,0.8037850815750867,0.8112672121997568,0.7515110019615063,0.7976969393401294,0.7822102597834406,0.7773694157365747,0.7930055470186073,0.761383752354317,0.7985098422595487,0.8148577708771346,0.7509280368319698,0.8059464662873757,0.7756765920510077,0.7903885382484207,0.7862296918313707,0.7764645646827637,0.7913508854116766
0.4383078277078606,0.17336672940081982,0.45689681778650015,0.15021210645177518,0.4739675298904604,0.14813131706383492,0.4908021225647451,0.14653509822776684,0.4053122883867262,0.1594773436433206,0.38790266315213157,0.16395205743188865,0.3711407162384091,0.16888058283682852,0.5190555363382638,0.16101677048171462,0.34223648457102196,0.1950428340702754,0.4783513564444363,0.1957132613947121,0.4096151442521593,0.20789302517664363,0.6882572598562544,0.2895648041721678,0.2627487735907862,0.37019880674965294,0.777275543211991,0.47520179186852773,0.24263754986789962,0.5795978809458795,0.824736277886138,0.6334715278587859,0.2534479784448618,0.7445617221821674,0.8560417449774768,0.6824769575503054,0.22830856812358546,0.8061860453921244,0.8171058016885739,0.6877721714046388,0.27141113754853674,0.8003674768865103,0.798988053403102,0.6736917806928677,0.2869401220798595,0.7795433735289319,0.2546984837807146,0.7387406196742408,0.3007346854965154,0.7561154158103471,0.3115872622967808,0.78478873954274,0.3060929716828795,0.8100362398006583,0.3041882357414313,0.8264148092062733,0.2926119630777787,0.8082062506200722,0.29749334613144107,0.8399339936783359,0.2988124221219324,0.855305717650575,0.2972631376109116,0.8682876157341279,0.2560041097858441,0.8139754674598005,0.2636901713488249,0.8420178683282429,0.2742739304075449,0.8308632041317849,0.2761985867124553,0.8178570622264717,0.22410642824001148,0.8130873329970991,0.23155556927272575,0.8382576559466927,0.24344646431638103,0.8288454453884532,0.24538161845591322,0.8169829380683349,0.1991954326764634,0.8089448389225948,0.20506832988044454,0.8289715066813241,0.21525183610719378,0.8234951555455904,0.21733386247531916,0.8140111811355448,0.8233390964744419,0.627599357619919,0.7791782216160199,0.6486411343305007,0.7703500395807679,0.6782941739184802,0.7740317529113441,0.7064411833140186,0.7693981666322112,0.7291248726797422,0.8278323768688038,0.6885217657592927,0.8222468984966926,0.7252575269306507,0.8125497871033647,0.7439018734085785,0.8054341336410162,0.7575646437923935,0.8557995557988719,0.6875654391671735,0.846479066495998,0.7242985395641872,0.8273534162632721,0.7395867225864281,0.812376064661086,0.7475470600465934,0.8690267373850677,0.6854992406922655,0.8626126478838056,0.7176360859505087,0.844387429750356,0.7314208623183885,0.8294831903112865,0.7391761773021168,0.8723965721522424,0.6838207215936227,0.8690532282004615,0.7093081393959679,0.8559884268296492,0.7220154620064244,0.8433342929390917,0.7290654072237404
0.43996601168418936,0.17314340267672526,0.4586119241079098,0.15019746279915058,0.475766624565157,0.14824749739649606,0.49256327269015854,0.1468003176929213,0.4070455027810004,0.15917044545629863,0.3896613890534345,0.16359272298069577,0.37286290217647894,0.1684594094380218,0.5204765075347955,0.16156312631292824,0.3438355856283456,0.1946136264345221,0.479865658761971,0.19571035129229614,0.4110832081731505,0.20758955301238494,0.6890791802919429,0.29100473288460826,0.26287476745733485,0.3686262566457715,0.7767346671867608,0.4774533909094758,0.24143828247113622,0.5778611471776759,0.8233680806833117,0.6363156104498044,0.2509484585236278,0.7426693810505329,0.8543688771948184,0.6854498726921713,0.22537271181723245,0.8043011024995147,0.8154374405563924,0.6904051716451036,0.2684817788223005,0.7987384990552692,0.7973998060255258,0.6762186321585377,0.28410344152017064,0.7780654871605657,0.2516572574015475,0.7368346398108399,0.29749698522532153,0.7550114788492219,0.3082095582429285,0.7839477957983891,0.30291482190644453,0.8090857671037331,0.30158734183013847,0.8252620726854712,0.28939299576122457,0.8066352618003139,0.2945818526436244,0.8382787857142211,0.296116220573048,0.8536375640311753,0.2947376263307633,0.8665347971922833,0.25275584876807056,0.8120537680001747,0.2601330180763639,0.8403641905711475,0.2708872770943076,0.8292302695387873,0.27291300681379327,0.8162995424547568,0.22101377104926095,0.8111722017890246,0.22858962159267077,0.8363947816723236,0.2408706193485479,0.8269328101127035,0.24288170168221102,0.8149713504793665,0.19640861093910472,0.8071591754326957,0.20209175463230716,0.8270797390431559,0.21241410456739562,0.8218288539005133,0.2146199167341471,0.8123780688626052,0.8207937071437229,0.6286194019521767,0.7765379083898547,0.6508405670745016,0.7683256220470086,0.6808530988121744,0.7717836967597129,0.7087887848464662,0.7668249369714373,0.7310351708771767,0.8254623606968564,0.6905732545036127,0.8196934336555376,0.726794098000368,0.8098736857053507,0.745556179342703,0.8026980452296619,0.7594201570410907,0.853610022517546,0.6889940748789489,0.8447593752102769,0.7256175332276529,0.8258178711649762,0.741210949533673,0.8109509321574238,0.7495130000639022,0.8671321362397959,0.686176421967377,0.8616978671625934,0.7183085187296014,0.8431745266554591,0.7326979002361548,0.8278362276352225,0.7407466369441804,0.8708394892418732,0.6836624415671111,0.8689651645733618,0.7090128239699055,0.8564915930829199,0.7221060644250861,0.8439541083702427,0.7295796844539344
0.485378284104227,0.16960179479626647,0.5079357198055429,0.1505853615629137,0.5251944887101984,0.1519541101607606,0.5418918765049558,0.15374818231424403,0.4556853562555079,0.14961733904892693,0.4378271777789493,0.15068682463107608,0.42041342340156684,0.1522899077721761,0.5663210797134548,0.17357430980292687,0.3869915163749932,0.17248808229894125,0.5203104789451386,0.19929502197308632,0.45053388904129926,0.1980493293766421,0.707633713050886,0.3325167727732984,0.2744183048121927,0.3277613420822542,0.7581840852529909,0.532313042897155,0.21365112172014655,0.5291172136892736,0.7739971028126651,0.69729208816996,0.19154867570348327,0.6923022229105666,0.7950540729119058,0.7514673514636475,0.15474915072469825,0.7482147784464974,0.7559382793824424,0.7488451899032798,0.1981684414000569,0.750812133313878,0.7408989267204329,0.7314894233188001,0.21730003094770478,0.7335546583973263,0.19280818047593612,0.6858702233309355,0.23498018738192314,0.7125334363774818,0.2398683516741395,0.7425363714927103,0.2271765669251783,0.7644185755875408,0.21789367295496176,0.7774620013386571,0.21754738711855787,0.7612075878274529,0.21753814925646736,0.7930180011700423,0.21642592368146968,0.8089798851193887,0.21254882533389408,0.8216811078194632,0.18069854924494388,0.7599170799867674,0.18361019495748598,0.789642303208183,0.19624943514908244,0.7809061887477096,0.200274862746544,0.7682385412800423,0.14948379227008302,0.7532129514303958,0.1530119650124262,0.7799285102845825,0.1670189551991862,0.7729131489742991,0.1711038623409077,0.7611168041679455,0.12604572852798396,0.744692433148139,0.12779365403601134,0.7647888556518694,0.13889759345579022,0.7616184117270064,0.14259528480467037,0.7526423560021751,0.7734629370189099,0.6889846852271786,0.7256739158727998,0.7020452965800463,0.7115368529008222,0.7293601516012365,0.7095162415939882,0.757630404885967,0.7006184652230281,0.7793800208618656,0.7662312976493004,0.7499823494589071,0.7542009978793588,0.7849826982351281,0.7404467985125313,0.8013586442069551,0.7300361025200431,0.8133090616188758,0.7941632160269344,0.7542252047752709,0.7778831520039706,0.7887651261042044,0.755943416497523,0.8009978463806326,0.7390559184579428,0.8065083995628634,0.8076954290020697,0.7544142725238614,0.7951845576191077,0.7850034942067874,0.7742188804983869,0.7960780630200492,0.757201286283568,0.8014738590583435,0.8116541167084257,0.7531557617826199,0.804399438364793,0.7778262864057803,0.7891405666659898,0.788540629552323,0.7749243782236461,0.793553371488645
0.4340911372658126,0.17439405464352295,0.45180206310766796,0.15105138288296888,0.46898537535672047,0.148685418239902,0.4855988755744031,0.1468756359458161,0.40081946304288896,0.16128943814193536,0.38365359317400427,0.16617398772757652,0.3670150472876716,0.17146495036523762,0.5133750513578947,0.16107996637044936,0.33870589428791054,0.19838777351442727,0.47456850628583336,0.1958120910074878,0.4062350356406794,0.20961749988954193,0.6862533404393458,0.2858882325647826,0.26177548052663646,0.3741395012908655,0.778347231612444,0.4706446838049187,0.24567563945654586,0.5839574276519438,0.8292590520619304,0.6281271074176555,0.2591823492782218,0.747778637240722,0.8614872789496683,0.6765814548465002,0.23540055226763681,0.8099838475455916,0.8228414961468524,0.6822443200757269,0.27844287186353844,0.8028716643687055,0.8043061006548287,0.6685195466179239,0.29330109684777983,0.7822591074285845,0.2596992301916953,0.7387087918188744,0.30757066458017734,0.7552731757263764,0.31862943185316434,0.7831908576294602,0.31003597288213064,0.8073112801668278,0.3001143747263988,0.8227070184937568,0.30499783220579657,0.8052594133238782,0.3106827987630002,0.8357936116332814,0.31259681531292294,0.8525465027683278,0.3119920891488173,0.8663191805137811,0.26883808969611456,0.8130356453774963,0.27576319042519853,0.8413876373717957,0.28344417408738987,0.8300924026933809,0.28435242635555336,0.8160132709117857,0.23524227556543945,0.8141633749091353,0.24237703399508312,0.8393869249457934,0.25215371101592854,0.829048816984892,0.2530361848069551,0.8161681429595722,0.20813084151785494,0.8112871056812272,0.21248475119449733,0.8306925639930559,0.2217999075514855,0.8241171876438089,0.22352738477402329,0.8138934944345736,0.8265760298565195,0.6194100866944633,0.7821679251758488,0.642898945949262,0.7744092361053145,0.6727334671756471,0.778955628603566,0.7006310598147286,0.7751565349125882,0.7233918074869281,0.8329851022078247,0.6809663552148484,0.8283491831423658,0.7173781341852445,0.8186118157437614,0.7362335930068162,0.8112223626602775,0.7500237436833892,0.861135554401691,0.6791947668432843,0.8524906591023294,0.7158748442997915,0.8341300997152648,0.7324280115922561,0.8194338269748447,0.7415306604488769,0.8742607361219146,0.6765675161267616,0.8686407577771041,0.708802048270522,0.8508157507240383,0.7240642913840194,0.8357982630368519,0.733056262222449,0.8774980379561883,0.6745936809564109,0.8754554612520314,0.7000408139432266,0.862971087530485,0.7136696634907255,0.8502493911688624,0.7217534859913515
0.4661214739028398,0.17029085918759204,0.486638817061859,0.14949509410136919,0.5039913598788214,0.14944922984380327,0.520633918766812,0.14987424036607855,0.43472051168975984,0.1528944797471582,0.4170709312815428,0.15548231815931474,0.3998564170033544,0.15853146065669524,0.5462322749367031,0.16764731866745072,0.3682228988057773,0.18144809763323583,0.5035347217581578,0.19688026482250273,0.43388448403011265,0.201669138036988,0.7009174925311977,0.3143723039550998,0.2683644068634188,0.34494850576268127,0.7673379385763336,0.5097729859411617,0.22293057359649615,0.5496939486909804,0.7971269089831607,0.6726453967840069,0.21676433446213256,0.7129413165777891,0.8223743582303857,0.725003906018319,0.18605144091868586,0.7701990576420714,0.7834051216799671,0.7254350413782782,0.22933776683344503,0.7684712697648248,0.7669203211743838,0.709336410819876,0.24623388185204334,0.751274954796513,0.22232051385817414,0.6995608748431494,0.2662003504149757,0.723522448522885,0.2714914256749861,0.7521002560705505,0.2562954583568612,0.7732246397999776,0.23881914931055578,0.7857360078892688,0.2619930462468548,0.7700877150006982,0.2635757271720425,0.8012653694627294,0.2622928881979904,0.8193079674717176,0.25893702412784403,0.8338644415725476,0.22543854291343424,0.7731498083332708,0.22323557676698758,0.8038073281262317,0.22795750902625284,0.7935941657050798,0.23011171501822292,0.7795838175079466,0.1906638748330236,0.7702151325428925,0.19014583801047097,0.7969236374096264,0.19718683726471592,0.7879320987525102,0.19891115400475673,0.7753567437597797,0.16174494741895634,0.7637516830194355,0.16108219985817435,0.7859456508467006,0.16886280854726327,0.7802621308790341,0.17174161518324282,0.770003128874788,0.7952097081476924,0.6629975952602702,0.7477751684655365,0.6810396775702567,0.7363041983052522,0.7098268603831929,0.7374497118076786,0.7379795668529633,0.7304641333167414,0.7599085492686476,0.7930666144755465,0.7250109657176471,0.784254840568643,0.7602872108932988,0.7722721491499143,0.7780691082134283,0.7629889852597805,0.7910243505343861,0.8215525411657365,0.7265854013527683,0.8091899139902954,0.7618810197347667,0.7891673200448424,0.7763241928939821,0.773220022183496,0.783851135801177,0.8351619175749174,0.7253559557501992,0.8263376105247144,0.7567967123941524,0.8069600359640232,0.7701409804742381,0.7907704219079041,0.7774807086186017,0.8389782088587325,0.7234376847882527,0.8347908758003714,0.7486927174878169,0.8210897846895299,0.7610540147509209,0.8073510195009709,0.767818478001373
0.45263884063273563,0.17201968395325906,0.47167525079896744,0.1499366531015629,0.48895554137309455,0.1488584142644252,0.5055423663214728,0.14827966525611225,0.41999017228169655,0.1565258736581413,0.40251521219763786,0.16023565663527442,0.3855183200098362,0.16436890736735812,0.5321213635629702,0.1644768949421706,0.3553145588134042,0.18916550410559868,0.49182934521596516,0.1962961995017856,0.4224039371692093,0.20570427323506948,0.6953601933015678,0.30165126047923985,0.26522416854457287,0.35751978843067966,0.7731824367313784,0.4926739928406295,0.22899956692311346,0.560755998483341,0.8127408644910021,0.6533491957967512,0.23790885766162415,0.7157422490327032,0.8408250786015106,0.7042509240852606,0.21314782578088298,0.7766262281863068,0.8020402409751153,0.7068540371448035,0.25488998049713407,0.7709148241597712,0.7846914827984615,0.6916710544350417,0.2707877187047467,0.7545255367235006,0.2453853312659202,0.7066448913057557,0.2906719515809001,0.7251779684830815,0.2992836620505144,0.751189031677935,0.2879655454324005,0.772177047994637,0.2696161716053939,0.7851356468853381,0.2961284232093332,0.7718544162560017,0.29752825873762057,0.8027199072770126,0.29704542719850613,0.8211508789966707,0.2953616276137604,0.834860990460816,0.26117899830259783,0.7783160302097349,0.2563958615651979,0.8097173407538799,0.25773395670605476,0.8002764190510803,0.2591160137589017,0.7862672862369444,0.22505577159228551,0.7784022669504237,0.22309128430584746,0.8051435345558671,0.22785562421462985,0.7963385834170064,0.2290382937781834,0.7842897077151307,0.19350976646402912,0.7739915528662629,0.19164786225135538,0.7960589808825539,0.19767876788361605,0.7895348582220971,0.2001135470250487,0.779060862969319,0.8107814542984044,0.6447547154820966,0.7643072226838663,0.66469815047391,0.753437564339712,0.6936993514084233,0.7559316169765813,0.7219153002570942,0.7503373301913072,0.7444639613122177,0.8114501436746885,0.7060503456541862,0.8036417593083931,0.7421783368612146,0.7928875053586268,0.7605494141591134,0.7847459477771095,0.7739157392370479,0.8403751960156518,0.7061861611183469,0.8283226502647374,0.7425807287662035,0.809128575207086,0.7583063321411704,0.7940118874308887,0.7670201438296333,0.8542636750246109,0.7043615275446601,0.8454819088128352,0.73667054125788,0.8267879506500788,0.7511255792113822,0.8112821519188484,0.7594665599407373,0.8584188161704425,0.7024852389573549,0.8540131877546331,0.7281782597113661,0.8402992309781429,0.7412584028765583,0.8268703097909056,0.7486653199720666
0.5106417682867588,0.1722342038091781,0.5344618844367436,0.15507408984481305,0.5514436820239277,0.15820044566216732,0.5676379243745803,0.16162178776030806,0.4826248479151797,0.1489667630490259,0.46469110935055424,0.14837188100743753,0.44714826456658524,0.14827508324770472,0.5895079738896758,0.18374976102222124,0.4119042905726482,0.16478003691954127,0.5429341111805095,0.20550917165627214,0.4729616794694094,0.19829507381303885,0.7141107278272185,0.3565998994362952,0.2835092020503218,0.30484350897919427,0.7429480747023889,0.5608181713812888,0.19325740698360538,0.4803032915398443,0.7417198027497183,0.7260763916624633,0.1804874272848518,0.6277762942775796,0.756473481620149,0.7821409062310986,0.1500544921043318,0.6850000442164372,0.7182290938464841,0.7751255214907309,0.18960458640829675,0.6868900543550658,0.7051434046863178,0.7563065635690913,0.21005880219437117,0.674047484860653,0.1918845259913528,0.6251943081847644,0.23366116394275604,0.6532199373061246,0.237322161059464,0.6811583664354417,0.21848287744602485,0.6982960899062507,0.19454103971907982,0.7055639369913587,0.23275591994518807,0.6990322320145401,0.23116342507534732,0.7312872736474201,0.22490194928320628,0.7499152499038388,0.21870827347520805,0.7632568351086992,0.1956028922549804,0.6978683003458266,0.18415393347640296,0.7276161447187603,0.18399271889802432,0.7178645152976053,0.1878511378706298,0.7046591916038476,0.1590498162038707,0.6911328598976738,0.14822488178255133,0.7169479739779353,0.1514738888850075,0.7088228597238224,0.1563655675096851,0.6976018665427594,0.12895493149223802,0.6815481096821638,0.1205414830951686,0.703170349741899,0.12360358372367541,0.6977070880079481,0.12801076463391853,0.6885172556509023,0.7416395594966603,0.7179664141281212,0.6923355162620425,0.725356912754987,0.6741400793457639,0.7506201248068886,0.6692244159078653,0.7784083605313543,0.6591031609140771,0.7990544443551801,0.7267895296489787,0.776359774530644,0.7111988857826967,0.8100951159107568,0.6964316460158587,0.8254923842659715,0.685154625005938,0.8364583899683802,0.7545890428177233,0.7837487161793322,0.7352364867630338,0.8169807781377271,0.7128709953880372,0.8272885662180944,0.6960649983862951,0.8314262702195769,0.7684470729952346,0.7857067106744049,0.7526830147369398,0.815405980225345,0.7310429348894204,0.8242225796060088,0.7140576768187414,0.8278858824861615,0.7727758367412656,0.7851011460438442,0.7623370140333032,0.8091963054438478,0.7457247454069653,0.8182719470435627,0.7309536777287446,0.8218397278841125
0.43210738782358804,0.1780990058273433,0.44860145039820915,0.1537093121526966,0.4656467121581376,0.15087073417176877,0.4820305878414505,0.14858764414853784,0.39760854455066774,0.16574939473991537,0.380458012047195,0.1713686789340443,0.3639215330908491,0.177278805123738,0.5101741764385663,0.16195955038875895,0.3367329749765673,0.20461413091225697,0.4740857014835354,0.19839155976554598,0.40566110675814826,0.21575619337701368,0.6859979115835758,0.2822232679382109,0.2647323027853401,0.3786655958065343,0.7824872962422726,0.46379139052430246,0.22637464606922647,0.5628526935964694,0.8373409265050542,0.6192826097292727,0.2833553385078157,0.6958217424040183,0.8701878596265537,0.6669559796983157,0.28496107004772275,0.7551297831110634,0.8316747363983902,0.6732616314481004,0.3232620505735707,0.7400370003843832,0.8131788190501084,0.6603260758061527,0.33535522851566846,0.7199628149183637,0.29422056573779154,0.6874788253646076,0.34036678518224267,0.6938900138394275,0.36417663794588406,0.7143507798239357,0.35654718825561726,0.7369384166038131,0.33960084839786453,0.7536738242462748,0.3611382537417207,0.7387701326518799,0.3766036164205707,0.7673661237304781,0.38119471738790783,0.7847456274564351,0.3832625718159762,0.7982712111569078,0.3275621635075064,0.751397706729673,0.3306561183857919,0.7806632706539789,0.32543854386086063,0.7695096013037868,0.32350802653651,0.7549080876837544,0.2937598588181187,0.7585086584494614,0.29595216803119523,0.7831584668043929,0.29401045487085986,0.7719336390454288,0.2939585099335977,0.7589505600861651,0.2616010121942981,0.7612777892187624,0.26172528448468196,0.7850576527848925,0.2615234800515387,0.7800135410420437,0.2623092130432194,0.7698911283284309,0.8352544030070425,0.6134624568803116,0.7913770014030083,0.6365616865033847,0.7828432466871611,0.6659961951063784,0.7876720864416251,0.6938174603340188,0.7847351557619696,0.7167980448981055,0.8411970215775302,0.6731566120581507,0.837328112364222,0.7098951517313623,0.8288249199624497,0.7292166668187774,0.8221310912100523,0.74337253629157,0.8695054611405643,0.6712631929863968,0.8608385826062073,0.7087295002364885,0.843432907533241,0.7257580498207523,0.829355570129735,0.7356694201849361,0.8829383464198834,0.6689409845620948,0.8765418409265785,0.7024172032540829,0.8593068563878907,0.7177568639145133,0.8447314508470869,0.7268330478443668,0.8867169422477226,0.667340278423216,0.8838379206509805,0.6939272706293538,0.8708006050594268,0.708230660898113,0.8579157210712844,0.7166001066209366
0.4661261889385076,0.17247187582455697,0.48606384466619446,0.15063935827036232,0.5033723770702943,0.15036957135765322,0.5199108537743812,0.15056643861745034,0.4336994783474195,0.15502602430705753,0.4158533559527857,0.15807356410908052,0.398620800507698,0.16145211123868675,0.5458069716619643,0.16804039944270263,0.36789592243129987,0.184240714181091,0.5048292737747618,0.19885684463106668,0.4343608787948493,0.20601050468818738,0.7012386094143676,0.3135743054874801,0.27125762996438896,0.34422850751230905,0.7691532435929789,0.507407595282861,0.1998877401951047,0.5167362822276966,0.7998264720634162,0.6691648776164706,0.24457868536116384,0.6567964443324179,0.8249799723170417,0.7211898278909354,0.2399227396170044,0.7149448999211165,0.785925964577429,0.7215031661823965,0.28017066256582385,0.7055594973714372,0.7696352556621916,0.7060873563484364,0.2942785846540845,0.687192204941804,0.25091599503840123,0.6497532954038525,0.2983924855023923,0.6616787291566313,0.32018362179247106,0.6848340007111355,0.31235679838536445,0.7061479509020058,0.29531871094169393,0.7204348381184892,0.3106012642803696,0.7118746728043268,0.3226164482543985,0.7416796504499517,0.32491624374189054,0.7614547295424137,0.3257341164046731,0.7767713885907066,0.2762464511321091,0.718943774027568,0.27807894434014924,0.7460612366408172,0.27543522575003454,0.7356523896476045,0.2758638904072721,0.7214830045417535,0.2421226069182157,0.7199458293428203,0.24342115212337836,0.7429350203961151,0.24352778116888757,0.7337235822353749,0.24565742632497753,0.7216731601962524,0.21023329371585792,0.7168757694256915,0.20520120729192476,0.7412361624823586,0.20491461265975525,0.7433275749265726,0.20761563608658246,0.739289068610377,0.798856139954417,0.6637999502390282,0.7516094724809359,0.6800115987816202,0.7387672329799395,0.70795831974404,0.7393038711355301,0.7361082639105426,0.7330268924813799,0.7582493541185917,0.7953417485745297,0.7241673607459218,0.7861418356862222,0.759724766185363,0.7745776461023748,0.7773576035783609,0.7656889033766383,0.7902327594231959,0.8236521721891059,0.7260511612978169,0.8101149941358725,0.7614966480505896,0.7903957725157711,0.7758861869047806,0.7747585236005607,0.7836411395533942,0.8373975723456275,0.7252309111931026,0.8268930821556275,0.7570001675483743,0.807614158520092,0.7700572358214615,0.7916891620435762,0.7772314594299317,0.8414389570213539,0.7237529658011632,0.8356913877741263,0.7495241869970894,0.8212535903390006,0.7620278388433914,0.8073632408242125,0.7686758411103637
0.5069387844005093,0.17184796268405744,0.5301708997117578,0.15386936000225016,0.5474376608992159,0.1567688701294393,0.563750701683973,0.16000082391959794,0.4779333836470007,0.14880098066555636,0.45985618903817965,0.14864054679082744,0.4423524826458298,0.14887334700126761,0.5863992976997621,0.18202113483199378,0.40867397067352473,0.16576093990940932,0.540590556656434,0.20494466962610125,0.4699633945201892,0.1991637015830348,0.7123480108667348,0.3539423879965824,0.28562686259343306,0.30439453920634785,0.743912487302271,0.5567052926262229,0.17601875435701592,0.4577486512564063,0.7434662675287023,0.7212557742558926,0.21470142257479202,0.5847140787694722,0.7583862481486809,0.7768672181592442,0.2125702560918779,0.6388405383460909,0.719990616531265,0.7697629542704826,0.2541985229725674,0.6301285161880326,0.7069263454305101,0.751755847625432,0.268217883424005,0.6146463515992284,0.22740312680699276,0.576969012065655,0.2733759559972536,0.5974689440688922,0.2931088313552631,0.6267857272191962,0.2875192773905485,0.6510845746222228,0.2770867641796385,0.6658069604424453,0.29252547046691263,0.6480280351432224,0.29827663428765594,0.6835347652277668,0.29682021081188636,0.7039605766465131,0.2957503757912343,0.7190970102378852,0.256928779647737,0.6493991646152413,0.2507871257617671,0.6752306761005147,0.24748780890934063,0.6628149329369681,0.25000194448435153,0.6497119051193774,0.21975501063394326,0.6453922685770069,0.21681765809289616,0.6664433899790969,0.2158113594864841,0.6549900862703104,0.2182382456824371,0.6431852334708946,0.1856206586931643,0.6377976942564325,0.18522409996522937,0.6564810275995607,0.1860872190292634,0.648400314015273,0.18804116144029948,0.6385003152640804,0.7437912007152144,0.7171482558813338,0.6944739690612052,0.7234901387485603,0.676137638435727,0.7486601420338486,0.6710722682231574,0.7764548792208918,0.6610208685350824,0.796922782303219,0.7287558384770937,0.775472089779307,0.7122934142278432,0.8085362301825596,0.6977742841014419,0.8237700877114829,0.6870438986819191,0.8349275033692176,0.7560571734939622,0.7830809253681728,0.7346056390249923,0.815006544176453,0.7121637121160272,0.8253452182968659,0.6955660233191729,0.8302827628501737,0.7695472932290115,0.785320771598767,0.751845244361129,0.8143537536022036,0.7301967576732306,0.8229725984074421,0.7134864347767418,0.8267084258142279,0.7736467258484463,0.7851086641927074,0.7616664513098609,0.8089328116089574,0.7445606278702406,0.8178458475565078,0.7297503284925714,0.8213286807537947
0.46833439401542076,0.1732478204272681,0.487953903400881,0.151192545800276,0.5055983980583618,0.15097125012961987,0.5222807808485036,0.15126651243820124,0.43543694570128477,0.1555972517711245,0.41751439590066,0.15871507526737955,0.4002863484719783,0.1620790114110677,0.5486382733721157,0.16899711132531395,0.3707380236425489,0.1844933626061873,0.5075552319192573,0.2000735265717902,0.43688538277002303,0.20699180505964881,0.7024191105641784,0.31649170683324696,0.2739825643315875,0.3416592038833234,0.7691823673994477,0.5104105308334487,0.18859891112074034,0.5120309460801995,0.7969998909872231,0.6724313164508462,0.2574176679143926,0.6271323994695577,0.821158215077511,0.7245409338353959,0.2673449321814025,0.6807187889781388,0.7822435986130076,0.7240902651484542,0.30728989141903235,0.664534016369523,0.7663159865083978,0.708726607511933,0.3175064056646276,0.6465735461274701,0.2660102750422859,0.6149556634751708,0.31506316665022904,0.6272137588489641,0.3440642535546655,0.6519283901348031,0.3470555191491489,0.6755263381002115,0.34382676655304084,0.6925309951580404,0.34054875073767166,0.6760296090181273,0.3532507966804842,0.7071701426277538,0.3552587442830311,0.727558947714451,0.3559953990214566,0.7434799655321986,0.3082998319269733,0.6835771896090714,0.3051101378029158,0.7088560707970648,0.3020886258175636,0.6991916566423966,0.30229084689412095,0.6862091750470172,0.27336692197759677,0.6857552132593614,0.2716087610705137,0.7079460914333882,0.2700605071635155,0.6987151753260396,0.269968328638282,0.6865590676186143,0.23932017935988653,0.6837031270619056,0.24021544870175388,0.7038296437662898,0.2403474542418222,0.6966329867020715,0.2400629736508283,0.6856759092124562,0.7950442939086839,0.6686527815277692,0.7481234724382207,0.683858132272098,0.7347378831590511,0.7120785502322368,0.734524551414916,0.7402967420894093,0.7289684262736977,0.7622086006131492,0.7913039379466351,0.7285176147704271,0.7810353072690186,0.7641125244738374,0.7693124593599988,0.7816476535750035,0.7607134932267305,0.7945697985564285,0.8192922420014142,0.7308736630007331,0.805303403586791,0.7662922702379269,0.7852889396012932,0.7804879873293608,0.7695522279503229,0.7882160895746841,0.8329560893855719,0.7303848940767328,0.8221960792437435,0.7620136806796624,0.8020638927393096,0.7747463211822969,0.7855364862517091,0.7816369999528796,0.8370538418477762,0.729214589083611,0.8308064106752673,0.7546758795728568,0.8159470387917047,0.7667921457275897,0.8017780681338078,0.7731631574243655
0.4767972284799743,0.17407542817932,0.49778309659389813,0.15179024047091536,0.5154409466312171,0.15222423490281722,0.5321548453303122,0.15314677235647384,0.44482696515727843,0.15435543199858273,0.42676935625263906,0.156763037433867,0.40962394640394895,0.15937654772861887,0.5582187668413443,0.17194845622402496,0.3806811995296677,0.17974578615889297,0.5154333218250672,0.20251507795400608,0.44401167630318006,0.2065933207958571,0.705712210330065,0.32647542212798863,0.27671759670390783,0.3315615882294274,0.7637998817274363,0.5225305866940616,0.17215564949490647,0.496810632108,0.7841929869697906,0.6858594254999961,0.30245264330016874,0.512447080215869,0.8056747656264387,0.739357725241671,0.3480872790288794,0.5496775871758097,0.7669388756944007,0.7371202820963314,0.38654583725665903,0.5393942231850701,0.7517910272890194,0.7209749979804299,0.37878560965312535,0.5274145901641492,,,,,,,,,,,,,,,,,,,,,,,,,,,,,,,,,,,,,,,,,,,0.7800801304022564,0.6825624293607764,0.7332622013386201,0.6958096235873029,0.7184008120509451,0.723152014858884,0.7168532207116731,0.7513599823783934,0.7107712610748099,0.7734845504524739,0.7738773941289866,0.7420222238741038,0.7631989404778787,0.7768312917612312,0.750697225016853,0.7936989993371599,0.74107341008093,0.8060377943112803,0.8020151293876818,0.7461065826256286,0.7867986814162489,0.7807757402496633,0.7659610456785659,0.7936614331454139,0.7497272187264685,0.7998085961174266,0.8161459798347239,0.7466128885518886,0.8038096458982864,0.7775201024867859,0.7835565919241188,0.7887575647495791,0.7670759477224898,0.7944386864787498,0.8209063745046965,0.7459586510777567,0.8128340713131442,0.7707420325700639,0.7972977822861926,0.7814311543924253,0.7829555327134611,0.7864757052251072
0.4637810483703581,0.1795386840993204,0.48323539947706795,0.15463566208800839,0.5006621201285775,0.15374858615496034,0.5170154064985054,0.15324222470507726,0.4302554230102811,0.16087859315715491,0.41233054946183256,0.164369954336137,0.3953894499853768,0.16791715282106218,0.5445615665078222,0.1693838010629168,0.3689222051274269,0.18927529330681214,0.5037600258331342,0.2057479299720203,0.43345047993279373,0.21406116163371253,0.7005023333229015,0.31365599676817,0.2751240577770611,0.3474796743175651,0.7739946090301841,0.5048819879918176,0.17174330997301268,0.5198306201751893,0.8054716386027067,0.6666921340299261,0.3352592001579019,0.48180198750918696,0.8304314201454168,0.7188031966860081,0.3882923297767424,0.5049778676519849,0.7916735657912375,0.7191628118008415,0.42617252672815603,0.48725317115892763,0.775527889124547,0.7040537236165514,0.4119576620176186,0.4766759382187874,0.32082754781413514,0.4742438021400106,0.37243586079176844,0.46090250040000347,0.43049213048131535,0.46932025631092505,0.462445969732849,0.4876067517141159,0.4818598409877114,0.5014036924771693,0.4414602334565108,0.4685450434226941,0.4837098449115936,0.4907760667802008,0.5072628065706136,0.5087809546715045,0.5216018985868599,0.5233443246156624,0.42071756031633323,0.4858952502633398,0.465506536338894,0.504298656383088,0.4875124189780143,0.5181452641271632,0.5028207397364923,0.5288310383978504,0.3948293769485327,0.5037066157157812,0.4277940693746977,0.5249040947277056,0.4268761143057743,0.529460570374597,0.4223004463524433,0.5297261473764828,0.3655250611009807,0.5217792143665101,0.38782349688578965,0.53888777533291,0.3852534186161711,0.5390119358686762,0.3796830052135987,0.5356941667840043,0.8022581616633162,0.6636808679292961,0.7547530677898068,0.6793359587320991,0.7414092841174253,0.707890931186837,0.7420090965296328,0.736583914119652,0.7374026990175072,0.75907312608344,0.797655211049243,0.723108740653601,0.7895943479636638,0.7594983984993029,0.7778345725912592,0.7771187247673967,0.7686579696634759,0.7896998712269199,0.826298213149055,0.7257844945036103,0.8127032233087674,0.7623415729312009,0.7918191200396172,0.7762852262469275,0.7755033354667842,0.783036032402967,0.84037554198451,0.7258968735822681,0.8287483373979021,0.7583565533662169,0.8082486511977734,0.7705473729294721,0.7917026153836604,0.7766537275314953,0.8450779644478607,0.7253915513122975,0.8369472751209069,0.7510755784800696,0.8211572279119753,0.7626660706949011,0.8067476623289442,0.7682716916184091
0.453635427434387,0.18339581206741787,0.4722387474144943,0.15687535579698508,0.48959760254393586,0.1549420568555903,0.5058920566136836,0.15339606703504635,0.41902097471831945,0.16611155407286718,0.4011224840171993,0.17055931837648086,0.38440994322765343,0.17496793248077042,0.5344432210748696,0.16762980218628662,0.3602292960817578,0.1974705886392953,0.4954299371932959,0.20760002767139274,0.4255449158661535,0.21945346778386465,0.6960862164231041,0.3029933513574667,0.27551648281499297,0.36054530458182443,0.7827901022080048,0.48904325915802815,0.1715599452089831,0.5398816233331396,0.8233509016542669,0.6490969387882642,0.33861057699250807,0.45379383143871066,0.8508197289275881,0.6998240165420575,0.39793315005734237,0.46621817660043846,0.8120485018584778,0.7023735389978212,0.433504437357163,0.4465912391372422,0.795364764483555,0.6882069078708357,0.4158063883881166,0.43875487061763907,0.3304412131784521,0.47022839870671945,0.3817670341580485,0.458825461417966,0.44469389158474715,0.46139986759647583,0.48786602201271406,0.47049854872321295,0.517399967869588,0.47789879779484107,0.4462572364222983,0.45587086840489827,0.49894287314551566,0.47051441452493964,0.5152806169328126,0.480777231949955,0.5264426507105412,0.4881291312404398,0.427759070573576,0.46686313120105555,0.47363780532802446,0.48825326338270003,0.46232448917686364,0.4902111236596347,0.4512867530717469,0.4859859294483342,0.40479267871649927,0.4807816925530995,0.4420168589087981,0.502676649049567,0.4260654695127546,0.5000428118738245,0.4143699594683856,0.4926730640939858,0.3814433955593848,0.495193339696008,0.4128038294681649,0.5122177241937631,0.39837102132809415,0.507563011153352,0.38520849214740194,0.5000279004826717,0.8173898190645218,0.6460461362302958,0.7718966531957303,0.6651732816188248,0.7602135574927678,0.6944079902116136,0.7619700015119635,0.7228160658811608,0.7581310255684695,0.7452706657003466,0.8186399245387448,0.7057772958145581,0.8117656321458042,0.7417747360903129,0.8012500045017437,0.760116855617037,0.7931842718924774,0.7736166782025743,0.8471694540409824,0.7066569499577509,0.8339883365652104,0.7436671148221581,0.8136370778899367,0.7588380546327255,0.7980512251806806,0.766959520444854,0.8612063927034976,0.7057771328582274,0.850857704620253,0.7391605748355186,0.8309024748270664,0.7524014446962283,0.8149301185809203,0.75928357650456,0.8656282042212353,0.7047833026676016,0.8596915443340325,0.7309974747629935,0.844845084071042,0.7432744290037525,0.8311283742447226,0.7495348950568597
0.451934052482026,0.18497406679485337,0.47127087059517514,0.1580668512421283,0.4887367512741792,0.15600198420798964,0.5050283601984011,0.15422312593570273,0.4173455909044617,0.16786034654970416,0.3991400672815085,0.17244256563563126,0.38237209102593694,0.17691529109892018,0.5337222307043343,0.16776250068115178,0.3597480307064145,0.19921601030363903,0.4948257516979996,0.2085131816296657,0.4239279610927795,0.22109057309198502,0.6946384373380525,0.30171268393563133,0.2765540385006193,0.3621127567362981,0.7852136377402987,0.48654166799417164,0.16650582365231464,0.5430070640300028,0.8267474690742149,0.6464594168035211,0.3463317800868648,0.4164684428005935,0.8545872654532333,0.697254592759416,0.41519513850158446,0.41939575016596065,0.8157275240475861,0.7002118593352806,0.45017540186200206,0.39846438553605784,0.7990439356165077,0.686073148844097,0.4291135454640265,0.39460419711391653,0.3301949579315676,0.463464841326996,0.3717399419388786,0.45078079662632475,0.4310896159790563,0.44524176282227673,0.47993049807524035,0.44771158154080937,0.5114678434633165,0.454832891077814,0.4385044222959421,0.44009364185010613,0.5012968066007593,0.4447066727529134,0.5054198257491094,0.44612580301567184,0.5068284958966597,0.446113351751024,0.4272598663606506,0.44918290048789306,0.4815205017241562,0.46281604585269037,0.46703526849416,0.4578856937254222,0.4530142673741086,0.44997201057083475,0.4107327965874995,0.4602919220033861,0.45741872832062647,0.472948382714609,0.4392361315435045,0.4655733045708867,0.42548745073400185,0.45783273765315513,0.39288561769045655,0.47122685562641986,0.42434247351584586,0.4772568796595766,0.40645694643165925,0.47080200321641097,0.3921343341016357,0.46562955310735055,0.821182991812977,0.6438110533273748,0.775126390143172,0.663153134775995,0.7633083872354859,0.6923387046274279,0.7661738613283878,0.7205116432292993,0.762789490087465,0.7430014823605526,0.8217846742602273,0.7040013905306775,0.8154498779191821,0.7405881258512703,0.8042927962927496,0.7589613542872666,0.7954936110948401,0.772058071872762,0.8504024648262208,0.7043895128718274,0.8389161298204806,0.7422026930802986,0.8184952682903119,0.7575366454943271,0.8026057251611379,0.7657283760792557,0.8642152360104582,0.7033441774749596,0.8545155226958674,0.7370157406694413,0.8343694331314238,0.7501770567821254,0.8183917827317726,0.7569498640093137,0.8684065706728186,0.7022154201152111,0.8625249667714476,0.7289908397172051,0.8472677637669908,0.741303539177331,0.8332505919772237,0.74741697820811
0.4876459947569791,0.17558938911323588,0.512914059749,0.15369652876300283,0.5306012669633905,0.15551843271392546,0.5469278495515496,0.15733528432907085,0.45682410827287023,0.15136977447514244,0.4375264424872778,0.15179413646502343,0.4201994195248934,0.15247520258556024,0.5721716869457651,0.1767768708954019,0.3952492524378989,0.169393251715858,0.5253618000446663,0.2080045915378629,0.4519561825065387,0.2046393838212836,0.6989914854681581,0.3428067698414333,0.2794622047783361,0.3095041175250837,0.7477120414010435,0.5429825883244673,0.12661252540131074,0.4579634857890471,0.7517956687893795,0.7084995103097649,0.34003032215193324,0.3549055964094684,0.7676246789647521,0.7646488108644884,0.406852158468547,0.36704460864593286,0.7295171653977288,0.7589803808073547,0.44467422373357934,0.3541550560234651,0.7165900668617481,0.7412916632382738,0.42667778561670155,0.35003778430408283,,,,,,,,,,,,,,,,,,,,,,,,,,,,,,,,,,,,,,,,,,,0.7479774085503994,0.7040106116425691,0.6977875149050267,0.7132147394694515,0.6796347096813329,0.7391046474700417,0.6760636996666394,0.767099768750912,0.6669186597266563,0.7882459589212187,0.7342671609081592,0.7627906786355979,0.7195335301091427,0.7973234162526384,0.7049175311228051,0.8130290715021709,0.6939638111595401,0.8237849031229487,0.7627854021540607,0.7692396103800339,0.7431841268839656,0.8043382510520702,0.7199242876776885,0.8142052747751003,0.7035238658566513,0.8178190209438235,0.7769048747423672,0.771059738397519,0.7601505845229245,0.8027880464850113,0.7369158535799178,0.8104139529694512,0.7200725052690856,0.8124752655113604,0.7812385358827365,0.7707165030786791,0.7692293836199553,0.796000776047073,0.7509294554046793,0.8042152123255588,0.7359808662080115,0.8064169801752524
0.506548017345825,0.1742042629094439,0.5344113172326226,0.1557147929308585,0.5517603456537238,0.15968474799408208,0.567894933941371,0.16346335949923121,0.4785709342712054,0.14634437190096602,0.45913566380881343,0.1442356673576424,0.44196142358906293,0.142731131515389,0.5905830852948217,0.18561103538941087,0.4154665999497352,0.1563620499316359,0.5405953461475943,0.21090489993423167,0.46702229712987886,0.19832085622049822,0.6950280322096365,0.3657886385177286,0.28577974922374605,0.2812888455518439,0.7197718806135516,0.5702092579980071,0.11445518905854418,0.4048266906353385,0.7027281724768609,0.7357346930759476,0.3381600403161724,0.31819206484845985,0.7111512690301316,0.7938670105758889,0.40009757106457644,0.3351973107292843,0.6749066373653572,0.7837155941677821,0.4386779462184943,0.32762310714416,0.664455483029903,0.7642678374440487,0.42346157717722854,0.3235826180922868,0.3286970726699192,0.30846837843649166,0.36807669544827387,0.3119168443085417,0.4144671171328975,0.3368336726474307,0.4372158522594499,0.36694734695365844,0.45198789046474913,0.38924414426645815,0.4540901466986615,0.32600610935789215,0.48490745119015877,0.3615805625164726,0.5035803757472049,0.3815054028310882,0.5209268424854516,0.3969382783554777,0.4380718185874231,0.3310354376924614,0.4473619525834694,0.3705681992672126,0.4279817990101589,0.3660385234565173,0.42184151630455835,0.3564987775869545,0.415813059783675,0.3373646804946969,0.4218645559644686,0.3720577380968731,0.4037998567181226,0.3641903467504244,0.40028652173344414,0.3543681544926039,0.3907426994004768,0.34310976596307485,0.395707055586844,0.3693159945156474,0.3797116856944538,0.3629764284403884,0.3747879557178045,0.35483764952500835,0.6997155450524017,0.7298861269938093,0.6487230296441631,0.7326891276034999,0.6275279720038953,0.7563545648806813,0.620458383252243,0.7838235718730001,0.6095060272812697,0.8039467252881394,0.6782452292317847,0.7873898070102188,0.6590655732467336,0.8199379173614275,0.6429254641887453,0.8337387270658059,0.6312725859875992,0.8433439465805103,0.7057144750035975,0.7967292734219424,0.6826736972722712,0.8295391504963252,0.6582705982146474,0.8370282493553998,0.6412674471666371,0.8389635507778714,0.7197967309556909,0.799534221397995,0.7010934038118957,0.829449180008482,0.6770114136394279,0.8351958366148622,0.6595381841286863,0.8360487940975427,0.7244932739105803,0.7989400634651882,0.7115905711690523,0.8234480644066845,0.6930559869387442,0.8304606713980296,0.6776911872948024,0.8317468065286961
0.45735464894764155,0.18270948231373554,0.4784186795483352,0.15685455731265743,0.49602414316086374,0.15547104455218982,0.5124136852815683,0.1542358130928205,0.422500955114691,0.164371215860791,0.40327189900279437,0.16795593606880824,0.3864630180208668,0.17146701708518217,0.5403327683768898,0.16838888672415844,0.36510316749493366,0.19217047534448936,0.5004830381305214,0.20742599110741688,0.42648134717404873,0.21718392093322486,0.693550804831337,0.3098472166589542,0.2786767035165567,0.3489947283465356,0.7780965794301367,0.49650932068951165,0.1494243911289309,0.5160933100002116,0.810424832679938,0.6609126581652374,0.33321100259589104,0.35855682324749183,0.8348604764658663,0.7141558178079748,0.39302645522045543,0.3504185480658906,0.7979698461238238,0.7150505684958136,0.4260427209355859,0.33440222749140147,0.7825024279525974,0.6994563463555212,0.4135682075431706,0.33677587862274744,0.31582635217206834,0.3478611361327566,0.3598799129612353,0.34453775859701546,0.4122819755714241,0.35434395647610273,0.44211542888951894,0.37550543723173696,0.461797230112839,0.3928118931359536,0.4487179735191624,0.328560759828763,0.48767628181371536,0.35526854974906497,0.5114783654626078,0.3685062988686272,0.5332465937269179,0.3782271392663715,0.43435612359120157,0.3355260309728881,0.4553853321207228,0.37413558821120874,0.43306067451058833,0.37536981940009034,0.42329873066731044,0.3674960313826867,0.41453614616797635,0.3465488695710598,0.42788830098157915,0.382840066751448,0.4072735738737746,0.37985760389438766,0.40234463897814565,0.36979552987414627,0.3925984818779271,0.3588105630026324,0.4017682906395905,0.38653241038463676,0.38444385343170834,0.3834246925114039,0.37937189417178696,0.374167456629762,0.8038684517894346,0.6559461612132239,0.7570082597587529,0.6741574018623164,0.7444151662122732,0.7028665859869339,0.7456377072678626,0.7311048636131685,0.7402189958068355,0.7536066014120606,0.8029453736435108,0.7174019258478774,0.7930612277328395,0.7536425683242091,0.7816356585103929,0.771826008785494,0.7735707490757138,0.7850148892613154,0.8314833826390203,0.718671837609308,0.818218776456874,0.7563529807999456,0.7969763398588724,0.7708488548835212,0.781525627466281,0.7782479936515135,0.845421283216052,0.7175945564217556,0.8356805057444461,0.7513547390045489,0.8141939223457468,0.7635731468170883,0.7977430416193699,0.7694491875742036,0.8493452310368126,0.7160197813946501,0.8436492661325687,0.7430036465691074,0.8276688485102979,0.7546495438745624,0.8133261798187178,0.7600346900623618
0.4896570315701475,0.17670332877886644,0.5155166521318731,0.15525365548227654,0.533019794209183,0.15729884876305789,0.5492757553095831,0.1592338937015234,0.45929818589040916,0.1514608703319804,0.4397727498469736,0.15094385163344007,0.42255908807091086,0.1508279146672317,0.5736805297627847,0.1781053946944668,0.39712733107412446,0.1662891859148167,0.5267738869209643,0.20877207701642533,0.4521455063214745,0.20365539583012549,0.6951564511729442,0.34769378944469853,0.28156377000613897,0.3007738431771073,0.7406332224967934,0.5453046019230341,0.12087357358884598,0.4359125812405896,0.738343027662811,0.7151171076113024,0.3346080393494062,0.3160425563084325,0.7506643203055091,0.7725101285866838,0.39419102189651456,0.3179388086933453,0.7149659396444537,0.7658788374651285,0.43066384874223645,0.31201495904231713,0.7032072450146041,0.7473545343782134,0.41766415293080106,0.31138285615844263,0.31198119776706185,0.29743134996411213,0.3559741299953159,0.3016166483222843,0.4062259710554498,0.3217952926723116,0.4304890602831848,0.3496033933778209,0.44480112672439553,0.3719839495974474,0.4501922484319256,0.30556359134982514,0.4815127765475898,0.3389342228155405,0.5016292509683501,0.3565029868709981,0.5209196618195014,0.37047310345939993,0.43706210209274315,0.3083419020815105,0.4474713821625789,0.35107757242843857,0.4248965797680598,0.3481938745256166,0.41670549443742166,0.3388939034768903,0.41639988040875237,0.31377328460430004,0.41895861072966784,0.3536659011081127,0.40039056098884684,0.34697732107875245,0.39812537485046195,0.3360121698751432,0.39232557736280094,0.3200294823722635,0.39245206491381684,0.35049388697162537,0.3772030591800123,0.3446037756462738,0.3742643601190743,0.33420846442333896,0.7336874321004144,0.7094684019183356,0.6842492679749841,0.7181638411431319,0.6658089729102018,0.7438744883060615,0.6613021367631804,0.7712840309047153,0.6503688937098164,0.7917083825586705,0.7191027713136939,0.7689605412939415,0.7029208983711276,0.802372189697286,0.6881583754608147,0.8182167918415078,0.6771558083354157,0.829772185454474,0.7469774365350208,0.7768363310052526,0.7257030569627735,0.810113925178471,0.7019319570158198,0.8200463485377905,0.6845648114976001,0.824299047041209,0.7610958557057976,0.7797013332985996,0.7430565371351419,0.8098313079581847,0.7198320132085938,0.8168764167561164,0.7023485429033798,0.8189954247012925,0.7656866649472254,0.780048041970683,0.7520708840109147,0.8039782795496638,0.7332817556435418,0.8115185338371583,0.7178747263168644,0.8136881363813152
0.4850601289155394,0.17859448222292149,0.5110465621754211,0.15613785452201032,0.52853110645821,0.15768487087173158,0.5447347859963905,0.15916333896255508,0.4547909424871888,0.15353894938510096,0.43528711707503415,0.1533418243109356,0.4179323775217607,0.15351699339292632,0.5696392964608273,0.17680674369400382,0.39285007374850767,0.16921047241724632,0.5227712366488159,0.2089917690318657,0.44706746710257866,0.20593166001118596,0.6945863486864979,0.3436784098663765,0.2808055397519492,0.30416128557077204,0.7452077376321969,0.5396442666593637,0.11998827172637988,0.44321118881272076,0.7462305749878257,0.7101322145839782,0.33071248155840216,0.3157635171072487,0.7596788639389691,0.7672694420364342,0.38827564373006995,0.3138341827989401,0.7240253013818128,0.7614241820697565,0.4227922841729532,0.3055563128370567,0.7119188661658092,0.7431236802893495,0.4111387812991665,0.3061400654499314,0.31054860136514606,0.29519814700573155,0.35447389983687905,0.3073307981897604,0.40227026549284406,0.3248764283558067,0.4277279846540346,0.3480507410432734,0.4435118122409899,0.3675242922568114,0.45053309331350677,0.2994778133822658,0.4802534428230629,0.33138661019908544,0.4991266409507628,0.3481550045744373,0.5171596294131939,0.361867002848537,0.4368262761926792,0.2996885149338221,0.4459619650701125,0.3437749236928403,0.4218901529624988,0.3413384259918655,0.4129740974689299,0.3319207004189461,0.4151253397288521,0.3036387894530526,0.4202959973079245,0.34489993053421497,0.4012576047424725,0.3400702329535397,0.3979753683796461,0.3299118263369626,0.38986325197387095,0.3090180172926695,0.39303732433163197,0.34059789929700957,0.37799196288837694,0.3365686018302909,0.3743759002295642,0.32663874647275914,0.7419733504493395,0.704228333564904,0.6920236452923533,0.7142030978781895,0.6739816770072968,0.7401259848435642,0.6698826687083271,0.7681082254399223,0.6600731810486611,0.7893256857711491,0.7264487277551794,0.7637694610740341,0.7124912414193156,0.7977556629191915,0.698223820359302,0.8137222539024209,0.6872608053474155,0.8252548360047124,0.7551719777056294,0.7703516510244772,0.7382538462401251,0.8049706643088732,0.7156759785253499,0.8162647101775465,0.6982743535430003,0.8209204364728427,0.7704830324378528,0.7720158328811293,0.7569474928883169,0.8030952093689283,0.7342998818388613,0.812276241215897,0.7161817606736331,0.8158170885926375,0.7762296261117667,0.7714740410519009,0.7663309332037349,0.7964382875007652,0.7488095339013136,0.8057503944438734,0.7330241175222858,0.8092497150197904
0.4535394367068383,0.18643073316361855,0.47588244001754376,0.15921775874191244,0.4932504491114353,0.15744771091446874,0.5095713541375418,0.15588308931498526,0.42006768756921065,0.16711565686772203,0.40100993923009476,0.17051507882918565,0.38396212343513036,0.17393993632376067,0.5378078802047044,0.16793665008550754,0.3631002439065099,0.19388658016205124,0.4969895048097015,0.20900710531851716,0.421235354858232,0.22024518008127084,0.6925815290904527,0.30859975912592985,0.2786603998840468,0.34378038013926165,0.7796777671824927,0.49032969866152787,0.14474536459937032,0.5070559799452365,0.8110256580773487,0.6591145938839164,0.3274093627810738,0.3449213308790969,0.8345393693715566,0.7129614496260862,0.38280410810543086,0.3291365088630357,0.7986210216593582,0.7137805984112888,0.4132452038455424,0.3153139141692014,0.7834637031934424,0.6979486058996504,0.4029224144737427,0.3195283159072517,0.3054729732596385,0.3288873265848652,0.3518308125301327,0.33796916119131665,0.3998086965500539,0.3450458906160408,0.429124048121064,0.35879655059052534,0.44969655530498964,0.37287354305253895,0.44448440170669035,0.3040142705337066,0.4771504492661552,0.3303054089598529,0.49837874076487587,0.34372912124811106,0.5183073882915386,0.35446191854091363,0.43119125188684754,0.30462069469282493,0.4487165326047911,0.34590997428986103,0.42387519681914354,0.34912311850681466,0.4121850702719916,0.34227532110258774,0.4101140693719971,0.3114744887003997,0.4235736613112138,0.35126605115102427,0.4031054924504239,0.35187652170530764,0.39597947855361904,0.34345621325282794,0.38570747764054025,0.32092895680918204,0.3953272307772848,0.35207868097459616,0.37962030888523507,0.3527641026982234,0.37286786650674886,0.3444601119795774,0.805855146100461,0.6547588073110178,0.7585506111627542,0.67345560827305,0.746252431894545,0.7021786347077363,0.7474240210863091,0.7302935413569693,0.7412717338088273,0.7528825609344811,0.802527541748316,0.7151805852068237,0.7950951534704587,0.7521227129332027,0.7844023850931736,0.7708682045002333,0.7760483341636579,0.7844731833285774,0.8323534646040518,0.7165140814983271,0.8208494180830972,0.754982694040004,0.8002375010843163,0.7695233247840718,0.7841180228572966,0.7763368540143449,0.8473237961572943,0.7155342984276722,0.8383532434785832,0.7493834655408084,0.8179380336905593,0.7617381798204648,0.8015650817859993,0.7677764520372912,0.852161630694799,0.7139284918728939,0.846542759662677,0.740592480372126,0.831347096003056,0.7525426219701123,0.8173251535734933,0.7584376944885813
0.467301306026662,0.18429504652931156,0.4929650727271043,0.15893641765523683,0.5103785652016202,0.15890341147664205,0.5267550097124272,0.15904924461195613,0.43665350592332686,0.16105437027198344,0.4174571040938632,0.16254754092026333,0.40007645460109076,0.1641716014337752,0.5541153276280403,0.17303699635549413,0.3775596794173919,0.1815615738255671,0.5083411204810347,0.2108173466378005,0.4315729746441567,0.21422646824832345,0.6940756790040251,0.32844295119125944,0.2788820293175105,0.3187531949121066,0.7624294743866071,0.5177120545209758,0.12796785881689976,0.46605067746880535,0.7750840535518925,0.6894510132294016,0.32577831319907113,0.3273309667487624,0.7925786219543146,0.7455677101750187,0.38211972491198765,0.3168167770744206,0.7569486056327048,0.7426223503825216,0.4128986107404072,0.30626366494689533,0.7436233083893374,0.7252427276504466,0.40283901617867,0.3097016204996188,0.3074657887001934,0.3081326877339539,0.3526227480723693,0.3225545739874809,0.3991024653205689,0.33421228311866075,0.4266355418583516,0.35012876138522686,0.44433217099361794,0.36652383397737176,0.45017875300316595,0.29908884725003726,0.4776124665374889,0.3289995182044155,0.49718629118846686,0.3442262499689145,0.5153298841175465,0.35621200035629164,0.4376030038072426,0.2974683935986834,0.44726537042730125,0.33932819409876247,0.4234144444126866,0.339272255920823,0.41383503520550535,0.3301588108524655,0.4154937358615814,0.30146766993901886,0.4211863158930467,0.34175548304036474,0.40082429755842003,0.3396036609413036,0.39525557717914284,0.3297471189513427,0.3896271757801676,0.3078118199403475,0.3940812243566849,0.3392666309656679,0.37821259050706013,0.3383300633819738,0.37194119477376786,0.32932528500777625,0.7701511842004607,0.6845452597373772,0.7212861672935531,0.697958136095225,0.7057660724858648,0.7254101706735777,0.7042969277108868,0.7536871179616101,0.6961303421561285,0.7754700768809281,0.7612443605229721,0.7446772466841033,0.7493805994375564,0.7806791543206684,0.7364043996790666,0.7979898404787071,0.7266525041922223,0.8103683493458701,0.7906177510395336,0.7487952285255108,0.7749470528954261,0.7862108924577136,0.7524467975576412,0.7983432153253753,0.7356568126997677,0.8034737263669649,0.805365122318384,0.7492875266382191,0.7926842048454803,0.7824670806850705,0.7700372340160109,0.7924839085968167,0.7526596571608898,0.7965762628519382,0.8100810793962593,0.7483102633664191,0.8016583472702736,0.7747696042709473,0.7846135026342106,0.785023653308973,0.7696812743609668,0.7892533645979231
0.48167338795903536,0.1831010998258774,0.5095720695150793,0.15993541738964204,0.5268476880570314,0.16142638727985417,0.5429354234493058,0.16308923320492905,0.4533816517575315,0.15680721533925515,0.4341313429554586,0.1565622264277951,0.4166418554614243,0.1566054905468274,0.5685960995478084,0.17922391843863633,0.39232266680201955,0.17211689667146632,0.5197421091547835,0.2133074830395781,0.4433090471294449,0.2095407966923485,0.6932453324896285,0.3468167305762065,0.2816276533274321,0.2973266290470243,0.7440055227909976,0.5415302563493465,0.116411409572725,0.426501757646525,0.7402813528455732,0.7136554452355912,0.32663413184946377,0.3080452710038938,0.7523705682891079,0.7711668025631265,0.38349074935244093,0.29879068074665044,0.717204845431292,0.764894647658088,0.411610530711375,0.29079483267556333,0.7056123208270294,0.7463153604049075,0.4021792487329692,0.29510893763911195,0.31242094461677133,0.28510481288880885,0.3575796061809346,0.30760071907356784,0.40214581872151806,0.3228461056355584,0.4273950939579586,0.3394913317325355,0.44441452524971203,0.3573905260180537,0.45549534019810134,0.2897766623060613,0.47972744987966504,0.3214353811126584,0.49662970651623645,0.3387120070062747,0.5133598032809583,0.3527314970395688,0.44460307539886523,0.2856818533454401,0.4520424433100722,0.32868236984360055,0.42619094380537376,0.32605821362336695,0.41707987526857326,0.3155245460422644,0.4230817450734323,0.2868912455618064,0.4270511339301588,0.3284778297701114,0.40479160836567607,0.32555658910962587,0.39939440576771723,0.31560931379184676,0.3970178543227204,0.2910250090728953,0.3990099685784002,0.32376491504219895,0.3829074019344489,0.32321697426901197,0.3770579479056162,0.31439472321991996,0.7361079549015404,0.7073588325534637,0.6872392899757982,0.7165171026627355,0.6690892531925464,0.7427249765267847,0.6643335195779563,0.7706817414286111,0.6539138616443478,0.7916200461173462,0.7243460940402088,0.7672056295980838,0.7076616467089585,0.8009653327303221,0.6926211766854972,0.8170497662178244,0.6814391976542546,0.8289042820243984,0.7522336224828166,0.7745710756217621,0.7313967644239345,0.8088021088279552,0.7073447659123282,0.8188460210208748,0.6897788198272672,0.8231465763707754,0.7659439588955139,0.7769646482092389,0.7487304149304649,0.8079147146253745,0.7250802154729773,0.815523565685434,0.7072601628039124,0.8179232956463154,0.769873494569512,0.7769254230876753,0.7582451457642299,0.8019794397468032,0.7403009226150343,0.8103642378800522,0.7250479922984646,0.8130370042685233
0.4554034914652479,0.18912665756145808,0.4784471528271042,0.16155770940995848,0.49566513654667865,0.15998604722279852,0.51177466276179,0.1587896789477501,0.4234936897466694,0.1682967704828555,0.40483961666599855,0.1714424328236254,0.38770904778744464,0.17458984776500924,0.5395108864216533,0.17014274785109246,0.36515787763704466,0.19429603236942805,0.4977821315636438,0.21225412100815777,0.4221824524300326,0.22201886331830023,0.6909252101500021,0.31325388662165,0.27835942994419355,0.33560717227577763,0.777023805472844,0.49540117564039904,0.13909793178311303,0.48724892517126006,0.8037093895084915,0.6654395393539692,0.3234746671480189,0.3372092834257048,0.8258739826701379,0.7198839485077846,0.37674810172823403,0.3163582210586235,0.7901647961280706,0.7200000395707394,0.4047806650497858,0.30506551544869287,0.7754561500906607,0.7037524976119542,0.3964054000464894,0.3116207377874468,0.30691429611207943,0.3146949642610024,0.3532459075321692,0.32732402427673246,0.4001885546371059,0.3339242186777033,0.42933068948989717,0.3467879647611768,0.45042305275736244,0.36220317281498843,0.44805451462558143,0.2939285737483507,0.47783639811546286,0.3197933271692603,0.497284445085604,0.3339178444826255,0.5158727688478536,0.345070717604315,0.4364359090038315,0.2904214076668147,0.4529002284000427,0.33065813374877095,0.4251765186530425,0.3338136547255906,0.41144176174652586,0.3260988973898774,0.41467618139514295,0.29425902195148906,0.42825096811510865,0.3338322376709613,0.4040736808534847,0.33640280569242126,0.39443283414276864,0.32859596532437796,0.38899200766081526,0.30232740367613953,0.401596952669171,0.33454935851772016,0.38479262355651006,0.3377581938172891,0.37431445597072627,0.33042801004465877,0.8014057205965204,0.6601983806340133,0.754799988546706,0.6781383953145053,0.7406749840386327,0.7068488859530698,0.7407202035883111,0.7350221873414959,0.7351229192409008,0.7574964969508224,0.7986397148672701,0.721137652606697,0.7890950951302925,0.757029453135261,0.7773867229625326,0.775161871875794,0.7685404198491271,0.7884844141422807,0.827575285995807,0.7235315253780281,0.813565477920542,0.7597461306344047,0.7932910201486063,0.7740448036674146,0.7774069860817563,0.7817012361596269,0.8419546473895224,0.7237501955652157,0.8300148655973021,0.7562597982871724,0.8098652510547808,0.768554413802812,0.793352118280785,0.7749322661968479,0.8462496601594774,0.7235393513261223,0.8385004219709349,0.74978176893815,0.8229137528242089,0.7616504115129894,0.8085565980769693,0.7675152709614533
0.4755450556920806,0.1840789157142577,0.5015643240547613,0.15985127780577243,0.5187785284928615,0.16055497044531075,0.534880837934979,0.16148955200210988,0.4468830776188254,0.15930317980033654,0.42818000661818556,0.1599636732032463,0.41079410712876974,0.16082226361641325,0.5605255406426557,0.17640273883635793,0.38483242089525127,0.1773433398296503,0.5139761119338021,0.21262312519289742,0.43820839324107763,0.21231329106945462,0.6912450740537728,0.33897775141592557,0.2802201524925906,0.30491730477099394,0.7533667424564259,0.5302193197153258,0.1224498079284162,0.4356855493176977,0.7573565225687182,0.7022724621558517,0.3240469278864244,0.31209567461508764,0.7721639539630678,0.7591662528407391,0.3791501184990908,0.29929907828524854,0.7367877565995513,0.7546024591797158,0.40867624811191705,0.2915551175800421,0.7243468028498873,0.7365263431237011,0.4000014567654996,0.2961846768447419,0.31112515724428336,0.28704562773895037,0.35536772260664296,0.3043292677782344,0.40208642217414337,0.3174067425884176,0.4300467079495046,0.3349123431115752,0.44793760512662034,0.3537627369899723,0.4527912252276712,0.28478081429327246,0.4793918161122186,0.3147193083770295,0.4984063495589849,0.3316081051338659,0.5157006865714491,0.34523397163767,0.4430329834405783,0.28055624716900257,0.45343566825812237,0.3224371024036423,0.4258312111329823,0.3225220283306692,0.41281812014240016,0.3130758100243553,0.42231004918481563,0.28204386340932874,0.4303786542892636,0.3232033241350457,0.40560850769883583,0.3224711783191165,0.3964883898897284,0.31298255634511923,0.3969428121360112,0.287112165020621,0.4041185549991816,0.3206078245826573,0.38599875737946704,0.3215276547201795,0.37639738039445625,0.3130888398843113,0.7556770905178793,0.6976682814389035,0.7072895521364464,0.7083690113583334,0.6905884744699465,0.7349150678651328,0.6869776428156739,0.7628246921734205,0.6784521823766153,0.7841305382642645,0.7477695135516962,0.7575818061329918,0.7324308583886064,0.7919114027020457,0.7178357522886729,0.8078375020479778,0.70716281542252,0.8194339270341462,0.7750027241032471,0.7642566685487215,0.7530298349164302,0.798106749376869,0.7297701896887316,0.8084762347360211,0.7130839916745318,0.8135868348325398,0.7880442485985282,0.7667019908796707,0.7689250743604764,0.7974029590150409,0.7466646796125564,0.8056901258320933,0.7300529748384511,0.8090515551702766,0.7914595556575698,0.7671780406927399,0.7783181538935057,0.7921686104470738,0.7606900790316097,0.800838181061408,0.7460474594543659,0.8040631652459107
0.4407233186088675,0.19510145538702964,0.4588924759060015,0.1654419166147218,0.47558938962338093,0.16191670904205752,0.4913297541353234,0.1588781840843038,0.40698150793121723,0.17807088832785103,0.38950215276972733,0.18318005924116404,0.37284090010765303,0.18830093297763076,0.5195455745038584,0.16709281998588155,0.3499035696072706,0.21131275090139046,0.4838793722628494,0.21347814982562144,0.41153862711498446,0.23173574808956365,0.6862556475400654,0.29285814658684084,0.27993055077173346,0.36011088340479014,0.7940513941124691,0.46240571104892647,0.15928637681612606,0.5248732683720796,0.8402928084505117,0.6280399130109477,0.3235069038810101,0.3564116424522269,0.8686510248148165,0.679590304955699,0.37458795579253956,0.33180757413856643,0.8333007370470451,0.6839177512171477,0.40071573530267446,0.3178342107175701,0.8168005120335965,0.6694307233090866,0.3928359339383301,0.32353012701927586,0.3057153805777115,0.33503659647973527,0.3528640956702334,0.3409664597369634,0.4008188966797065,0.3420003600463527,0.4315572575414409,0.3519948610250581,0.4537563728108467,0.3654331401196203,0.44183652693599795,0.2981541637007531,0.4753319688215549,0.3195029323232602,0.4978777664175155,0.3313418468297292,0.517556134367968,0.34028418381652076,0.43153405381748045,0.29616590094781436,0.4529562315208232,0.333462029518539,0.4256954536364963,0.3406882220668735,0.40914771326869703,0.33487817738804426,0.41176399797164476,0.3025905625869491,0.4309817123095967,0.33965518683565155,0.4055558519737537,0.34561121955661983,0.39247237546349745,0.3389733134341791,0.38836931550206844,0.31364170495868066,0.40498413067187544,0.343987815149782,0.38651572074458784,0.3499806509138656,0.3735129657637215,0.34460705896893107,0.8373073800009598,0.6240909859962499,0.7939385552700561,0.6467453377900323,0.7843848148503341,0.6765671196353785,0.7877380873776998,0.7045318754793024,0.784027983321087,0.7273765118567354,0.8432562512952115,0.6846176633266987,0.838752372270142,0.721007049683027,0.8286827611064508,0.7399962717377779,0.8208474554257048,0.753863365433669,0.8714534486748255,0.6835670690424014,0.8619028665014288,0.7205523055081061,0.843494984372393,0.737014511048427,0.828824471509908,0.7465914056462675,0.8850500222876266,0.682040039608365,0.8769752333644423,0.715113903730346,0.8587931358282206,0.7297589925156789,0.8434813023754542,0.7383258011360134,0.8886888634059584,0.6812034340974129,0.8841979103320481,0.7076575909594949,0.8707280005036888,0.7212156821873557,0.8576647710048192,0.7288842376850122
0.5028434169518329,0.18196724933775327,0.5302719338715346,0.1618226853170297,0.5468236791167459,0.16521161813344937,0.5623363795045538,0.16866843182277172,0.4783542227826949,0.15287892344330545,0.46041562986294077,0.15063793269077108,0.4429664385274118,0.14866999768837313,0.5847525118824408,0.1873910912022949,0.41152940290301,0.16040140313006307,0.5340130707338308,0.21582351842527497,0.461331893557428,0.2039455064195351,0.6873155237421837,0.3692608356804329,0.28809949032461046,0.26874062234741525,0.7189214939073483,0.5676301612111723,0.1119521241460229,0.37280525457095315,0.6954851101406088,0.7378800148103861,0.32893680563579375,0.2838919867098375,0.7008773085858429,0.7964376027745965,0.38567394880509254,0.2814705664153074,0.6668672468438113,0.7864303333192197,0.41513864204422246,0.2783894468812033,0.6575541016305686,0.7665561836501271,0.4058466868869367,0.28073630452615794,0.31966321590192304,0.25653343074077134,0.3605874838080284,0.28046983374534423,0.40484365454531557,0.30034487712993174,0.4302380487460721,0.32169142099852016,0.4459047737539209,0.3430424275244052,0.45921683249129636,0.2756914500835863,0.4825442009764191,0.30904548722935116,0.49951652408018715,0.329006847649784,0.5145911160270836,0.3450920177959842,0.45053628377522936,0.26998654422059876,0.45619788237395686,0.3122918773583313,0.4283306045569249,0.30864226218264906,0.41549436683993357,0.2970922006404297,0.4301743342476121,0.26835831224863443,0.43396160263210537,0.3098029236658307,0.4083780272589843,0.3052745181763496,0.39874207034706066,0.2938382557373872,0.40480275177229785,0.2694253847837962,0.4081084361069759,0.3036407183777926,0.3887655517433116,0.3020835376793366,0.3788905527497482,0.29209550285275293,0.6942970576303058,0.7335117049684744,0.6447437124226527,0.7367295836789962,0.624325573881777,0.7600692796599233,0.6161494046989585,0.7867846371595031,0.6049789913958721,0.8065176665296723,0.6757050708656122,0.7905430502583348,0.6571276112591146,0.8229837718494201,0.6406446684735303,0.8365725693480609,0.6280477066727296,0.8461441318464064,0.7021592883788585,0.800508794674288,0.678030672855952,0.8318587790058867,0.6543542616667676,0.839434340602738,0.637151529427901,0.8419949467501687,0.7154172598797275,0.8042152872398558,0.6944325807065932,0.8324384311599768,0.6718391021315422,0.8384129637213155,0.654717629962754,0.8399021357975881,0.7192784224993973,0.8045934330315804,0.704626344733934,0.8277915449188715,0.6869486769869868,0.8348554605616404,0.6721872059723754,0.8367367358818338
0.4675904336939679,0.18649790432391083,0.4884295696292295,0.16035463780108897,0.5051888907421604,0.1596766131066671,0.5209737267837438,0.15932405207608752,0.4363297968770987,0.16408560004481915,0.41841612213431234,0.16620385957748132,0.4008709081200001,0.16850884135249028,0.5470624814541483,0.1721271185833615,0.37242653279982296,0.18754417091842862,0.5051098442554733,0.2119121240428094,0.4323268086380667,0.2177928521041536,0.6901573150287998,0.3242105455684468,0.2786338255255364,0.32198432825558954,0.7686796695280675,0.5090686870699928,0.13291672920825004,0.46636596829194754,0.7867613193566512,0.6799389584735934,0.32172487717305787,0.32801312244011965,0.8059610017835425,0.7354679622434734,0.3760369283194073,0.3110127564419519,0.7706689050876432,0.7339490852785654,0.40418283194851684,0.30055795834009713,0.7568604767504499,0.7168836794029345,0.3954277804410984,0.30541043202489854,0.3054091216579874,0.3031883980425685,0.3514146789060617,0.31616563143768334,0.3993636133442073,0.3245911285521269,0.42926557194277903,0.3390662305411,0.4496472452908384,0.3559680846176254,0.4455619994897912,0.28770025457496196,0.47686944412145027,0.3144490074405979,0.4981849047081296,0.3294936135592979,0.5167396995201476,0.3411793620136699,0.4358335184275356,0.28420900793114134,0.4528490800827612,0.3243772063864322,0.42481079148397405,0.32702689908153426,0.4089348886409997,0.3184368397199256,0.4157901947769197,0.28754318362469805,0.4310325987757256,0.3272595806676214,0.404369721486362,0.3288976349464159,0.39140634402345764,0.3201374630232483,0.39146352816311153,0.2947413620382463,0.40457118449891877,0.3273169993762499,0.3846683561149995,0.3302740609856001,0.37180160397522843,0.3229311513771332,0.7827179198282093,0.6752634004545308,0.7367044751894196,0.6908224255672439,0.723540381022197,0.7183759105010098,0.7223675246664113,0.7466626781799246,0.7156491179687373,0.7686753010356873,0.7803264743174816,0.7355619779318006,0.7697071330034542,0.7710587472448445,0.7565466428398226,0.7884543033187896,0.7462691396167291,0.801028718620307,0.8080421963807367,0.7383231353414246,0.7937844317548169,0.7741779839474976,0.7729115581195463,0.7882449028297713,0.7565111119702634,0.7955310627166461,0.8214699623076762,0.7380379863338735,0.8104007443552113,0.7700331619862355,0.7902711709787362,0.7827818822765732,0.7735065008357995,0.7895118917762797,0.8248183261485574,0.7367758473561898,0.8184986626633451,0.7627664633499618,0.8038395603220734,0.7747612654814238,0.7895972387600552,0.7809067043126925
0.4681942576603439,0.1864718650954643,0.488491895540402,0.16035595312787143,0.5051529313496305,0.15966868751194496,0.520855318498473,0.1593158728410952,0.43666242403301136,0.1641396034248121,0.4187557404443917,0.16628337376586863,0.4011262809336853,0.16861342676281227,0.5468394772202652,0.17208780396609752,0.3721912256097955,0.18771165418396063,0.5051488556707254,0.21189676752633163,0.4327348110258772,0.21785195034495924,0.6899108705155331,0.3240775964142996,0.2785849597660803,0.3220166214002681,0.7689179707252267,0.5087296123050669,0.13328012510755144,0.46724525069290873,0.7872294097423073,0.6795466646696343,0.32147544902059283,0.3283434930075809,0.8064512485513342,0.7350351455104835,0.37575328561516974,0.3112834000650546,0.7712080921949048,0.7335874394481001,0.4039240968288814,0.30071417728273664,0.7573938932899649,0.716526254740554,0.3952551719079886,0.30557468467250853,0.3046221491551493,0.30347579148257686,0.35077847131503015,0.3163033393621205,0.39935417270059237,0.3247324646183962,0.4293703576498731,0.3390896898527199,0.4496295322530982,0.3559749280154506,0.44595892412088345,0.28797743350354493,0.47718261397590855,0.3147694086306788,0.4984400988592501,0.32962330273719614,0.5170949516041672,0.34093251415613096,0.4361973210565403,0.2844933779568573,0.4530568238078673,0.324664091947805,0.42532483225767803,0.32710796770667855,0.4096665170495275,0.3183258742939835,0.4160615578203397,0.2877681142855124,0.43093522111953053,0.3275014419517123,0.4045348401541332,0.328920251883834,0.3918937404353995,0.32006717293376036,0.39166405369375457,0.2948885203184811,0.4042722126532205,0.32736204659180973,0.3846967565766995,0.33017690457459437,0.37227004437795796,0.32279842138888537,0.7843403852160433,0.676056943268829,0.7380253769345089,0.6904497991060345,0.7240319590657327,0.7176075670694484,0.7231291657073574,0.7458970245378805,0.7173096084359654,0.7682894127943629,0.7821014226489322,0.7357020244764567,0.7703079843738622,0.7719463785192434,0.7566802569993702,0.7889916330448579,0.7461300038478196,0.801179819297517,0.809589208873376,0.7395755339003964,0.791573414576761,0.7762559559211398,0.769369451144728,0.7887605405818683,0.7530285703158882,0.7949895734139524,0.8225333649011721,0.7405771008862876,0.8065134583716937,0.7733441331134012,0.7853250978461696,0.783761123426366,0.7690525109998028,0.7885957436393121,0.8256400441843571,0.7403582929438235,0.8149523141615279,0.7665837691259365,0.7981037844764556,0.7768609457358104,0.7836033354035234,0.7812745427997163
0.5056965170260579,0.1823071495080713,0.5313843232030339,0.16180997072672307,0.5476292472120522,0.16518934878036595,0.5628950381241945,0.16866858033139695,0.4803908011406343,0.15284322823253668,0.46250161098550335,0.15054185421825086,0.4447841618997496,0.14849948754646738,0.5846664194513168,0.18722977530886428,0.4116451225078177,0.16002312307723215,0.5350028417110735,0.21589071797643544,0.46352701885441633,0.20409302941681204,0.686579709247064,0.3695646804356541,0.2881242006900727,0.2671962857840961,0.7187446636519186,0.5672852459892901,0.11220999936623333,0.3736403788038515,0.6950148884163097,0.7378103596298347,0.3280882801980309,0.28463617819537,0.7000264200756167,0.7962354067773034,0.38492333924291344,0.28082618082251476,0.6662813059013722,0.7864685193904883,0.41442570422652686,0.27707994697692356,0.6571156850789126,0.7665811599471288,0.40455973267201417,0.2797872934829931,0.3185554816794401,0.2557479039722764,0.36011959214584977,0.2802940876925035,0.4044825194189872,0.3000521679108755,0.4297161862807848,0.32115564183810275,0.4456970903173435,0.34219443761896146,0.45878663477141157,0.2752079905839296,0.4820220355214483,0.3083927099550406,0.49805645604418197,0.3277105177243906,0.5127673717269154,0.3431318395199255,0.4495457940606404,0.26940614808726077,0.4550249310629755,0.31186998566701213,0.42658181825294644,0.30810918292774464,0.4137229075479092,0.29647757240995426,0.42897998065933146,0.26763514684174716,0.4333115977236609,0.3096033043188088,0.40702263627653856,0.30515580299040007,0.3970682951432042,0.29374098824442035,0.40359247978564894,0.26850916964083393,0.40783227748394846,0.30308438145188776,0.38802384549442764,0.3016529297176902,0.37781585355926744,0.2917588199129141,0.6911160357369346,0.7316682262574992,0.6433901534579464,0.7364363450288007,0.6238689225306177,0.7604028759696213,0.6158853979924286,0.7874458810961911,0.6030063802849785,0.8069577386754565,0.6749631397907564,0.7905102295259812,0.6548821513193598,0.822509261895661,0.6380322938404219,0.8362269940413958,0.6252933194132061,0.8459924706218187,0.7010360425308076,0.7997162644377863,0.6781808512973848,0.8315138969405029,0.6543803506191723,0.8397043850434054,0.6370264216962892,0.8425020584749312,0.7141198687588286,0.8026680658195646,0.6959626929513267,0.8313428285289415,0.6726848332130738,0.8380357936718978,0.6546058872463727,0.8398458172329395,0.7177668061481887,0.8022464369711629,0.7055531956213158,0.8256682169621561,0.688225648558949,0.8332019127385434,0.6730561484243913,0.8353340802014744
0.4956333159542664,0.18252922062171173,0.5199152356649014,0.160368565963871,0.5363241415016741,0.16266730939339163,0.5517561494790154,0.16513378055327665,0.468487026143492,0.15476365192147737,0.45046770814873416,0.15363805974055325,0.43262786317891533,0.1527604547220823,0.5743718621975823,0.18212659591980718,0.4000403406938111,0.16644904380666503,0.5269557527830996,0.21408367234370546,0.45490408157633344,0.2070701905859875,0.6877818819013248,0.35708811553566144,0.28374209174764453,0.28168327571649576,0.7340074794793425,0.5517806482049331,0.11589323437020488,0.4004523676356975,0.7217576648606941,0.7235140955606647,0.3247529961169221,0.2985850057941884,0.730511434537937,0.7815491215483605,0.38091640658384296,0.2899742001322861,0.696299552848047,0.7742979280545759,0.4071735891036731,0.2833659903252097,0.6859092540189776,0.7551223275372071,0.39803185060081314,0.28755595119808575,0.31287704516613424,0.2692576696936127,0.35504978701627465,0.28952536816320507,0.4006800274569249,0.3064112845818648,0.42781080830109475,0.32609730135840537,0.4446939102652073,0.345872291481602,0.4527886703285785,0.27790904066432587,0.4796368273190495,0.31040751173388126,0.4966152353632563,0.32890456955208436,0.5119645701447689,0.3434715841244649,0.4435448543923345,0.27344007241876,0.4525830433361548,0.3154593905734554,0.424973497697447,0.31341803125496887,0.4121122047559041,0.3026256573833938,0.4232920435775389,0.2737453816166435,0.4303872929461826,0.3149686260594929,0.4044220388256846,0.3120299000887932,0.39415218873871727,0.30129311481917626,0.3987325148135213,0.27693882584090573,0.4044083852379176,0.3107944967498405,0.38451511371497504,0.31057169494165204,0.37373610752973774,0.30147273078475983,0.7179543629754067,0.7185357271946002,0.6693469247654182,0.7267946810324406,0.6515945035468499,0.7521107394326598,0.6460980461952867,0.7793089663385772,0.6349749018678268,0.7993622904320995,0.7047704466849171,0.778179296128918,0.6870729630052876,0.811298770170263,0.6709487516338192,0.825983519797767,0.6587482613054388,0.8364978829182645,0.7316784962438414,0.7858162587971576,0.7107585323660769,0.8190140097988636,0.6875416688612299,0.8287789700169186,0.67023529330483,0.8327914272830395,0.7450614377160178,0.7880488412729642,0.7283778364583047,0.8178699132721248,0.7061532821369989,0.8266158159983351,0.6883390151999715,0.8302900167472707,0.7488584264764824,0.7875645920303924,0.7378220245509646,0.811859817428889,0.7209135287197601,0.8207330765037084,0.705517810683238,0.8241790960133809
0.49122283032427394,0.18289527757481241,0.5146578777998277,0.15998883092994504,0.5310738151748022,0.16178002478289577,0.5465450929562612,0.1637818797904362,0.4631067488870494,0.15597038297906723,0.44501071092276745,0.15539843351082688,0.427122880345631,0.15504870209367533,0.5694554036161811,0.18005041512640244,0.39464432360412527,0.16977132358982938,0.5233852600479808,0.2134987145195425,0.45116525606632185,0.208677276577213,0.6881146891959816,0.35140073939615835,0.28218658631129045,0.2885567232638578,0.7406393984404298,0.544222374368204,0.11812409120495132,0.41388840436302216,0.7338347935639752,0.716602518704732,0.32207876878423725,0.3043866056234489,0.7442559618953489,0.7743553553129723,0.37676565407522755,0.29355069153474767,0.7097816704118673,0.7681990118700261,0.40031998226153453,0.2853220072426181,0.6988783107465302,0.7493753153390159,0.3920220726141211,0.29005600206658616,0.31071485263583776,0.27675432577511583,0.3530154126308249,0.29750344510053695,0.3981942519191462,0.3129057161214255,0.425861512289348,0.33063901052988287,0.4450335148076108,0.3486685268205729,0.4499179625471684,0.28213719071845483,0.47820631466669244,0.31280363015307067,0.4961750326327512,0.33086450788754396,0.5118968134243127,0.34479513745694973,0.4410458392684414,0.27710618552378125,0.450773155472594,0.3189378644188372,0.4237623904793881,0.31848627761323245,0.410897915637088,0.30835378303361816,0.4207247327453567,0.2777472325278303,0.42905999641534875,0.31864156538825755,0.4038471554899405,0.3172794731612847,0.3932965543532103,0.3070930011916103,0.39642050400763096,0.28162622706431734,0.402599516481906,0.3151995320216385,0.3837873957506504,0.31586375923449184,0.37369378668142383,0.307215279992524,0.73054413797247,0.7114582537516579,0.6821523285630641,0.7209453751179918,0.664655931432227,0.7466051276394254,0.6599584615715514,0.7742415688432387,0.6491402505302892,0.7949032947814322,0.7178111962400177,0.7714934122802815,0.7019119112743154,0.8045494533224529,0.6865798014144571,0.8200324840197668,0.6748037480251704,0.8313085886975666,0.7449229924373794,0.7782744205503174,0.7266060216673296,0.8113741375515604,0.7043335406071347,0.8229078577296278,0.6866563612059917,0.8284989059131438,0.7582893615974571,0.7801447980659943,0.7435813466394221,0.8100832494988986,0.7216340080874685,0.820261996749143,0.7031218496814605,0.8251362506207367,0.7619564845102754,0.7797183270571152,0.7517240349691406,0.804381278566127,0.7347833435291127,0.8141161567949484,0.7186255632330624,0.818293365022004
0.4842016155352823,0.18339897428938767,0.5064181130875561,0.1594133787245175,0.5228475880980229,0.16043802522429576,0.538291152802723,0.1617272681753927,0.4547700965607648,0.1579422021720927,0.4366349222016715,0.15828075758521595,0.41874948586355054,0.15878462285570902,0.5616120834446079,0.1770166346420381,0.38695089129125365,0.17506602170642646,0.5177661893855571,0.2125954657828925,0.4454033664928712,0.21117687364688814,0.6887137788089949,0.3427756239788436,0.28030684244493165,0.2995279742395518,0.7502376584863056,0.5328552091797517,0.12226370465965558,0.433766070992551,0.7519066266508898,0.7053550757862381,0.3189165464436046,0.3136841912941849,0.7647991004594298,0.7625950146463634,0.37146634523482236,0.29996421576594007,0.7300468896299214,0.7580773790169962,0.39329623061497354,0.29068163481421955,0.7183423542473344,0.7398075951043954,0.38662367522377056,0.2961838584074188,0.30805936781334625,0.28723634881254295,0.35043357890972215,0.3047351202107688,0.3965378074268345,0.3177484525463993,0.4249315726577019,0.33447765722771144,0.4438682580217065,0.35216341340142476,0.4469526413903369,0.2855734328867981,0.47637890659800025,0.3150909292642699,0.49564127502786365,0.33202839149616686,0.5125644090477612,0.3451250281474531,0.4378915443722994,0.2812664259331824,0.4488217709174252,0.3226712503203918,0.42125378102567707,0.32319334053277554,0.4081964945114485,0.31356788491728893,0.4176790965776508,0.2827944057826806,0.4265934534473654,0.32367463603188895,0.4007128476628257,0.32293062217886653,0.39024261362744395,0.313001710838027,0.393112309770568,0.28761739000395203,0.3997812742507513,0.3212107576421308,0.3803893868515516,0.32210605430219236,0.3702938217864248,0.31344516654730453,0.748471667171282,0.7015521644642215,0.6999269249829905,0.7127650336383837,0.6834218980462449,0.7390248342215386,0.6803108667097086,0.7666316190772563,0.6697563548760306,0.7875109523117205,0.737974486881174,0.7621387867809091,0.7233665849688414,0.7959641820131891,0.7090039886640987,0.8115751398099149,0.6981366895552956,0.8226951814814547,0.7654747599994873,0.7679034252950783,0.746713909072706,0.8015306828232928,0.7251709709607304,0.8129954270476425,0.7087501870793141,0.818446902779802,0.7788604271609858,0.7692011457939263,0.7632459306704547,0.7996261305348626,0.742359743734928,0.8099588614253084,0.7255763190014611,0.8150977133430634,0.7828273629987257,0.7685353893462998,0.7727485535001815,0.7935445017182199,0.7565108104047951,0.8036379947854044,0.7416709863541012,0.8082749319855294
0.4528601619727529,0.19022333432027683,0.46949362468831984,0.1621311341821471,0.4857490024320005,0.1597064682031845,0.50105957756353,0.15775927082080485,0.4187144986585505,0.17161740874607698,0.40105160256629147,0.1758187557159541,0.3836747262225528,0.18011580715749936,0.526838781692771,0.1679597830255548,0.35598120608460937,0.20276908455147677,0.49182979299177804,0.21186960707334188,0.4207880157166367,0.22568006280538924,0.6862822146185212,0.30340191567496116,0.2779811767212088,0.3472455741314886,0.7863542382863662,0.47628722763373027,0.15190222381487362,0.5129302106953794,0.8245888120138818,0.6445590512810504,0.3178644307290802,0.35333960615811455,0.8490930043084823,0.6978450516266408,0.36531235062993345,0.3288175603564071,0.8141010310605808,0.7007436058847824,0.3840310165416283,0.3152933333973591,0.7988675597277473,0.6853276197300116,0.3795239537779181,0.3222292764926753,0.30179772378147146,0.329139058997389,0.3474308541498195,0.3367661806507943,0.3955708976426291,0.3396189053170592,0.42660354659036814,0.3503570043088079,0.44849346596404854,0.36415413016133574,0.4377797044220063,0.29816157356014183,0.47237486534966544,0.3207635824222439,0.49505710954603915,0.3331968587586967,0.5147110352833022,0.3424995452208475,0.42778908549551753,0.295957863689097,0.4476636990963421,0.334164362458111,0.4205657153914569,0.34040072605794397,0.4055579451678516,0.333669985316268,0.4081686057134233,0.30175155785603947,0.4261288007084998,0.3398481362668794,0.40057720771179406,0.3445503885990007,0.38821833728686994,0.3369161740567997,0.3849738842123582,0.31174329459364875,0.39937013808498395,0.3430483193663031,0.38077480094496463,0.34801872600035,0.3690375224835677,0.341585881742364,0.8191259345589912,0.6417265468207981,0.7741106600772811,0.6631285485928564,0.7641157278624602,0.691889099324154,0.7667083998992392,0.719601726124454,0.7611680133843896,0.7423138949787305,0.8221239265316328,0.7026412560138471,0.8156441352327173,0.7392128375198106,0.804818083350052,0.7576042924245432,0.7964538591776009,0.7707280840083768,0.8504935027389791,0.7018503341312238,0.8407220787189478,0.7392369498739967,0.8220781721534842,0.7553712521488456,0.8069604479072441,0.7641801407997875,0.864071386412554,0.6996322220017802,0.8569767853785667,0.7328309689769095,0.8387241991182341,0.7480087540288024,0.8230435414248192,0.7569305627970365,0.8677064040407613,0.6975982708085045,0.8646938003984216,0.7240829936902065,0.851783358017951,0.7378318855448834,0.8384740706374738,0.7458453233614516
0.46574883277025353,0.1861676168498177,0.4853101125688194,0.15974553911301548,0.5017148929365022,0.1588738522355596,0.5170842798102133,0.1583921096642475,0.4335090974193328,0.16438431792918343,0.4152256874039445,0.16687391246350103,0.39745059773505687,0.16949049261343113,0.5418047710480685,0.17100573434338034,0.36823163454530344,0.18934965843458126,0.5029374654176043,0.21144763887650248,0.4305670447403571,0.2183890163826333,0.6876971204147196,0.3210190801872536,0.2765812323028405,0.32581857290964344,0.7714168809129506,0.502651458255631,0.13717319529718192,0.4821108666717958,0.7938066324738667,0.6740029422051239,0.3150070593921673,0.33611182089385305,0.812920915026377,0.7294086230315033,0.3649315655893314,0.31618367417040716,0.7776156031518929,0.7289415789395957,0.3836677938869989,0.30405897009603,0.7639369879146594,0.712133481642391,0.378579924262203,0.3107260949607154,0.30389297978070084,0.311744276625222,0.34946344757299447,0.32516472672499924,0.3967249580497152,0.33288133632592215,0.4263787936341317,0.34557492278251095,0.44711057798023335,0.3604127714199359,0.44261654002099454,0.29466395079272534,0.4739618578153001,0.3198054978385247,0.49521629324307287,0.3340060752906142,0.5134663827609005,0.344860433128211,0.43251784368155965,0.29079659269679276,0.4475796768185343,0.3305947533900521,0.42080540387017756,0.3345394351080216,0.4063846763397778,0.32697821420573364,0.4119939353052846,0.2941822639508684,0.4246394318850978,0.33394179694094167,0.399880088709018,0.33617981727132235,0.3887039860500747,0.3278331086740526,0.3877637406583312,0.301649302602625,0.3976174404869725,0.33440381286162546,0.3791439906787675,0.3374017767423532,0.36856144140245894,0.33014609985994153,0.7907968000714185,0.6706815939207433,0.7415390188867622,0.6869661200983961,0.7284058894971094,0.7152955491855839,0.7287191185817725,0.7434617148199116,0.7218178338624511,0.7652698317130076,0.7846037590120174,0.7312922345663764,0.7755331404649644,0.7670574159783123,0.7627470791550941,0.7848832888280102,0.752633641490731,0.7976516276748951,0.8133694544189805,0.7334802408475292,0.800793747472563,0.7693102592032941,0.7803617451553754,0.7844220926913308,0.7634991459118932,0.7925199844247771,0.8273041030785916,0.7330640427205302,0.8174354927219785,0.7647138518543419,0.7976002250872538,0.7787197500161613,0.7805375567929704,0.786755422917606,0.8314538509718639,0.7319812435902439,0.8254857439829304,0.7576484923161853,0.8111206585246855,0.770501473905017,0.7966335790363758,0.7776006323492131
0.49995633596992767,0.1820386597141983,0.5248937858932078,0.160691991527991,0.5410460997633664,0.16355764922670324,0.5560518613773882,0.1665542307732866,0.4731634691231761,0.15344191137690125,0.45458178367910473,0.1517134720550222,0.43660317690438344,0.15025942309535698,0.5772438947851446,0.18441738667613025,0.40367796656976074,0.16303124944771918,0.5305660393699677,0.21508084742565764,0.4583878679387497,0.2054853099633943,0.6858272253156076,0.3635574612819977,0.28343744492615597,0.2756775648978567,0.7263352669907228,0.5595377700897171,0.11388317704999112,0.39914744184102724,0.7097135544539386,0.7317593970997635,0.3192411939782932,0.2941485632954959,0.7158476716665036,0.7900381539326785,0.3722788710016842,0.2864357031855425,0.6813704100897837,0.781569586924767,0.39326173505425227,0.27894366937647486,0.671815472286977,0.7620779618310444,0.3868287071482396,0.28412757575141195,0.314000206946927,0.26900879749895956,0.3550282405382743,0.2919724549461085,0.39852012413537435,0.30979002993669374,0.42474191105584064,0.3289991122518632,0.44213214794684813,0.3483700375472187,0.4524602373742713,0.28271452992943513,0.47805828344878964,0.3148886315955089,0.4957789495747133,0.33376607918378737,0.5115711122785483,0.3487880986909166,0.44371828244204065,0.27707920498343497,0.4497064569511002,0.3200183217782917,0.4224548089046631,0.31711785566539313,0.41106703558874547,0.30581884176698987,0.4232138825518921,0.2761745265053889,0.4265071869491297,0.31822576862904917,0.4014337294062641,0.31416147800804833,0.39306845969643833,0.3028150355243494,0.3981179463757609,0.27822107401265106,0.39958999801660844,0.3124979241999246,0.3804868764414819,0.3107378316318196,0.37229459420582867,0.300705396191862,0.7041365825486042,0.727200833412945,0.6533393912348743,0.7325621915722713,0.6348152559052042,0.7566747533577449,0.628788067054411,0.7836841990549291,0.6181377442517745,0.8036060502935927,0.6875151981204118,0.7841089124151989,0.6701942178050737,0.8176217134795724,0.6538728559903526,0.8323778751571428,0.641444713755736,0.8427541429185614,0.7152057807856683,0.7923125616409985,0.6955487497774347,0.8260824840307972,0.6723770275719197,0.836309264786486,0.6546336527384726,0.8399272989832371,0.7291836752433927,0.7946294937913259,0.7134224288054966,0.8248747426487486,0.6911188888516203,0.8338657209274825,0.6731550184085301,0.8372318799490512,0.7335131330848821,0.7940819731469282,0.7236251603533899,0.8192143484030971,0.7069916422290374,0.828643677949097,0.6911837971977692,0.8319313665642261
0.45188472538488783,0.18988278249169427,0.46869352187855495,0.1618492275709108,0.48487272956526617,0.15952547291461822,0.4999587420967851,0.15768698742224882,0.4173060563730898,0.17112944442550518,0.3990135325030399,0.17529440907463215,0.38145819228797007,0.17953545213039043,0.5254301125229187,0.16805694277697036,0.3541059157270071,0.20200707349666197,0.49131150774966365,0.21163809801886796,0.41969295171140875,0.22512536618807544,0.6853246486018453,0.30423177139608176,0.27519997904935106,0.34678962565524346,0.7850130486015439,0.4778658115130394,0.15399149243677734,0.518354469178901,0.8234099359319771,0.6467493089040383,0.3150337165634281,0.35303336255081347,0.847502506324396,0.7002466356025878,0.3635102526859722,0.3293151986266352,0.8119526975715913,0.7029855097410187,0.3813996718722446,0.3156342371188872,0.7967386628641802,0.6874206872049993,0.3767855188195598,0.3225202516647506,0.3022503595074709,0.33119970298184004,0.34887987843717627,0.34016174348221817,0.3963592345462238,0.34332077540876427,0.4272260273297478,0.35348253588484974,0.4492162063379516,0.36687585577807724,0.4388558331727185,0.30094517455864805,0.47285147183504594,0.3235258135023106,0.4953515693981804,0.335825698800299,0.5149541277617217,0.3452991012004174,0.42861748866329263,0.29853012880758617,0.4478068380773941,0.33705960372614513,0.4211763906627047,0.34295760424289506,0.4068015669191525,0.3361386138146836,0.4087421909315845,0.3041993466491098,0.4251413422581082,0.3426639023779239,0.40032296763884573,0.3466594620176385,0.3887029980879682,0.3386656281373763,0.38543204542118126,0.31409184861081785,0.39791354140337354,0.34554760415248476,0.3799066776640034,0.3499566099858929,0.3691205681468692,0.34331618392502583,0.8195402415853588,0.6452683504612262,0.7718544107231369,0.6652288764021789,0.7606271288938398,0.6942822516933391,0.7635120663022105,0.7217267320069185,0.7596653498551487,0.7434817959806503,0.8192479159219107,0.7055848198135493,0.8121576986213419,0.7425031246433096,0.8006791123721106,0.7608885246579107,0.7918319611928026,0.7740372130395811,0.8473587853229474,0.7056223409477412,0.8356869372058005,0.7434979308728027,0.8159763941732299,0.7599179011309225,0.8002822269238807,0.7692534895708635,0.8607259013705153,0.7044862132413208,0.8508816493043359,0.7381580524969735,0.8316237163164797,0.7529855206136937,0.8158912704055933,0.7615259734588635,0.8645762861930092,0.7034832602382562,0.8592153993000298,0.7303266645047378,0.8448540743048828,0.7438266372013524,0.8309841825104124,0.7513799093085842
0.4505032463787742,0.1901737887821405,0.4671751533698744,0.16204948835782818,0.4833591227001996,0.15963714210950447,0.49840283165866867,0.15772343427381422,0.4156812070914748,0.1716267627768684,0.3973137100646743,0.17590831007692131,0.3797170167643923,0.18026136721511982,0.5240912755301982,0.16793467711962995,0.3526679936811789,0.20289945002775137,0.49020128239518057,0.21170007753873443,0.4185172497375621,0.2255995279640351,0.6848803821410062,0.30315332966446695,0.2744009452688678,0.34856306708518253,0.7855697922118337,0.4763711648881208,0.1555854948435289,0.522403879185725,0.825117024359453,0.6450833967046398,0.3146659380722281,0.3538497463181982,0.8496574813083785,0.6984119797114622,0.3635227325947389,0.3303547693902543,0.8139941289698724,0.7013151914970377,0.3822492287856772,0.31637128830094935,0.7986578574505657,0.6858453032462071,0.37731892238385584,0.32333898970529645,0.30139087044392054,0.3329410923758006,0.34886752053347236,0.3418313880468456,0.39607172787049383,0.34485084750911144,0.42696726191619794,0.35446293484686686,0.4494630545301391,0.3673250306971469,0.43848039987129633,0.30191270916825647,0.4725375270095684,0.324316242624523,0.49454777513805137,0.33646948795601317,0.5138483064614322,0.3457725523369135,0.427960496443252,0.2994855522488941,0.44739117503033565,0.33792109507806584,0.42053647982243636,0.3440236333739023,0.40569267514136936,0.33742875324979305,0.40778031045640034,0.3050722620864445,0.424518012503507,0.3433788547651944,0.39958153120036566,0.3477534658642161,0.3875192279532294,0.3400924423673975,0.38406650261308883,0.314925026251246,0.3969135904031085,0.34633199131893017,0.37907738381506917,0.3512965312948634,0.3679954516285715,0.3451027308681459,0.8182569478637278,0.643162165501981,0.7723075479624669,0.6638856316206281,0.7616618905057939,0.692851519870452,0.7644792859806864,0.7207173079798385,0.7608060416211715,0.7430990267284678,0.8199238999703632,0.7026599553482593,0.8136358954521339,0.7396978075031344,0.8030500780478075,0.7589901235688042,0.7948847090948206,0.77301944714631,0.8489516501071963,0.7019628322170228,0.8404008293792182,0.7397473588515981,0.8215123321168545,0.7567608938405813,0.8056960105592279,0.7660084763271175,0.8631028857545269,0.6999301192738993,0.8574222712993733,0.7330223407372641,0.838789962132735,0.7485262522230561,0.8224881884715836,0.7573198546701136,0.8670634268835768,0.6980213482189521,0.86538378451871,0.7245385850303664,0.8523723133344303,0.7386057232921577,0.8383101271159394,0.7465191713589938
0.4899206676938486,0.18216290134598676,0.514616051908184,0.1596862701440071,0.5310554505919048,0.16182357997771288,0.5462249193108744,0.16411727254437633,0.4615073897717836,0.15465471121390675,0.4424175618998879,0.153742417904047,0.4242007801259859,0.15309381948912812,0.5688752854815299,0.1810190335879899,0.39351613192089413,0.16750006912629137,0.523465634759335,0.2137827478988386,0.44983303969259336,0.20738562179985587,0.6865897372640568,0.3551663127933827,0.27909176329163865,0.2862025921967755,0.7358062324549424,0.5495416675105005,0.11821803969385036,0.4222260111436216,0.7274712696052997,0.7226541811665557,0.3161019876268777,0.30225554297352797,0.7365365705126229,0.7806649747214824,0.3702199758942829,0.2933550734297496,0.7013559178989103,0.7736533731118809,0.3921346238726449,0.2851388160555939,0.6908431135026786,0.7545572043232502,0.3853308806808481,0.29030736998226564,0.30821209115669085,0.27920632936797557,0.35159180776242677,0.2994510389878544,0.3968716953731727,0.31532410134050554,0.42377462818243533,0.3332737660217251,0.4415936837300919,0.3518007425559814,0.44963625199333773,0.2864873304634724,0.47576243889429165,0.3175251894690072,0.49367191517259873,0.33536544512238337,0.5098468401151752,0.3498920968405473,0.4402243398128892,0.2815901117002115,0.44730480679349693,0.323766879255937,0.4203229583772432,0.32187989790093,0.4081071826694734,0.31138777405778945,0.41941847544561195,0.2815205232311988,0.42400246452577406,0.32272008333571606,0.3994179997761148,0.3196297835255945,0.3904712111006806,0.3089350555180679,0.39394591961313563,0.28437069525664815,0.39712026701988484,0.3177064739846372,0.3790610606855636,0.3176204443891456,0.3705750962643519,0.3089444045640439,0.7227018569483029,0.7196378583039815,0.6723178360176555,0.7257529176867028,0.6534372937862372,0.750593225949277,0.6484531599559831,0.7781140111428466,0.6390990682914892,0.7985950437298341,0.7074510426274876,0.7769445623845144,0.6901753961548999,0.8112543169950026,0.674436665937713,0.8265751829975477,0.6625349381560173,0.8371895732294461,0.7349832136257086,0.7847491753593986,0.7135035333909169,0.8186488549275657,0.6896369461206752,0.8291461755954024,0.6715933252557481,0.8333344609972284,0.7484314761315567,0.7874428846898507,0.7303694900296371,0.8173929935994056,0.7076209979049546,0.8265298046042161,0.6896544182662087,0.8303243771281643,0.7522558121696551,0.787588140891588,0.7402085646822403,0.8119562843007622,0.7226411265179571,0.8210702035835257,0.7067180872477353,0.8245375780929567
0.441570482773009,0.19259165065177594,0.45879506837416567,0.16354366618684787,0.4752971140433567,0.1605190257490639,0.490509679303328,0.15805511249685583,0.40629997963298203,0.17505542139444102,0.38777769897190884,0.1800328497342797,0.37024303442988377,0.1849852693856088,0.5178176011735948,0.16712017822988376,0.3464391264176432,0.20786926882716544,0.48365476265235186,0.21236270739930907,0.4113387621231185,0.22882539016037629,0.6834486090701438,0.296500644595136,0.27418693086148493,0.35584976839361343,0.7899413539995122,0.4667536046996916,0.1638568579477515,0.5354727447007066,0.8348347400987296,0.6342090667207454,0.3142623439525657,0.35987048119893,0.8612808889840387,0.6867282636667782,0.36346873092992027,0.3348329630893366,0.8256421405009851,0.6907972628309135,0.381845068429178,0.32043686949941536,0.8097974249864899,0.6758282158416486,0.376747938415681,0.32738462223119286,0.29869440050428975,0.3412094085774189,0.3469806669015261,0.34691473178437104,0.39498541756241085,0.3480428203755768,0.42616784170433386,0.35699242422696137,0.44906177197849817,0.36949561865889224,0.43547360337218294,0.3040341962471669,0.4703042582863233,0.32627462315052863,0.49354793497589844,0.33766209249073154,0.513905863380675,0.34620038005732684,0.4244930894492077,0.30253644050045025,0.44627912853147866,0.3403595389528478,0.42005408413946144,0.3472214788707481,0.40494374627083607,0.3411660495088854,0.40447760766060886,0.3090922378584308,0.4239029152673342,0.34662998178296217,0.39934321674584977,0.3515684736904761,0.38684057594147353,0.3444006765668537,0.3809962241472242,0.3197723761330866,0.3970493790621119,0.3501866921710226,0.3796216699924222,0.35597895248776523,0.36786646965210057,0.3506612817279643,0.8293454321474965,0.6322236234218667,0.7839765836749721,0.654083092319057,0.7734991546333059,0.6836617166878495,0.7764695752860067,0.7112035290836616,0.7725498584295759,0.7336482351422903,0.8317922147785206,0.69268578975394,0.8267751695771821,0.7292470663171342,0.8164612091182655,0.7486334863459692,0.8079055851726531,0.7625627145779653,0.8604300845720767,0.6913675095850838,0.8531044419981677,0.728701205232622,0.8345182325614894,0.7458735966091963,0.8185570042986514,0.755265675922571,0.8744768643860621,0.6892186735457786,0.8692545008383301,0.7218864532587728,0.8509126580587725,0.7372229295455157,0.8347293306419921,0.7461995182329473,0.8783496912906907,0.6874992462928664,0.875771894006959,0.7138715420573376,0.8625987323140785,0.7278387035479765,0.8488256327639285,0.7359371658087549
0.4974436110392778,0.18145510138731774,0.524873005603754,0.16097738634131617,0.5414258113008396,0.16430552318472116,0.556473342555708,0.1676547336337872,0.47151810168703934,0.15214915178947017,0.452418510414804,0.14990572657015186,0.4342510387392614,0.14799049038765977,0.5787678397406978,0.1862249784238376,0.40422496364545196,0.16042469694611214,0.5295150895488757,0.2154686002533684,0.4559844210029623,0.20393192168702776,0.6847131621177034,0.3675006708354436,0.28212552783242983,0.2712585551765056,0.7206780162779822,0.5653133307332084,0.11369934234643947,0.3983877316894038,0.7002770920518805,0.7375505580640604,0.3175294401560286,0.29092685067770263,0.705464623033569,0.7961631169173172,0.37285118036778553,0.285659009035985,0.6708368782149694,0.7867208105743013,0.3952261077064223,0.27840489938515467,0.6616291838664924,0.7669421821912213,0.3877339875202169,0.28303486141351,0.31003295069389936,0.2665304942029816,0.353324783897136,0.29070838872410754,0.3979777721151714,0.30946161498903424,0.42345785707912126,0.32927305517619015,0.4390541792065925,0.34961982141376563,0.45153503957075214,0.28335666159425865,0.47512367451462306,0.3164841408644271,0.49254488539709396,0.3360009715626102,0.5081989960156106,0.3518327292706439,0.4419508809183839,0.27780294769447184,0.44839769760487314,0.3211438400133959,0.42073583080225996,0.3177223988284144,0.408178864003025,0.3062607519933938,0.4207692039102034,0.2764045583919556,0.4262319323606362,0.31890053627509196,0.4008330933245914,0.314804076265244,0.39087644386975023,0.3036478346738624,0.3947512926925201,0.27773189450274943,0.3999574452126941,0.31248764918855354,0.38140920802543543,0.3115602411173151,0.37170038093874713,0.302225425147157,0.6954629909140958,0.7341788310073836,0.6453432383520028,0.7368847304776998,0.6249513858386861,0.7602936997692875,0.6176798094249578,0.7872540430999804,0.6060643222388649,0.8068689750581843,0.6763173768348795,0.7907335498547439,0.6571253993280108,0.8230583505342978,0.6403309368516431,0.8374144132675302,0.6274546916260731,0.8474389235791309,0.7030275714981669,0.8006600416623251,0.6796171166985029,0.8322992805855359,0.6556355370681016,0.8416536797910973,0.6374006064567503,0.8454280658790991,0.7161779395332476,0.804476213550329,0.6958145528028833,0.8328342425842675,0.6728917928855219,0.8403298893399642,0.6548781295586781,0.8430608468720274,0.7198572056393787,0.8050350423141414,0.7052884383746474,0.8284097006234608,0.6871116761810776,0.8363394745429701,0.6711935003069435,0.8389652052543847
0.44916234937230615,0.189034912711027,0.46973181844065337,0.1611282092361855,0.48671787935049493,0.15926198637313646,0.5021472037466612,0.15788374327470978,0.41576193144358836,0.16895341580184833,0.3968385122208641,0.1726148722165038,0.3789658301138829,0.1762976787508031,0.5295264356521454,0.1687687982434054,0.3550288804802074,0.19711213142087544,0.49050188638082654,0.21167266781804023,0.4164736274875319,0.22303879791876685,0.6855112626749911,0.30910942177393497,0.2723163897622914,0.3398238610896174,0.7799290796026814,0.4869779177929528,0.15113761930647318,0.5132141517359499,0.81266037967186,0.657353717591399,0.3112985690660958,0.3489599353113647,0.835412197796475,0.7116086498705623,0.3624759689267564,0.32637726889091223,0.7995419703914837,0.7130665266456255,0.3811944179100808,0.3125430784834865,0.7847468980480817,0.697028474684882,0.3754640677059355,0.3192945506211518,0.2981290486978978,0.32696066852258837,0.3459542611427465,0.33703749516412107,0.39379349535670427,0.3416603165876097,0.42447809522009916,0.35285612798467797,0.44613887691827914,0.3673028669356387,0.43755827079539644,0.300881195057368,0.4702202269303649,0.32511449517233626,0.49305527971477553,0.33858659132698704,0.5128114745168444,0.34880693884912656,0.4275810530879773,0.29822735443188964,0.44579902679026995,0.3377938205645681,0.41827453400459585,0.34323894076609884,0.4031409873680747,0.3361593482460591,0.4076215436630477,0.3031422012386909,0.42419447495509566,0.34245759654639346,0.3982589808449756,0.34635519134779663,0.3853485138051115,0.3386896190230459,0.38355206756107657,0.3120375836702546,0.397585525022494,0.34404548843414123,0.3792190429758692,0.3485891019493695,0.36718038850914286,0.3423435464808894,0.8073198767550223,0.6555969806112787,0.7605262754484791,0.673083154516255,0.747934228253144,0.7017396910266991,0.7489023713671992,0.7299512996159003,0.743664497340379,0.7522894697110745,0.8046221858157399,0.7162365562934221,0.7966212496668243,0.7527580648398859,0.7851829760193401,0.7710449213725852,0.7763667240268601,0.784015530843494,0.833280388260105,0.7170849702575206,0.8217117483483861,0.7542824315188446,0.8019694571351198,0.7697193422823458,0.7859265461484113,0.7778245585246317,0.8475239769140335,0.7160472798721902,0.8381994254420799,0.749040761253597,0.8188276112585104,0.7628915471876988,0.802589352290303,0.7704986344038294,0.8517547410143425,0.7148906122502137,0.8460115078184948,0.741587270757089,0.831519072193954,0.754507538963157,0.8174702307182231,0.7614921165814629
0.49695376224061355,0.1810714443306452,0.5253453401057739,0.1610675806774151,0.5421102871372316,0.1646385028966099,0.5572004766042161,0.1681679255723678,0.47154462970554945,0.1515917792369248,0.4524042510562277,0.149154720096321,0.43426125997299964,0.1470561318307872,0.5799580179510253,0.18714806094318598,0.40533848212624796,0.15939035706575944,0.5290570318323368,0.2155405133075966,0.4552055608636446,0.2031735319798855,0.6842753014991132,0.3691876445100264,0.2820904388462323,0.2690391806798857,0.7185462828526333,0.5680047596178349,0.11287569727857877,0.3963601656518526,0.6960033844196951,0.7398584652938356,0.3162181799289546,0.29062185943284796,0.7005845618568393,0.7986428275213695,0.37195184370164647,0.2853469386337203,0.6660455979654138,0.7887097636780829,0.3941417283901566,0.278152113518415,0.6570095083456207,0.7688553917420733,0.3864969249045916,0.2828481027889127,0.3116832473763529,0.26619494371909524,0.3539918589966514,0.2899297342441389,0.39755409151059545,0.30915010468247434,0.4229924212996531,0.32976064154818835,0.43834258741460486,0.3504284314447414,0.45122928596547146,0.28439293296214535,0.47502278521285246,0.3178048271662389,0.49199607855022365,0.3375658242829668,0.5070501148530678,0.3535330892700048,0.44168997523634573,0.2784272502353934,0.44670423054517416,0.3215154777972822,0.41840323576615096,0.31835133072664556,0.4058183099735647,0.30750210579551673,0.42061776812303026,0.2765755309656058,0.42471919187275164,0.3191745289023958,0.3983851046091125,0.3148696656636959,0.3878859708325684,0.30389801607563227,0.39481312397035495,0.27735984512275563,0.3992021691766423,0.31244376536101554,0.37974204100342734,0.31133417248032635,0.36952754203522853,0.30198817178770954,0.691631361519281,0.7363646953320244,0.64033569291562,0.7382450248149278,0.6191596784219653,0.7620298007953774,0.611615077660348,0.7892988279900274,0.5998550823728961,0.8085454992007519,0.6689494155505221,0.7923638383146291,0.6504951491774067,0.8252003634618801,0.6337654013086115,0.8393463906026722,0.6211161696459554,0.8491298982982765,0.6967689039585548,0.8019516979789127,0.675046907564443,0.8350046966738605,0.6507704564724648,0.8436412357851156,0.6325121132227515,0.8460804364791575,0.7110473501544579,0.8051729118365885,0.6932554166028937,0.8348932248873859,0.6696132564829831,0.8421252563397964,0.6512415192633472,0.8440601978831065,0.7156369264042806,0.805022674705143,0.7032718354400169,0.8297095250291924,0.6851130722771428,0.837695526116612,0.6689892459362653,0.8397089063310058
0.49599482652553545,0.18103628394772814,0.5242629290463688,0.1609053349335344,0.5410566204075953,0.1644122879509568,0.5561283996371355,0.16786652495576865,0.4704002947244221,0.15163911578600187,0.4512568098200216,0.14928977763153164,0.43310743894427095,0.14727318676163298,0.5791299785530883,0.18678315534506895,0.40438061446808926,0.1597613379551992,0.5282183711218525,0.21537200497048903,0.454365139322248,0.20334939313433115,0.6842974557096138,0.3683762213240397,0.28160987090481615,0.26993365957007587,0.7195652411691178,0.5670961235723643,0.11315556523432635,0.3980230368521177,0.6976779257481057,0.7389700719026041,0.315870858225558,0.2916734216347077,0.7024923891798983,0.7978437415667456,0.37159857732860435,0.2865996787088132,0.6678926908039987,0.787987378285927,0.3937843320122975,0.27934422738570264,0.6587491198538555,0.7681838866940034,0.38613534793009385,0.28399462404711406,0.31055953705205597,0.26735037835986375,0.3531450897433578,0.29130058562873523,0.3974697169444804,0.31016999425386743,0.42279874579572485,0.33028146064847563,0.43811328019691737,0.3506505075037881,0.4513082352192104,0.2849988369915103,0.4745120153199291,0.31828804149559514,0.49094634689925365,0.3376225642374169,0.5055727296544722,0.35335220912232157,0.4409070520516232,0.27888414012163965,0.44678685434893495,0.3217067857279144,0.4191615922395658,0.3191744651372955,0.406548880960585,0.3089374481295677,0.41925320214471756,0.27694847580846266,0.4237204524431314,0.3189667069120718,0.3984515856044475,0.3152585757708862,0.3881976302189961,0.30468943092268436,0.39304644767693814,0.27778359869955566,0.3977782469861491,0.3121426265375395,0.37945445439269815,0.31174663325773716,0.369936945980459,0.30314323722062164,0.692805468673134,0.7356134222082719,0.6419128674063744,0.7380285903902798,0.6210820000657736,0.761645921088626,0.6135514657254606,0.788736369874012,0.6017856673518335,0.8080274755011139,0.6727061180128926,0.7922346672477761,0.6531180917655415,0.8249929179183065,0.6360861523579826,0.8389530768279757,0.6233600605325247,0.8486310440858832,0.6997787375869788,0.8019099956829592,0.6763835529685406,0.8345492502199197,0.6522518565153732,0.8428898118279156,0.6343507191123232,0.8455756523320814,0.7132789295173307,0.8053961613877706,0.6933862657387746,0.8347625624221409,0.6698507372488205,0.8416568777116774,0.6517188720564354,0.8435419167332511,0.7171370324018521,0.805513021076744,0.7032660479946227,0.8298163155287916,0.6850346464716889,0.8374411094135554,0.6691419060214214,0.8394217906455493
0.4798469439090257,0.1819540772310185,0.5058809585284391,0.15900579754396166,0.5229520505394257,0.16076727648248182,0.5383031652532089,0.16265450115051683,0.4514202256713375,0.155351030472444,0.4321645179822702,0.15500334169305827,0.41391681902234273,0.15487740523064342,0.5632028960242352,0.17910136488167142,0.38662790307777706,0.1702636622597299,0.5153509535317582,0.21277385002252963,0.44070894066439187,0.20845661291872353,0.6866388066582853,0.34892533642836887,0.27593989903377397,0.2925675380332997,0.7422037717208716,0.5429675543317404,0.12163113112120216,0.4371313361802607,0.7381290463011437,0.7159622411970576,0.31213212212816555,0.31120399548156313,0.7489828712537592,0.7741481492804358,0.3669500633573613,0.3009247858376319,0.7135523596696305,0.7678717916078258,0.38840787842931696,0.2915005467687286,0.7024120079934586,0.7491352300244174,0.3812708031204649,0.2968904477093395,0.30357962277930295,0.28621788281232063,0.34871823132232577,0.30664813498315313,0.3948930318380666,0.3211497863928714,0.42240276959242107,0.3382631894342575,0.43982803314392777,0.35685231893978425,0.4464146059870653,0.2902951126826662,0.4728297633593634,0.3209684305516606,0.4912169774295973,0.33838866829454595,0.5076837219248117,0.3523618456841922,0.43578542620613725,0.2854317353075865,0.44616343007260484,0.32807791344509124,0.4186014705995416,0.3275594569867372,0.4059976324767099,0.31776010893914275,0.41399048962612306,0.2857849992908517,0.4221974710721825,0.3277261848269124,0.3971324201578066,0.326117494880008,0.387542300969463,0.31621103078332247,0.3877479259481258,0.2893240414051944,0.3948545579072277,0.32329099902020586,0.37701150296506625,0.32388754402637193,0.36794461913916143,0.31545543930189185,0.7329384513764238,0.7122236712295301,0.6828198414614395,0.7206471230742191,0.6644144799932628,0.7464880227005419,0.6591947879585056,0.7742881212454318,0.6494021908844524,0.7951488689332294,0.7177074973017799,0.7717532835985236,0.7022004252701056,0.8062159538114324,0.6868499028933126,0.8215482068018992,0.6752671010815025,0.8321915093555445,0.7456842183560768,0.7781743757622712,0.7267689146155379,0.8128802877747672,0.7038811906357766,0.8238340619956181,0.6863419756746166,0.8284059550800196,0.7598579909696342,0.7798437217418835,0.7443551049972525,0.8111180794839832,0.721654536274138,0.820832147011106,0.7035647321868136,0.8248658809832374,0.7641380123740729,0.7792951960961456,0.7541285798682612,0.8050578598167031,0.7370551470536088,0.8149006213508897,0.7213408161401973,0.8187934977298412
0.43287813985916285,0.19474708744155617,0.4506177143396845,0.16485599611727275,0.4674449081741725,0.1612522849914683,0.4826644494887763,0.15829832167015495,0.3975858779045603,0.1782045466020683,0.3791715968627926,0.183810711132041,0.3617667563821723,0.18931696791265595,0.5115208073858065,0.16623355893608963,0.34054857671662275,0.21236797260166626,0.4762471775256818,0.21310450110416823,0.40372725974553136,0.2320454665422408,0.6813066056015253,0.2898143584368139,0.2731773633715827,0.3628270864102013,0.7940114243691737,0.4572863652831114,0.17104402306817396,0.5477965407262596,0.8434201739481502,0.6229576454621034,0.3135026247828816,0.36977831014584484,0.8717060168810933,0.6750788499521825,0.3626905180831009,0.34364747950599195,0.8360516059907133,0.6799729859810636,0.3805254487421097,0.3280682380427926,0.8196761920741131,0.6655832969057365,0.37523858807051397,0.3352295068909954,0.2972871993707874,0.34870211067720797,0.34790373858626944,0.35395710690578525,0.3951727946643106,0.35356187743946604,0.42633218841495873,0.3610962383146738,0.4493130920215785,0.37309774868851164,0.43443337213876687,0.30799008408295125,0.4685698602443568,0.3293739041559812,0.4913708706270706,0.34040056204229424,0.5114592785725213,0.34851644447543595,0.42283371563096395,0.306621461652425,0.44526406490566406,0.34400398119052183,0.41845059449942046,0.3524833998795075,0.4028494497929864,0.3474081015463961,0.4023273342857325,0.31355457356729083,0.42317052073630135,0.35065032199714,0.3982149873474471,0.35742437557859236,0.3848272195874552,0.35141596012932613,0.37849487808217086,0.3248418041703679,0.396283956654219,0.35468650011145225,0.3789943299202354,0.36161081402271844,0.36655232715517655,0.35707102474253627,0.8352448988819813,0.6223487035215456,0.79067996965372,0.646171516176143,0.7816335043432256,0.6758729971285158,0.7856176512106221,0.7035670411922976,0.7828573033410052,0.7262987261277682,0.8412174767580041,0.6824407440886338,0.83676628705199,0.7207038285247025,0.8269965327838618,0.7402666128057838,0.8194554192604937,0.7542009621767716,0.8700214050374829,0.6800995211828283,0.8622053350241528,0.7198897299691271,0.8433655893850154,0.737206777289008,0.8281163239863203,0.7465195042357053,0.883822194698046,0.6774570699904354,0.8783724991030085,0.7125689822613592,0.8597352498872857,0.7285046889172495,0.844036852184371,0.7374893612748434,0.8874018774916976,0.6757233477632458,0.8856242621350012,0.7035212865752087,0.8724752556163807,0.7179990333412496,0.8590912738698622,0.7262712202179378
0.4330986734718783,0.19452304397079467,0.4508752187501007,0.16468635025174985,0.4677072573661111,0.16111134802404622,0.4829258354409202,0.15818410302927569,0.39781661178421784,0.17797506547004946,0.3794042524544772,0.1835733200549856,0.3619968802668313,0.18906700676033175,0.5117899169364494,0.16618095763645616,0.34074063913769703,0.2121005082728223,0.47640877649028995,0.2129280261581609,0.40388351153878355,0.2318200653957803,0.681341429285625,0.29012653043545417,0.2731096666619766,0.3624315596649274,0.7938203620079495,0.45788554167463147,0.1708834681371505,0.5470904437533725,0.8428579924514555,0.6236801613776689,0.31340838577448193,0.3693741770015754,0.8710665126468724,0.67594259846428,0.36333335334488703,0.34382198124698116,0.8353883353999512,0.6807597207857894,0.3823584646462084,0.3284068028612416,0.8190145628348227,0.666295067224396,0.37634921074059546,0.33514548209754896,0.298959904467158,0.34778168139095056,0.34898521692412543,0.3524567986865639,0.39578095960653464,0.3524634811207205,0.42640825693661494,0.36106529358294204,0.44892706377555003,0.37322285913505554,0.4360571789892007,0.307927357932534,0.4697385871551977,0.32929318979522487,0.492673425891569,0.3403624352590149,0.5132386878918855,0.34856657531855784,0.4243196527831217,0.30679725627851684,0.44443633075759037,0.34479351543618536,0.4179288833607457,0.352324026559642,0.4034262446706653,0.34650913429767205,0.4031634989262519,0.31382560109651064,0.42168516325246214,0.3515381188928057,0.39727867336379863,0.3572686386858318,0.3853128873599764,0.35036163315572716,0.37870677971528877,0.3250773425202157,0.3947851994525228,0.35532106781134454,0.3783171348070291,0.3615322988582598,0.36726000693612654,0.35626749950972647,0.8331196603932919,0.62226923813651,0.7897772707427426,0.6467017455436612,0.7816500943094481,0.6764860788885576,0.7858056019772368,0.7042607915676639,0.7819100455701868,0.7270630852141872,0.8390891286247029,0.6827802037627038,0.8358951135926763,0.7196516651151912,0.8264775072150407,0.7393658118751181,0.8187276752371491,0.7537961468268357,0.8679359127142972,0.6802334426783483,0.8614427730933122,0.7187190928805054,0.8425294878246532,0.7362795698627336,0.8270559150737452,0.7458996096585074,0.8819892226791918,0.6772423658555831,0.8784672758451553,0.7110937223020228,0.8597103429429157,0.7272071600814094,0.8436354402501287,0.7364009902551781,0.8860107382473066,0.6749775313226725,0.8865576502083282,0.7018524891156005,0.8735081131652931,0.7164792760449543,0.8594889459822714,0.7248532453876114
0.4604491973826597,0.18510362875859881,0.4833858040285843,0.15908147753019314,0.5005658656077153,0.15867608266421457,0.5160407002295523,0.15861070722358817,0.42883992861494424,0.16233648444005797,0.4097166883730903,0.1644384842497083,0.39159620523952565,0.1666125287900148,0.5429067307086564,0.17180806613443622,0.36642370829573173,0.18533347006787754,0.4995736688009575,0.21119496953945796,0.42483906566909196,0.2163557487292987,0.686471522013492,0.3249958257959614,0.27213404933319424,0.32051804318712585,0.7661737413847065,0.5107398545317471,0.13765717289646362,0.4829533434640774,0.7835246821300254,0.6827362179464204,0.31094735214858815,0.3349005196325483,0.8016127449326311,0.7393703526764783,0.36512221264526534,0.3196871145012431,0.7655792548269846,0.7374897265698939,0.38719625926165874,0.3081631777632748,0.7521239871596249,0.7202451371540255,0.37962838888078265,0.3133977150690157,0.3017105897142224,0.31058010820805887,0.3491723440347833,0.32438055688425715,0.3948190487627766,0.3332292417567286,0.42327081539955275,0.34728727939417015,0.442974482551274,0.36348547379024904,0.4425455369463056,0.29724847341722993,0.4718374643007023,0.32408127970397116,0.4919000702142975,0.33924005864502854,0.5097416942713888,0.3509811877912222,0.43124364355116507,0.29382170567095023,0.4449807547465552,0.334561181226547,0.41745754897453524,0.33724286036983303,0.40378508511449346,0.3288162213343998,0.40934146983541964,0.29671112825580276,0.42134239212019486,0.3371068589104234,0.3962334862919776,0.3384632664134904,0.3854838494656142,0.3295636090364071,0.38347181864167257,0.3033226270844285,0.39394266232967706,0.33599412115790095,0.3763008803311184,0.33906392101374655,0.36616241892196855,0.3319260193891017,0.7769680800496335,0.6809857940705483,0.7292482200489984,0.6953289636982819,0.7144283827832267,0.7226631386208773,0.7129311382045689,0.7508975668610636,0.7057520588374562,0.7729047131437952,0.7704397132235701,0.7413768276561541,0.7591294955922515,0.7773205454748541,0.7459516422176449,0.7939889904642956,0.7359207047268556,0.8056565616459654,0.7990036346549321,0.7451681087751552,0.7830269000020648,0.7811559744286212,0.7617230409683361,0.7941618083385976,0.7453346438137632,0.8003528070624716,0.813065201388905,0.745976428268898,0.7989360597697225,0.7777902710995803,0.7781701747224454,0.7892210126820898,0.7616468736634177,0.7949309512907287,0.8172337943481685,0.7457730289998695,0.8078422943668917,0.7712942217200371,0.7916756511980722,0.7822835619450808,0.7769578061003579,0.7874553072006982
0.4968398573478971,0.18058869997159815,0.5251950290312641,0.16068681205189872,0.5419822855232634,0.16430805466548917,0.5570241464722144,0.16786171732196753,0.4714184042319983,0.15112680345877802,0.4523370224116678,0.14872474165078614,0.43420832676522564,0.14662443594585753,0.5799545306900451,0.18699318421537886,0.405318701662921,0.15897935120160447,0.5286738261166489,0.21513657433525551,0.45487983629171364,0.20274875615296406,0.6833166796031583,0.3692996955822621,0.281973463066641,0.26836963493069493,0.7179165525709086,0.5687513703398404,0.11335815005553318,0.3948382051369774,0.6945754861381297,0.7400715576740464,0.3161977743709881,0.29146903698996807,0.6989344012533606,0.7993918064926557,0.3724418917230901,0.2895155247836008,0.664270694743154,0.7890933806600604,0.39672694915662976,0.2834609944998616,0.655212698379048,0.7691995495460928,0.3881295908125443,0.28677347611134746,0.3134141435665698,0.2658018639510149,0.35699480428929065,0.2899246819014525,0.39915787509871054,0.3089475714010323,0.42308091290434996,0.32963801945079474,0.43798081123301175,0.3502001926044558,0.4529455640823409,0.2847384217256537,0.4752410720405121,0.3184065926306264,0.4914937433493146,0.3377672297621704,0.5065963423403342,0.3533116181208007,0.44193890665611424,0.27887147417226393,0.44699901990331037,0.32224450098698115,0.4198830537750586,0.3187381681801038,0.40861127108771883,0.30760602189278025,0.4195532791417132,0.27672925162152795,0.42357617333484965,0.3192693067620136,0.3986889822054613,0.31468321501054675,0.38972948320350476,0.30337773534704965,0.39272721194423144,0.27718227773395904,0.3978232998277032,0.311916647006808,0.37968454656278805,0.31099737865821614,0.3705136293423524,0.30165361998732815,0.6867564937228536,0.7355076593067702,0.636897566116531,0.739383521309585,0.6172764878453784,0.762986017091976,0.6094516654923976,0.7900776483550833,0.5979879385378886,0.809938627849621,0.6676621613151743,0.7929764164130535,0.6495684344867325,0.8258069521041558,0.6324911653462163,0.839286808704564,0.6192546057771724,0.8484056065028036,0.6951399732698471,0.8024310079491934,0.6738161088333433,0.8356090943246162,0.6493080052862489,0.8434658085292988,0.6311157820420461,0.8450770266401464,0.7092415759646926,0.805504433020694,0.6922028694994764,0.8351867522072107,0.6682307745612284,0.8419102785678554,0.6497232162547028,0.8432764842734262,0.7135682634945162,0.805194129101683,0.7025007742111494,0.8297352250431801,0.6846731385495017,0.8375462795330109,0.6685689595276929,0.839279530680829
0.4476169262477715,0.1882389785493954,0.4682881660841638,0.16053808421571475,0.4853807392587387,0.15868739676920338,0.5008128227563423,0.15731448414329702,0.41421742842744386,0.1684743181660556,0.3953885931883738,0.1722451451715397,0.3775402274324423,0.17600412610435548,0.5286522919698267,0.16832887210764347,0.354117020140582,0.19688199481039373,0.4887844918924858,0.21105427405893834,0.4148209413048112,0.22268675367375268,0.6840781014675608,0.3087722742301944,0.27153589284657614,0.3395745225043297,0.7799207164679927,0.48730756632578864,0.1513690304711821,0.512668592123551,0.8117254493264403,0.6572948685976763,0.3108836993134701,0.35075722850232743,0.8346153180865785,0.7121888964603303,0.363926541726018,0.33117785862071536,0.7984106543361221,0.7133313540251065,0.38523226948663203,0.31782135484924107,0.7835288285339801,0.6973169778378271,0.3780928937100207,0.32363018735214666,0.3005994256886353,0.3269094478388337,0.3493474721128325,0.3367382483185256,0.39554252468231615,0.34164548847794096,0.42458358627058496,0.353296002547937,0.44469117916336476,0.3678577234422784,0.43921730116896585,0.30107813724611254,0.4707234333171085,0.32618340518475264,0.49225182093107844,0.33942152219839045,0.5113326887163451,0.34939698849580164,0.42737448420689234,0.2991037449419336,0.4451368984458049,0.338817616885341,0.4187706178843647,0.3438590761706977,0.4048548439991325,0.33670322018735604,0.40589376938853583,0.3042985980499531,0.42194896651166475,0.34335960134652754,0.39733205273202354,0.34669614808134647,0.38565997115358164,0.338742369198762,0.3809906227000524,0.3132687726003407,0.3945781429649855,0.34433157257740454,0.3770695970342946,0.348840335591707,0.36609679351030733,0.3427196192019266,0.8025762048912812,0.6545752295352336,0.7565099722089568,0.6748209778949239,0.7453415167074402,0.7038645939535462,0.7468604262956872,0.731792308206604,0.7421412324349707,0.7539562888399391,0.8029896070525806,0.7157135568548685,0.7966847943757985,0.7522294728256813,0.784466515957225,0.7704079578867441,0.7745241765252879,0.7834443569148489,0.831749559439656,0.7155351382872395,0.823123707827103,0.7535755386477891,0.8025006907133294,0.769151856764481,0.7856990655181808,0.7770173917310194,0.8458717008425873,0.713676038356497,0.8404785410574538,0.7472312720291897,0.819719575576623,0.7614789046880583,0.8022007036544672,0.768917435927799,0.849798001301763,0.7118003896350464,0.8485581072666601,0.7389357983772442,0.8339977799857614,0.7521111572563101,0.818834930493787,0.758938371641334
0.4964898194630406,0.18023105530778918,0.5248176416381334,0.16036324035942595,0.5416248187845109,0.16396022493488202,0.5567103369608392,0.16749187623829492,0.4709841997460299,0.15096626947370184,0.4519227543847507,0.1486562315557571,0.43379353966866735,0.14663729071164974,0.5796948854093851,0.1866563846016705,0.40498555839819306,0.15912678129146018,0.5284229386139082,0.21480988803873002,0.4545463327288356,0.20267375103958432,0.6832225246337366,0.36867029922436223,0.2818485122203743,0.268758465982724,0.7181884212426195,0.5683472748198134,0.11346926289116444,0.3953905203340246,0.6951402808360602,0.7398073372446776,0.3152717283301517,0.29168208085877995,0.6996767756545912,0.7990848289395787,0.37176268513719046,0.28974724750192626,0.6649287249277501,0.7888375063910795,0.3964381972735913,0.28371027235628643,0.6558128264164556,0.7689862680910902,0.387857170042891,0.2869935067687515,0.3140876482573804,0.26620793574489054,0.3566815334799772,0.2905755254293621,0.3987546689881868,0.30955201274080224,0.4233651976880315,0.32976890840937706,0.439069800176646,0.3499707458679886,0.45265247819110027,0.2848854517976344,0.47542424912787173,0.31828919522413995,0.4918651742726317,0.33784586567029257,0.5069019770507738,0.35343862364091655,0.4427739296284318,0.2790379278313983,0.4481102177982512,0.3222418412990325,0.42103863007908393,0.31877710801816805,0.4095851400244785,0.30746132403362825,0.4213588295487211,0.2771631667812382,0.42446388176440575,0.3193921217076738,0.3997251022346342,0.31523196231917877,0.3909341780168132,0.30410635565154837,0.3955782055913422,0.2780641867811368,0.39831510258428443,0.3121560294135619,0.3800172691721137,0.31133838866724173,0.3713012698455991,0.30219039301044853,0.6872983835587297,0.7350081838033473,0.6373130543895263,0.7395363890123816,0.6177069801118659,0.7633413007683016,0.6098911102130573,0.789991172339854,0.5986183925782588,0.8096118613555368,0.6693272062301644,0.7925343831107001,0.6505601370298683,0.8257668198319106,0.6330248064364548,0.839065507352126,0.619560974618006,0.8480733169862178,0.6967170486720379,0.8018515049250458,0.6744696689633016,0.8355122740291696,0.6497563326088234,0.8426972869675309,0.6321428790193204,0.8439666008818558,0.7104984652873685,0.8048560241753673,0.6925788723501022,0.8350127491590533,0.6683839922565208,0.8410809475454208,0.6502731629415857,0.8420076884476348,0.7144606764281268,0.8045229089270043,0.7032609515577529,0.8295429532992797,0.6851169067058155,0.8369787325263125,0.6692869078123804,0.8384603255863816
0.42980119250799476,0.1954600768460161,0.44680436424779113,0.16534003401127859,0.4634962306068222,0.16136408648450362,0.47861939664540143,0.1580713043304867,0.39414778213478285,0.17998644185180296,0.37597366897545426,0.1860849439747129,0.35871005969606395,0.19206173721098735,0.5076335774025026,0.16548494766774755,0.3378953988078701,0.21576721195758167,0.4734022151004825,0.21298759698604502,0.40150000381754064,0.23377080741192358,0.6790731889042888,0.2853872987487359,0.27375471281313635,0.3676808591333886,0.7964717339277878,0.45068947729395736,0.17611055695567074,0.5543292907415688,0.8493921261842207,0.615405682280924,0.3135780724125655,0.37408030519538804,0.8790013863255287,0.667015303325221,0.3639450329660575,0.34803087817648454,0.8431326293717847,0.6727322398328867,0.3836359108916826,0.3319709181630838,0.8263785134778807,0.6587338945113006,0.37727173729893354,0.3386267035969077,0.30198570903922317,0.3512210894346572,0.35098549137780777,0.35504695584627166,0.39684426776312426,0.35431431868074303,0.427093579674361,0.36185518258353877,0.4496695258901353,0.37320039201599575,0.4352483041829727,0.3086028459543296,0.4696951173758423,0.3292730786443488,0.49296266142358586,0.33978194369964704,0.5132883655637772,0.3473849592374144,0.42367730539152737,0.30772471005252944,0.44741798548895984,0.3443580694063206,0.42178913596289436,0.3527179285202955,0.4063866134737223,0.3474960988232126,0.40336751486864214,0.31539425609352056,0.42433910932678753,0.35186234242864356,0.4007270388877915,0.35868786951682863,0.388001868160856,0.35265494940754605,0.38028057590580383,0.3273772885942409,0.39719390618896333,0.3564606305656167,0.3810541455474567,0.3636889935672405,0.36956118753892964,0.359629309815467,0.8419964624407016,0.6139686185852021,0.7985424696950341,0.6393317725553582,0.7902530359206547,0.6697928853025081,0.794921441029903,0.6974332122831215,0.7921643230822181,0.7203051519156989,0.8489022236682633,0.6747690089916913,0.8466159106282507,0.7116671674303346,0.836752946796119,0.731144873966587,0.828509040342845,0.7453728592771176,0.8775903068643471,0.671892645100759,0.8717382280468179,0.7099618177818992,0.8536493863348525,0.7275933298652717,0.8381945297008359,0.7376749776710467,0.8914268813731998,0.6692142981641246,0.8870342090215046,0.703016847929534,0.868706105471698,0.7191236037114226,0.8525284975790497,0.7286272048043148,0.895127439032348,0.6678490180095978,0.8931063619993662,0.6948057257221254,0.8797431075513502,0.7092916236439288,0.8658448476808887,0.7178539822623702
0.4802534705619871,0.1812218825932958,0.5060715924420659,0.1582750702491945,0.5231019837707331,0.15998693089006782,0.5384680607613427,0.16183679690696476,0.4514900247129297,0.1548339084043357,0.4323219689252447,0.15463793630329056,0.4140137935371455,0.15462540884508422,0.5633019389099565,0.17835953438735835,0.38628403768626607,0.17017465734223144,0.5155217187890802,0.21206956277485184,0.4407241937140337,0.20809795266671513,0.685622267167313,0.3479853621669057,0.2758007154677153,0.29258183803108,0.7421848444568806,0.5427296280869413,0.12225784201557494,0.4367293843806559,0.7380833490725702,0.7156947615880906,0.31119692105988417,0.3124890133899629,0.7490831165333355,0.7741505975261842,0.3673303353821644,0.30439946479889235,0.7133179247447441,0.76777486742422,0.39121221300982423,0.2953029395036637,0.7020933216203312,0.7490535096086914,0.38296191512119554,0.2995923632746629,0.3079514826297848,0.2864429042168172,0.35300106151379756,0.3056881187845899,0.3965138993075942,0.32033312770506844,0.422415351212012,0.3378920498895605,0.4404535060573328,0.35608459002679066,0.44712406700376645,0.2898435839751268,0.473177310055428,0.3206029818044367,0.4920789357936772,0.33827564289825535,0.5091630932578012,0.3522101074692842,0.4369683495136156,0.2854272385239194,0.4470564461640803,0.3277887663894432,0.42020696381356093,0.32745520828167873,0.4077926106219986,0.31758941953467945,0.41561061363792245,0.2860740826706659,0.4234027358342804,0.32741703265809974,0.39869726347711404,0.3260707663192002,0.38877115317118144,0.31608021194698244,0.3900529821254662,0.28984150933695885,0.39649375420367183,0.3227788486354327,0.3784963111994943,0.32398666204798454,0.3689096988438518,0.31589074761346037,0.7303941215006233,0.7120080353094846,0.6810879981449303,0.7214058696702912,0.6639021362810853,0.7475996733468758,0.6590936026853564,0.7753683231221956,0.6494475525029032,0.7960811929915902,0.7181727192377274,0.771545349425719,0.7034822509675629,0.8062552304917245,0.6885217783344342,0.8217838879086639,0.6769421231342614,0.8326799127561719,0.7463613895497746,0.7782953135289008,0.7280725784753741,0.8132118290234414,0.7050992720857944,0.8234539595157395,0.6877773380198777,0.8270552874343783,0.7602293515486415,0.7800420373252694,0.7459528983028658,0.8108367712965778,0.7236879980352453,0.8198245010734736,0.7061231458390271,0.8232871079977939,0.764031899785463,0.7793858437262855,0.7551043736758565,0.8043660924255,0.7385253435137367,0.8136407118390805,0.7232702198982928,0.8170805412474311
0.4586941977503899,0.18522166814390797,0.4808604485306155,0.15874444673153876,0.49792141681478624,0.15797586854036463,0.5133864192973199,0.15758807088027135,0.4263588129443736,0.16319783650322148,0.40737561270333245,0.16576198860878885,0.38921767869410384,0.16839812338582041,0.5402923832440467,0.17034030809089537,0.3635540479922068,0.18787076726107907,0.49786533601778393,0.21064648060539282,0.42324186910190187,0.2175214891940252,0.685466023159933,0.3206202182693089,0.2718198523778198,0.3249770100123297,0.7694144977005929,0.505201066758859,0.14071497843136105,0.4897670532464462,0.7903274702562888,0.6769490126585448,0.30977498528545,0.33960699893237284,0.8096576496671241,0.7331900384545618,0.36441091957972976,0.32383475820584334,0.773345110586709,0.7320439297627668,0.386995163661909,0.311296053261347,0.7595330899456948,0.7151479091171664,0.3792115117928735,0.31663241787481156,0.3030821906877421,0.3140688594423309,0.3501193353324766,0.32783618350449706,0.39504024710407337,0.3358150634420868,0.4237930080061628,0.34889690096877474,0.4449891775480576,0.3642084301774552,0.44109046252112816,0.2979368738460824,0.47122901226843816,0.32431350330186903,0.4923192380476861,0.33920859026714684,0.5108239221500864,0.35070130441593117,0.4305101930743809,0.2946484858125571,0.4465310667649727,0.33517076397821216,0.4193218549966474,0.3389794904165591,0.4054241269440371,0.3311772310761187,0.40948768155452503,0.2982115730167178,0.4229717794852288,0.3383688486281753,0.3978787585936142,0.34078371280553804,0.38644479533253884,0.3324565349758425,0.38472696542234064,0.30565025060284295,0.39581025498620376,0.3379942661523231,0.37807698239675636,0.3418020464373035,0.36741968443175177,0.33510336570255106,0.7812845459830886,0.6736062489296291,0.7351391109000488,0.690898637744098,0.7221458481353812,0.719005900731032,0.7213477181133928,0.7470865167730626,0.7141651016176741,0.7689448860219846,0.7787036678817131,0.735191539868153,0.7686818353183184,0.7712695333640218,0.7560595448412462,0.7889018619502072,0.7462923493779091,0.8017433341014932,0.8069530207980592,0.737296336920952,0.7940064006543922,0.7742685482951988,0.7728569402117622,0.7883844623275923,0.7563262176324514,0.7955902709437435,0.8206844751825441,0.7365232611251589,0.811807938031061,0.7693825417883418,0.7907972098577145,0.7823699201795211,0.77337376661728,0.7890610343807851,0.8241915271530322,0.734905570153007,0.8206205746457014,0.7615307579687276,0.8054731834166011,0.7737790950538441,0.7902783167208037,0.7799162592257606
0.49154402979274475,0.18051118725037824,0.5186845602875476,0.1591845226468214,0.5354479260640208,0.16197900296463066,0.5506100779865801,0.1648261620225945,0.46463191470308224,0.15217241442049187,0.4456140547028308,0.15072119178501436,0.42731964684609586,0.1495101671431564,0.5740943785894739,0.18287814135325073,0.39759392927106085,0.16315736297005876,0.5242698701144674,0.21349284807651142,0.4500157769218759,0.20467262974230543,0.684616267403204,0.3601518795240784,0.2791067495959505,0.27812245892035625,0.7281613668201382,0.5581771032590357,0.11652866865472328,0.411942881744231,0.7127956763995852,0.7305557829372828,0.313173642619786,0.3004134480290838,0.719980769782088,0.7895671973282866,0.37003745064187565,0.2966999199456906,0.6847037553691723,0.7808719664344671,0.39482225013275546,0.2889981637620135,0.6747139839658061,0.7614667030371243,0.3859610117904118,0.29250120838447147,0.31209865264495507,0.2740387082000454,0.3555541638275608,0.2976266549010347,0.3980555768560566,0.3149620309647016,0.42342028561679823,0.333841173839628,0.4405244759870899,0.3532692186529828,0.45073182698340347,0.28744776643143555,0.4742940256885569,0.3193167006171747,0.4917441485102518,0.33802242144774103,0.5075971884186579,0.35287342094195495,0.44070695858264963,0.28181310808203486,0.4482160469305574,0.3244880267433746,0.4211940642683984,0.32269107202806807,0.4094065961654628,0.3121742324807803,0.41916557399064625,0.2807695648423053,0.42381741686256436,0.3224580928904592,0.3992605398407288,0.31975786702267134,0.3902561351210263,0.30917146164445697,0.3933650243690087,0.2828237454714199,0.3971380516218069,0.3164207123778207,0.3790683170707217,0.316306154808204,0.3702905530313578,0.307343961088952,0.7049154492561831,0.7261942979957867,0.6567270572818946,0.7332943723587406,0.6379600766546377,0.7573919876629156,0.6308008976852965,0.7845394069729591,0.6190178660177552,0.8047595749132141,0.6898474900522907,0.7854862692518054,0.6718217171471504,0.8190241776222968,0.6555966725689584,0.8332166694729608,0.6432282278920227,0.8431637255073182,0.7170601530957275,0.7939023741509533,0.6951940609677144,0.8275701226557097,0.6710252709876987,0.8359645678930072,0.6534650105429083,0.8384260799722845,0.7307326414886889,0.7963568005274245,0.7136749621798788,0.8263988169616165,0.6902899290717777,0.8337997535665943,0.672160646465243,0.8359666741761256,0.7346486887944209,0.7956521382129551,0.7239086356647713,0.8203786482128305,0.7061298959410021,0.8284418043225832,0.6903561907478597,0.8307143290447871
0.4350015977244888,0.19359420828347304,0.45229340383556216,0.1637379582967188,0.4688380763012507,0.16017472938757368,0.4839513682557242,0.15724516318570278,0.39963363988371237,0.17707428400785238,0.3814934194275917,0.18270448796181066,0.36404909617930203,0.18831945280975668,0.512311165216379,0.16539505639163604,0.340938011337292,0.2121680821775826,0.47727829879002187,0.2122455737364032,0.4051318863096264,0.2314227700669536,0.6802601699769308,0.28945171973805667,0.27308665327538906,0.3628728631701177,0.7937765430992809,0.45744398951141163,0.17140196289190746,0.5472248065744327,0.8431784804211304,0.6233399176981482,0.31301646676296924,0.37111277504368123,0.87162492466999,0.6755067808371833,0.36465924524412596,0.34685981260015747,0.8356422012426894,0.6804470027356182,0.3849251495109345,0.33042340186567315,0.819194070688978,0.666100966154761,0.37785155048453123,0.3369249936875745,0.30212146847883825,0.3470029142365233,0.3510614056185853,0.35304928336567254,0.3969813045810857,0.3534404956119676,0.42760788328365174,0.36147731777182823,0.45091077727249174,0.373154986065415,0.4360733741833155,0.308152766883895,0.4696668628208373,0.3290650704969008,0.4928150801216749,0.34006450654506487,0.5129083230175783,0.34803557508850946,0.42465230574266566,0.30655420341092143,0.4471728734987076,0.34339207327693644,0.4215230403851632,0.35188815091691267,0.4067378519923915,0.34663929668502746,0.4042766419823462,0.31355127711947456,0.42372163326265155,0.35062893936465034,0.4001743943339577,0.3573097232887755,0.387984931147341,0.350920611953077,0.38110454384929465,0.32503276054492436,0.39704102648172845,0.3549496805353729,0.38042103102769864,0.3615639518086682,0.368933862539145,0.3565053332890955,0.8335712662855327,0.6215735467030483,0.7915857930916113,0.6464195946652131,0.7832778093324304,0.6758742077571982,0.7869894526222945,0.7036347266669691,0.7839084029284781,0.726730008876521,0.8420048036718594,0.6829007696425932,0.8375971480354529,0.7201512974973894,0.8274372760055133,0.739390852466711,0.8192123574199142,0.7532842943771733,0.8699442803318914,0.6801142188247526,0.8640594904307803,0.7185764227240963,0.845444980256651,0.7359210249711976,0.8298042125877152,0.7453845631023678,0.8834007874528174,0.6768408205432179,0.8806007692113581,0.7103408557568851,0.861885624844902,0.7267051925443115,0.8453538081763691,0.7362177259366971,0.8865405683367904,0.6745705949963263,0.8869750258723046,0.7012980152267458,0.8739411302317228,0.7159425056554731,0.8597395533551834,0.724637835317861
0.4435464468433517,0.19030686288696022,0.46237788371297955,0.16138604009604327,0.4789889504510019,0.15874842350599394,0.4941795423481959,0.15666215768099478,0.4091396522580898,0.1717777418654353,0.39072161408101,0.17638101608809287,0.37295458432872775,0.18102218659054983,0.5218569048987886,0.16637627005766967,0.34799606763956403,0.2037445464339062,0.48432577599382604,0.21128802845170433,0.4112908855055191,0.2265151697675568,0.6823693821832509,0.29944501645740884,0.27190553966002345,0.3507144767967509,0.7867372740012845,0.47339301394569944,0.16045076330972924,0.5292418635326823,0.8271486124607483,0.6416627526009744,0.3113960721702917,0.3611439401918486,0.8527733543658692,0.6952759587157955,0.3642800018928191,0.3396831749676425,0.8165369413262156,0.6982691388698381,0.38537708857370206,0.3243639991009297,0.8008750663853639,0.6830559357955279,0.37793586422250924,0.3304899440196035,0.30196915607659536,0.3369737863722292,0.35035567906649073,0.34542823727014554,0.3960989299630113,0.3483175920641401,0.4264326887738049,0.35787305637727207,0.44930091410304457,0.37070354392640403,0.437233517977268,0.30534483165069864,0.46980065412219163,0.32811532468445,0.49255025043817935,0.34052545659673805,0.5122159088149042,0.34976256704277786,0.4263657451837728,0.3030985622239647,0.4464675110183918,0.3413652626946643,0.4202584909359492,0.34842303235222855,0.40572020797270575,0.34213065118287034,0.40594559214321735,0.30888335967492175,0.42345164982293354,0.3470389933700336,0.3991983629120469,0.35250274622515465,0.38704617318749146,0.3453299122396563,0.3822745243541715,0.3189481926942982,0.39656529156439946,0.3496224657894911,0.3794107914666387,0.3557890842300992,0.36810213548400456,0.3504157526978218,0.8181723257887571,0.6402922683036537,0.7749019773698459,0.6618223513873078,0.7652208952881496,0.6907004321553798,0.7676866848748785,0.7186093437411134,0.7631524867538544,0.7412471488687915,0.8233818721457473,0.7009773383214271,0.8165840765130519,0.737982817277396,0.8055196724168887,0.7563904419049403,0.797015481330797,0.7696695562446341,0.8515982733333791,0.7006176628856275,0.840805994435872,0.7386438073118291,0.8212097792111744,0.7545763230879456,0.8057597078974745,0.7633442796681799,0.8651666679563375,0.6991708225259055,0.8571456637262808,0.733017505620768,0.8376905352623103,0.7476216666092035,0.821391097521354,0.7557760108547219,0.8685852839974295,0.6980343828604402,0.8645935197222062,0.7250196173145432,0.8501525572768309,0.7383082511821433,0.835913029852482,0.745559484159352
0.4632722811558989,0.18447398505861157,0.48572426667943575,0.1581811650655237,0.502494749482647,0.15772021072438372,0.5178203201621202,0.15762133373626036,0.4315464206072508,0.16154035099560404,0.41266890344493445,0.16368856628312184,0.3944076781576944,0.16596935336406685,0.5439958987312064,0.1708239747501206,0.3663821990234353,0.18539808745572525,0.5008000574741706,0.210545960020028,0.4263552080045723,0.2162316918150283,0.6854368358766435,0.3235441100014181,0.27188236866043636,0.32142091931562894,0.7665512847675733,0.5095164319362313,0.1384077382146099,0.48393094728859365,0.7850161659613855,0.6815515371080298,0.30972093610718854,0.33688986795218595,0.8035062340793653,0.7380080454173852,0.36495455475009786,0.32267253887290853,0.7671957587784449,0.7363004077193573,0.3879483652291439,0.3100845541194248,0.7536306613243657,0.7191972923445071,0.3797172319301322,0.31516700010250265,0.3035556792290063,0.31122538252658966,0.35087059992891245,0.3263549973152098,0.39568307072710013,0.33512516281978877,0.42413550122003685,0.3482982510449575,0.4450408741271303,0.3637856925939512,0.4429255175634902,0.2982120512001574,0.4711920413382539,0.3249774029147086,0.4919371206256313,0.33986199564499486,0.5104463077647206,0.3513879928362041,0.43227583976823364,0.29444449086381586,0.44533017604847475,0.33508903461313494,0.418412016255048,0.3383374656506781,0.405410783553654,0.33017471964546996,0.4108496688794598,0.2971852579402905,0.4222858952040428,0.3376010632273914,0.3977559819963101,0.3398476562051097,0.3873132271384933,0.33128500631666,0.3854159414044169,0.30382240395447696,0.3950575443110619,0.33633394153932333,0.3777692763127956,0.340082850018396,0.36784632986734184,0.33311900985125253,0.7778273772413921,0.6791084250376243,0.7310167300092848,0.694209232109401,0.717476451998114,0.7218582682297717,0.7166385991971232,0.7501957050383332,0.7087762122825523,0.7720822879977428,0.7742302344851565,0.7397829890370694,0.762522939416256,0.7757048189515234,0.749032398519119,0.7928047098607512,0.7387532791700437,0.8051972117882609,0.8021252356132386,0.7429629281493264,0.7860902051596639,0.7793790653464188,0.7643794883769152,0.7933033859686541,0.7476281851690332,0.8008567839174252,0.8154680503904397,0.7432433504983798,0.802891231378186,0.7759381578800078,0.7814813192393266,0.7884519991684606,0.763936319432384,0.7948417356655062,0.818823816492227,0.742604346334422,0.8115351882228526,0.7691805542871526,0.7953104317866538,0.7806952932573777,0.7798609122026314,0.7860629195645795
0.4607249118948341,0.1849091556028847,0.4826021906986126,0.15821506665210633,0.49933507649935205,0.15749248713459313,0.5146555640807381,0.15714160756303266,0.4285692676442875,0.16243820512946863,0.4097486744417429,0.16489410656612402,0.3915048468991186,0.1674983269836157,0.5412189695569676,0.16989971615135968,0.3636544344096352,0.18760643186229403,0.4986919070058336,0.21040840581647452,0.424264441399002,0.21745943271516188,0.6850740041956326,0.32000166118133266,0.2717159494141154,0.32576358916321596,0.7697160940498451,0.5043887959262711,0.14129569736372938,0.4906538187770886,0.7915213839236325,0.6760870720664157,0.30992566857598924,0.3405229412836366,0.8110943009045464,0.7321437011648011,0.3650193950538273,0.3257570589724892,0.7747670761954246,0.7311343879823142,0.3883127352757054,0.31266188551829927,0.7608752905114595,0.7142928201404894,0.3801121581290988,0.31781632246411967,0.30342697647804034,0.31545888527894095,0.3513179096005741,0.32891741993126977,0.39628127844468897,0.33633002636854437,0.4249194889863981,0.3498185687531803,0.4457966536224346,0.36571410049237263,0.4417936444137155,0.2989953462899113,0.47125914962873444,0.325626548041702,0.49249865324526676,0.3401966945284082,0.5111948830526891,0.3515285125802691,0.43027125362497726,0.29567801735862453,0.44598967286929014,0.3355417630255162,0.418314041526039,0.3391562835074856,0.40364979812318,0.3313092341578824,0.40847246141265486,0.29901288699792894,0.42230491031481904,0.3387228704345339,0.3966691028087254,0.3410556271062535,0.38465097792690567,0.33259810992264005,0.3828634705498061,0.3061779853845258,0.3956222059766354,0.3384156436189348,0.3773633506750415,0.3422765036995241,0.36562904129571594,0.335445770967834,0.7857542468630971,0.6735896608260303,0.7380285610644631,0.6900227408885475,0.7249329904312518,0.7178135089488566,0.7241123276081721,0.7456955557435858,0.7164580117854095,0.7674670370125154,0.7808154804999075,0.7354948977013794,0.7703023724385555,0.7715386503276092,0.7569806481042136,0.7885575092652207,0.7469448317913907,0.8006454395384269,0.8091166122579017,0.7372296693327437,0.7951587699053013,0.7741375861475155,0.7734869323819002,0.7878221895833377,0.7569029021934057,0.7946365674345115,0.8230099946550473,0.7360595233637088,0.8124621098436979,0.7688832897146148,0.7911702909258804,0.7818301462815525,0.7739095225248159,0.7884687499667664,0.8269641985418124,0.7341112964118759,0.8210441844637153,0.7608380367566965,0.8052573342981071,0.7730576021063386,0.7903137119147979,0.7790956081995863
0.48569302065764036,0.18081428879765088,0.5109665915058267,0.15785019566460018,0.5275499309960082,0.15974006349685363,0.5427347751576598,0.1617869470502565,0.4571666156799673,0.15360849185142855,0.43823277822911805,0.1531027155181431,0.41982812931554475,0.1528554098219328,0.5671434567574296,0.17858329310659835,0.3886015210183523,0.16837653967523644,0.5190622481802869,0.21190624590111592,0.44449125352728047,0.20729124657105372,0.6854735553870986,0.34927564606954514,0.2764925617728025,0.2905997149622029,0.7401344963690615,0.5446970646636913,0.12160352898315846,0.43273539879556183,0.7350217061404549,0.7177815518266177,0.3120696997243228,0.3110289872154989,0.7456098680845343,0.7760307258125685,0.36891719517064214,0.30516875915049657,0.7098963407674227,0.7693525786778164,0.394787129814292,0.29615762933330175,0.6988025440199493,0.7505536735796519,0.3855180055848123,0.29979945373312517,0.30950502365205956,0.2854893898399237,0.3543126425624394,0.3072655880723246,0.3973470058394313,0.32142208066765565,0.4237827950656422,0.3384163038054219,0.4427115622345936,0.3567793465685624,0.4481193293330795,0.2902702568347708,0.47354924393984466,0.3209948331550686,0.49172997294668236,0.339039812180354,0.5075648107599033,0.3531997086555972,0.43687787517753696,0.2851737344771036,0.4477724030996201,0.32701531351263724,0.42015996052728694,0.32664632839134594,0.4068858761532379,0.31666599609439827,0.4147500435102776,0.2853852975835928,0.42355861526734484,0.3265563702156097,0.3984099374796718,0.3251134347801551,0.3881468801402961,0.3148891998795087,0.3886173729544054,0.2889401371950291,0.397166986645088,0.3226842100477319,0.3792496322516109,0.3236518709727542,0.3693105241060096,0.3150954563453853,0.7276759853890862,0.7132149625808444,0.6790492401339181,0.7227600920661642,0.6626677732944972,0.7481838514158703,0.6572487650265663,0.7757616796964031,0.646417430242488,0.7962512315411833,0.7154416808906312,0.7732831722605704,0.6995936385428001,0.8068185323384283,0.6841084313765782,0.821956533043031,0.6722876745529175,0.8329085399566146,0.7430703539396994,0.7795735677693004,0.7243511844328294,0.8137458150286027,0.7012763061601944,0.8244763785828567,0.683888501727167,0.8291748956595373,0.7570331977418026,0.7807294997369962,0.7427546790075974,0.8114717241582426,0.7201053387916841,0.8211321735537438,0.701963808235817,0.8251411680983743,0.7609165191202623,0.7795072287209238,0.7521858316257234,0.8049819972306507,0.7351024252806271,0.8148340969155071,0.7192317713263316,0.8186013482528596
0.4630330142925281,0.18448101604941933,0.48452561776461683,0.15801726358334153,0.5011929660399711,0.15742768115410366,0.5165226725545897,0.1571991849501996,0.4308030998826861,0.16180758584104762,0.41204880224885987,0.16410425938016682,0.39387442021611213,0.16657615006945992,0.5432020769342173,0.17018950709684344,0.3651076460214723,0.18656516877255658,0.5007327938251462,0.21027575502633641,0.42630775295152434,0.2167175605163028,0.6854337487975344,0.3214699445430209,0.2722488733836062,0.32410961956473716,0.7684108786855639,0.5066941981354182,0.14012210338801967,0.4876141164778018,0.7890640505501838,0.6787313261523777,0.31047734395306414,0.3386517422324357,0.8081876163063946,0.7346895752005086,0.36606076971675094,0.32475672313896337,0.7719055503843129,0.7333428288697816,0.3906215155582507,0.3120436617940671,0.7581378992738705,0.7163915575478337,0.38180289813631724,0.31700688769741237,0.30449094909583374,0.31458286489721876,0.3525833470808633,0.3296943181743942,0.39691127126466874,0.33721921699104224,0.42574427865793363,0.3497107589469611,0.44701529410146656,0.3649687978723458,0.44134111892524813,0.29825097410081225,0.47171536322640967,0.32475443388470104,0.4920206332702517,0.3399244580701093,0.5093615292303505,0.35172009450612074,0.42965599595335424,0.2949232289687684,0.44699510700260703,0.3345616546528057,0.41984197339864754,0.33888747840999783,0.4051099445950146,0.33158713048070837,0.40824746652319427,0.29858581909123766,0.4231465068633341,0.33795388131375836,0.3981383554368069,0.340633476516388,0.3859902265380581,0.33241045205854625,0.38349705189099403,0.3061206742694473,0.39646580877548726,0.3380760880792626,0.3788444299807738,0.3420507853798087,0.36770293425434253,0.33547422040963554,0.7830730261053745,0.6764084756791122,0.7356517755788985,0.6920447469547172,0.7221705290504865,0.7197270971322145,0.7210262187274457,0.7474564896576483,0.714245809350911,0.7691554261962064,0.7788507365718798,0.7383943633480818,0.7675007108903149,0.7741633696886169,0.7543481258865818,0.7904486934895276,0.7444567237271907,0.8019334936943656,0.8066370684168662,0.7409828904034208,0.7903730621636144,0.7776018915459857,0.7687875635064896,0.7904193143613885,0.7526643705113916,0.7968011871627763,0.8201560514264334,0.7406486712313299,0.8070298899079866,0.7731369091765259,0.7860508919926359,0.7847849444223886,0.7694953822816517,0.7906660892058595,0.8238300965422221,0.7393682314922201,0.8157784928223117,0.7655475706403932,0.7999157683452978,0.776753100697156,0.7856035400247678,0.7821483542372765
0.49629038767924544,0.18028058191236535,0.5228899575467797,0.15897274730954983,0.5392837681746614,0.1619372126924482,0.5543202163722198,0.1649808228838885,0.46964681182428114,0.1512650316633306,0.45085248568822633,0.14952544308670934,0.43260478124319907,0.14807047162394035,0.5776814590998834,0.1833492348693374,0.4001145450977641,0.16142586839832443,0.5276574434197578,0.21349340792980603,0.45355570992729544,0.20394661294158875,0.6842830756517857,0.36139250700814174,0.27996602132753107,0.27611572146826313,0.7259790765333861,0.5600663058718488,0.11608991989588724,0.40776554981614554,0.709581620921126,0.7326292423703537,0.3143230215962889,0.29827458220877373,0.7163676571850638,0.7913442716032619,0.3716694576951839,0.29671173896252045,0.6812120715871546,0.7822750213669086,0.39852546602379557,0.2895652699520773,0.6713620896916812,0.7627845887126306,0.3887903815647201,0.2925183746836852,0.31320530400110536,0.2736861530317038,0.3566008564147308,0.2985708975767243,0.39852512141341373,0.3153683982853284,0.42417812380145403,0.33348390659066907,0.44181854910687834,0.3527195753840472,0.45075172260270935,0.2868548436685573,0.47471206416919853,0.3191293136333634,0.49131530474385565,0.33817370750248016,0.5058200252140596,0.3533271456358925,0.4400074401871641,0.2810965712895309,0.44819336155343337,0.3233744206251304,0.42079382787318387,0.3217285109444211,0.4081754685820914,0.31146928796608203,0.41834901470352504,0.2801280667831111,0.4240533320510889,0.32162822399740126,0.3991696343575841,0.3187580856216163,0.389340503638385,0.30812837466554194,0.39262020133941933,0.2822292347152246,0.3980622787836007,0.31619711775274567,0.37992556084915563,0.31613047408408135,0.3706018579665664,0.30728818735291463,0.7021160353314133,0.7272939698120302,0.6533836565597675,0.7336367350512321,0.6355865669864458,0.7581874375926978,0.6283257412620725,0.785049455093878,0.6158744145468107,0.8043610022024205,0.6863743769753196,0.787642704287144,0.6677227735798679,0.8197703988047835,0.6512960887594295,0.8332758886055399,0.6390576137557473,0.8429790781534644,0.713079981156309,0.7957654065776716,0.691716962465212,0.8284000811813821,0.6678514521733254,0.8367272056973318,0.6504620405509306,0.8395325403546877,0.7267812800759543,0.7977233023197442,0.710565323369096,0.8273141582723234,0.6868596420747242,0.8344697520837163,0.6684196862220606,0.8364532246417578,0.7307604094423542,0.7965951536007609,0.7203360657738229,0.8210230894002555,0.7026618812510772,0.8290476663279376,0.6868265854123846,0.831350542063616
0.43906409307227034,0.19246444885859287,0.45574258113888266,0.16282135882104556,0.4720236611225114,0.15950249958632934,0.4871117138875644,0.15676503141867776,0.403572725567616,0.17536417505602991,0.38550036072061716,0.18071516662533652,0.36806284850007004,0.18612587917286144,0.5155952580188717,0.16514213937472302,0.3425660798951822,0.21062278585581568,0.48038399935856957,0.21167953658568422,0.4081497842020923,0.2302613019566646,0.6804883632325017,0.290988399175817,0.273387288049413,0.36174391294726493,0.7929040298941541,0.4600601279369414,0.17003188823315057,0.5447530687805336,0.8416815028988622,0.6264143330712599,0.31350402935398614,0.36945342784661206,0.869761017509461,0.6784172173898924,0.36621950147624605,0.3468335844794904,0.8337441181888732,0.6830096045793288,0.3885538793669965,0.33025499037294503,0.8173684646815713,0.6685624247589159,0.38057414058523326,0.3365935740491505,0.30364266774715115,0.34700647116292377,0.35331627372940677,0.3541404984107964,0.39836243355015477,0.35425353059653014,0.4289161716240236,0.3616195200679281,0.45230785339145685,0.37312323802641817,0.4361200169106886,0.3083949742329728,0.4702959142615085,0.3294041250713196,0.492741889376691,0.3409632282644254,0.5118114029605336,0.34966916324369457,0.42389348809962046,0.3069665926513762,0.4474519612451075,0.3432206053736897,0.42123557901858316,0.3518032544125899,0.4055301343341841,0.3468368240796167,0.40329471764677294,0.3140550272540369,0.4241062643239787,0.3505763437518989,0.3998509080884446,0.35707349139969763,0.38671501055822954,0.35074461133005963,0.38007953012337153,0.32549465396650734,0.3980588341464686,0.35509208887998844,0.38131228520988786,0.3617947167861782,0.3693275972539512,0.3570885624140177,0.8337382431509359,0.6239072924227393,0.7905154456997625,0.6483707366894602,0.7828606573299639,0.6779288069500671,0.7860036222043477,0.7057210524974746,0.7816692975396283,0.728391402216352,0.8412972612495606,0.6861388686961791,0.8358269361330378,0.7230515936703602,0.8252612081546795,0.7414206566002048,0.8173304121752163,0.7547258682845199,0.8691322040074168,0.6837994228508282,0.8603558608198785,0.7220114229834641,0.8414894016092589,0.7386015949327966,0.8267409094330997,0.7479202265779548,0.8824915268513462,0.6807155019387421,0.8770012207116731,0.714311941428319,0.8582755299051346,0.7300524674409383,0.8423991391384906,0.7392662755245978,0.8857636179072206,0.6784615539096552,0.8840834463488091,0.7052607091313798,0.8709612136620939,0.7193824486896963,0.857626280916966,0.7276248056272108
0.45343325796286565,0.18724742785043486,0.47268391552488065,0.15936999739020505,0.4891599115268263,0.15763329719972655,0.5044218827057956,0.1563606975136587,0.41964659195190224,0.16685162759730127,0.4011445336692493,0.1704561120484381,0.38326392060385417,0.17419295713036032,0.5320039449897155,0.16743444375234673,0.35531500318364295,0.1962187000121967,0.492608748908725,0.21035385332110862,0.41894634930390595,0.2218964765208567,0.6841793895631939,0.30846012382627774,0.2718513490372937,0.3400930120252009,0.7797852307915192,0.4875784156740699,0.1514568500649729,0.5123585895351774,0.8123894381363232,0.6578613884874638,0.31132187511207776,0.35165777101913104,0.8353812679389371,0.7123022321979375,0.3659146318153752,0.3343280880587378,0.7990938211163392,0.7134036408768638,0.38968627716879867,0.31990512520101194,0.7841593685088439,0.6974490359086667,0.38113008128219517,0.32542188413256723,0.30317807447337974,0.32865203331592197,0.3521804620337742,0.34002369332911125,0.397487027858231,0.3441900088468585,0.4272658651337313,0.3546557946977077,0.44976051183057275,0.36828318979950747,0.43938104553244844,0.30239023395394976,0.4709088969358187,0.32716991285892344,0.4922531702723795,0.34054623167793097,0.5108173448396625,0.3507550681492738,0.4271930289651792,0.3000540327423583,0.4460009137019714,0.3387153459049428,0.41912603678279137,0.34468855891653116,0.4043767981175387,0.3382201559466982,0.40594041979813644,0.3052045647969341,0.42261871108947136,0.34363771236462604,0.3977590780129544,0.3477436886185555,0.3853835063434463,0.3400928103733014,0.3815681635301747,0.314266213164689,0.3963403712471049,0.34545596833107794,0.3787649131323798,0.35048732601281096,0.3672863446576562,0.34449983059791406,0.804042652718238,0.6546153787690003,0.75857306485037,0.6746245269257505,0.7481729626426716,0.7033727936271628,0.7492025060498031,0.7312891578369569,0.7432365426164127,0.7533061615762691,0.8059963932288375,0.71651950526135,0.7972733502882547,0.7527952580312465,0.7854178828351273,0.770648584584098,0.7764930392433051,0.7836621319363282,0.8341846996806555,0.7170172482284973,0.8223823806710663,0.754185577941106,0.8023862004064066,0.7690985545212131,0.7870220871219137,0.7771706022008731,0.8477201129328824,0.715524733105763,0.8395365391902966,0.7483600501556085,0.8196245454894526,0.7621388098366201,0.8031025661825734,0.7697432401266529,0.8510203132312073,0.7137922664815115,0.8474901781148994,0.740170077732345,0.8330668535328895,0.7529926753018943,0.8188713471875532,0.7598510489298614
0.4555543895870738,0.18657310751170292,0.47505722135731837,0.1589701134854475,0.4915170683442459,0.1574588632061825,0.5067836759891134,0.15639565610904443,0.422051899297573,0.16573121802668217,0.4035507807889296,0.16908245368269242,0.38566818443897727,0.1725799345745801,0.5342902626826637,0.1678350557090737,0.357235432302496,0.1943382271169356,0.49432867445667833,0.210219887372075,0.42062917721307697,0.22076196342077387,0.6845684230302262,0.3107779460628558,0.2718151223829831,0.3372332907359317,0.7778257407585185,0.49109402121300505,0.14927008081995036,0.5079699034474207,0.808345043892449,0.661790501080657,0.3111566627727348,0.3493498829688614,0.8306602262294207,0.7165331282407157,0.3659946364988368,0.3329537219864116,0.7943588968787694,0.7171449179028924,0.3899556917985506,0.31877280414567877,0.7796213461475013,0.7009977011457962,0.38132176186423095,0.3241269807427366,0.30312783726305725,0.3259580811033558,0.35161850369316394,0.337396287843844,0.39711752994417454,0.34215515350398273,0.42652960356461517,0.3534515454598456,0.44803005694587933,0.3677631031975324,0.44002527389118246,0.30202794240620534,0.47084887406049236,0.3267082551976638,0.49180873652299767,0.3402992590615486,0.5100596402090317,0.35076451616549226,0.42833568521340903,0.29917927284624474,0.4463401131221941,0.33774053183361064,0.4192096959110483,0.34362665804488346,0.4044272805393455,0.33736699501264955,0.40718582175876905,0.3035448562283568,0.4230759781613512,0.34222633913486394,0.39820583336391824,0.3464792022650618,0.38619622655463276,0.3389564782334418,0.38263645895254295,0.31203193141513497,0.3967315852795094,0.34379821110390796,0.37958926919419533,0.34866385191948474,0.3685386429130464,0.3423259459613498,0.8014480041306238,0.6584317478205877,0.7558917105694942,0.6777596267964994,0.7439012484440422,0.7065193844542346,0.7438205348837351,0.7342931031200801,0.73787548269502,0.7561855395082157,0.8005756761044287,0.7209599712572483,0.791939670699738,0.7569443803993688,0.7801132859121788,0.7744419544999656,0.7710892577044131,0.7870481622493402,0.828732617276365,0.7216953300788256,0.8164133734027481,0.7585188424195886,0.7964769889575682,0.7733052265771423,0.7810086240424792,0.7812802793800755,0.8426478270351258,0.7203296080639421,0.8334155921069184,0.7530866451818794,0.813769703725123,0.7665800915824064,0.797464071355676,0.7740517726745431,0.8465696874116739,0.7186430464218968,0.8416006983219245,0.7450529587944448,0.8270099383420657,0.757617045030925,0.8129444326651216,0.7643820190176427
0.471857661028704,0.1826835569700145,0.49408394852044907,0.15732556107848492,0.5105892302300759,0.15757982973914667,0.5258822923330186,0.15815537550140202,0.4407779832884541,0.1583855765085445,0.4220709185053609,0.1597366741292804,0.40395407606004013,0.16130814606531385,0.5520414022954104,0.17245149389520106,0.37316810316469995,0.17995607032468128,0.5078045088914025,0.21033748930239968,0.4335035466040742,0.21294199888092963,0.6862072058328121,0.33054696549236856,0.272965178107218,0.3130431123417501,0.7597512266633926,0.5197577424020705,0.13301539453877131,0.4697705425947821,0.7720215527963905,0.6927404687388927,0.3106892238134543,0.32926590870971184,0.7884036664749337,0.7495563690488086,0.3669353514412894,0.318795142493043,0.7522454552044535,0.7462841400588824,0.3922374902142961,0.30723529705591635,0.7393019807122934,0.7286616313025649,0.383064285016905,0.3116291442365759,0.30508240089511296,0.30532611434673484,0.35184569443459457,0.32175812861902336,0.3967561414464755,0.3312428401447956,0.42526089890614355,0.34553552474316473,0.44525932103006216,0.3621676986174142,0.44391390193833014,0.29586371657377136,0.4719604389881764,0.3237346879655513,0.49160451555028856,0.3394865927417794,0.5087879712478178,0.3518993353950568,0.4326262270511345,0.2917490560354861,0.4464420520667009,0.33214192576800594,0.41884294247868104,0.3350865150626196,0.4047392183122866,0.3272695527727445,0.41107800019556195,0.29378181969270667,0.42278509119529945,0.33416044922158245,0.3975618949811761,0.3357091087903743,0.38624104008848925,0.3269748287530301,0.3856046746694622,0.2995345296403765,0.39641833831859824,0.332784095920607,0.3788067217233088,0.3359773237743445,0.3683406027453601,0.3286539807454442,0.7650097081201976,0.688492944526941,0.7171716055279395,0.7030327978774749,0.7031135931706596,0.7304527583593379,0.7001568121214256,0.7579116059443634,0.6917169454012165,0.7787530727799739,0.7582943834683304,0.7500258101818766,0.7452660143261378,0.7848426294565529,0.7317428325083488,0.8013182314326084,0.7216080280417488,0.8133216302655318,0.7861955108225596,0.7541251972463839,0.7694271574916942,0.789364400816321,0.748233130246332,0.8020199084332003,0.7324563917527923,0.8085064371190953,0.8001312680589296,0.7545509668680292,0.787202399874734,0.7861719581938393,0.7663596354405584,0.7974499938121442,0.7496924779516296,0.8030973162371388,0.8041145196339129,0.7535013801000585,0.7965173311642608,0.7791938773527343,0.7808354949668406,0.790125416168908,0.7662529564440124,0.7952996656028113
0.4796444874564339,0.18149765360869713,0.5030883066912136,0.15726206189893469,0.5195309627456524,0.15833158886232235,0.5347843767920696,0.15967822176650454,0.4499237201431387,0.15566885644987313,0.43121650621915725,0.15605746553910568,0.4130519193945649,0.15669755230004168,0.5601405941510015,0.17526564160245625,0.38107875838001504,0.17380302835829414,0.5140726973392264,0.2108846557638086,0.4397923598711267,0.2097836756685774,0.6862465599108878,0.3397475553643034,0.2742086135443863,0.301909709085337,0.7503422576688721,0.5323756370914094,0.12697883902139162,0.45145796413102207,0.75405229066226,0.7057608316851942,0.31108391037761784,0.3199301145639481,0.7676300884012994,0.7633151079665481,0.36776790506732215,0.3122528714845098,0.7316746350923666,0.7582537500867362,0.3933250640958543,0.3019085536580854,0.7196060338696793,0.7400164548462342,0.383913996489167,0.30581819977883967,0.3068676954842248,0.29553211277604063,0.35197089606117127,0.3140052534802918,0.39657460098608216,0.32593049746248987,0.424443437671095,0.3418803162843098,0.4440306241633198,0.3593191662650634,0.4450943464470369,0.2928975593926155,0.47234185605055534,0.3222824904556788,0.4908054560325593,0.33908454792707066,0.5067963651194588,0.3522601910975299,0.4340913534753951,0.2883647003322793,0.4452744722431292,0.32920896427426166,0.4177882504858428,0.3307200675264918,0.4043272132303605,0.32201884687995386,0.4126736600567224,0.28954562700919445,0.42241446088201073,0.33009881269082253,0.3969349942748762,0.3304059882076683,0.3858865929606591,0.32112760032306786,0.38729947446657204,0.29414743209119437,0.3963171944540125,0.3275062214266569,0.37804365202118595,0.32980730382507006,0.3677055123068129,0.32210053317413834,0.7466622330284893,0.7014652207623231,0.6983655083074903,0.7134138109081747,0.6823938339321118,0.7401136411289619,0.6788215754457525,0.7674940936618571,0.6700804122649826,0.788146739606393,0.7369864091399067,0.7626486135182953,0.7226240037049411,0.7966762668748082,0.7079883930892478,0.8120870709596799,0.6968447626347367,0.8230991492079691,0.7647847924068443,0.7677206396811171,0.7472487875217688,0.8023124159959238,0.7255698883086152,0.8141021794363081,0.7092949374935771,0.8195735047927948,0.7788143208879938,0.7683844652899005,0.7654348583125719,0.7993719649919734,0.7441111290146041,0.8099892906520967,0.7269194293901914,0.8150463194659936,0.7828811247454351,0.7671225989134696,0.7743977547471455,0.7925200719880066,0.7581434636393236,0.8028144535637899,0.7428634343355137,0.8073997938330697
0.47972929211598686,0.1815902685757387,0.5031666147136108,0.15733718954295814,0.519573502581855,0.15841212048144487,0.5348373010897606,0.1597979681291191,0.4501348150985348,0.15573976583926427,0.4315085847014473,0.15613254021135095,0.41341676814053097,0.1567883075455225,0.5601923427523596,0.1754134456543902,0.3810879320809778,0.17390518177944733,0.5141070294554551,0.21097472852226662,0.439994152054709,0.20984806276669793,0.6862355104748565,0.33961969696432287,0.27417381797519835,0.30209838639894054,0.7503178267058571,0.5321921044454803,0.1270325620518475,0.4516564738208967,0.7542650038473582,0.7055783155047035,0.31034802114797133,0.3200369449433168,0.7679580684346976,0.7631390729280499,0.36641663474268615,0.3121883375284444,0.731997804145929,0.7581187961860597,0.3912911344944728,0.30153771186336525,0.7199064318553677,0.7398885051284434,0.3821200164594635,0.30554761133253416,0.3065315447080551,0.2955322198050852,0.35212920938372294,0.31348152103843757,0.3963184971361093,0.3253574631053058,0.4239423455782857,0.34154820792992735,0.44339485079266855,0.35916962175380923,0.4440326484767794,0.29192564131564663,0.47209611997549505,0.3217425403432475,0.4904332751904949,0.3389611421410426,0.5060584581878346,0.352513624885767,0.4324264616348486,0.2876678120749925,0.44526933587428136,0.32870609428230163,0.41792479479266603,0.33110567493101706,0.40357653069460997,0.323277940382579,0.41091607694054627,0.2890867928602805,0.4222483804854992,0.32967731943452444,0.3968098476737821,0.33037283850783555,0.3846410706512269,0.3215176373004885,0.3857873834015899,0.29397687956835844,0.39652920811223236,0.32730521554060404,0.37800882578607387,0.3302696538135528,0.3665918195684045,0.3232581043967058,0.7473258754373644,0.7012181894109513,0.6987761594747806,0.7132170821721948,0.6823821728044653,0.7395012639160159,0.6789891664178598,0.7670674751718203,0.6701765711521135,0.788003619523572,0.7367217754585705,0.7615890842517183,0.7230958388102608,0.796236929101833,0.7084879946329712,0.812347310157935,0.6970476140855598,0.8237450018577431,0.7650268002754302,0.7666580467085409,0.7485319384284079,0.8016607752333745,0.726235450143083,0.8137140955842062,0.7090262557906094,0.8190132710130467,0.779289694909292,0.7673488543524978,0.7668948834512549,0.7986155615992951,0.7450579788553502,0.8094628144984013,0.7270705667335021,0.8144013566342073,0.7835135714198249,0.7661782036873617,0.7757606022785482,0.7918565507290934,0.7590683827564346,0.8024196194961459,0.7430923804145726,0.8069476050089739
0.47785437003457976,0.18195553618764837,0.5004850141284903,0.15733804280330918,0.516855662854999,0.15816072710306892,0.5321256965760358,0.15932504887191648,0.44770655758990135,0.15656611237913812,0.42921284968654116,0.1572503606358809,0.4112312107648638,0.1581974797771837,0.557643678103298,0.17455886663468728,0.37863469303917996,0.1758697432221088,0.5124607104587174,0.21081049846636615,0.4387839954774486,0.21083139843588705,0.6862701234349552,0.33666975767395363,0.27364762785314983,0.3056882594448787,0.7532357012906585,0.5281965302823756,0.12876310342729663,0.4575126576990129,0.759905699928338,0.7013985273596821,0.30958758732023794,0.32306610467230884,0.7745467594389153,0.7587737315737526,0.3657041656464828,0.3143920845753892,0.7385606615753654,0.754329040650534,0.3899697793028179,0.3032112048320563,0.7261443216524146,0.7363118861099347,0.3806314906480477,0.3073252727793748,0.30480630078835724,0.29936408759968375,0.3512150395237125,0.3167284252546039,0.3963636682284334,0.3274581346967368,0.4253331904127683,0.3428068030995245,0.4455258286560444,0.35996318230795543,0.44333101934181385,0.29310855251301204,0.47146757448660853,0.3224564548293973,0.4899214454568698,0.3393376931566552,0.5059217058567937,0.3524704822268301,0.4318431477404366,0.2888585887873911,0.44646937037432094,0.3300230664267378,0.41863124449992317,0.33225854466810595,0.4049090904913948,0.32363857156136916,0.41041441093028064,0.29052033087921325,0.42263602772690634,0.33162159964973825,0.396699390514453,0.33221189915902555,0.38554191541273686,0.3226353694414487,0.38516331528652126,0.29582446287065384,0.3961074512304023,0.32961922145329453,0.3773062125514404,0.33212628053343324,0.3667945164593934,0.3242492795099881,0.7530472786379514,0.6975442397402735,0.704569000619818,0.7093896210315893,0.6888843345669869,0.7360052079817907,0.6861311280935625,0.7636821802009994,0.6774731434209877,0.7849223749786969,0.7445718258627861,0.7580558509333357,0.7309804995546927,0.7926919627845805,0.7165448318512072,0.8087007300586493,0.7055274375589002,0.8201490496291148,0.7724706714890748,0.7631573801728755,0.7547593620328141,0.7982305725656513,0.7325285632120924,0.8104820137763786,0.7156661977985576,0.8163976645854459,0.786185279921823,0.764080312618181,0.772256844613249,0.7954102426296807,0.7504664353721477,0.8061618485780051,0.73287692890182,0.8113574666782948,0.7900943703154348,0.7632080185140704,0.7814971460152773,0.7888850543722313,0.7649195909704375,0.7993490013900157,0.749348113581014,0.8039453930321421
0.4807930679048224,0.18178822604962752,0.5037486819276555,0.15746754405430413,0.520089826332456,0.15853342496770678,0.5353962507522175,0.15994054407541564,0.4509431768416433,0.15584552237967114,0.43245336894644504,0.15622058620429127,0.41441577246056127,0.15689637074338111,0.5604485507895778,0.1755165519899664,0.38107935678066623,0.17388923583364654,0.5150339740139975,0.21118736974898514,0.44174419798018405,0.20997307782084249,0.6864403507323125,0.3394445849096817,0.2738497353503046,0.3022779162256079,0.7503278747984428,0.5319478904747803,0.1268523226553498,0.45133368709876115,0.754411047985118,0.7052081227929322,0.30992496525555285,0.32087757834488667,0.76816050653969,0.7627881372590942,0.36789807257425367,0.3145786908341006,0.7322975896267028,0.7578033447492978,0.3919572654989577,0.30267925701021325,0.7201505494226343,0.7396008683834916,0.3814270773414023,0.3058099333632258,0.3136779916900533,0.30818035832035784,0.36167090895720533,0.32395438486081723,0.4053902316090402,0.33427755685562394,0.4357408883221513,0.3459923276467613,0.45967561943268187,0.358649734222509,0.449831379244793,0.29760975378701865,0.478024229233331,0.32593793632609075,0.49551385308422796,0.3439179554174901,0.5105825342524133,0.35853057851647807,0.4350113961092447,0.29325762952097634,0.4580436273426253,0.3332119430928866,0.4336085027255947,0.3375940999240644,0.4173835146774923,0.3322306073338099,0.4112823811368621,0.2955458315066453,0.4329544267931758,0.3330440538794093,0.41262136857554377,0.33809324209624914,0.3991188969806267,0.33430288987089407,0.38552807390042465,0.30103186057171244,0.4048658733983741,0.3314470568009649,0.3934787543283523,0.3399984389567818,0.3825713710987601,0.3400890258410126,0.7478104863910977,0.701287175984453,0.6992269174068819,0.7124890532304264,0.6832559976679691,0.739233117700425,0.6797904431036551,0.7670521074316723,0.6708328813698526,0.7879348570600802,0.7391438762546363,0.7619809682521066,0.7244177970646215,0.7968053283522629,0.7093306783036728,0.8127103719866813,0.6978821071899104,0.8240569300242541,0.7667955856421751,0.7670962036262274,0.7490410591046361,0.8022378309174267,0.7259038318808337,0.8138818712227758,0.7083441474017699,0.8189874763798294,0.780127753409933,0.7677312934781604,0.7670250000208769,0.7988640749340861,0.7446503356996098,0.8093806476570753,0.7265644013404504,0.8141457027710471,0.7833319269643084,0.7664813715730654,0.7755993243836466,0.7920634709186545,0.7592203991457429,0.8024309595554988,0.7435430310571438,0.8068941836495356
0.4482846129997425,0.18971229551284582,0.46646324786765125,0.16122420227342854,0.48290710684174776,0.15891874758125865,0.49826268178447103,0.15720312503677233,0.413934630382709,0.17049184809103585,0.3960062411984602,0.1746239830648384,0.3787012653698947,0.1789360591350829,0.5262694617980174,0.16727168639937995,0.35018142703145627,0.20209678622663818,0.4887030907933426,0.21140818541774772,0.41654596361657636,0.2245201703299826,0.6829627381968164,0.30189942393116875,0.27161320736118455,0.35117137840764323,0.7846308972977534,0.47726363781558256,0.15590531335256191,0.5255522908786208,0.8243149493224354,0.6465806771370499,0.3294212055509198,0.36555395238524674,0.849446163254997,0.699920457923553,0.39236230227711244,0.3593194053654839,0.8133536936028103,0.7022756822919696,0.42765261571192925,0.3421362773473089,0.7977309107765287,0.6868737618190988,0.4122419608333625,0.34286066265546966,0.3110272799389961,0.3608927511594501,0.35792917604114827,0.3477008812436729,0.41314278131206505,0.3463195108514061,0.45094540382691434,0.35469454589115185,0.4747197778661529,0.3670570898379554,0.4433871185415841,0.3311744583879054,0.48752732047033476,0.3515618000751768,0.5145115093537176,0.3676287097316379,0.5307722470879186,0.38230201145695664,0.42868902795900954,0.3380933681551527,0.4716362796778172,0.3583415264189366,0.4771864844399283,0.3761828077964865,0.47601087773573114,0.38907100789551846,0.40879481420866026,0.35139942831310306,0.44511047242554064,0.3733658381989594,0.4501683177309709,0.3890028152219733,0.44839492521922814,0.3995428639055526,0.3849900500756884,0.36766812485697253,0.4127795726513263,0.3845179323883438,0.41937666551245484,0.3976797738850181,0.42021115256224956,0.40700957154171646,0.819465798333989,0.6426267539592276,0.7734221003483903,0.6648419672016571,0.7619997790828822,0.6942466599953687,0.7643460360531633,0.7221646952124248,0.7599346370703504,0.7446235342926665,0.8189979954335729,0.7050871455464042,0.8136614903564452,0.741576209522169,0.802701726198928,0.7602685278115424,0.7939877711866736,0.7737979128898018,0.8476730643434931,0.7039027834559546,0.8395002765044579,0.7415455139092646,0.8200040319705724,0.758475091244015,0.8036508725718527,0.7677317920434856,0.8618182003713851,0.7012435091451101,0.8566990500355256,0.7342137788601655,0.8378243015062581,0.750357744654633,0.8210982400781011,0.7597912192768127,0.86625531982562,0.6987192240044864,0.8650979142283377,0.725496842418099,0.8520701191056816,0.7399181463293312,0.8379138340422552,0.7482785919604857
0.4696120020546658,0.18322237487502613,0.49159439469962024,0.15765116776776605,0.5082291376644198,0.15766585142503203,0.5237040534688346,0.1581350783994355,0.43826992772527856,0.15954892857034528,0.4199444755904548,0.1611816428280842,0.40223090426869473,0.1631004877260703,0.5503108432364007,0.17200530803012454,0.37208024854315624,0.18190156684356826,0.5068219181291035,0.20995684908500337,0.43398206129612976,0.21249339859824437,0.6863394305531041,0.32703876252463915,0.27231585527150093,0.31970019546240996,0.762381566393507,0.5148876930312779,0.12887450390161315,0.4757915212714687,0.7784737230115356,0.6888955489123042,0.34894462418464334,0.3537779933190661,0.7959110912845935,0.7449255600243824,0.4097433827535344,0.3686257500524373,0.7598565923269596,0.7421845983892894,0.4569883802436214,0.35769941427482155,0.7465316710119704,0.7247314895326462,0.4459205816865468,0.35188720292668174,0.3133554026267244,0.35824719785131554,0.3646283301178208,0.3484371936573234,0.4264574403874589,0.3564938441702124,0.46856876117737656,0.373470690641974,0.4928593057129851,0.39230237710828914,0.4479444453870368,0.3488542148626963,0.4978515386258177,0.37663178216309706,0.5234250307892553,0.40080011457079573,0.5346813882964487,0.42102821942928803,0.4299995969162723,0.35601167460370825,0.48269337983080884,0.38832807574339284,0.4988630827292504,0.41296778184345445,0.5037906069586947,0.4314104599149875,0.4057891737487358,0.3682234923845996,0.4511604806090518,0.4004747667569518,0.4644744289658484,0.42327008336108324,0.46697213416440253,0.44010880921152007,0.3775353898208781,0.3829476767384109,0.4118622657034653,0.4060446688468671,0.42432656418376113,0.42416496251509384,0.42836896366132415,0.4384664604404007,0.773754531373698,0.6847384688238571,0.7248222843258563,0.6993161673488951,0.7103235164966408,0.7271599751482998,0.7091175883296034,0.7549875736814045,0.7006110502530338,0.7762568247179539,0.7662041280301409,0.7458631323609712,0.7552448229468738,0.7803650613290576,0.7421896591049602,0.7975019527744998,0.7321484113081383,0.8101163211183248,0.7943723936207819,0.7499698723696306,0.7785143667442604,0.7849594471388248,0.7571165457579683,0.7989565609697289,0.7400469256875392,0.8066297888549607,0.8083924386529663,0.7506531744750005,0.7950644557976825,0.7821206961696635,0.7740874281158137,0.7944652391165743,0.7566113220766119,0.8009893567637607,0.8130016193713145,0.7500578962967412,0.8049217731495137,0.7759200684768,0.7891346075589845,0.7873972675039052,0.774078322570352,0.7929929567081129
0.48173190302448554,0.18068264801408318,0.5058406259379549,0.15692523528866922,0.5225628116566795,0.15810645950691224,0.5384366517695592,0.15968008441673945,0.4522449361787684,0.15513847032051342,0.4341464421857657,0.15552300663775767,0.41680306417159807,0.15624348633140675,0.5649899684600511,0.17566729780795673,0.3868689555761368,0.17233076514626436,0.5171168602542962,0.20976915840348836,0.44530475345362536,0.2066685674957639,0.6874574189836654,0.33986675684375295,0.2747702096623492,0.3037992335638485,0.7502017259459645,0.5332168297650578,0.11919683726428837,0.45152579768011786,0.7543557332545796,0.708041087558799,0.34591081209599506,0.37177225431692756,0.7679313493658415,0.7646838198026631,0.4023593365007396,0.4041170209530724,0.7321414336306209,0.759566561157515,0.45365474392986965,0.3966318958378062,0.7200469694506656,0.7412486396371705,0.4433221056067521,0.3835230834181938,,,,,,,,,,,,,,,,,,,,,,,,,,,,,,,,,,,,,,,,,,,0.7486141594395181,0.7033314210809728,0.7001047918340026,0.7146925325426494,0.6839584092271324,0.7406442555591548,0.6799670143722394,0.7682711994300484,0.6709704146847588,0.7894481213366498,0.7396179897882487,0.7629788409602623,0.7257111332074366,0.798122909881527,0.7110711579544807,0.8140256224352921,0.699909606942259,0.8253435152736426,0.7676126472942639,0.7683745021079575,0.7487621685220314,0.8038512440826244,0.7259275242818997,0.8151763460562157,0.7088972905731529,0.8200811385876177,0.7812749776987823,0.7692450437587166,0.7662036960506937,0.8008425810123474,0.7443617157473659,0.8111289802664464,0.7270171685798327,0.8155912364896581,0.7851196051331256,0.7681161210937781,0.7764282848344668,0.7939834846732134,0.7601206065431405,0.8043787728180022,0.7451089816204022,0.8086944580985002
0.4620785304200621,0.18522001990849857,0.4834013679123299,0.15876841920202403,0.5002210586940303,0.15793056047231718,0.516486423761045,0.15758714603831483,0.4298056325210258,0.16348570843855104,0.4121151990280494,0.1660352566296089,0.3953179686157665,0.1688148851455655,0.5455093786118109,0.17045937886365456,0.36831430810942367,0.18804837876198274,0.5007221593574724,0.20972872052127403,0.4298306084648481,0.21494225195936634,0.6849122931105531,0.31887981105403834,0.2707091374593493,0.3328061020966929,0.7704501524017742,0.5034624495313937,0.13313696580789747,0.49942334972397234,0.7957808090634257,0.6766517272357647,0.3510306001350102,0.39687617134200925,0.8160860441219342,0.7310308334484157,0.4091979530635992,0.4225895087103464,0.7799464069500113,0.730222757714334,0.46169037064137475,0.40890688317115603,0.7657296531982587,0.7134956083929438,0.44995834559062803,0.3971095645920292,0.3513921813775424,0.41526582983848737,0.4072669405705109,0.40196371513274154,0.46836073448975135,0.4076778156086517,0.5086996965778835,0.42592510629141184,0.5246076616782092,0.446585512067752,0.47146251350864876,0.41198377616322723,0.5141373977539516,0.4355670325766365,0.531177448324643,0.4557751321404458,0.5381626442141921,0.47119014275811927,0.44872466454086873,0.42632598306425407,0.4798763716349913,0.45596368676346927,0.4870666034296466,0.4774660136318579,0.4903471169125451,0.4944327905001855,0.42018111764986127,0.44034734046878277,0.44893922720661306,0.46809718350879537,0.45782376336546043,0.4868764664324121,0.4614402903041789,0.5017455785345215,0.3872576263934834,0.45498589969713055,0.4067667113038914,0.4772704982294196,0.4134151730369432,0.49180545126063396,0.41711445391520113,0.503048909520309,0.7887627361003076,0.6711330702039482,0.7425010866556497,0.6885674132833992,0.7301372648049076,0.7165917936009394,0.7298353197593255,0.744441173783625,0.7235625044583767,0.7661702271957143,0.7881013970656778,0.7326495615411315,0.777899595972976,0.7690333362977195,0.7648134553302683,0.7865085205944654,0.754931453567347,0.7988969852971859,0.8158770198655383,0.7340025420756074,0.8023175083321471,0.771331845446356,0.7806153163184858,0.7856178525577152,0.7641396328861859,0.7928318393690688,0.8291352942160158,0.7327228095033516,0.8197264582447685,0.7656667797328662,0.7986910712556721,0.7791974995487034,0.7815519599404648,0.786262705260202,0.832391877366734,0.7307442099176054,0.8284174449545108,0.7574461157034507,0.8135229667748376,0.7703036738546876,0.7988699216062697,0.7769505532265018
0.48232881636751823,0.1817211461007199,0.5039987643441067,0.1572994653308667,0.5204125368118369,0.1580204456995501,0.5366894400032994,0.15919799826313238,0.45054896792049814,0.15707557724951657,0.432272569881072,0.15803274937743428,0.41505446629881304,0.15931303684439985,0.5632250049692016,0.1750749162351959,0.38553670685214736,0.17589612114310696,0.5162639746080151,0.20968894068672894,0.44673450940152964,0.20850821857289614,0.6903185135237574,0.3365496138198351,0.27332748363605663,0.31224844048746825,0.7556049362655692,0.5296945541792613,0.12372811038662179,0.4694139719876799,0.7648243904693175,0.7021872805142574,0.324868497375307,0.4793623677727497,0.779717192009841,0.7580754351024238,0.3845089689613939,0.5224089685911917,0.743964972010295,0.7539058933202838,0.4356212121740102,0.5134193464069345,0.7314071723969265,0.7359497801315791,0.4221121714704541,0.4971158803265563,,,,,,,,,,,,,,,,,,,,,,,,,,,,,,,,,,,,,,,,,,,0.7604479181594899,0.6966075498339257,0.7128350194093427,0.7082882430136874,0.6973795282800989,0.7351718081593576,0.6945274487372433,0.7632779300050507,0.6860965780575209,0.784854316730863,0.7521485941739654,0.7579278867796555,0.7394786165363288,0.7917179017955536,0.7249082360350227,0.8077695486747593,0.713601870817189,0.8193184206383557,0.7784722070260919,0.7630929248699034,0.7613900804327325,0.7966585894508,0.7393451349820009,0.8094866017592229,0.7220069615548671,0.8163877194586431,0.7909882572198221,0.7643771132435531,0.7764410539053404,0.7947636405830012,0.7551070397398326,0.806129070420188,0.7374503778880109,0.8120263251396256,0.7940035602365492,0.764119256630369,0.7842932034278705,0.7892939217083981,0.7679163323862225,0.8001439472183662,0.7524921893067937,0.8052284503505358
0.49514350056111656,0.18107034533336241,0.5171637585982994,0.15795247345898497,0.5337957207328295,0.1595137711608324,0.5505406754723358,0.16152034828735906,0.46317407172258906,0.15523833546291863,0.4442770293112653,0.155395869201686,0.4267819840799013,0.15596988890030108,0.5765247643911483,0.17900018760249908,0.3959524387329638,0.1712651668262607,0.5273568029872151,0.2108744964193409,0.4576682514013905,0.20662657131210596,0.6951580786932009,0.34643798464050785,0.277741277819214,0.30267761406242033,0.7484026647679005,0.542024532984432,0.13229981361860232,0.45443993497657253,0.7499062999319895,0.7139520524725458,0.27768904145231926,0.51556925823385,0.7621468067444714,0.7704520483270347,0.30801109365133994,0.5604750350824692,0.7266231515343561,0.7647998553465528,0.35037447423820306,0.5512475777004766,0.714864201391811,0.7464244214254021,0.345310576570536,0.5362319721837573,,,,,,,,,,,,,,,,,,,,,,,,,,,,,,,,,,,,,,,,,,,0.743743042987786,0.7099363783707426,0.695695511588394,0.7192492933831236,0.6792256443304803,0.7452549308267511,0.6751005283941873,0.7727362380822,0.6658981474919438,0.7936699378827535,0.7347271411460898,0.7701030111841016,0.7201814379320622,0.8035833470045599,0.7046487179504077,0.8187046139020402,0.6927544021639767,0.8299377617802415,0.7604930496849271,0.7771775651548858,0.7396130034453684,0.8096639303833582,0.7162731570350696,0.8203301152743407,0.6986705694123239,0.8255142692334839,0.7724079100174133,0.7794704356265257,0.7541221969051635,0.8084405988924217,0.7321007381300219,0.8170361542518894,0.7149873545763787,0.820668532885604,0.7749716635085369,0.7796479352385954,0.7627775596556597,0.8033456730813751,0.7456351287810414,0.8120207918278418,0.7306391127590649,0.815285806147773
0.45849310044458697,0.18496315659304968,0.47507784566282324,0.15829714244667834,0.4917419498534665,0.1566261462282865,0.5086552788107985,0.15536001728744708,0.42155501828097786,0.1661030422068359,0.4029732018875616,0.16995232040419858,0.3859775928176296,0.17392300347522346,0.5370778925640524,0.16771556274939306,0.35847502722448615,0.19494784901685616,0.49555020161619984,0.2081016798568723,0.4267113694557495,0.21748501434720105,0.6863116329425434,0.30893676349792587,0.26751961014517395,0.3472677734862291,0.7750219333659725,0.49050375785971234,0.16141615276512244,0.523869399507699,0.809915790886578,0.6571987291718818,0.30083870109278266,0.561162515878461,0.8329047538437211,0.7105644113210499,0.3353183119653926,0.5988421963349425,0.7970142054324767,0.7122423685951937,0.37320186484203843,0.5821932460130628,0.7819115752092585,0.6967520831273594,0.36611798950477414,0.5689558466879234,,,,,,,,,,,,,,,,,,,,,,,,,,,,,,,,,,,,,,,,,,,0.8023858942249242,0.6558079728628803,0.7585776254758017,0.6746358117545113,0.7476794324372327,0.7030628532056509,0.7478010836396085,0.731178284149351,0.7433528027436943,0.7536970817701382,0.8063025166095739,0.7161481487689242,0.7974783588475791,0.7523774085224372,0.7847564417937313,0.7705149579563726,0.7749509852821469,0.7837422013896422,0.8327664196216008,0.7173984900315951,0.8194539921131831,0.7540399607045447,0.7982938261864774,0.7689246071284481,0.7818877102629875,0.776944875003549,0.8449930342973357,0.716968665541479,0.8343048573375892,0.7495220651454617,0.8142399054320821,0.7625915823414398,0.7978772144441033,0.769489967948295,0.8473716814476071,0.7164714460773783,0.8412250946052441,0.742626045372651,0.8266521639674611,0.755045418029167,0.812730211961238,0.7616145440921954
0.5118017138982328,0.18246727716279723,0.5339601606087245,0.1606707088124098,0.5507012175554734,0.16307417668657537,0.5674333052120449,0.16598357462600405,0.4802030177694732,0.15549551246851928,0.46083693505153744,0.15478424582381006,0.4432367052981799,0.15461632493662064,0.5917331239142761,0.18545803432161254,0.4094697642358194,0.16837884563776825,0.5422229101918342,0.21389520276604246,0.4727528176292772,0.20652582659496843,0.7009864264507979,0.3568296343314944,0.28415588373214207,0.29617252646354597,0.7430022260633121,0.555153669988974,0.15215976310183404,0.44830581581648216,0.7374076558545986,0.7242881425601277,0.2151311976266742,0.6011963297785099,0.747194039039472,0.7815173593374056,0.21128828974813985,0.6606811276539208,0.7120286590985573,0.7746931790776252,0.2589156203349491,0.6584261237483304,0.700961279667522,0.7561202453407971,0.2719076056194211,0.6417147539087905,,,,,,,,,,,,,,,,,,,,,,,,,,,,,,,,,,,,,,,,,,,0.7309032487336637,0.7202790382622707,0.6821747580210312,0.7283265307943552,0.6649321862133912,0.7536406049256261,0.6594996303616859,0.7813969317990721,0.6507710845874505,0.8021910023136654,0.7175540652217695,0.7798653924585308,0.7015314874965739,0.8129224346164231,0.6841283498811999,0.8271714876552878,0.6705666852397266,0.8372938299369141,0.7429251856125323,0.78642152845122,0.7244439430480614,0.8189971122556216,0.7006087771403009,0.8297853119665533,0.6816049013206849,0.8346044182602068,0.7547315927824636,0.7879468041786841,0.740215385539481,0.8171145194193303,0.7172729268783188,0.8273794572032815,0.697897656563679,0.8319537644714452,0.7572293250140405,0.787305110820073,0.7480641896262443,0.8115411750877861,0.7313096143662184,0.8216399100924285,0.7147535740739712,0.8258546233966747
0.5347835742323472,0.18677452358324897,0.5588006758584003,0.1672244626594782,0.5751628803411644,0.1711906436388789,0.5915300252162711,0.17570996940293487,0.5063746546737437,0.15719039630747003,0.48690775522218344,0.1546421949948633,0.4693202599325076,0.15285308182190638,0.6135126121785632,0.19775109436648824,0.43269905995495134,0.16315734088877829,0.5616245543855449,0.22086438768328415,0.49329470877774306,0.20709498595650638,0.7062300965224988,0.3776998499916406,0.294191706120982,0.28069375938384433,0.7284669480304327,0.5797252258107037,0.16217853968207607,0.43215491466683387,0.7073615282012857,0.7468676263048486,0.16552648633444134,0.5948354890908757,0.7120268590993515,0.8047047159276346,0.14879313969556163,0.6566816033492567,0.6776860809021357,0.7946937893833834,0.19086687511309508,0.6601453243927349,0.6682522275930236,0.7752100590501062,0.2078735824494648,0.6454886458360293,,,,,,,,,,,,,,,,,,,,,,,,,,,,,,,,,,,,,,,,,,,0.7016394545585001,0.7441468328584406,0.6520288554866958,0.7456853562547852,0.6318525811522852,0.7690154735705291,0.6251121129995911,0.7963899221647073,0.614005307323543,0.8160287801353044,0.6829268382764542,0.802037557832925,0.6640821350373568,0.8323354642485832,0.6460009150337729,0.8446173593544072,0.6320126204144623,0.8533380721769117,0.706704620499025,0.8125064809593983,0.6820688661783043,0.8408890358908302,0.6573873749346488,0.848801976948151,0.6380134467077316,0.8517879856969396,0.7173097626699532,0.8164269261349801,0.6951533805675684,0.8417869175476731,0.671976695115406,0.8485947115903406,0.6535390071240343,0.850826170294362,0.7191506465784434,0.8171557007629369,0.7033964495732467,0.8385338013066108,0.6850431236786642,0.845478511883212,0.66888409429733,0.8472590695517448
0.49165612844984213,0.1812877563739526,0.5110992343154305,0.1576455246076322,0.5277800752073971,0.15829143839855248,0.5446661498858075,0.15946085160573237,0.4583616280486999,0.15815873796591146,0.43874745246645835,0.15954144849555663,0.4211264575403519,0.16133302850275755,0.5702804670699434,0.1767303735635766,0.3861154743814935,0.17891563985713832,0.5243486416649098,0.209451416481839,0.45508737674566063,0.20956513688701384,0.6974314785135797,0.33382404291218437,0.27179360195857794,0.3224520493166304,0.7587686564992068,0.5285926950853475,0.18038832721295045,0.5138198115787951,0.7708465622207166,0.6971130316728779,0.1854229636646949,0.684576611627201,0.7874956492585552,0.752598859669138,0.17931583405671347,0.7447915885739254,0.7519615342238655,0.7495870581655941,0.21977392859642875,0.7419865495869564,0.7386097866896666,0.732422575900465,0.22965156507534917,0.7253680931871291,,,,,,,,,,,,,,,,,,,,,,,,,,,,,,,,,,,,,,,,,,,0.7626124344279961,0.6934744796104584,0.7162799407414391,0.7054790989679411,0.7021901956366873,0.7325638760715301,0.7003690344996871,0.7611028953538788,0.6929547831591698,0.7829034387606266,0.7583433353960193,0.7543501453452741,0.7451941270803695,0.7875967353879227,0.7305229538796905,0.8035862618319318,0.7191396885144294,0.8153946481311805,0.7842562332423115,0.7597819049127017,0.7645832155082231,0.7924215343938814,0.7412123301063114,0.8046073055437277,0.722750890793792,0.8108130321618299,0.79614316425795,0.7611009539263415,0.7800670778344183,0.7903776880587903,0.7583162599749596,0.8013417574005248,0.740253606304089,0.8067556785736839,0.7986157173188985,0.7607121669536063,0.7885475501348163,0.7845902913681573,0.7719208643289283,0.7949619582802174,0.7561297493442598,0.7996997203893683
0.5283218778894747,0.18537665035493536,0.5512835765883131,0.16565385157546367,0.5676465556148869,0.16899583885142905,0.5841240233250903,0.17286606582117983,0.4993002952624256,0.1576538873764013,0.4798416569759607,0.1559125498002633,0.4621789056029911,0.1549141282758429,0.6067908998744925,0.19421899033725298,0.4246230194287005,0.16691859433374193,0.5563112431933794,0.21863599631845043,0.48790139631266466,0.20765959786088561,0.7082263964648805,0.3695888373188529,0.2878318455563359,0.2904600429829966,0.7364759558636762,0.5726025556982528,0.17265458162468744,0.4725765195851612,0.7212581316927369,0.7410995889204637,0.13397432196479847,0.6395841242904272,0.729290544263602,0.7980600146366628,0.10462630468523704,0.6946577678267449,0.6946855418885416,0.7895384652309181,0.14797750088410105,0.7021618929760954,0.6841248342868522,0.7705640147404789,0.1643437868382865,0.6866081918678424,,,,,,,,,,,,,,,,,,,,,,,,,,,,,,,,,,,,,,,,,,,0.7150063479767816,0.7349416444947925,0.6670556868470692,0.7400367806700099,0.6484109758403807,0.7643871561834241,0.6422802417389035,0.791911593794024,0.631448496629759,0.8119709647925801,0.6993066805176412,0.7954295935395925,0.6810274258194068,0.8262743707548762,0.6644433668463807,0.8391853946244965,0.6519281916577326,0.8484178028042415,0.7248339880474205,0.8040627865986734,0.7011861814413394,0.8334057671321111,0.6769782817163429,0.8417326382289823,0.6584813810169596,0.8451625923357823,0.7372420161163435,0.8065690889873682,0.717561089083061,0.8335618378325587,0.6944857106553476,0.8413313664582808,0.6759527498906973,0.8442847354703149,0.7407043150914003,0.8061447541197211,0.727685842276399,0.8289476137257261,0.7097937495895705,0.8368872326863188,0.6937409786249132,0.8394177845715909
0.46172964372080055,0.17972545303498796,0.47821909090050896,0.15471895347692172,0.4948620498402112,0.1533615727799683,0.5117571173148723,0.15241743586904538,0.4260597561399729,0.16153003595898252,0.40699810936558384,0.16528778161029414,0.38978556590993074,0.1692794189013664,0.5395615906284185,0.16667953878664965,0.3572160009097032,0.19166115602675235,0.4980253420947448,0.20380294327061732,0.4292659433354755,0.21266456743914428,0.6871426871163703,0.30599912913383276,0.2597665658487901,0.3498330529089536,0.7714345206273319,0.4943938702238377,0.2064101727511315,0.5618930203265848,0.8042962826413931,0.6600548911924737,0.2025477552341826,0.7371029943559032,0.8284481425874544,0.7121190226257529,0.1806794511196207,0.80174864938342,0.7927485584989313,0.7137355387924511,0.2281785307655514,0.7972575121516505,0.7768620934048893,0.6986205154160581,0.24387277750462924,0.7739053351311577,0.19184753454941306,0.7355371271734086,0.24812990923636224,0.7454651674166799,0.2678578508616346,0.7724343260460709,0.2638104152244295,0.8006755005483989,0.2625334355231901,0.8201270908121038,0.2272297857017671,0.7990050487461673,0.23868596948777623,0.8333370913428735,0.24933006229678398,0.848296805484045,0.25800779369539323,0.8594732227449786,0.19382458263980512,0.8034222032061726,0.20913909164814742,0.8386689771384466,0.23017586683440946,0.8491357379791964,0.24477420642546313,0.8540054760538027,0.17094599511325947,0.803119761738071,0.1860829232843162,0.8364105700546967,0.20942211491699297,0.8443796985058482,0.22541976228125604,0.8462136675512892,0.156613117259789,0.8006680398113001,0.1681326420105443,0.8271973643327744,0.18738401720318576,0.8332615384943716,0.20279672803513032,0.8330031747167324,0.798297832904457,0.6535055633120477,0.7516929882748588,0.6724056404717881,0.7403866228410083,0.7009674937244639,0.7426890127849601,0.729223111217716,0.7380176737517442,0.751697434694684,0.798297592714847,0.7149023380434439,0.7897642314263317,0.7503876277798115,0.7780624778134068,0.768320158203299,0.7692275492950474,0.7813386340508355,0.826032897353244,0.7158108478093616,0.8121574422453322,0.7518552767959152,0.7914501147082428,0.7676959075827605,0.774920057623862,0.7770655913142692,0.8394029024123479,0.7146441732263649,0.828659443095348,0.7473591092391794,0.8087349156858009,0.7621934952964713,0.7919072436059145,0.7708545533175222,0.8433652217248093,0.7132217466059511,0.8377500447770683,0.7397614547375055,0.8232504176468836,0.753239111230469,0.808866858040099,0.7608154917050751
0.47026295748184765,0.17825094646808695,0.48755121669370294,0.15437474377050514,0.5043677558972514,0.15375132452288687,0.5211954717989375,0.15351090959641334,0.4357344815832855,0.15892567373268762,0.4166194580265441,0.16188255099651155,0.3993724882577441,0.16514964888679348,0.5482547540917313,0.16910418083533746,0.3662337470530815,0.1866777842467059,0.5058939344607662,0.2036562292022742,0.43696017130540915,0.21005221478126623,0.6924565202089865,0.3136759846866246,0.26204104712617515,0.34183802266936325,0.7696716902603373,0.5060966488667079,0.2028597246329889,0.5573104801994132,0.7941733909300517,0.6735367395872716,0.1866315418455628,0.7291942722581994,0.8168476293894336,0.7266268932501212,0.159802201659492,0.7921035861203956,0.7806074547688506,0.7267069684952981,0.2089098415391702,0.7895057335286026,0.7645344690580388,0.7110014884919453,0.2266374358617712,0.7675093765733654,0.17721559097049022,0.722731473307382,0.23429549904457447,0.7386300817653892,0.2488402158541968,0.7667539478906034,0.24135568846606828,0.794957768574687,0.24203283653414737,0.8151834888993836,0.20212289516490511,0.7908755162331551,0.21727902031818258,0.8253159577357747,0.22726514073336018,0.840134026884236,0.23467707409608765,0.8524959331921806,0.1687279152245476,0.7940609608071263,0.18868438045631103,0.8277463299576329,0.20995222474441783,0.8385454556558452,0.22469260890436737,0.8435784896827442,0.1485542599079328,0.791965289927957,0.16506206016658564,0.8233424734536166,0.18641578145925053,0.8329938314416907,0.20209484058927757,0.8360995344519876,0.13849612842139514,0.7881315119318754,0.1492098549079639,0.8111039827681233,0.1678806964665362,0.8193140577978479,0.1832803934679127,0.8216298931836835,0.7878780213166325,0.6662046604535157,0.7416170346914387,0.6831836333968937,0.7294503792737103,0.7109990563190752,0.7302949534645207,0.7391574757318335,0.7233259886116414,0.7613438995084911,0.7852792462353525,0.72628399351197,0.7764077291268692,0.7615012468710318,0.7648702590979848,0.7796690288502242,0.7557483628814974,0.7929476762966114,0.8134769593387112,0.7288890480147913,0.7998046794394953,0.764358000337378,0.7798141964382129,0.7799759313007977,0.7634395409854362,0.7890182735450189,0.8275547639885028,0.728988654980641,0.8162769188603117,0.7610572063986665,0.7964803244697052,0.7750078124890075,0.7793492713891919,0.7829299402888563,0.8323508123716146,0.7284375110788066,0.8260316912471435,0.754679482786218,0.8109050791673114,0.7673952925752834,0.7957716538036245,0.7742256350379362
0.43917023245042686,0.1811936239305386,0.45320095539708927,0.15524476620663635,0.4697090696620516,0.15245233952823717,0.4862037486223808,0.15005832517296186,0.402626317620998,0.16647613499739003,0.3842863990567164,0.17185574118323113,0.3679066374649065,0.17728944777074343,0.5149969455457266,0.16199277875288076,0.3380794920358262,0.20292595779230738,0.47764724505473816,0.20167546325965008,0.41052148972518593,0.21696751168236103,0.6777360199907373,0.2855128546920743,0.2541043259377562,0.3710181125455748,0.780159841502861,0.4668587234054915,0.22486160053004145,0.5922285214321159,0.8253551675893217,0.6301045571406005,0.22879322714285696,0.7649074756237615,0.8550086922223337,0.6799959587913388,0.21342982302425412,0.8303457190206114,0.8188189442910145,0.6847519528514107,0.2614475014282519,0.8207199572883704,0.8004852489909908,0.6712585989827657,0.27500006961233014,0.7966407259281107,0.2197709055782303,0.7583920220793733,0.27750669624586366,0.7676340866355396,0.2972304339344111,0.7945636839609234,0.29414209992221796,0.823569474692665,0.2982389545330689,0.8439482154359961,0.2513154929215544,0.8256765934851718,0.27402177043765785,0.8569255437552877,0.28714077601143595,0.8683209027701274,0.29565732353230295,0.8788723649324333,0.21933603218661035,0.832467608117488,0.24834718193594615,0.8604472703618844,0.2720427875781006,0.8645321135528843,0.28720993881365064,0.8646164291537125,0.20136733167435372,0.8320319094833942,0.2259456747989298,0.8577499495672843,0.2490446027732782,0.8614895344465257,0.26479238584849285,0.8608704310602029,0.19294297269452015,0.8289396263412503,0.21048925445500838,0.8478946812153393,0.23055886852869112,0.8524014972739111,0.245857636698722,0.85188170765251,0.8206128165796129,0.623173257344395,0.7755542842689309,0.6450069584040081,0.7660637160799493,0.6746654295837025,0.7704037552810116,0.7026335827333937,0.7667898841161187,0.7255213272119884,0.825078563637958,0.684270392847442,0.8199004867298152,0.7207738812569087,0.8100781098290715,0.7398879936280378,0.8025531603735705,0.7538762448149572,0.8533716027234617,0.6832992963916424,0.842021685230828,0.7204394004547251,0.823318824388106,0.7380599288573091,0.8081830583565497,0.7490068950019695,0.8671685867810763,0.6816313977533683,0.8570320591364728,0.7151616858279615,0.8385194445499315,0.7310658407004902,0.8229960184646639,0.7408320759190921,0.8717283086987762,0.6805020150544299,0.8660482236550436,0.7077735717245139,0.852005460123927,0.7219920140554836,0.8381951854444994,0.7303891144863834
0.5110024841847493,0.18177039462402522,0.5327960290242137,0.1609295901115551,0.549332896817096,0.16332493690778566,0.5657419497130074,0.16611886511996718,0.48117379283995226,0.15606584442626276,0.4621203340678921,0.15550903714537345,0.44492134232612957,0.15561440255268844,0.5897070228350745,0.1858349394981324,0.4087784958008483,0.1708246796281715,0.5413314449313825,0.2124759961341446,0.47264009096183074,0.2064552560049514,0.7080081383430978,0.3523504369382193,0.2770456935896648,0.3058957486693452,0.7508073078631825,0.5567362825557558,0.1833172946917616,0.5072660526249823,0.7434761079933574,0.7257950042259452,0.13455970614723395,0.6724769391777933,0.7567118623861191,0.7824809402588924,0.10226219054487334,0.7284340950130821,0.7206073156064805,0.7759417257995985,0.1497557759489369,0.7343522375508547,0.707077722536784,0.757485312827448,0.16906612893337541,0.716042511319558,0.12720696448109142,0.6627754116769025,0.1794740504663579,0.6889051057324307,0.19181416252973849,0.7203246754744493,0.18125265010827935,0.7473805145502823,0.17942279860105426,0.7675109254925244,0.13797705089387496,0.7369122776619703,0.15338694075398257,0.7736202989878792,0.1641088456440873,0.7880217182737688,0.16940439821292147,0.8002300977672012,0.105769602576892,0.7335326533703208,0.12705933087478283,0.7694479660902769,0.1494340616567813,0.7805406828048234,0.1646611938660522,0.7852353037249706,0.08960341781140191,0.7275567626680837,0.10722358546380611,0.7597658503373363,0.12890523641001178,0.770366386565544,0.14510837971132928,0.7738990499677791,0.0836190563656542,0.7222346404537354,0.09641756643326066,0.7456104533776994,0.11521574944067609,0.7560634688998731,0.13071797940852758,0.7599196381819886,0.7402569577503804,0.7167287659341361,0.6902083994496722,0.7245387062633446,0.6725885586842992,0.7503312331177656,0.6676622373265986,0.7785026447529491,0.6572981539806588,0.79935187191011,0.7260509981681769,0.7759736199822003,0.7106932425108253,0.8102934083133744,0.6954831750427488,0.8254158213861782,0.6838743922819366,0.8357960680807822,0.7544020162381173,0.7830304599710176,0.7347208240120684,0.8173718628138111,0.7114067804772448,0.8278728521157382,0.6939501850769938,0.8318502275867391,0.7688454939380598,0.7848414926172828,0.7533042384634081,0.8157311342035023,0.7305029898091362,0.8248731716068912,0.7124141947808219,0.8284590937235761,0.7736013599592375,0.7842351028816724,0.7629390927861393,0.809291330143084,0.7457162560950221,0.8187157711020744,0.7299684769131385,0.8223334449669875
0.44543373487360666,0.18162378828368822,0.4607574226817234,0.15544803761785503,0.4773265090335915,0.15322398417515692,0.4938771390150916,0.15141995877980857,0.4097781764566375,0.16490589110711232,0.3913302151778722,0.16957830243562436,0.37485228391517234,0.17439316161665414,0.522333557569548,0.16363643776183417,0.3443488757912936,0.19880966204927752,0.4828785647559018,0.20261785979613278,0.41517484553051354,0.21571449478438692,0.6822331082062676,0.290534619400866,0.25459169349971245,0.36536693302719947,0.7799256342406642,0.475657362827396,0.22067719554543863,0.5842152524263522,0.8189832081280859,0.6402322452413728,0.2192961526364477,0.7566355619455543,0.8474265935862546,0.6911786351020114,0.20434994049146177,0.8190288871074366,0.8107616243326403,0.6948510801402255,0.251441055832633,0.811658369880062,0.792514490791293,0.6808446571249717,0.2647277404241706,0.7888386238074672,0.2098423249114854,0.7493747905549747,0.2673110602599197,0.7598039212184435,0.28794860996082144,0.7866768760150683,0.28525032167959213,0.814876513350883,0.28895748972803015,0.8347303082616424,0.24082510932452617,0.8181614142867839,0.26362242405726805,0.8488542439165094,0.2782146958673638,0.8596304710836951,0.2877239293187279,0.869511675578745,0.20899135583764622,0.8237272429620841,0.23796382421733403,0.8514780072647528,0.2629231533753228,0.8553158768775708,0.2797090125272856,0.8548929851146829,0.19198062791242282,0.8221906676436083,0.21785950074971921,0.8468659146079978,0.2416782090117205,0.8495855407292632,0.25803577691515667,0.8479272544300227,0.18463641038153417,0.8187413877760321,0.20424759826115424,0.8366972916457318,0.2254095173677757,0.839948488955979,0.24130846160920297,0.8381133777790204,0.8123427055288893,0.631519451987282,0.7670448529487152,0.6538513274089989,0.7575622276516898,0.6835452746598278,0.7611563744473548,0.7116308894436852,0.7563030446390926,0.7342538563919387,0.8159988328493653,0.6927668989671644,0.8107906517876649,0.729677050609696,0.8002584690978518,0.7485099362179942,0.7919539611189924,0.7619622544399218,0.8450585645658049,0.6914939389619075,0.8360597634148104,0.72984917627791,0.8161895784178577,0.7466842180999377,0.800302286892479,0.7557820127432195,0.85933830922349,0.6890704751344794,0.8538024135330138,0.7231338437280599,0.833938406815812,0.7384304188548749,0.8171407606660435,0.7469707144322355,0.8636895949630454,0.6870174795089989,0.8614041441817252,0.7141736024619242,0.8472694738203035,0.7280769196386674,0.832854797746478,0.735842802940246
0.5223185674038545,0.18432567856561866,0.5453277391829613,0.1643746469041959,0.5617264249974699,0.16764167523275786,0.577971279649302,0.17130213641155156,0.49404298834224253,0.1567800787146746,0.47511412450744234,0.15519650528156315,0.4580016008014212,0.15438594100148523,0.6009767531859713,0.19194880990665242,0.4212985044025373,0.16755699108741148,0.5509060101528074,0.21610963242076736,0.4826366154490126,0.20655441432554372,0.7117125271939642,0.36346766963155985,0.28223308526973157,0.29633025267777097,0.7443896285886777,0.5706087567383077,0.17981012046638745,0.4921962511694105,0.7275169704044897,0.7388884258485258,0.12248852448729508,0.6553406510769244,0.7379880833134763,0.7963559715945294,0.08814426260601266,0.7093517355927517,0.7019901109364962,0.7879472584569988,0.13481771684907856,0.7175888992779174,0.6891470090322139,0.768773187633935,0.1546614912077497,0.7003115913940854,0.11572848123064777,0.644828159750312,0.1666024536656392,0.6732356733973565,0.17697464392442092,0.705076174155066,0.16556157069053978,0.7310653039234432,0.16343137531228757,0.7515985332635777,0.12264256954942698,0.719751248417049,0.13437810227905123,0.7562766586339572,0.14445202410174013,0.7713220530652862,0.15019470635576343,0.7840676621611109,0.09103062677748147,0.7148704878560426,0.10926311014950274,0.7503941811771393,0.1313622988617501,0.7627810597245046,0.14722758254325458,0.7686983558481152,0.07552489620112068,0.7079586868153044,0.09159476287468044,0.7395078284396606,0.1128983284143405,0.7504446505677773,0.12884201611853946,0.7549273568628156,0.06954791062663362,0.7022689572131409,0.08132728216674828,0.7253235788341181,0.10002257478568832,0.7358521358808657,0.11574573713612774,0.7400314413781018,0.7237535083571018,0.7279616111148949,0.6732822601927593,0.7350838335184717,0.6547262612819299,0.7603622965741241,0.6494397119941316,0.7880405712047982,0.6380868798076563,0.8079050281004816,0.7070810484985888,0.7876187662077688,0.6909814737046454,0.8209621875177266,0.674972345752567,0.8352843436783575,0.6625622669098583,0.8451181841617039,0.7351769668413313,0.7955068430089447,0.7155148416113166,0.8292178775088671,0.6913910335338355,0.8387551406901906,0.6732409259650577,0.8418857297441964,0.7496577488529688,0.797507421140428,0.7347272187765486,0.8278898209989507,0.7112535799331287,0.8361451476180748,0.6923971129010719,0.8389090819125696,0.7546606656239458,0.7965828892930251,0.7449859742687757,0.8213624101723203,0.7275990173819713,0.830131615417943,0.7115474822841215,0.8330501304950377
0.4323111731258176,0.1845007703024386,0.44711890989273106,0.15710113909685514,0.46361605005719747,0.15410703553954652,0.48010831888230704,0.1515643678608125,0.396460556979229,0.16902777384672768,0.37838084079039813,0.17457655469383804,0.36229023057909215,0.18014148630175983,0.5091749594767998,0.1619109336692704,0.3332376645150986,0.2055975169745132,0.470802833399887,0.20330015005658877,0.40326622836210246,0.21985320296023142,0.6759784203573955,0.2794472138361215,0.2521094005421334,0.377422345587854,0.7842033180371306,0.4594041083757575,0.23016835949508205,0.5957354056012021,0.8304559963851428,0.6219676201793781,0.2386083529925452,0.7681034250096779,0.8616579383928538,0.6714239792391299,0.22809575629954845,0.8301468502577378,0.8249629704115304,0.6770730291455604,0.2739201042008611,0.8200645923273718,0.8058619516311016,0.6640923493578814,0.28503680647895746,0.7974253536161864,0.2298742351378368,0.7611247190882264,0.2874834735773401,0.7691732057638875,0.31019909679438323,0.7948262164003292,0.31035109563938135,0.8236404172532086,0.31518694716892887,0.8430931590040684,0.26429223836266785,0.8279324774139385,0.28970910289369994,0.8565728161066044,0.3053731016501188,0.8668347400829104,0.31619045506771987,0.8766653225843624,0.23341166964796045,0.8347741514166312,0.26307189280120963,0.8610130344316883,0.28718275736609566,0.8660315337095255,0.30401096231916175,0.8671020756959489,0.2165465889122154,0.8342932396073606,0.24226880070025253,0.8582796430228754,0.2654645782211785,0.8626827543760307,0.28245610976580526,0.8620743292187694,0.209512999379669,0.831374710474666,0.22880309902614268,0.8488929577621276,0.24907194706227043,0.8536873872365199,0.2645567108777406,0.853586641671676,0.8222246596085978,0.6125191996371346,0.7788360493442585,0.6386070942943252,0.7715976092139762,0.6685193928963329,0.7764903851233576,0.6959370047937425,0.77236866225881,0.7186731871690304,0.8289577551599234,0.6746195100659578,0.826667215874543,0.7113699883582751,0.8175590950601797,0.7308612259204985,0.810122335032416,0.7448466083929749,0.8579141557621301,0.6708070656647049,0.8530792112934242,0.7090172269066743,0.8353449774300501,0.7272275846798895,0.820533406676873,0.7374654368896022,0.8722570593027216,0.6666711711359374,0.8705482616036524,0.700252267095439,0.8532048056061163,0.7172619167442755,0.8377406946528476,0.7275129177574885,0.8767194981820577,0.6635639224749686,0.8782916181237352,0.6901908045233751,0.8666842789591287,0.7054782704466869,0.8536934815536947,0.7149053501921274
0.5144542655719445,0.1835943916374497,0.5385412629532947,0.16307106535669075,0.5550731515448887,0.1660931019653983,0.5714127886747795,0.16954178639449083,0.48683038736689677,0.1563899683375457,0.46803937226893444,0.15524960869428767,0.4511018350274826,0.15484079673340073,0.5951641525057708,0.1892373328993899,0.41513870675580766,0.16836369763601042,0.5440413369070638,0.21464743234451314,0.4747762807053978,0.20642278591730262,0.7106413983717617,0.3574130120608675,0.27888580212110564,0.30123935648557587,0.7496083350559861,0.5639842671907384,0.18264342347337686,0.4973953269883824,0.7355835162835977,0.7323403195904302,0.1305482336577572,0.6624007984961869,0.7475924899777263,0.7896068459007686,0.09950530009459219,0.7168158900947379,0.7111079733592316,0.7820718557130659,0.1455966988076109,0.7232391704887886,0.6977098838772158,0.7632379263395531,0.16347864009996566,0.7059835090875743,0.12297577908652868,0.6533592050730426,0.17514602388904293,0.6801571654525496,0.18794289356409843,0.7118121960925154,0.1787163115029199,0.7391271345752515,0.1772365057002921,0.7603384506215072,0.13417589025127574,0.7276717444859895,0.1465088454338404,0.7630577428278247,0.15683321110592935,0.778183485295008,0.16363380735210115,0.7911459438368588,0.10293121452512394,0.7238502433075348,0.12216135316097515,0.7583648613074592,0.14397790366890523,0.7709184157635398,0.16053215815254124,0.7770268574763783,0.08741898956772076,0.7177937260753587,0.10475721685811801,0.7489898797283802,0.12576454850000596,0.760310012914698,0.14242078030285105,0.7650164174012849,0.08167681523850201,0.7128518565320783,0.09506394394921508,0.7359570346084261,0.11358135061435204,0.7469979739454062,0.12906696067229545,0.7519874483449454,0.7322759105299181,0.7219220647132546,0.6822462816016538,0.7301252497655166,0.6636200983884315,0.755295069686598,0.6587748856188754,0.782796820663128,0.6475636421165025,0.8030509998155446,0.7164684348252381,0.7815201880500884,0.701583207752349,0.8151374753942592,0.6863104443965224,0.8300417569252466,0.6744054866844352,0.8403698632490454,0.7447365667269732,0.7889814830034192,0.7255646901958257,0.8226355203615205,0.7026944294835439,0.8333631328499473,0.6850595728832772,0.8378213476690006,0.7592223646895533,0.791051544577195,0.7434952296165697,0.8214160707074852,0.7211824071198067,0.830707428327286,0.7029829608099328,0.8346725388233178,0.7642803430356578,0.7905892773620615,0.7538103135370355,0.815610738907199,0.7364490164291939,0.824961311303591,0.7204455469402783,0.82853624180322
0.4991784157861278,0.18173443247184193,0.5225265328871029,0.1597428666175036,0.5392500772246598,0.1617549469043475,0.5557889604147801,0.16420872707209158,0.4703061948107056,0.1562574662475179,0.4515419630434564,0.15628342369846876,0.4346957784201876,0.1568918602877103,0.5807999053003701,0.18229766417872786,0.3998697830550454,0.17234718470523952,0.5308201127376088,0.21091477287499433,0.46088364630415085,0.2069637978166733,0.7067527963360513,0.3427832886869737,0.27204118511041087,0.3138907646994713,0.7589193525014771,0.5466036560406146,0.18857800227492955,0.5152207728613352,0.7550552756709125,0.715453719842373,0.14695390227620952,0.6837365116255547,0.7706942136052776,0.771870746100648,0.1196561269617395,0.7399702852424175,0.7337095937271071,0.7666364743197683,0.16588641807951465,0.743354009835878,0.7191277504694659,0.748684614364016,0.1824152982457437,0.7250646168326306,0.13926990084679852,0.6753482874575834,0.19267770132850714,0.6980650766890905,0.20673941889910852,0.7289922672761462,0.1991915397465735,0.7565471095451457,0.1998816246434456,0.777414586969976,0.1541086115065448,0.7482782098686636,0.1686500782403917,0.7831078543442656,0.1808211730029743,0.7975166414224457,0.18956464107181975,0.8100294382229823,0.12285253953767217,0.7466027469240949,0.14434730603133006,0.7799767054552578,0.1677741714595294,0.7917528790717625,0.18538301254512363,0.7973954828589906,0.10722226995849515,0.7416152075013585,0.12660275688802042,0.7718645092634526,0.14874822915402702,0.7821326112440068,0.1659403201256418,0.786174459567543,0.10154170717051131,0.7369728785884303,0.11558895619321702,0.7591709362318945,0.13491020765703648,0.7693078439641348,0.15103347297668762,0.7735866280130165,0.750078101992634,0.7048920557301599,0.7008156144209687,0.7171700819801092,0.6845963059555709,0.7433176849127203,0.6813552953787806,0.7708313323490776,0.6714009643247856,0.7915706820190989,0.7381824838600612,0.7656720697862824,0.7256102116136678,0.8000528407789158,0.7113142077931143,0.8159336814250999,0.7000661190605643,0.8269323005785161,0.7669223983484671,0.7706205760386167,0.7513126242977126,0.8056609632680936,0.7294136203118725,0.8179485905981407,0.7124836838038584,0.8234366287668555,0.7818625333660677,0.7710220018618072,0.7703472306049546,0.8025282880524085,0.7490141805294379,0.8136295855951476,0.731361233570304,0.8188833617134632,0.7870756164206227,0.7695190139355366,0.7802363480559417,0.795313480418889,0.7643569192838726,0.8063596024623765,0.7489636361935315,0.8113861632687608
0.4925278931169985,0.18126590103287513,0.5177352568921559,0.15906127463016673,0.5347762163447349,0.16084750812146692,0.551353044871548,0.16307226446798673,0.46418064524278113,0.1562597543738674,0.4457270344931739,0.1565577475952301,0.42891316201702195,0.1573679963651799,0.5772098364809872,0.18081412105532976,0.3962453585710775,0.17299245925493048,0.5257656178700286,0.21007503178507397,0.4538986163913691,0.20703663208078582,0.7057417258500058,0.3394456358432503,0.2705409694743425,0.31695530683631606,0.7611013683634722,0.54256459159396,0.19149583403247328,0.5209533309002277,0.7594707633649673,0.7113527164180632,0.1523427660836375,0.6927194298602017,0.7761069244290424,0.7675559539842993,0.1269769712375602,0.7508631966422852,0.7388778423279649,0.7628671779312357,0.17348376970956725,0.7530261648259459,0.7240163584856926,0.7451454212432204,0.18919670516890852,0.7343149559215447,0.1526179149116298,0.6809582679565473,0.20542614802194992,0.7019211885911074,0.22204336103975042,0.7314747878182746,0.21716122718161202,0.7592207479593038,0.21667827403799317,0.779655346438279,0.16601496564324097,0.7529138797906021,0.18410735520573052,0.7876446110625301,0.19985267090325926,0.8013888482620375,0.21188708997603867,0.8127589865653093,0.1352615368395999,0.7516346244035383,0.15808112961311976,0.7862220509560571,0.181438066304642,0.7987679154258183,0.20028269181609637,0.8043700547871002,0.12077341289310756,0.746937062159039,0.14107474040469892,0.7773500516141489,0.16291247282222654,0.7883304563323736,0.18057958497614857,0.7925952531476752,0.11638821713766867,0.7426291458955006,0.1323718455380059,0.7645387414139627,0.1516926260632615,0.7738855787494497,0.16772680417551872,0.7778487795081825,0.7556361439113801,0.7022649349247747,0.7054535617086614,0.7138208596188704,0.6883706693024068,0.740128708776173,0.6853938082326794,0.7678503621283295,0.6770019094648693,0.7890967644011391,0.7446653228628104,0.7625406068163698,0.7301941534998055,0.7984609018661211,0.7155422737496733,0.8140375066361534,0.70444634742226,0.8245251552352695,0.7733536627421509,0.7681261805443235,0.7532131655362597,0.8041547494449137,0.7301055389761362,0.8151812032252075,0.7129997648187569,0.8201118282380425,0.7879141174063387,0.7696767809112817,0.7704498970541749,0.8019664303715026,0.748144219232421,0.8116540439558103,0.7310830195092037,0.815833242138416,0.7929653986829308,0.7695012748487283,0.7810631785221301,0.7956653587189064,0.7634196013464629,0.8052839874127666,0.7482612649470805,0.8090344785502184
0.4872814177276237,0.1810556569694281,0.5127292724355175,0.1583526083354796,0.5298843352567191,0.15981671117688379,0.5465158698665702,0.1617331949119042,0.4583781844173117,0.1565378915435794,0.4397652336250964,0.15716473030310357,0.42269641836036187,0.158265285698381,0.5727115146106013,0.1789730817659374,0.39101839818177847,0.17440505283286498,0.5211720381971532,0.20927553457208023,0.44818492147672645,0.20763372020044463,0.7042715472755774,0.3349977094756392,0.26788941071421735,0.3207863069660718,0.7634732918496179,0.5372028139019055,0.1958761617395346,0.5276975891515815,0.764576655330031,0.7057877492585295,0.15963474017013368,0.6994816018809286,0.782639153588263,0.7617116068794911,0.13448243640897878,0.7573242879329366,0.7451982928158887,0.7577308974594189,0.18139647825884814,0.7584739109929945,0.7300403911752975,0.7404010278277453,0.19646478324971955,0.7398133469191905,0.1665588418951719,0.6881997749388034,0.2195988530219653,0.7094446351267154,0.23381286718321503,0.7399968815256255,0.2271721869482306,0.7679643563560868,0.22853928662393913,0.7888872118739203,0.18124215160042945,0.7609865982491006,0.19876505074336387,0.7956566209819275,0.21326775087733957,0.8090132285521079,0.2243969502553,0.8199131771587262,0.15011492421715888,0.7594548599511071,0.17266851457235943,0.7943896330718963,0.19641795300583736,0.80579935617005,0.2149748522105357,0.8104719812706784,0.13458939993934516,0.7542058403140455,0.154216318207896,0.7849627351828168,0.17654787863970506,0.7947010670332982,0.19395402523212313,0.7975792850644551,0.12905164817925824,0.7491678817593431,0.14485673855613712,0.7708682697219769,0.16510830441984026,0.7798715109175824,0.18118895143445207,0.7828612182441936,0.7583293895764812,0.6968267109163822,0.7088133056429102,0.7082843013667048,0.6922631318063092,0.7353037624832665,0.6903712506660913,0.7630935933357517,0.6821696146021567,0.7845166400416596,0.7494209480899485,0.757466514759705,0.7355108053451859,0.7936625935187326,0.7206518413513232,0.8090666993988263,0.7097954033757179,0.8195035872941201,0.7784080841727261,0.7625978142929368,0.7586490001874842,0.7990424191012657,0.7342420990312508,0.8093960377015608,0.7168602363475987,0.8129927027657786,0.792845308256755,0.7636601478712329,0.7762286957227765,0.7963828720679784,0.7527558977116411,0.8049418144900431,0.7353714204406445,0.8078617611503829,0.7974162392782289,0.7631075402922587,0.785576162759684,0.7889282921425336,0.7674380018166325,0.7976430002294418,0.7525718729072183,0.8003784272430353
0.4541313292513267,0.18189233845719932,0.4768979398794961,0.15582744942679666,0.4942807335256071,0.15491591287625378,0.5110088519383793,0.15453917763036634,0.42217414904428924,0.1614772339022938,0.40381962387532355,0.16461976960750097,0.38693399558011926,0.16802055910993738,0.5393754296807765,0.16794648696771852,0.3587024759174187,0.18791750268386392,0.4918346054795219,0.2051852919003264,0.41887427750742445,0.21358571860607983,0.6912724531989529,0.3045300650286209,0.256336233861763,0.35002826905761797,0.7773509732728847,0.4970026393926115,0.21541881425373077,0.5654346921313476,0.8007731811392589,0.6633788493849443,0.20330377907331548,0.7401443749721444,0.8265127618903247,0.7166985899302432,0.18593734322146604,0.8009366436693897,0.7886852870277784,0.7176216528336636,0.2317205703504527,0.7957885228200647,0.7714568149224283,0.7026954333549915,0.24384316723421237,0.7753698334495893,0.2069397204351479,0.7268378371582982,0.2638947001603221,0.7413102154038842,0.2819839925185254,0.769640953816377,0.27908104989494464,0.7981449251224163,0.2826053074495522,0.8183997726901174,0.23158280669158185,0.7975877347216981,0.25405249505897576,0.829259775425527,0.2687928209296697,0.8402255440339348,0.2793984740680188,0.8499406802031727,0.20041499176060834,0.8010975566332537,0.2279040709998455,0.8315603090730082,0.25212163646805114,0.8399520642235634,0.2704586127776225,0.8429810405186609,0.184210139012756,0.7986401023528654,0.20925083671689254,0.8252522582773892,0.23293817901850009,0.8317260127920502,0.2508106367237358,0.8324087564248277,0.17831949116308227,0.7949705062856467,0.1982560574015394,0.8135253234558973,0.2196551861734321,0.8195468273036726,0.2363820447590477,0.8203699745139779,0.793792071113361,0.6538904068344208,0.745838255854598,0.6732740151286284,0.7334652691051136,0.7028764825822225,0.7348112931152826,0.7308300860133367,0.7293585730046803,0.7534266553715815,0.7912321108320276,0.7168897606982028,0.7833630713915022,0.7548658409024911,0.7711309598913516,0.7725639578572061,0.7617492143646136,0.784650342884683,0.8207873989143328,0.7170991840043914,0.808911546499178,0.7565515635361544,0.7860950374957403,0.7704015617605037,0.7689548277262257,0.7760996407466298,0.8356721710824633,0.7150270881916986,0.8276166535577262,0.7501304886281184,0.8046599450708973,0.7622344938803127,0.7869183547781051,0.767379894941852,0.8407184807774,0.7126762050672237,0.8366868090619647,0.7404078897674373,0.8197801806629794,0.7522960714306957,0.8043926655443858,0.7574243340367979
