pose_0_x,pose_0_y,pose_1_x,pose_1_y,pose_2_x,pose_2_y,pose_3_x,pose_3_y,pose_4_x,pose_4_y,pose_5_x,pose_5_y,pose_6_x,pose_6_y,pose_7_x,pose_7_y,pose_8_x,pose_8_y,pose_9_x,pose_9_y,pose_10_x,pose_10_y,pose_11_x,pose_11_y,pose_12_x,pose_12_y,pose_13_x,pose_13_y,pose_15_x,pose_15_y,pose_17_x,pose_17_y,pose_19_x,pose_19_y,pose_21_x,pose_21_y,pose_14_x,pose_14_y,pose_16_x,pose_16_y,pose_18_x,pose_18_y,pose_20_x,pose_20_y,pose_22_x,pose_22_y,left_hand_0_x,left_hand_0_y,left_hand_1_x,left_hand_1_y,left_hand_2_x,left_hand_2_y,left_hand_3_x,left_hand_3_y,left_hand_4_x,left_hand_4_y,left_hand_5_x,left_hand_5_y,left_hand_6_x,left_hand_6_y,left_hand_7_x,left_hand_7_y,left_hand_8_x,left_hand_8_y,left_hand_9_x,left_hand_9_y,left_hand_10_x,left_hand_10_y,left_hand_11_x,left_hand_11_y,left_hand_12_x,left_hand_12_y,left_hand_13_x,left_hand_13_y,left_hand_14_x,left_hand_14_y,left_hand_15_x,left_hand_15_y,left_hand_16_x,left_hand_16_y,left_hand_17_x,left_hand_17_y,left_hand_18_x,left_hand_18_y,left_hand_19_x,left_hand_19_y,left_hand_20_x,left_hand_20_y,right_hand_0_x,right_hand_0_y,right_hand_1_x,right_hand_1_y,right_hand_2_x,right_hand_2_y,right_hand_3_x,right_hand_3_y,right_hand_4_x,right_hand_4_y,right_hand_5_x,right_hand_5_y,right_hand_6_x,right_hand_6_y,right_hand_7_x,right_hand_7_y,right_hand_8_x,right_hand_8_y,right_hand_9_x,right_hand_9_y,right_hand_10_x,right_hand_10_y,right_hand_11_x,right_hand_11_y,right_hand_12_x,right_hand_12_y,right_hand_13_x,right_hand_13_y,right_hand_14_x,right_hand_14_y,right_hand_15_x,right_hand_15_y,right_hand_16_x,right_hand_16_y,right_hand_17_x,right_hand_17_y,right_hand_18_x,right_hand_18_y,right_hand_19_x,right_hand_19_y,right_hand_20_x,right_hand_20_y
0.508438351024168,0.3760194182395935,0.5470588461312932,0.3552117943763733,0.5668423295581702,0.35556143522262573,0.5825707963425839,0.3560635447502136,0.4805164023805497,0.35475391149520874,0.4596801585194778,0.35478663444519043,0.4409090466044777,0.3550724387168884,0.6106373194120894,0.3639832139015198,0.4187668812725009,0.36177751421928406,0.5487822885735103,0.40099725127220154,0.4724425516499471,0.40276509523391724,0.7497220455878965,0.49723926186561584,0.2712889709291706,0.49015679955482483,0.8152264901402777,0.6766683459281921,0.16919765440362855,0.673224925994873,0.7915374719261519,0.8378008604049683,0.18188187919553217,0.8409630060195923,0.8329617839366165,0.8961501121520996,0.1520916021009951,0.895298182964325,0.778562696159809,0.8963037729263306,0.20192798798710673,0.896052360534668,0.7546410034790209,0.8847278356552124,0.22196922829720608,0.8830422163009644,0.15612574269489263,0.8518728613853455,0.21446752150956772,0.8619572520256042,0.23842305987357132,0.8848944306373596,0.23863111929789504,0.9079867005348206,0.24018689123810663,0.9247503280639648,0.17992770967924288,0.9048609137535095,0.18788483369799638,0.9324873685836792,0.20472697535682274,0.9414559602737427,0.21502568317373524,0.9438667893409729,0.14216987054166946,0.9029026031494141,0.1431002957733559,0.9278036952018738,0.15201382324094748,0.9384071826934814,0.15816684381640292,0.9439252614974976,0.12034953130912862,0.8977630138397217,0.1277821056598193,0.918515682220459,0.13978149089957095,0.9291542172431946,0.150843810298904,0.9350185990333557,0.11053527634684927,0.8931198716163635,0.12535964664739446,0.9095065593719482,0.13821378144278218,0.9164837598800659,0.14952118019957628,0.9200137257575989,0.8035115994840103,0.8502280116081238,0.7508526238299909,0.8610708117485046,0.7303444766724949,0.8823345303535461,0.7210754332136592,0.904845654964447,0.7170909900786604,0.9228911995887756,0.7755487555960003,0.9060814380645752,0.7748614818031108,0.9337635636329651,0.7633675033622616,0.9424736499786377,0.7543885435036434,0.9428130388259888,0.8104080177068013,0.9050750136375427,0.8044233686946838,0.9339178204536438,0.7870110304854832,0.9382941126823425,0.7757975544733084,0.9375647306442261,0.8361869776485965,0.900619387626648,0.828794986959483,0.9272595047950745,0.8104971303917231,0.9309855103492737,0.7999505973937976,0.9290714263916016,0.8533392221034666,0.894808292388916,0.8484323380464006,0.9167371988296509,0.8319459460659293,0.9207838177680969,0.8214520705636393,0.9190500974655151
0.49372926359887287,0.37589532136917114,0.525901874371789,0.35510310530662537,0.5424114316142554,0.3554565906524658,0.5558493524641649,0.3559856116771698,0.4705622151240782,0.3547000586986542,0.4531400617643881,0.35476750135421753,0.43746414788908256,0.35506993532180786,0.579389383497608,0.3644406497478485,0.41794728853617275,0.362845242023468,0.5275280731182427,0.40096139907836914,0.4634565652919073,0.4022621512413025,0.6979796698758439,0.4978793263435364,0.2930370705596925,0.49046745896339417,0.7517483484653927,0.6776224374771118,0.21054230478178482,0.6735648512840271,0.7321906615872956,0.8384626507759094,0.2206446265912464,0.8408157229423523,0.7665212707848222,0.8960722088813782,0.19647513865333138,0.8949047327041626,0.7223596930542879,0.8964481353759766,0.23769256019455512,0.8957632780075073,0.7047432996505252,0.8838097453117371,0.2540977695755979,0.8806188702583313,0.2050974952325901,0.848449170589447,0.25144414322760184,0.8592869639396667,0.27132591079606083,0.8829706311225891,0.27176498575991676,0.9069411754608154,0.27160659189226444,0.9241011142730713,0.22214704044873518,0.9035206437110901,0.22890983999862188,0.9336562752723694,0.24431791684366194,0.9415481090545654,0.2548740134795169,0.9414563775062561,0.19064292342454886,0.902214527130127,0.19156927522709294,0.929743766784668,0.19917629944054063,0.9393206834793091,0.20512560892317958,0.942739725112915,0.1737510232458493,0.8976081013679504,0.18471109749934655,0.918441653251648,0.20080209121405582,0.9260408878326416,0.214803018427044,0.9280946254730225,0.16544955668911493,0.8931738138198853,0.17930779918987572,0.9087069034576416,0.19343886006966887,0.913951575756073,0.20580950252790114,0.9150540232658386,0.7414242589623004,0.8482028841972351,0.6982788112645365,0.8593859076499939,0.6802751098546911,0.8802642822265625,0.6734266343617978,0.9036155939102173,0.66953590795436,0.922508716583252,0.7200379938349076,0.9053969979286194,0.7180907097189191,0.9341809153556824,0.7062916851711435,0.9426746368408203,0.6972065515240924,0.9423577189445496,0.7490433132958092,0.9046138525009155,0.7421035456333585,0.9348962903022766,0.7251181230733986,0.9387345314025879,0.7139443391904523,0.9366106390953064,0.7695417262606371,0.9004191756248474,0.7629746806941542,0.927731454372406,0.7453637570066844,0.9317483901977539,0.734444380047034,0.9296108484268188,0.7837903372039777,0.8946895003318787,0.780039023446342,0.9173851013183594,0.7647494733999018,0.922329306602478,0.7544602858960127,0.9208714962005615
0.48034957031071823,0.37579986453056335,0.5213074377202815,0.35494881868362427,0.5423329047822215,0.3552885353565216,0.5595599183351203,0.3558522164821625,0.4509797867111782,0.3546566069126129,0.4288353628749583,0.35475417971611023,0.4089193097767349,0.3550657629966736,0.5896924629320411,0.3647400736808777,0.38343017232852333,0.36353766918182373,0.5234250288747812,0.4009059965610504,0.4417676967695192,0.40184861421585083,0.741940869108437,0.49829021096229553,0.2238194463119821,0.4908467233181,0.8106152489326713,0.6782993674278259,0.1215375489146449,0.6742843985557556,0.7845792254582153,0.8388081789016724,0.1310287660652834,0.8405966758728027,0.8281685436258771,0.8960273861885071,0.10167914683936864,0.8947145342826843,0.7737637358895013,0.896595299243927,0.15383288854479935,0.8955987691879272,0.7528969284257981,0.8832191228866577,0.17369326141790936,0.8791741132736206,0.1190350090801138,0.8470199704170227,0.17779621356488437,0.8590812087059021,0.20361603014435817,0.8825902342796326,0.20579183244329452,0.90591961145401,0.20603073463122526,0.9228435754776001,0.14077446507935942,0.9036220908164978,0.1474131909359146,0.9344891309738159,0.16688235006640584,0.9420283436775208,0.18082891876193352,0.9410191178321838,0.09930354713057116,0.9025503993034363,0.1017023815085665,0.9313596487045288,0.11596824019840139,0.9393554925918579,0.12815828864781212,0.9404295086860657,0.07684705264368766,0.898184597492218,0.09071445750201981,0.9204806685447693,0.11219293837759674,0.9274265170097351,0.13048003371264744,0.9282618165016174,0.06683033780961103,0.8934701681137085,0.08403623270782828,0.909823477268219,0.10272941612283246,0.9152519106864929,0.11884214058053132,0.915949821472168,0.7963045182879481,0.846490204334259,0.7421327210912422,0.8587150573730469,0.7205954274592581,0.8794046640396118,0.7128975326111268,0.9030758142471313,0.7054850922702832,0.9218015670776367,0.7714883149463792,0.9053513407707214,0.76833354475508,0.9348250031471252,0.7514842605385689,0.9420293569564819,0.738707267003788,0.9408819079399109,0.808681460607719,0.9042257070541382,0.7988997478563863,0.9346712827682495,0.7755142192706749,0.9365972280502319,0.7615035477824496,0.9333450198173523,0.8346362457209439,0.8996447324752808,0.8252904319599551,0.9273772835731506,0.8019717030481875,0.9291938543319702,0.7892386894229596,0.9251572489738464,0.8525988025158775,0.8937814831733704,0.8484422031773439,0.9169317483901978,0.8288403574895407,0.9199234247207642,0.8169775652067335,0.9163145422935486
0.5341101272535205,0.3757989704608917,0.5679404795935333,0.3548855781555176,0.5853147565780632,0.3552398383617401,0.5997189439198962,0.35582226514816284,0.5100951483860586,0.3546229302883148,0.4918664752028863,0.35473886132240295,0.47540587415325314,0.3550572991371155,0.6250174370767795,0.3652110695838928,0.4538131359373921,0.36399704217910767,0.5696959689259127,0.4009334444999695,0.502212760599032,0.4017098844051361,0.750460970385222,0.4983879625797272,0.32056710020078477,0.4914706349372864,0.8075126936950251,0.6785299181938171,0.23762187495282475,0.6748268604278564,0.7858702757001981,0.8396070599555969,0.2446589865006326,0.8402064442634583,0.8215786882558225,0.8960663676261902,0.2212456335278609,0.8941526412963867,0.7777711345918303,0.8971000909805298,0.26425776215940894,0.8952208757400513,0.7616518463093516,0.8830851316452026,0.2801899884170165,0.8779052495956421,0.23966484872042146,0.8456316590309143,0.28697684964966014,0.858949601650238,0.3086127191021942,0.8831333518028259,0.3096178003446984,0.9066267609596252,0.3094559724932701,0.9232383966445923,0.2579861100630815,0.9031113386154175,0.262613735188257,0.9354269504547119,0.27932290656052894,0.9421887397766113,0.29072354155140384,0.939736008644104,0.2242168203085334,0.9019067287445068,0.22528196985521184,0.9323067665100098,0.23884269809259853,0.9390711188316345,0.24986180335239425,0.9383713603019714,0.2050735454802974,0.8975474238395691,0.21707784635678623,0.9200006127357483,0.23663098793288226,0.9246248006820679,0.25204406221457304,0.92338627576828,0.1963019787922397,0.8926582336425781,0.21046495006442795,0.9092046022415161,0.22744820021727566,0.9132091403007507,0.2405478047919961,0.9120529294013977,0.7971127171091895,0.8466706871986389,0.7510311392770127,0.8600079417228699,0.7327554948742522,0.8811175227165222,0.7255369441336988,0.9044477343559265,0.7182536622525741,0.9219507575035095,0.7769253097836237,0.9071359634399414,0.7743274927703355,0.9350521564483643,0.7599864594332335,0.9415299296379089,0.7488398118837528,0.9408015608787537,0.8068788908006388,0.905580461025238,0.7992720217877811,0.9341203570365906,0.7800720386404217,0.9370140433311462,0.7672775584224356,0.9348664283752441,0.8276957124686878,0.9005303382873535,0.8215359684458904,0.926216721534729,0.8028144060270966,0.929804265499115,0.7911361951283482,0.9277663230895996,0.8420926998425547,0.8941165208816528,0.8391522329252042,0.9160735011100769,0.8240017174753435,0.9205502867698669,0.8139206651848439,0.9186030626296997
0.4840647432319249,0.376059353351593,0.5218857001458063,0.35495421290397644,0.541421025494861,0.3552914261817932,0.5579261928108926,0.3558471202850342,0.45709913188786133,0.3547733724117279,0.4366398285626615,0.35492756962776184,0.4181350510900797,0.3552306890487671,0.5867919285375008,0.36568039655685425,0.3934474098662118,0.36484065651893616,0.5240811632947582,0.4012240469455719,0.4482728494997927,0.40174850821495056,0.7282930397500639,0.4989013075828552,0.2432393683938376,0.4927992820739746,0.7913020313107039,0.6790230870246887,0.15216191332334897,0.6764346361160278,0.7679097071846078,0.8403069376945496,0.15936009792958358,0.8401039838790894,0.8099557679394883,0.8962084054946899,0.13442091247024157,0.8938589096069336,0.7599615484550215,0.8980139493942261,0.18299719017032368,0.8950840830802917,0.7415653044177809,0.8830877542495728,0.2004182118176416,0.8774898648262024,0.15413992459475317,0.8461056351661682,0.20908494736071065,0.8589340448379517,0.23223052058680616,0.8832173943519592,0.23413276250711018,0.9069092869758606,0.2355040029587283,0.9236217737197876,0.17534271467762366,0.9017036557197571,0.1841140950866939,0.9371521472930908,0.207838102627286,0.9428615570068359,0.22075646898437654,0.9389479160308838,0.1370163400012587,0.9012904763221741,0.14559902854562262,0.936630368232727,0.17303400175923006,0.9392552375793457,0.18998660480382415,0.9336796998977661,0.11622941508399223,0.897973358631134,0.13089226679831104,0.9249308705329895,0.1581247649014328,0.9271218776702881,0.17437461491470987,0.9233589172363281,0.10812384629750897,0.8936483860015869,0.12351705603539011,0.9136351943016052,0.14548626003476262,0.9168663620948792,0.15979511718673858,0.914121150970459,0.7815424152796623,0.8461377620697021,0.7306567508991721,0.8591348528862,0.7085725260987774,0.8799960613250732,0.7008197198526679,0.9033181071281433,0.6952123258630152,0.9216669201850891,0.7575953732619749,0.9056490063667297,0.7552710868158781,0.9344990253448486,0.7411578901528713,0.9410886168479919,0.7312090047468252,0.940173327922821,0.791759881474974,0.9045112133026123,0.7850333495291321,0.934288501739502,0.7645057844867063,0.9364179372787476,0.7520678296961951,0.9331228137016296,0.8155193481478645,0.8997219800949097,0.8099684731660447,0.9268216490745544,0.7892105970167687,0.929133951663971,0.7775563622013568,0.9257857203483582,0.831921025618491,0.8934189081192017,0.8288390456613922,0.9162013530731201,0.8113474907563428,0.9196743369102478,0.8008922443209932,0.916718602180481
0.49511735834326304,0.37619268894195557,0.527931889373903,0.3550432324409485,0.5448981515684364,0.3553793132305145,0.5594246515675002,0.3559053838253021,0.47174793094955253,0.354915976524353,0.45400560544011176,0.35508713126182556,0.43795159082823387,0.3553656339645386,0.5844303940508082,0.3662148118019104,0.4161727943460238,0.3654496371746063,0.529840406024661,0.4014475345611572,0.46405702628283585,0.40177494287490845,0.7072504367517249,0.499127060174942,0.28525088974472057,0.493664026260376,0.7614967915961345,0.6792534589767456,0.20796095792164457,0.6770123243331909,0.742480819253041,0.8411470651626587,0.21448848560564113,0.8391294479370117,0.7795025692115741,0.8963739275932312,0.1933199636209687,0.8923189043998718,0.7358341052886147,0.8984048962593079,0.23556637392119442,0.8937559127807617,0.7196806073678549,0.8830605745315552,0.2507733611257263,0.8759024739265442,0.21229649662609998,0.8444600701332092,0.2587173988845295,0.8582272529602051,0.2783310391628569,0.8824419379234314,0.28045114569111623,0.9066324830055237,0.2833205662457921,0.9242662191390991,0.23153147250717554,0.902978241443634,0.24044199111269066,0.9373297691345215,0.25958780269879644,0.9418131113052368,0.26943264289407365,0.9375053644180298,0.19911257046623856,0.9022772908210754,0.2083752212471503,0.9363720417022705,0.22944776638397882,0.9378678798675537,0.24176259112938747,0.9324102401733398,0.1804054505508709,0.8977733850479126,0.19242169179016536,0.9241389036178589,0.21356598579880756,0.9270032644271851,0.2266016220516228,0.9240989089012146,0.17157245812916566,0.8921074271202087,0.18284723313579557,0.9120109677314758,0.20079001133458324,0.915518581867218,0.21318110995628814,0.9128421545028687,0.7556810087131459,0.8450461626052856,0.711545884918311,0.8577896952629089,0.6927286120340452,0.8789533972740173,0.6851010240352172,0.902155339717865,0.6786725789216984,0.9207026362419128,0.7338577970577861,0.9059919714927673,0.7315677774460788,0.9343758225440979,0.7176711046391985,0.9414556622505188,0.7069649774283535,0.9405445456504822,0.7629194797213417,0.9049698114395142,0.7557305666958183,0.9338451623916626,0.7370584279036644,0.9368864893913269,0.7247989050580572,0.9343863725662231,0.783319669302824,0.9001903533935547,0.7775690064105437,0.9263768792152405,0.7593754828526622,0.9302382469177246,0.7476556210582579,0.9284223318099976,0.7971175600930299,0.8938848972320557,0.7937758693288174,0.9163689017295837,0.7782527329181136,0.9218255281448364,0.7675074001333755,0.9209651947021484
0.458703437020637,0.376400887966156,0.49247818086930306,0.3551364541053772,0.5100098153756321,0.35545340180397034,0.525230458563981,0.3559574782848358,0.4346307486460887,0.35510602593421936,0.4163016263817954,0.35530632734298706,0.39973180208935016,0.35556864738464355,0.5510607906574654,0.3665366768836975,0.37696831704019285,0.3659442663192749,0.49453296976754635,0.4017179012298584,0.42659011451319584,0.4018736481666565,0.6787993745020674,0.4995039105415344,0.24084970150693163,0.4946356415748596,0.7336343432454348,0.6792843341827393,0.1625710740587811,0.6779207587242126,0.7162220217303795,0.8413340449333191,0.17252288725899942,0.8383691906929016,0.7534147967311365,0.896370530128479,0.15134476238072014,0.8905643224716187,0.7079580634543747,0.8984009623527527,0.19496420655355642,0.8923659324645996,0.6912757499639176,0.8827133178710938,0.2113127400554274,0.8744451403617859,0.16910211625052304,0.8443682789802551,0.21590804786318224,0.8582660555839539,0.2353707813989846,0.883171021938324,0.23957926973416419,0.9071744084358215,0.24266689833069754,0.924079418182373,0.187801808398892,0.9028958082199097,0.19980058725962418,0.9376938939094543,0.22144593519471947,0.9414817094802856,0.232189411804108,0.9369821548461914,0.15434276837938893,0.9025655388832092,0.1684236140796102,0.9370663166046143,0.19318212814056693,0.9373197555541992,0.2064091553248121,0.9309985041618347,0.13538067036286353,0.8985048532485962,0.15030153190632692,0.9254617094993591,0.17380489880215047,0.926913857460022,0.18714524231086352,0.9227765202522278,0.12688530622900004,0.8934397101402283,0.1391230040128994,0.9137364029884338,0.15874587267693777,0.9167154431343079,0.1713992359685643,0.9136543273925781,0.7277700855998127,0.8444848656654358,0.6827924653226715,0.8581022024154663,0.6634683788590511,0.8796583414077759,0.6552329564457774,0.9025965332984924,0.65045244123909,0.9207220673561096,0.7054759258872138,0.9060513377189636,0.7040717408737954,0.9342449903488159,0.6896916649463258,0.9407597184181213,0.6787867608236139,0.9397517442703247,0.7356551510317786,0.9048510193824768,0.7286268507537882,0.9340282082557678,0.7088539792605995,0.9363839030265808,0.6964798228432663,0.9329096674919128,0.7570407123324947,0.8998866677284241,0.7513230628511933,0.9268074035644531,0.7319512787619453,0.9299211502075195,0.7198932225052019,0.9272365570068359,0.7711272962225042,0.8933868408203125,0.7676193150683265,0.9166571497917175,0.75148586890861,0.9214844703674316,0.7404809514119304,0.9200185537338257
0.4487304571899227,0.3766593933105469,0.4868690498224718,0.35529863834381104,0.5068412333132535,0.35557034611701965,0.5244338033227958,0.3560231029987335,0.4214441913118392,0.3553706407546997,0.4006457498803628,0.35558971762657166,0.38186266903310606,0.355827659368515,0.5540837231479709,0.36675673723220825,0.3555003741258671,0.3663395047187805,0.48945011330582167,0.4019118845462799,0.41221277430250963,0.4019516110420227,0.700779458218734,0.49985480308532715,0.20100085713840032,0.4948421120643616,0.7605219402426536,0.6797048449516296,0.11232045391812355,0.6782756447792053,0.7417123775213331,0.8420613408088684,0.12692072862447387,0.8375409841537476,0.7835155608330491,0.8964921236038208,0.10365454422539787,0.8893204927444458,0.7320183687207497,0.8985333442687988,0.15387845497484381,0.8910123705863953,0.7130247237256561,0.8826931118965149,0.17314196473975485,0.8730355501174927,0.12280942745519036,0.8441087603569031,0.1765356736199675,0.8588637709617615,0.1974405119457624,0.8833174109458923,0.20274525769065524,0.9070425629615784,0.20808567768834896,0.9243496656417847,0.1425672524971245,0.9038835167884827,0.15868896367572408,0.9381976127624512,0.18440122049848337,0.9411745667457581,0.19659054940287762,0.9360742568969727,0.10514930324105694,0.9031326770782471,0.122536902763015,0.9371814131736755,0.1523852606193953,0.9377074837684631,0.16865158551795642,0.9314703345298767,0.08415958209883882,0.8984835743904114,0.10042753033236841,0.925619900226593,0.12805086313631317,0.9275893568992615,0.14374524605315447,0.923404335975647,0.07496413271609965,0.8928413391113281,0.08780735268074213,0.913502037525177,0.11007522519071908,0.9171353578567505,0.12414574506627699,0.9140579104423523,0.755573076462654,0.8444490432739258,0.7044578179077539,0.8582881689071655,0.6811358533721712,0.8803545832633972,0.671018212819577,0.9030407071113586,0.6683132282475502,0.9212114214897156,0.7286102258500946,0.9058998823165894,0.7218742071775863,0.9345558285713196,0.7022644772245823,0.941369354724884,0.6871216957067234,0.9406240582466125,0.762724434188057,0.9049291610717773,0.7512626722815761,0.9344595670700073,0.7268865179291244,0.9369572997093201,0.7117820705864244,0.9331368207931519,0.7870369851029492,0.9001292586326599,0.7784071017115718,0.9273498058319092,0.7551071206519475,0.9302369952201843,0.7406152377816841,0.9271203875541687,0.8034585634109037,0.8937007188796997,0.7984672973391977,0.916829526424408,0.7791010285149578,0.9217799305915833,0.7661827244184608,0.9203693270683289
0.5317965765273838,0.37685805559158325,0.5633987151451172,0.35540497303009033,0.5800034602443587,0.35564738512039185,0.594766298894116,0.3560608923435211,0.5092094327441479,0.35555499792099,0.4920152658971428,0.35578781366348267,0.4764980998281066,0.3560008108615875,0.6196028261403911,0.36684995889663696,0.45441472810416184,0.36658692359924316,0.5657005789212521,0.4020654261112213,0.5016099458721505,0.4020129144191742,0.7430020549521573,0.5005604028701782,0.32616702588913266,0.49498334527015686,0.79052351397385,0.6808657646179199,0.2555858893065175,0.6787419319152832,0.7752759870150181,0.8433502316474915,0.2673960531236436,0.8375210762023926,0.8096741871377118,0.8973158597946167,0.24827846819676466,0.8891839981079102,0.7672352371022964,0.8994700312614441,0.29010503431897716,0.8909481763839722,0.7513709934400339,0.8829392194747925,0.3062477124933296,0.8730548024177551,0.2615202378337164,0.8438305854797363,0.30715876683403065,0.8578595519065857,0.32544953530062926,0.8826083540916443,0.32837915060174866,0.90669846534729,0.3318671927842084,0.9238230586051941,0.2792850023211286,0.9044197201728821,0.2909726309359706,0.9383999109268188,0.3097455886491153,0.9425355195999146,0.3191278158538536,0.9390072822570801,0.2483583732869576,0.9034788608551025,0.2608820032282557,0.937243640422821,0.2833421167421923,0.9377691149711609,0.29559553960452967,0.9321115612983704,0.23078481953832358,0.8985172510147095,0.242540701770012,0.9253658652305603,0.2643112687582624,0.9275714755058289,0.27726030729814055,0.9241785407066345,0.22242040857281992,0.8927043676376343,0.2311699185828745,0.9128631949424744,0.24947099162548292,0.9166816473007202,0.26207290388909843,0.9142274856567383,0.7865666866074964,0.8446047306060791,0.7445085028264041,0.8586968183517456,0.7263232467270749,0.8799485564231873,0.717918802078081,0.9023135900497437,0.7141156183741861,0.9203808307647705,0.7656372651198676,0.9059897661209106,0.762927697142675,0.9348772764205933,0.7479607792048864,0.9404444098472595,0.7370944009565115,0.9384487867355347,0.7937744373143318,0.9048184752464294,0.7859663274042514,0.9344708919525146,0.766876929955371,0.9356244802474976,0.7559867943852979,0.9305403232574463,0.8137845283450941,0.8999736309051514,0.8072283513956565,0.927391529083252,0.7886849179708321,0.9291827082633972,0.77822682811995,0.9249584078788757,0.8271127752821348,0.893582820892334,0.8232805115779097,0.9170217514038086,0.8074430760409516,0.9207435846328735,0.7975771017325065,0.9180115461349487
0.4948299697100041,0.37696561217308044,0.5300680838720735,0.35545289516448975,0.5486574097228699,0.35567525029182434,0.5653162763003958,0.35607290267944336,0.4697034743366784,0.3556695580482483,0.45063361820105197,0.3559209108352661,0.4333535606442305,0.3561210334300995,0.5933642362933604,0.36690816283226013,0.4084391801480486,0.3667927086353302,0.5327818927035942,0.40216827392578125,0.4612855843225299,0.40204548835754395,0.7333282977937233,0.5013705492019653,0.26541687237850575,0.4950055181980133,0.7840762836749706,0.6822441816329956,0.18809887887335855,0.6788628697395325,0.7678102519647716,0.8442238569259644,0.200731731852128,0.8375054597854614,0.8056078832275254,0.8976902961730957,0.1801366860059708,0.889181911945343,0.7582004438288092,0.8997481465339661,0.22606149643005885,0.890961766242981,0.740709576494071,0.883013904094696,0.24349356179406953,0.8731231689453125,0.19427941190573192,0.8444569110870361,0.24370002124122964,0.8589075207710266,0.26359680274818564,0.8830925226211548,0.2680727493054503,0.9067754745483398,0.27204510882487454,0.9240208268165588,0.2138285476060959,0.9045960903167725,0.2249184107709886,0.9378989338874817,0.24576860351602425,0.9421507120132446,0.256998837353332,0.9385949969291687,0.1794686745919066,0.9040007591247559,0.19239916269994461,0.9375513792037964,0.21683738136843125,0.9387730360031128,0.23062691478988556,0.9334129691123962,0.1592078610325084,0.899356484413147,0.17155883070462405,0.9263664484024048,0.1949635920491084,0.9287258386611938,0.20903760084929235,0.9255192875862122,0.14926104727392964,0.8935649394989014,0.15819878368712156,0.9136968851089478,0.17818055978123598,0.9174385666847229,0.19213337561709048,0.9151796102523804,0.780452820682231,0.8450964093208313,0.7317589159732562,0.8592737913131714,0.7117268029270115,0.8813343048095703,0.7033300120170328,0.9039692282676697,0.6974082692855466,0.9216071367263794,0.7560254959670142,0.9072232246398926,0.7520450883356901,0.9346455931663513,0.7370703798050947,0.9415789842605591,0.7253864064698667,0.9413086771965027,0.7876975715023319,0.9058003425598145,0.7800364215233054,0.9337010383605957,0.7601108915805991,0.9365139603614807,0.7468955293135121,0.9337461590766907,0.8102019050120771,0.9008064270019531,0.8035283526203265,0.9261415600776672,0.7841119563871752,0.9294764399528503,0.7715596570329167,0.9273638725280762,0.8252883445376062,0.894338846206665,0.8215323414678135,0.9162336587905884,0.8051502284319241,0.9209901094436646,0.7938529269954511,0.9196985363960266
0.4485420004983135,0.3770739436149597,0.4798978758517185,0.3554801344871521,0.49653019111007596,0.3556881248950958,0.5115250353570083,0.3560760021209717,0.4260939402830736,0.35574525594711304,0.40912116972002616,0.3560093641281128,0.3936809330992815,0.35620421171188354,0.536768399194722,0.36693400144577026,0.37133182740839105,0.36693915724754333,0.48249643459636793,0.40223485231399536,0.4186360999693472,0.4021020531654358,0.6638639086890497,0.5020816922187805,0.24417820638456791,0.4950142800807953,0.7068914701894766,0.6827811598777771,0.1777040656082471,0.6789947748184204,0.6929409518933096,0.8445860743522644,0.187408804217264,0.8375013470649719,0.7261004189743433,0.8979836702346802,0.16953892681198085,0.8892096281051636,0.6840040648213569,0.8999682664871216,0.20935792019845548,0.8909962773323059,0.6684780352747628,0.8830568194389343,0.22464238428854935,0.8731897473335266,0.18013252605287097,0.8442320227622986,0.2245636734021877,0.8588722348213196,0.24194788135520198,0.8836417198181152,0.24551842576598623,0.9074817299842834,0.24982812166796534,0.9251195788383484,0.19761732160326734,0.9052438139915466,0.20789145295329192,0.9382155537605286,0.2263589865813741,0.9422729015350342,0.23623464811145284,0.9386845231056213,0.16685071074093957,0.9041024446487427,0.17763503997680138,0.9373862147331238,0.198722443144156,0.9374650716781616,0.209871998653875,0.9314877390861511,0.14873782883460274,0.8988379836082458,0.1600154108024589,0.924988865852356,0.18052307304325294,0.9261783957481384,0.1921029998886926,0.9222602248191833,0.13960857869464582,0.892625093460083,0.14737042929706815,0.9121333956718445,0.16524227932522234,0.9148644208908081,0.17693285091087826,0.9115049839019775,0.7026633309248862,0.8457810282707214,0.6598338725016374,0.8597494959831238,0.6422304447053011,0.8815285563468933,0.6347625472487405,0.9044328331947327,0.6305754126694034,0.9221534132957458,0.6816955139768271,0.9068043231964111,0.6799418845825709,0.9347738027572632,0.6667055851180324,0.9411767721176147,0.6567550285950146,0.9403733015060425,0.7104853303558347,0.9054788947105408,0.70357623491913,0.934501588344574,0.6856003371190494,0.9350693821907043,0.6756787555155799,0.9299985766410828,0.7306688195151446,0.9004862904548645,0.7244417988586945,0.9271828532218933,0.7068548634830832,0.9281252026557922,0.6978325392041596,0.923310399055481,0.744267822883312,0.894138753414154,0.740763539198146,0.9168788194656372,0.7259604597647406,0.9195072650909424,0.7176003546850419,0.915952742099762
0.5235346105223423,0.3772308826446533,0.561553926342006,0.35558265447616577,0.5817790383375379,0.3557801842689514,0.6001142862563044,0.35614314675331116,0.4963084075808609,0.3558860123157501,0.47574154424831144,0.35616612434387207,0.4569786456506061,0.35636094212532043,0.6310147972170155,0.3670591711997986,0.4296380280849744,0.36721137166023254,0.564819515315953,0.4023810923099518,0.48720924386517633,0.4022220969200134,0.7869751663665935,0.5023444890975952,0.27619957249099036,0.49501141905784607,0.8381199566199822,0.6832608580589294,0.19700805794156737,0.6791583299636841,0.8221185627921919,0.8447340130805969,0.2072422752157857,0.8375371694564819,0.8619844984382985,0.8980619311332703,0.18558474161522423,0.8893272280693054,0.8104599757488351,0.9001168012619019,0.2336781020907454,0.8911751508712769,0.7917244926704079,0.8830686807632446,0.2522213623162404,0.8732644319534302,0.19804193330861075,0.8443202972412109,0.2521509774873776,0.858707845211029,0.2735397565167929,0.883312463760376,0.27726897412907525,0.9073204398155212,0.2810816166166392,0.925189733505249,0.21855765766393964,0.9054715633392334,0.23096930738798105,0.9382694363594055,0.25387611278498534,0.9430555105209351,0.2671432602531458,0.9403858780860901,0.18142270836585822,0.904299259185791,0.1942124997974202,0.9377028346061707,0.22145800750641606,0.9386772513389587,0.23715472771953625,0.9331459403038025,0.1601621891906011,0.899139940738678,0.172846580126486,0.9256511926651001,0.1990288723639962,0.9280813336372375,0.21525774037502263,0.925165593624115,0.14941314538495448,0.8931397795677185,0.15842089130533873,0.9127839207649231,0.18094385979382632,0.9168973565101624,0.19693121200536753,0.9151241183280945,0.8326188637846754,0.8452605605125427,0.7803971699387862,0.8590871095657349,0.7588374170477414,0.8813318610191345,0.7494387643141556,0.9043170213699341,0.7440633586732466,0.9219875931739807,0.8087055396240334,0.9065026640892029,0.8054845696040975,0.933895468711853,0.7896519108347864,0.9402787089347839,0.7779337794830836,0.9393976926803589,0.8431285127622423,0.9050171375274658,0.836000163531965,0.9340107440948486,0.8143441028282129,0.9353366494178772,0.8018317855169085,0.9314407706260681,0.8677244754974579,0.8999670743942261,0.8615523701530593,0.9258672595024109,0.8403613520685794,0.9276340007781982,0.8285575177611966,0.9243597388267517,0.883984313618729,0.893443763256073,0.88028934576692,0.9155752062797546,0.8625008371437844,0.9192953705787659,0.851366051483081,0.9171750545501709
0.5383521823686196,0.37725576758384705,0.5717959893414728,0.3556172251701355,0.5896198265521161,0.3558028042316437,0.6058657625884569,0.3561529219150543,0.5144222950452333,0.35594141483306885,0.4963481197395437,0.35622113943099976,0.47978831872867034,0.3564049303531647,0.6331755427226529,0.3671012222766876,0.4555504453471983,0.36729148030281067,0.5747051538542066,0.40240535140037537,0.5063174825043248,0.4022279679775238,0.7714430235803195,0.5024105906486511,0.3209412758668863,0.4950637221336365,0.817206999095694,0.6833428740501404,0.2522034112970174,0.6791855096817017,0.8039473451231236,0.845372200012207,0.25989229049931967,0.8375388979911804,0.838291352531417,0.898615837097168,0.2410294239704397,0.8893394470214844,0.7929632467977753,0.900488018989563,0.2830601319237639,0.8912622332572937,0.776170225713274,0.8832212686538696,0.2992039131413774,0.8732917904853821,0.25135807498476975,0.845045268535614,0.2996728777645193,0.8589812517166138,0.3191476184589888,0.8830363154411316,0.3221792719249834,0.9073343873023987,0.3246354832164274,0.925720751285553,0.27154108678362454,0.9057139754295349,0.2811154901087698,0.9388393759727478,0.30202019077425296,0.9430862665176392,0.3134596976330542,0.9395222067832947,0.2378869875112857,0.9049672484397888,0.24976182813296735,0.9385185241699219,0.27459452682233343,0.9378100633621216,0.28739171756171494,0.9308744072914124,0.21841892111607625,0.9001824855804443,0.23131608801691358,0.9269508123397827,0.2548150334738238,0.9271894097328186,0.26734015141823675,0.9223604798316956,0.2087354984727056,0.8943317532539368,0.21842792969098432,0.9140971899032593,0.2383240157853772,0.9164959788322449,0.2505865709467207,0.9130330085754395,0.8110416756724235,0.845478892326355,0.7642643132890783,0.8590554594993591,0.747654714397715,0.8811554908752441,0.7400026475869277,0.9043492674827576,0.7322687600919465,0.9223858118057251,0.7883578419808523,0.9077450633049011,0.7806166922949664,0.9358081221580505,0.7620143482193302,0.9414981603622437,0.7489220704561843,0.9397856593132019,0.8192150986264514,0.9062033295631409,0.8089713979547766,0.9354875683784485,0.7870135066987924,0.9363770484924316,0.7751854034628622,0.9318527579307556,0.8410069277837461,0.9006431698799133,0.8331273814883318,0.92707759141922,0.8126888788970744,0.9289547801017761,0.801559121771293,0.9250452518463135,0.8549667952869836,0.893701434135437,0.8512636312353267,0.9161142110824585,0.8340782443507982,0.9199047684669495,0.8235041485748172,0.9172035455703735
0.4729541585233071,0.377297967672348,0.5069525992770811,0.35564756393432617,0.5251953182205287,0.3558293879032135,0.5418833279133228,0.35616907477378845,0.4483613691562436,0.3559724688529968,0.4298985954656102,0.3562496304512024,0.4129224382128456,0.3564298748970032,0.5698603123893348,0.36711546778678894,0.38793393232805684,0.36734673380851746,0.5102028018796254,0.40241917967796326,0.4401891704354022,0.4022344648838043,0.7113875980408683,0.5020900368690491,0.25159846719789625,0.4949762225151062,0.7590219340675383,0.6833328008651733,0.18276982756057333,0.679099440574646,0.7460579822084894,0.8456407785415649,0.18839680537175185,0.837494969367981,0.7810106420363813,0.898797869682312,0.16901759085326254,0.889360249042511,0.7341879723381033,0.9007040858268738,0.21155126229546664,0.891301155090332,0.7168742869712657,0.8833308219909668,0.22808578901959994,0.8733431100845337,0.17681874564698513,0.8449032306671143,0.22772855820593169,0.8585726618766785,0.2496696896380498,0.8834057450294495,0.2519033815076121,0.9079638719558716,0.25391804444379146,0.9260902404785156,0.19690667369822526,0.9051949381828308,0.20955817682203978,0.939538300037384,0.23082906273901915,0.9437291622161865,0.24165132761476685,0.9389514923095703,0.1616153361373434,0.9042838215827942,0.1734600013322178,0.9379568099975586,0.19786863943520003,0.9386435151100159,0.21135278501103327,0.932579755783081,0.14257387965671048,0.8995422124862671,0.15850262795728937,0.9256707429885864,0.1830364684035708,0.9273210167884827,0.19698286690276445,0.9235698580741882,0.13439853274868055,0.8940368294715881,0.15040359805891282,0.913113534450531,0.17148530976146523,0.9156075119972229,0.18455522111178482,0.9125203490257263,0.7517716235995756,0.846298098564148,0.7046511141695334,0.8602365851402283,0.6865284508139253,0.8816016912460327,0.6785276691168523,0.9046922922134399,0.6726703430475682,0.9226617813110352,0.7298806155522449,0.9064884185791016,0.7261100069955777,0.9355307817459106,0.7100983977007402,0.9418565034866333,0.6982653171272616,0.9407687187194824,0.7612637263288552,0.9053246974945068,0.751501940688059,0.9353606700897217,0.7304129067973266,0.936233639717102,0.7189491191929238,0.9317418336868286,0.7831823252301974,0.9002721905708313,0.7751040061587742,0.927396833896637,0.7548914417304711,0.9287764430046082,0.7442173185170308,0.9244287610054016,0.797907917744985,0.893994927406311,0.7932557460297636,0.9164440631866455,0.77625893100938,0.9197519421577454,0.7661091755137156,0.9166219234466553
0.5490779962758812,0.3773058354854584,0.5841603515524958,0.3556542992591858,0.6030362439228578,0.3558342754840851,0.6203279998255127,0.3561728000640869,0.523710458816955,0.3559804856777191,0.5046693925326713,0.3562581241130829,0.4871409177721639,0.35643917322158813,0.649361960143232,0.3671436607837677,0.46133954783435166,0.367357075214386,0.5877389128398394,0.4024263322353363,0.5152551605351492,0.40222984552383423,0.7958475316547509,0.5020321011543274,0.3211855943531356,0.49497824907302856,0.8462524047548493,0.6832278966903687,0.2506711531326613,0.6790956258773804,0.8320152529328125,0.845992922782898,0.2581059138928266,0.8375037908554077,0.8673748083646363,0.8989471197128296,0.2377327793093631,0.889549732208252,0.8189191699614262,0.9009236097335815,0.2812786276840654,0.8916196823120117,0.8009653313072328,0.8835137486457825,0.29901414475170296,0.8734817504882812,0.24411564688113455,0.8432102799415588,0.29651007171412724,0.8561953902244568,0.32249333372112665,0.8805525302886963,0.3260511980782617,0.9054900407791138,0.3276786265375514,0.9237558245658875,0.26581999195450107,0.9026235938072205,0.2796412705386792,0.9376357197761536,0.2976872415594447,0.9431777596473694,0.30803209291399264,0.9399029016494751,0.22972899897855278,0.9022613167762756,0.23085188957304117,0.9341213703155518,0.24250380499891547,0.9409411549568176,0.25169214693583203,0.9408624172210693,0.21030916427044388,0.8979150056838989,0.22619944232754952,0.9199577569961548,0.24764071372188093,0.9248208999633789,0.2643673740750503,0.9241201877593994,0.2019594677859807,0.8929792642593384,0.217560353845391,0.9094793796539307,0.23641297585771434,0.9138516187667847,0.2516254385761211,0.9128996133804321,0.8360417731752163,0.8456031680107117,0.7893807447839504,0.8599351048469543,0.7700952211070625,0.8811285495758057,0.7614898244530918,0.9042760133743286,0.7542667783229255,0.9222474694252014,0.8149244069135223,0.9065871834754944,0.8112474348257516,0.9341096878051758,0.7958622056687611,0.9394227266311646,0.7844428295619229,0.9374569058418274,0.8465899800821306,0.9055202007293701,0.8385351144712024,0.9342597723007202,0.8187284077792926,0.934869110584259,0.80759192622116,0.9310551881790161,0.8692583385211802,0.9003104567527771,0.8631896481598229,0.9260616898536682,0.8438722212783455,0.9271179437637329,0.8332338531410696,0.9231874942779541,0.884922373944366,0.8936150074005127,0.881887992261165,0.9151682257652283,0.8655670574446233,0.9182084202766418,0.8553937314428971,0.9153232574462891
0.5093597063873109,0.3772938847541809,0.5439502232185951,0.3556608259677887,0.5626162502675399,0.35584020614624023,0.5797862692250676,0.3561764359474182,0.48419123655562707,0.355987548828125,0.46535538104357277,0.3562655746936798,0.4480105471701889,0.3564470112323761,0.6085156805910024,0.36717480421066284,0.4223182829978167,0.36736810207366943,0.54792435379022,0.40237054228782654,0.4758220898935901,0.40214625000953674,0.7543628470934024,0.5020491480827332,0.28390718222067135,0.49491801857948303,0.8038676272875334,0.6832219958305359,0.21367874054530384,0.6789513826370239,0.7896731475385466,0.8460248112678528,0.22230750795360507,0.8374980688095093,0.8245014964856152,0.8989447355270386,0.20147098281183173,0.889570415019989,0.776678307145993,0.9009154438972473,0.24529617526070485,0.8914497494697571,0.7588455235777515,0.8835189938545227,0.2632845867418427,0.8732735514640808,0.20673962181008007,0.8424185514450073,0.2604480900707582,0.8557039499282837,0.29023343700636306,0.8798198699951172,0.29550238314119365,0.9044011235237122,0.2965469727241794,0.9224463105201721,0.2301479822233537,0.902321457862854,0.24029111365057404,0.9359408020973206,0.25839695970726634,0.9419689774513245,0.26881474350642187,0.9383705854415894,0.19296532297242713,0.901786208152771,0.18920763335697796,0.9345623850822449,0.199573059402294,0.9411064386367798,0.20775915266132827,0.9395346641540527,0.17201768665532152,0.8973202705383301,0.191512621139103,0.9170036315917969,0.2130440156978609,0.9180704355239868,0.226684095849084,0.9144248366355896,0.16144731017537628,0.8921344876289368,0.1813848646078514,0.9075405597686768,0.20054503828387155,0.9088189601898193,0.2134699599368258,0.9054527282714844,0.7944685251973105,0.8457889556884766,0.7489068005794269,0.8595467209815979,0.7295032843960002,0.8807106018066406,0.7203244534358019,0.9042774438858032,0.7138165544620141,0.9220775961875916,0.7722456397239723,0.9058893918991089,0.7691238312348638,0.9332389235496521,0.7568037518465884,0.9379616975784302,0.7484246322790582,0.9362447261810303,0.8033775818371734,0.9051029086112976,0.7965117422770956,0.9334335923194885,0.779332617623248,0.9326480031013489,0.7709665784607488,0.9282457232475281,0.825797685130012,0.9000337719917297,0.8202903287399481,0.9250755310058594,0.8033011951624898,0.9248565435409546,0.7955010099855852,0.9201937913894653,0.8418268904200303,0.893394410610199,0.839399427409031,0.9144209623336792,0.8243387502307545,0.9162881970405579,0.8160073994351883,0.9125645160675049
0.5322398970968397,0.37726983428001404,0.5660859819507802,0.3556622266769409,0.5843684723235856,0.3558407127857208,0.6012591207540909,0.35617595911026,0.5073399838339424,0.3559909462928772,0.48880557957844284,0.3562699854373932,0.471753315973899,0.3564503490924835,0.6293171470852602,0.3671831488609314,0.4463072463171549,0.3673706650733948,0.5701528654806645,0.40232759714126587,0.49901855867198097,0.4020812511444092,0.7730768070415486,0.5020754933357239,0.3102374882554935,0.4949052333831787,0.8218408062586988,0.682830274105072,0.2411166297648652,0.6789482831954956,0.8070922773709794,0.8460215330123901,0.24986086222022463,0.8378246426582336,0.8414171405253532,0.8988829851150513,0.22937893302611306,0.8897099494934082,0.7944193059916893,0.9009019732475281,0.2724258531180034,0.8914448022842407,0.7768136479042749,0.8835233449935913,0.2900288146624482,0.8732837438583374,0.23702276306486983,0.8428329229354858,0.2878847436740919,0.8569196462631226,0.3178817263237786,0.8804857730865479,0.32513308517754635,0.904206395149231,0.32614716273829053,0.9213020205497742,0.2566477060666356,0.9027601480484009,0.2625293984959462,0.9354337453842163,0.2819697347467742,0.9406576752662659,0.29427551503141613,0.9365951418876648,0.22048575205250712,0.9016711115837097,0.21572596342189954,0.9334135055541992,0.22853278622688883,0.9388933777809143,0.2384854247409525,0.9365106225013733,0.20003996008227218,0.8969749212265015,0.21619920671307918,0.9160772562026978,0.2372762203636059,0.9176644682884216,0.2517717177225317,0.9143513441085815,0.1892787667068314,0.8914868831634521,0.20740166431282567,0.9052368998527527,0.2256914814767263,0.906623125076294,0.23881163547862724,0.9036956429481506,0.8128131352044798,0.8458138704299927,0.7662344711792878,0.8599928021430969,0.7468615130218733,0.8818066120147705,0.7388687467747566,0.9050801992416382,0.7327544065526534,0.9228782057762146,0.7890090473313024,0.9063130617141724,0.78515795820065,0.9336115717887878,0.7719429107227962,0.9407209157943726,0.7614842978532168,0.9409078359603882,0.8199257640186229,0.9051456451416016,0.8124813184958944,0.9335761070251465,0.7945973487893456,0.935006320476532,0.7838008874703276,0.9317792654037476,0.8422222714867753,0.899915337562561,0.8353816387042848,0.9254209995269775,0.8174848249378015,0.9267209768295288,0.8077563365580929,0.9229595065116882,0.858006556721482,0.893101155757904,0.8551487179052158,0.9148673415184021,0.8395283540984032,0.9175668954849243,0.8300576694189279,0.9142922759056091
0.4950438336717158,0.3771842122077942,0.528292157365941,0.3556419312953949,0.546306084126882,0.35582083463668823,0.5629081453646049,0.35616207122802734,0.4706035852618162,0.35596925020217896,0.4524298246680581,0.35624974966049194,0.4356887956331339,0.3564278781414032,0.5904490866670146,0.36718907952308655,0.4105007085067635,0.3673609495162964,0.5323864213210241,0.4022336006164551,0.4622248982137379,0.4019388258457184,0.7313262652340909,0.5022026300430298,0.27697105228435787,0.49490228295326233,0.779091750664033,0.6828242540359497,0.20919835987618512,0.6789640188217163,0.7641050683502344,0.8459751009941101,0.21847364308631198,0.8379418253898621,0.7978576197951158,0.898673415184021,0.19837636438767303,0.8897271156311035,0.7520281547030612,0.9007428884506226,0.24049791756243444,0.891158938407898,0.7346309584014716,0.8834169507026672,0.2577533291520145,0.8731614351272583,0.20522776195885178,0.8417495489120483,0.25544766699319305,0.8561404943466187,0.281165716647479,0.8803269267082214,0.2855024439364179,0.9050634503364563,0.28508331483434823,0.9234412908554077,0.22300640677986142,0.9011498689651489,0.23016794319374323,0.9339043498039246,0.24920844413025625,0.937698483467102,0.25891469791766475,0.9333981871604919,0.18935203003255238,0.9005059003829956,0.1949948146557741,0.9307410717010498,0.21469501269664412,0.9318077564239502,0.22731948589510234,0.9268903732299805,0.17152786247717422,0.8966655135154724,0.18400267403517803,0.9177986979484558,0.20454299083502978,0.9200772047042847,0.21875568233438575,0.9175771474838257,0.1629219095245137,0.8924843072891235,0.17851313305519145,0.906859815120697,0.1958152497878249,0.9086595177650452,0.2084644318501249,0.9062002897262573,0.7712617012457466,0.8455700874328613,0.7262750153322146,0.8595249056816101,0.7074285337502026,0.8816170692443848,0.6990990905461776,0.9049810767173767,0.6912599991791243,0.9230223894119263,0.7483603925159653,0.9062074422836304,0.7447756075971684,0.9325832724571228,0.7333097905797303,0.9402858018875122,0.7243181289587114,0.9415569305419922,0.7784368353595046,0.9049887657165527,0.7719984809633409,0.9324887990951538,0.7558834329968911,0.9357805252075195,0.744846413011358,0.9343485236167908,0.7999694712597925,0.8997196555137634,0.7939924649110944,0.9246703386306763,0.7772442718706087,0.9277176856994629,0.7666448822053914,0.9260046482086182,0.8148101608777324,0.8928546905517578,0.8128062563706416,0.9144925475120544,0.798285303971788,0.9181280732154846,0.7884802842824646,0.916034996509552
0.43027356599117694,0.37718576192855835,0.46475152286751287,0.3556535542011261,0.4833467108598376,0.3558362126350403,0.5005688764846978,0.3561778962612152,0.4050466612029197,0.35597237944602966,0.3862171761942424,0.3562527596950531,0.3689306095570339,0.35642579197883606,0.5291899130581984,0.3672132194042206,0.342647961114248,0.3673465847969055,0.46901425654199064,0.4022336006164551,0.3962622188026278,0.40191102027893066,0.6753722015509979,0.5024321675300598,0.20459755417561018,0.49489980936050415,0.7249771444504652,0.68303382396698,0.13616078113256208,0.6789571046829224,0.7093578965716032,0.845971941947937,0.1440009639837348,0.8379366993904114,0.7447233246533966,0.8984766006469727,0.1233550998343487,0.8895543217658997,0.6971961712783743,0.9004732370376587,0.16654817331533112,0.8907901644706726,0.6788572163334989,0.883195698261261,0.18448452271578417,0.873022198677063,0.1312165692946449,0.8412994146347046,0.18312163854690228,0.8570775985717773,0.20684790954994955,0.8815097212791443,0.20834670330623525,0.9069894552230835,0.2101956798221018,0.9260768890380859,0.1488925185233202,0.899880588054657,0.15718780186175368,0.9331737756729126,0.1766181825906885,0.9357413053512573,0.18484275109203377,0.930884599685669,0.11411240003442602,0.8991060853004456,0.1215985396731768,0.9295735955238342,0.14529010267965323,0.9296154379844666,0.15906506431245554,0.9237053990364075,0.09602145212533872,0.8950802683830261,0.11041908315400199,0.9177881479263306,0.13359978558101362,0.9182726740837097,0.1475631878230567,0.9136439561843872,0.08725560844878101,0.8908005356788635,0.1056236791454575,0.904468834400177,0.125098924109045,0.9048014283180237,0.13715183514275445,0.9014185070991516,0.7163005060977343,0.8469468355178833,0.6688622513750515,0.8605507016181946,0.648727716832111,0.8821753859519958,0.6419603790807628,0.905057430267334,0.6361884608984272,0.9224638938903809,0.6916444071449737,0.906347393989563,0.6897044393948537,0.9329348802566528,0.6779504789428348,0.939409613609314,0.6685858140884341,0.9396169781684875,0.7228956027101747,0.9054175615310669,0.7170892651632564,0.9332215785980225,0.7005467557124107,0.9357078075408936,0.6896784625159234,0.9334326982498169,0.7457400308315328,0.9004886746406555,0.7399766994508437,0.9256678819656372,0.7227595127277784,0.9276378154754639,0.7126270867849911,0.9249598979949951,0.7622548316115195,0.8938889503479004,0.7594919019052859,0.9147883057594299,0.7449696720552531,0.917353093624115,0.7363061664579815,0.914397656917572
0.4167227813200618,0.377219021320343,0.45132773386902364,0.3556694984436035,0.4699284291222312,0.3558538854122162,0.4872194894209108,0.35619056224823,0.39147599804375943,0.355985552072525,0.3725817439579805,0.3562623858451843,0.35525261834537697,0.35642871260643005,0.5159674855355302,0.36722010374069214,0.3288600763567153,0.3673362135887146,0.4555933647890491,0.40224671363830566,0.38258554003324924,0.4019225239753723,0.662467852675766,0.5025993585586548,0.19029430087914828,0.4949100911617279,0.7122152377609376,0.683896005153656,0.12169648023972048,0.6790497303009033,0.697043749666666,0.8462621569633484,0.12949824132499882,0.838635265827179,0.73227804632692,0.8985015153884888,0.10877820906181333,0.8900561332702637,0.6855126371458364,0.9004731178283691,0.1521098338385127,0.8911884427070618,0.6671532875617094,0.8832009434700012,0.1700474617175222,0.8734889030456543,0.11872993670862529,0.8417955040931702,0.1706420332369123,0.8589411973953247,0.18860773971250447,0.8849053978919983,0.18532482348911453,0.9099966883659363,0.18625470989836515,0.928733229637146,0.13479409621654784,0.9004403948783875,0.13622476584320098,0.9358976483345032,0.15470116988602003,0.939866840839386,0.16262403801094047,0.9348275065422058,0.09916076506774513,0.8986365795135498,0.10119421992696398,0.9300383925437927,0.1257734852267749,0.9303683042526245,0.1395233134502555,0.9245055317878723,0.08006540165231857,0.8938601613044739,0.08884256831501894,0.9182097315788269,0.11293271965953801,0.9187843203544617,0.12710674817559223,0.9140335917472839,0.07049148671970522,0.8890185356140137,0.08499248976928968,0.903435230255127,0.1044909764379736,0.9039477109909058,0.1167215752859143,0.9004378318786621,0.7055655313619945,0.8469706773757935,0.6556716020549673,0.858924150466919,0.6361886744024311,0.8810222148895264,0.628973777695986,0.904881477355957,0.6219940754196793,0.9227985143661499,0.6791824333342968,0.906570553779602,0.6751614769891324,0.9345157742500305,0.6608604253889241,0.9416346549987793,0.6501236911018269,0.9412286281585693,0.7114631945246301,0.90562504529953,0.7033342960789084,0.9346996545791626,0.6845916157574141,0.9366881251335144,0.6736243909287812,0.9338372945785522,0.7346799965825281,0.9006988406181335,0.7271450907160607,0.9272754192352295,0.7081845118009827,0.9297380447387695,0.6979978430103417,0.9268561005592346,0.7507819138424274,0.8940306901931763,0.7472763589530926,0.915751576423645,0.7310227593776332,0.9189886450767517,0.7215852391226208,0.9162460565567017
0.5653331180485196,0.3772115111351013,0.5988812794970881,0.3556722402572632,0.6168425446025573,0.3558575212955475,0.6335807825638338,0.35619327425956726,0.5410434099248129,0.35598501563072205,0.5227610118553143,0.3562603294849396,0.5060257826569647,0.35642048716545105,0.6614661373133309,0.3672400712966919,0.48044391581297646,0.36730197072029114,0.602908683602897,0.4022282063961029,0.5323179624510228,0.4018928110599518,0.802906613113721,0.5028059482574463,0.34614666302856695,0.4949098527431488,0.8511617826773316,0.6840478181838989,0.2800067419004321,0.6789236664772034,0.8364985415671923,0.8462823629379272,0.2875864804401294,0.8387635946273804,0.8704050606746077,0.8985029458999634,0.26752273728260295,0.8902106285095215,0.825395576625644,0.9004782438278198,0.309126948932137,0.8913382291793823,0.8078248909308324,0.8832343220710754,0.3262131538244777,0.8735946416854858,0.27695646854076794,0.840200662612915,0.3270607853151092,0.858820915222168,0.3392402226578148,0.8861691355705261,0.330760094319418,0.9113336801528931,0.33027960187710603,0.9308788180351257,0.2861441284728079,0.9040447473526001,0.2829913997383578,0.9362356066703796,0.29563110783765695,0.9422120451927185,0.30121442721847214,0.9408489465713501,0.2525926433907734,0.900265097618103,0.24913797130235701,0.9293164014816284,0.2713642453208259,0.9316747784614563,0.28511415195455664,0.9274256229400635,0.23491346730251428,0.8937219977378845,0.23873095771574468,0.9169679880142212,0.26161784761756546,0.9192643165588379,0.27556425096035725,0.9163021445274353,0.22635483124309314,0.8875452280044556,0.23543562761280298,0.9035266041755676,0.254073024722067,0.9061610698699951,0.2663566842131378,0.9043751955032349,0.8448538762153512,0.8474684953689575,0.797764567300321,0.86074298620224,0.777865588898661,0.8830451369285583,0.7708341099383629,0.9061282873153687,0.7650722589620098,0.923176646232605,0.8199161995082705,0.9066335558891296,0.8152615033178067,0.9353312253952026,0.7997060590429784,0.9424237608909607,0.7872671333906306,0.9421133399009705,0.8508131160339588,0.9057618975639343,0.8405272051551566,0.9352799654006958,0.8206085648376249,0.9382726550102234,0.8080394926958784,0.9355111122131348,0.8730585796624909,0.9009543657302856,0.8640230546791472,0.9281333684921265,0.8441938375946539,0.9313021898269653,0.8319000322751086,0.9286966323852539,0.8889675885668521,0.8945092558860779,0.8845995645092194,0.9166548252105713,0.8683493059119567,0.9202545285224915,0.8580090273867765,0.9175910949707031
0.4711352812315236,0.37717869877815247,0.5061329117321096,0.3556675314903259,0.5248551608284798,0.3558551073074341,0.5423341863926453,0.35619020462036133,0.4458254238748911,0.3559773862361908,0.4267395781261042,0.35625046491622925,0.40926577864710273,0.3564017713069916,0.571499542396377,0.3672473430633545,0.3824817632677014,0.3672841489315033,0.5103398006508929,0.402177095413208,0.436573425832296,0.4018450379371643,0.7191896593252892,0.5029110312461853,0.24208547047112874,0.49490776658058167,0.7711065395407025,0.6835448741912842,0.17306913196785909,0.6785354614257812,0.754365159451698,0.8459771871566772,0.18257618489408217,0.8385350108146667,0.7899882755996968,0.8983925580978394,0.16037272352268256,0.89000403881073,0.7431434024009667,0.9004288911819458,0.20344193292075063,0.8911175727844238,0.7247010960483405,0.8831456899642944,0.2214579295989935,0.8733987808227539,0.1697089419377265,0.8374168872833252,0.22201368538282087,0.8587022423744202,0.23005414531864526,0.8873920440673828,0.21430491739767826,0.9117294549942017,0.20534590903871208,0.93016517162323,0.16781075836870546,0.9033308029174805,0.16400150874800415,0.934288501739502,0.17058593750190787,0.9456943273544312,0.17413203728888466,0.9531188011169434,0.1335195447434724,0.8984136581420898,0.126515804883779,0.927700936794281,0.14650252904048572,0.9345912933349609,0.16154062564563726,0.9340985417366028,0.11779708680420159,0.8910866379737854,0.11787246303252696,0.915893018245697,0.14103328473227156,0.9216644763946533,0.15705832569332173,0.9210229516029358,0.11257326749541484,0.8849778771400452,0.11810571819727203,0.9026162028312683,0.1372567072803571,0.9080938100814819,0.1519579223957131,0.9081831574440002,0.7649420979945153,0.8470100164413452,0.7156095351656719,0.8605233430862427,0.6931152951466744,0.8821462988853455,0.6855881975765648,0.9048083424568176,0.6807715743579604,0.922610878944397,0.7380973430798525,0.9067176580429077,0.732893551006519,0.9341992139816284,0.7175681841745788,0.9416939616203308,0.7049065127500196,0.9417641758918762,0.7701025464524336,0.9056553244590759,0.7614659108013744,0.934059739112854,0.7422343559508501,0.9382534623146057,0.7285890841339762,0.9369110465049744,0.7934260163481355,0.9007737040519714,0.7862754892782269,0.9264071583747864,0.7672494694134491,0.9306047558784485,0.7541305338100743,0.9294983148574829,0.8096584561434871,0.8941717743873596,0.8057870599645955,0.915901243686676,0.7896128014809987,0.9205988049507141,0.7779979551154224,0.9192118048667908
0.5204761363471619,0.377176433801651,0.5508649114091015,0.35566800832748413,0.5671209339652332,0.3558558523654938,0.5823026606965186,0.35618624091148376,0.4984933389924486,0.35597917437553406,0.4819287927387454,0.3562520146369934,0.4667922514178623,0.35640257596969604,0.6076101713558136,0.3672376573085785,0.4436386632712848,0.36728328466415405,0.5545446030747582,0.4021572172641754,0.49048492308784225,0.4018336832523346,0.7359027209153027,0.5030202269554138,0.3220576702602623,0.4947565495967865,0.7812372050943617,0.68324214220047,0.2604076355546259,0.6763564348220825,0.7662927652303435,0.8451571464538574,0.27070445133802074,0.836250901222229,0.7973345710128448,0.8980393409729004,0.2506103184635402,0.8875254392623901,0.7567554705027001,0.900192379951477,0.28735841647270266,0.8895666003227234,0.7407533620294613,0.883029580116272,0.3034052661177585,0.8717299699783325,0.2587925744460181,0.834255039691925,0.302262970058016,0.8545293211936951,0.3083795642153003,0.8824975490570068,0.29552209376291194,0.9043208360671997,0.28478021437958523,0.917330265045166,0.25599107900107404,0.8988720178604126,0.25186767231690543,0.9305902123451233,0.25300974625735523,0.9456290006637573,0.254273271853925,0.9562066197395325,0.22575535999747406,0.895452082157135,0.21663726783782583,0.9260964393615723,0.2205844069975668,0.93999183177948,0.22641146865680614,0.9470343589782715,0.21097589130528294,0.8893636465072632,0.21192170698496135,0.9143698215484619,0.221369043399058,0.927895724773407,0.23095671160915482,0.9342103600502014,0.20801205838869677,0.8837689757347107,0.2179025545230735,0.9004231095314026,0.23016166733223387,0.9091190099716187,0.24155633945116578,0.9126014709472656,0.771353658120714,0.8473560810089111,0.7297903152932524,0.8609441518783569,0.7119634650990894,0.8821960687637329,0.705468887368271,0.9051684141159058,0.7001899367951163,0.9228560924530029,0.7508100351261111,0.9068960547447205,0.7478436637033226,0.9340922236442566,0.7349632197698027,0.9403271675109863,0.7249982502097138,0.9392839074134827,0.7787186261656726,0.9057380557060242,0.7713653352492449,0.9341208934783936,0.7546207137118105,0.9363134503364563,0.7441632739484603,0.933233916759491,0.7993500180122226,0.9007203578948975,0.7927787139314374,0.9268354773521423,0.7759317271313921,0.9291941523551941,0.7661559397460354,0.9259129762649536,0.8139192031968743,0.8941662311553955,0.8102547425684319,0.9166699051856995,0.7960151824141589,0.9198269248008728,0.787459528034975,0.9165309071540833
0.47364988829696997,0.37713557481765747,0.5070283191779191,0.355659157037735,0.5248761563675541,0.3558482229709625,0.5415453562257975,0.35617026686668396,0.4495361809288304,0.3559718430042267,0.43133781846011965,0.3562413156032562,0.4147263484883119,0.35639071464538574,0.5693344401236594,0.36721283197402954,0.3892897313326975,0.3672611117362976,0.5110609102674629,0.4020976126194,0.4407301957471598,0.40178900957107544,0.7101947359064348,0.5031270980834961,0.2558045069320778,0.49470630288124084,0.7601577402761933,0.68324875831604,0.182713627944078,0.674473226070404,0.7437121435628767,0.8450745344161987,0.1993765914416261,0.8334196209907532,0.7781905778864517,0.8980294466018677,0.1753066779583686,0.8852910995483398,0.7341530916972561,0.9001827239990234,0.21480360580139346,0.8876639604568481,0.7164793848470327,0.8830145597457886,0.23437452506311365,0.8694880604743958,0.18543947500794905,0.8274511098861694,0.23080554990525268,0.8483899831771851,0.23834896818617524,0.8777817487716675,0.22135059997123702,0.8992827534675598,0.2035630011483172,0.9071470499038696,0.18366320966993516,0.8900706768035889,0.18124717734060153,0.9238269329071045,0.18129365390578261,0.9429931044578552,0.17990580235106818,0.9572783708572388,0.15123409921481398,0.8860619068145752,0.13537647982704373,0.9207979440689087,0.12625951277070563,0.9436616897583008,0.11623093959274382,0.9598051309585571,0.1330603686288491,0.8791137933731079,0.15093275060122033,0.8957471251487732,0.169855436750677,0.8916217088699341,0.17908021619903378,0.8826210498809814,0.1265691358852217,0.8721724152565002,0.1444818800020924,0.8857418894767761,0.15959296520664074,0.8823940753936768,0.16646947613321805,0.8744145631790161,0.750837412117185,0.8474388718605042,0.7037649435096566,0.8609158992767334,0.6835252703733853,0.8826557397842407,0.6757629175080564,0.9052910804748535,0.6688347040157154,0.9224843978881836,0.7277831544271505,0.9084597229957581,0.7210949885615694,0.9358529448509216,0.704123656189645,0.9421728849411011,0.6907849516626775,0.9408831000328064,0.7586482622679203,0.9072062969207764,0.7490081028732579,0.9352524280548096,0.7283682574523763,0.9369236826896667,0.7151337245370216,0.9332036375999451,0.7807053990467981,0.9018170833587646,0.7735121228049086,0.9271103739738464,0.753894831498019,0.9293490648269653,0.7421339610669447,0.92607581615448,0.795629672150521,0.8944154381752014,0.7925902302116913,0.9161092042922974,0.7766335084328733,0.9197873473167419,0.7665838396325598,0.9170253872871399
0.5580867155595287,0.37713146209716797,0.5917139374298103,0.35566017031669617,0.6096871851505089,0.35584816336631775,0.6264820651103475,0.35616403818130493,0.533836030511129,0.355978786945343,0.515515523135953,0.35624784231185913,0.498798969520402,0.35639917850494385,0.6546096060487591,0.3672100901603699,0.4732373617379836,0.3672636151313782,0.5957769455406615,0.4020980894565582,0.5249798920967045,0.40179190039634705,0.7969707709290077,0.5031749606132507,0.3404441474103726,0.4943063259124756,0.8467688576830518,0.6832721829414368,0.2627550245886558,0.6707268953323364,0.8299665414558647,0.8448860049247742,0.2819086219056163,0.8263394236564636,0.8647660978889689,0.8979743123054504,0.2552910816980908,0.8794779777526855,0.8205479476313852,0.900180459022522,0.29531365133329823,0.8825187683105469,0.8028774822680046,0.8829587697982788,0.3169133421487243,0.8637625575065613,0.26535222865191826,0.8192518949508667,0.31333320034126055,0.8410309553146362,0.3202053636731702,0.8710888624191284,0.2994667014171842,0.8922089338302612,0.2750273736999178,0.8995006680488586,0.26771362937909743,0.8786368370056152,0.2620089600208874,0.9157159328460693,0.2591312999407185,0.9378741979598999,0.2547750328054977,0.954178512096405,0.2323005107362843,0.8757734894752502,0.21293440103380348,0.9146015048027039,0.2004882642500053,0.9394081830978394,0.185424087823676,0.9576634764671326,0.2110307867460773,0.8704839944839478,0.22808665513613202,0.8923184871673584,0.24901625758698143,0.8890019059181213,0.25773805211487577,0.880338191986084,0.20304798882429712,0.865329921245575,0.22176335498032695,0.8840424418449402,0.23818656187967643,0.8820077776908875,0.24455502332892995,0.8744860887527466,0.8356411149773534,0.8471803665161133,0.7899352201758297,0.8612102270126343,0.7696748291712376,0.8825918436050415,0.7615883093506404,0.9051474332809448,0.756820960445657,0.9225925207138062,0.8124786154098478,0.9073934555053711,0.807309988681913,0.9347295165061951,0.7928098987337128,0.9419068694114685,0.7810587021796627,0.9418511986732483,0.8434773272328647,0.9066429138183594,0.8338724058038818,0.9355762004852295,0.81449503647018,0.9374022483825684,0.8024167844597312,0.9338169097900391,0.86568805473324,0.9018779397010803,0.8587559101882842,0.9283711910247803,0.8400570651733916,0.930232048034668,0.8292271239289573,0.9264655709266663,0.881020936470996,0.8950033783912659,0.8769982666028365,0.9177178144454956,0.861056593091029,0.9216681718826294,0.8512558733396932,0.9192999601364136
0.4383558266510028,0.37701916694641113,0.4720534587866805,0.355611115694046,0.4900587447333312,0.3558092415332794,0.5069131411693146,0.35613125562667847,0.4141139002080091,0.3559170365333557,0.39573694068493825,0.3561842143535614,0.3790103311697996,0.35634845495224,0.5351206737570942,0.36720573902130127,0.3534262735430589,0.3671858310699463,0.47606956901800723,0.4020223021507263,0.4052124408910406,0.4016962945461273,0.6769507489725181,0.5032792687416077,0.22072725996159495,0.4940709173679352,0.7271698506748758,0.6832758188247681,0.13681619423334151,0.6686556339263916,0.7087519684520783,0.8448875546455383,0.1619559106594905,0.8175907135009766,0.7450591070801059,0.8979751467704773,0.1340779883071169,0.8697537183761597,0.7008522729586942,0.9003567695617676,0.17451345872082474,0.8721475601196289,0.6832209067743833,0.8829992413520813,0.19697752900828158,0.855474591255188,0.14382160940907013,0.8044008612632751,0.19210313007899893,0.8256137371063232,0.1999989298436784,0.8575060963630676,0.17783648020926726,0.8805102109909058,0.14870794120105185,0.8887202143669128,0.1471965388502535,0.860789954662323,0.13461921382382835,0.9028500318527222,0.1291618243583876,0.9274871945381165,0.12340069089227383,0.9457544684410095,0.10965498067266524,0.8588706851005554,0.0887387781605488,0.9000391364097595,0.07400744857865454,0.92568439245224,0.059956064042348045,0.944987416267395,0.08649206579090464,0.8557989597320557,0.10656765077085624,0.8810380697250366,0.1252273313982568,0.8764515519142151,0.13410095906781255,0.8670864701271057,0.07649067730632467,0.8526172637939453,0.09789156462395208,0.8742550611495972,0.11567746138021548,0.8717024326324463,0.1244720689310451,0.8633280992507935,0.7162792884359425,0.846486508846283,0.6702630813628063,0.8602503538131714,0.6506029179397288,0.8822042346000671,0.6426641247726778,0.9055483341217041,0.6363597126355353,0.9232311844825745,0.6937753132517538,0.9076961278915405,0.6883613032518896,0.9340162873268127,0.6751648205863318,0.9417633414268494,0.664439844365675,0.9429307579994202,0.7243178262964954,0.9067726731300354,0.7150885993185083,0.9340022802352905,0.6971711953959705,0.9380074143409729,0.6846449886475487,0.9371431469917297,0.7460588703943555,0.9019250273704529,0.7393508467247454,0.926724910736084,0.7219827756462234,0.9306831955909729,0.710904305916435,0.9295501112937927,0.7611540820952605,0.8952683806419373,0.7577492152073645,0.9173231720924377,0.7430291867483794,0.9225419759750366,0.7327653103810755,0.9218323230743408
0.4670664147281001,0.3769131898880005,0.49852758817001747,0.3555850088596344,0.5153326719629562,0.3557930588722229,0.5310830800916588,0.35612159967422485,0.44451809850110063,0.35586825013160706,0.4273480127323648,0.3561314642429352,0.4117235712048161,0.35630738735198975,0.5574819216462941,0.3672071695327759,0.3879750695573099,0.36711350083351135,0.502247924003685,0.4019649922847748,0.43617480804644226,0.4015841484069824,0.6892329038876159,0.5032883286476135,0.2653914638458677,0.4935716688632965,0.7364002596582986,0.6832304000854492,0.18416122346470792,0.6664084196090698,0.7187553112293911,0.8448988199234009,0.2092335365382454,0.8053942918777466,0.7531686141044351,0.8980402946472168,0.1783616530575219,0.8568868637084961,0.7118307490822728,0.90087890625,0.2165069292731748,0.8579704165458679,0.6954218970305941,0.883222222328186,0.24121497692198735,0.8428805470466614,,,,,,,,,,,,,,,,,,,,,,,,,,,,,,,,,,,,,,,,,,,0.725395859283055,0.8481357097625732,0.683931765774913,0.8616571426391602,0.6652295883047191,0.8829551339149475,0.6573193571449325,0.9060782194137573,0.6515836866352134,0.9240761399269104,0.7052298111084937,0.9081102013587952,0.7017621941316112,0.935280442237854,0.6896906785629116,0.9418724179267883,0.6800990158798206,0.9416369795799255,0.7331240150177847,0.9072334170341492,0.7275487489637971,0.9349871277809143,0.7115607458269926,0.9381090998649597,0.7006243700352205,0.9360852241516113,0.7533864368081978,0.9023542404174805,0.7494801627482945,0.9273051619529724,0.7339503271140243,0.9304084777832031,0.7242026465460321,0.9285043478012085,0.7671971295042651,0.8955390453338623,0.7649569012341574,0.9168258309364319,0.7519202091403993,0.9214070439338684,0.7435724993793075,0.9202293157577515
0.47457440028355824,0.37671801447868347,0.5086691435256472,0.35541224479675293,0.5269054887054774,0.355665385723114,0.5440481389436623,0.3560357689857483,0.45003284304400015,0.35558396577835083,0.4311807140368034,0.35585305094718933,0.41402888419051914,0.35608166456222534,0.5728666077545006,0.3671993613243103,0.38799837308625096,0.36699217557907104,0.5126379488733275,0.4018447995185852,0.44070950442714807,0.4014379382133484,0.7156571619379151,0.5032821297645569,0.25612919513200755,0.493121862411499,0.7677994076048872,0.6827424168586731,0.16393876603234953,0.6611088514328003,0.7485056572959758,0.8437617421150208,0.19273935782430174,0.7891870141029358,0.7862294889494295,0.8974781036376953,0.15752427377425568,0.838577389717102,0.741173829298535,0.9008278846740723,0.19669409015411762,0.8389603495597839,0.7233040255129297,0.8830007314682007,0.22508993980919026,0.8250433206558228,,,,,,,,,,,,,,,,,,,,,,,,,,,,,,,,,,,,,,,,,,,0.7565537804717235,0.8483752608299255,0.7109031250553841,0.8626475930213928,0.6905831874285933,0.883478045463562,0.6819476407711247,0.9060831665992737,0.6748603403886578,0.9233948588371277,0.7357939360225518,0.9087908267974854,0.7326371509493118,0.9340972304344177,0.722007807699987,0.9415693879127502,0.7137877365343935,0.9430673122406006,0.7658021106177246,0.9074698686599731,0.7598132199950708,0.9339610934257507,0.7445892150046134,0.9385760426521301,0.7330757004755535,0.9389015436172485,0.7870506531136496,0.9026954174041748,0.7825964358046056,0.9266852736473083,0.7671104012226424,0.9320048689842224,0.7559958603218705,0.9329718947410583,0.8012140383262751,0.896295428276062,0.7988496284517764,0.9173880219459534,0.7855648424610514,0.9234142899513245,0.7752027436778726,0.9244188666343689
0.5238400136828236,0.3765801787376404,0.554522993693243,0.3552756905555725,0.5709575003405712,0.35557830333709717,0.5864269265875748,0.3559834659099579,0.5017084798879886,0.3554011285305023,0.48462514335605755,0.3556905686855316,0.4691452292092979,0.35596078634262085,0.612464735119871,0.36720532178878784,0.4457712504036656,0.36696818470954895,0.5580841681230376,0.4017825722694397,0.4932369030628545,0.4013786315917969,0.7406398428644967,0.5032721757888794,0.3293530782856139,0.4929274618625641,0.7887241847979124,0.6824415922164917,0.24007596107804682,0.6488058567047119,0.7709240567909592,0.842251181602478,0.26923588828588707,0.7530314922332764,0.804540002171014,0.8965715169906616,0.2374788343938317,0.8027673959732056,0.7644976526887229,0.9002712368965149,0.27264587560689013,0.8022642135620117,0.7483930792324908,0.8822460174560547,0.29849838715334187,0.785724401473999,,,,,,,,,,,,,,,,,,,,,,,,,,,,,,,,,,,,,,,,,,,0.7770917163385975,0.8485827445983887,0.734707370435081,0.8617094159126282,0.7177362705657705,0.8833408951759338,0.7114679917213953,0.9065948724746704,0.7039019240259714,0.9245436191558838,0.7590670504654816,0.9093788266181946,0.7560651231211423,0.9366674423217773,0.7441249235477534,0.943571150302887,0.7352708772213604,0.9435499906539917,0.7865810389560624,0.9077107310295105,0.7801525050034142,0.9361621141433716,0.7632940290422536,0.9395642876625061,0.7518276243741535,0.9379467964172363,0.8058288198339636,0.9023827910423279,0.8015240694466926,0.9282175302505493,0.7850166960989051,0.9323793053627014,0.7743232980485198,0.9312348365783691,0.8188932577202834,0.8953696489334106,0.8172524338710587,0.9175354838371277,0.8035231599515853,0.9230228066444397,0.7939125649424793,0.9226385951042175
0.4538473585373007,0.37638601660728455,0.4896296539983748,0.3550662696361542,0.5088062182432712,0.3554041385650635,0.526840499980818,0.3558347821235657,0.4280091634478621,0.35520583391189575,0.4079757176877335,0.3555149435997009,0.38987968891213515,0.355825275182724,0.5572559298696073,0.3671630024909973,0.3627368520400794,0.3669409155845642,0.49370940670910113,0.40170350670814514,0.41798167818723386,0.4013229012489319,0.7054268817696094,0.5031108260154724,0.2264723726483738,0.49277567863464355,0.7631277924816066,0.6822380423545837,0.09154878032444204,0.6457877159118652,0.7411456207556195,0.8421386480331421,0.15431251464571735,0.7170480489730835,0.7791796097923326,0.8965499997138977,0.1226516454915637,0.7577164769172668,0.7341574996201342,0.9002536535263062,0.16468714793651468,0.7541444897651672,0.7158098837065896,0.882238507270813,0.19138667274050788,0.7432711124420166,,,,,,,,,,,,,,,,,,,,,,,,,,,,,,,,,,,,,,,,,,,0.7465078873421642,0.848602294921875,0.6973928306476902,0.8627422451972961,0.6764619418259658,0.8843474388122559,0.6675561944232744,0.9073721766471863,0.6609059102566648,0.9252129197120667,0.7273491912877663,0.9097239971160889,0.7238373756193385,0.9376882910728455,0.7084069491359887,0.9455768465995789,0.6958701140084622,0.9460242390632629,0.7601526256738028,0.9080146551132202,0.7522083678636289,0.9376320242881775,0.7306389739561184,0.9406949281692505,0.7159802723586,0.9385888576507568,0.7828773451137947,0.9026899933815002,0.7764812114542325,0.9295308589935303,0.756074682400089,0.9328088760375977,0.7432933470962485,0.9303743839263916,0.7979511617192644,0.8958081603050232,0.7951466851363065,0.9185633659362793,0.7782021368395381,0.9233877658843994,0.7666500124128562,0.9218436479568481
0.5461250305485438,0.37629812955856323,0.5799955953792824,0.35499581694602966,0.5981178428939157,0.35536888241767883,0.6151671722936086,0.35581889748573303,0.5217521817106427,0.3550814390182495,0.5028243727103617,0.35536718368530273,0.48571173137966495,0.3556808829307556,0.6438301259351287,0.36717960238456726,0.4602662494552131,0.3667749762535095,0.5837085889513878,0.40166401863098145,0.5121949304129615,0.4012567400932312,0.7815264857872338,0.5028740167617798,0.3312253823337063,0.4918573796749115,0.8385158457994456,0.6820284128189087,0.20052646944229272,0.6398897171020508,0.8149531189014234,0.8421775102615356,0.25826545411872526,0.6874433755874634,0.852176330162921,0.8966375589370728,0.23370453998661847,0.7266793847084045,0.8102851377105076,0.9003082513809204,0.2738569345635426,0.716280460357666,0.7925592221713872,0.882278323173523,0.2976860917485915,0.7039574384689331,0.2434104335893915,0.6706027388572693,0.27667650664895604,0.6842583417892456,0.29827029306129244,0.705478847026825,0.30322786309587685,0.7228794097900391,0.2952063091319363,0.7351328134536743,0.30436199105744877,0.7016698122024536,0.3055653452891054,0.730034589767456,0.2963100103129358,0.7380258440971375,0.290355731629037,0.7384883165359497,0.27866094555331755,0.696150004863739,0.26594835872746536,0.725793182849884,0.25264617286378727,0.7380982041358948,0.2451329492181342,0.7443243265151978,0.24704132117106453,0.6912350654602051,0.23225711238223165,0.7201662659645081,0.22008205347030996,0.7323312759399414,0.21427907141837949,0.7389518618583679,0.21514742822107527,0.687228262424469,0.20523282258013664,0.7108795046806335,0.19580761068386224,0.7227684259414673,0.19027089859048943,0.7301684021949768,0.8224559924536851,0.8489331007003784,0.7733831534439061,0.8623481392860413,0.7530401784900677,0.8837000727653503,0.746117836509993,0.9070068001747131,0.742078770460371,0.9251443147659302,0.8025831005711265,0.910179853439331,0.7986986624227744,0.9400494694709778,0.781406560092378,0.9462729692459106,0.7691978678305027,0.9444779753684998,0.8347982917731093,0.908187985420227,0.8255757706902737,0.9396737813949585,0.8029252058955489,0.9408726096153259,0.7908713553062355,0.9365847110748291,0.8567198964618474,0.9025143384933472,0.8495168015181768,0.930711567401886,0.828511919386967,0.931930661201477,0.8183867133947827,0.9271863698959351,0.8713447743809848,0.8954381942749023,0.8678422030173816,0.9191389083862305,0.8510095664507585,0.9216568470001221,0.8416034158280278,0.9171605110168457
0.4364209105299374,0.3761017322540283,0.47021984479880097,0.3547290861606598,0.4883040197771028,0.3551279902458191,0.5053141667455023,0.35564124584198,0.4121214266607887,0.3547441363334656,0.39324582333856956,0.3550107479095459,0.3761764978462278,0.3553559184074402,0.5337487188752918,0.3671204745769501,0.35089863125722404,0.3664291501045227,0.4738240834768126,0.40155306458473206,0.4024225108698642,0.40115541219711304,0.6698464575006602,0.5020977854728699,0.22200727297111464,0.49180060625076294,0.7283731291131351,0.6817097067832947,0.10896685566594827,0.6431773900985718,0.7046328378669195,0.8421886563301086,0.1491313554082208,0.6708225607872009,0.7419819859751208,0.8969477415084839,0.13686153260689637,0.6961025595664978,0.7000659618661138,0.900364875793457,0.17248984743270193,0.6774983406066895,0.6823845562771895,0.8823592066764832,0.18925354161730823,0.6702858805656433,,,,,,,,,,,,,,,,,,,,,,,,,,,,,,,,,,,,,,,,,,,0.7101501956018179,0.8498978614807129,0.6609122419755722,0.8634629249572754,0.6400044161527844,0.8848939538002014,0.6331672173920169,0.9082577228546143,0.6289259121295361,0.9257550239562988,0.6876932075300525,0.9105858206748962,0.6814198574802881,0.9417763948440552,0.6612695167639612,0.9468355178833008,0.6470671686150158,0.9432973861694336,0.7209316340976731,0.9091038107872009,0.7105019257357114,0.941624641418457,0.6867339112170184,0.9424051642417908,0.6744205131181845,0.9372836351394653,0.7438978062739412,0.9040222764015198,0.7348494988198113,0.9329302906990051,0.7126935570530255,0.9337920546531677,0.701979933946769,0.928386390209198,0.7595021700717914,0.897598147392273,0.7543572282971736,0.921659529209137,0.7363683076396917,0.9237507581710815,0.7266849950752001,0.9187957048416138
0.49387323682383055,0.37608474493026733,0.5267055423167332,0.3546997308731079,0.5441705571741184,0.3550924062728882,0.5606026730299726,0.3556089997291565,0.47059933227792816,0.3546985685825348,0.45234752493795527,0.35494184494018555,0.43587860810730583,0.3552807569503784,0.588061006324733,0.3670569360256195,0.41151650010987667,0.3662274479866028,0.529887796758502,0.4015462398529053,0.4606107512794726,0.4011382460594177,0.7181162005196607,0.500980794429779,0.2851609024184392,0.49105972051620483,0.7761951419172464,0.6802577376365662,0.12841511466785774,0.6553377509117126,0.7530150592595115,0.8425089716911316,0.21421974569575036,0.6482745409011841,0.7881111053120715,0.8975012898445129,0.20519310510283542,0.655261754989624,0.7480818061979574,0.9004495739936829,0.2386653081425521,0.6362980604171753,0.7311745732794472,0.8824567794799805,0.25275064094058663,0.6334791779518127,,,,,,,,,,,,,,,,,,,,,,,,,,,,,,,,,,,,,,,,,,,0.7588341447404858,0.8488284349441528,0.7118206934638642,0.8616040945053101,0.6919685586593082,0.8833020329475403,0.6836776285988917,0.9071334600448608,0.6774806465409148,0.9259501695632935,0.7351581414839701,0.9103034734725952,0.728365958585507,0.941535472869873,0.7095600425382849,0.9472625255584717,0.6969899006213519,0.94355708360672,0.7674132346725738,0.9092875123023987,0.7551250047006214,0.9413836598396301,0.731846465703602,0.9432126879692078,0.7191234898876124,0.9387452602386475,0.7892425293114224,0.9044986963272095,0.7793730708713061,0.933054506778717,0.7575828429389101,0.9356642365455627,0.7455363596689246,0.9317458868026733,0.8038216886229183,0.8983610272407532,0.7981951216742688,0.9220438599586487,0.780463025115477,0.9262300729751587,0.7695481718204475,0.9233234524726868
0.46306257123745115,0.3761940598487854,0.4963851535673174,0.354755699634552,0.5140119225803075,0.35513126850128174,0.5305987703490412,0.35562074184417725,0.43975991761586064,0.3548138737678528,0.4213454827383833,0.35504207015037537,0.4047354255348178,0.35536450147628784,0.558219591282517,0.3670226037502289,0.3802335023104238,0.36621999740600586,0.4993893550991928,0.40163367986679077,0.4296536636663895,0.4012761116027832,0.6888790099204763,0.5004285573959351,0.25263242900529825,0.49097323417663574,0.7481497403923403,0.6796014308929443,0.08421645603806079,0.664555013179779,0.7244231854960673,0.8426283001899719,0.17549708477483905,0.6434275507926941,0.7589585473982661,0.8975599408149719,0.175522407307469,0.6313830614089966,0.7192733929573045,0.9004470109939575,0.2038044200060721,0.6064841151237488,0.7023937599002146,0.8824596405029297,0.21308989134523634,0.6091930270195007,,,,,,,,,,,,,,,,,,,,,,,,,,,,,,,,,,,,,,,,,,,0.7296514744218883,0.8487072587013245,0.6825984675730853,0.8625240921974182,0.6619822540718591,0.8851625919342041,0.654544704077627,0.9086561799049377,0.6497427759337617,0.9267352223396301,0.7053687937542864,0.9105179905891418,0.6998182747347255,0.9409858584403992,0.6833253732156396,0.9478719234466553,0.6712965813202992,0.9464449286460876,0.7377945219531133,0.9094545841217041,0.7278708604379684,0.9410730600357056,0.7067027473610096,0.9437474608421326,0.69445592534204,0.9403444528579712,0.759949001369478,0.9047408103942871,0.751731545083001,0.9330684542655945,0.7311763689312878,0.9360136389732361,0.7195474721340054,0.9328767657279968,0.7746173641832012,0.8987218141555786,0.7694298130116523,0.9221253395080566,0.7526401078542988,0.9259746074676514,0.7425136582324292,0.9231938123703003
0.48820580971272354,0.37629231810569763,0.5223681644745501,0.3548271059989929,0.5404383794793316,0.35516804456710815,0.5574374492152486,0.3556270897388458,0.4642630073957448,0.3549642264842987,0.4454846250484978,0.3551819920539856,0.42841791636610815,0.35546013712882996,0.5856691288347313,0.3669756352901459,0.40334442520376385,0.36621394753456116,0.5253075649064054,0.401690810918808,0.4541759633751677,0.40141066908836365,0.7194447625541623,0.5000609755516052,0.2735429435261893,0.49088186025619507,0.781269671122868,0.6786571741104126,0.1046881543956559,0.6656649112701416,0.7548251509426264,0.8426406979560852,0.1932710301889396,0.6315908432006836,0.7903482024738341,0.8975338935852051,0.2019607352392117,0.6016024351119995,0.7497448092013708,0.900341808795929,0.2226593890521175,0.5783876180648804,0.7324155335850362,0.8824337124824524,0.2318121279611559,0.5857319831848145,,,,,,,,,,,,,,,,,,,,,,,,,,,,,,,,,,,,,,,,,,,0.7594107519593938,0.8488013744354248,0.7102790994579764,0.863077700138092,0.6882164468168853,0.8855433464050293,0.6810928763020262,0.909153401851654,0.6769579885590246,0.9277087450027466,0.7343281002468185,0.9106284976005554,0.7280262807960869,0.9414917230606079,0.711552628976129,0.948991596698761,0.6994369136454938,0.9481151103973389,0.76845647575837,0.9097118377685547,0.7571863715296729,0.9417709708213806,0.7354304197912751,0.9447798132896423,0.7222429910956369,0.9414891600608826,0.7912737020952283,0.904996931552887,0.7822627741847262,0.9336836934089661,0.7606295312122127,0.9372289776802063,0.7476358943117701,0.934470534324646,0.8062452367133638,0.8988663554191589,0.801097007483575,0.9223693013191223,0.7835374398951556,0.9265798926353455,0.7722582461282449,0.9241336584091187
0.501110835398968,0.3763238191604614,0.5340429745690705,0.3548593819141388,0.5514537551129083,0.35519254207611084,0.5678666345574125,0.35563433170318604,0.4780587862210291,0.3550024926662445,0.46001229025665513,0.3552156090736389,0.4435168796966801,0.35548460483551025,0.5950361378187145,0.3669559359550476,0.4193605491383136,0.366208553314209,0.5368570392450885,0.40169757604599,0.4685059464727972,0.4014102518558502,0.7220436546458998,0.49873557686805725,0.29454831892239697,0.48957663774490356,0.7835340576011917,0.6767421364784241,0.12730626739931467,0.6634957194328308,0.7572889575801721,0.8426192998886108,0.21599570278367441,0.6058083772659302,0.7910841491240399,0.8974935412406921,0.22903428456973748,0.576139509677887,0.7524400834618564,0.9001078605651855,0.2480843274187073,0.548494815826416,0.735726369205072,0.8822683095932007,0.2546578691755776,0.5573209524154663,0.22254967248496868,0.6120464205741882,0.2714108301941552,0.5965743064880371,0.2975200207663148,0.574069082736969,0.2925971697526227,0.5548121333122253,0.2692389479290648,0.5448535680770874,0.26531194500188354,0.5493667125701904,0.26505514731464935,0.5236685276031494,0.264111719488877,0.50786954164505,0.2631979234815117,0.49496185779571533,0.23343635466408186,0.5484793782234192,0.23014489607303498,0.5196852087974548,0.22725158510206234,0.5004162192344666,0.22436631509797844,0.48487237095832825,0.20756115622838475,0.553345263004303,0.21122906893734644,0.5321487784385681,0.22161575695194133,0.5223959684371948,0.23023276502184475,0.5153016448020935,0.18811180238540784,0.5624709725379944,0.19777435856057068,0.5493919849395752,0.21343386784136018,0.5473659634590149,0.2254361400798658,0.5487802624702454,0.7633937280758687,0.8480180501937866,0.7165418540162181,0.8619012832641602,0.6962255128582324,0.884888768196106,0.6876243472039438,0.90919029712677,0.681648026877185,0.9282577037811279,0.7374049809226384,0.909686803817749,0.7309973226018389,0.9407085180282593,0.7154326796218964,0.949072003364563,0.7035331435667247,0.9490175247192383,0.7697188552811973,0.9094332456588745,0.7576412545805403,0.9417557120323181,0.7369455166529274,0.9451362490653992,0.7242467427058946,0.9424378275871277,0.7914907825304478,0.9054396152496338,0.7819252483195958,0.9339922070503235,0.7612412125650719,0.9380142092704773,0.7484551171393156,0.9359505772590637,0.805934959545544,0.9000035524368286,0.7999598025927179,0.9232254028320312,0.783032027532291,0.9283323884010315,0.7718010208859375,0.927154004573822
0.43997859435204323,0.37619882822036743,0.4739706675748344,0.3547874093055725,0.49189121778489414,0.3551064729690552,0.508821158649488,0.355534166097641,0.416486614263181,0.35496121644973755,0.39794451421694677,0.35517534613609314,0.3809618304593767,0.35543808341026306,0.5367536399540154,0.3668256402015686,0.356189419004071,0.36612528562545776,0.4769040027994137,0.401508092880249,0.40670180483259705,0.4011304974555969,0.666960607440432,0.4982144236564636,0.227766948717839,0.4878562092781067,0.7304500319911787,0.6755000948905945,0.05286959800506804,0.6605904698371887,0.702917608520634,0.8422274589538574,0.1471394441541321,0.5807973146438599,0.7369534171776944,0.8968420028686523,0.16389882386215326,0.5461777448654175,0.6978574574796154,0.8991532325744629,0.18215082040432531,0.5244314670562744,0.6806697484803024,0.881626307964325,0.18785792512990324,0.5339899659156799,0.15615536494644813,0.5953018069267273,0.20803681412768005,0.5743982791900635,0.2318865592170643,0.5502842664718628,0.2257820355614218,0.5307897925376892,0.20347369184328754,0.5203152298927307,0.18883885849433618,0.5268581509590149,0.19685218931739812,0.5033517479896545,0.19752510981651145,0.4865926206111908,0.1972649842609588,0.4714466631412506,0.15887118411740553,0.5265414118766785,0.16075831708731106,0.503190279006958,0.160471345082565,0.48364418745040894,0.16001150727849117,0.46722301840782166,0.13387246026208427,0.5323371887207031,0.1566657641495926,0.5234900712966919,0.17404361497255044,0.5359140038490295,0.1832661971270386,0.5478041172027588,0.11655217272992638,0.5433237552642822,0.14515542822504704,0.5363836288452148,0.16249130288301447,0.5451631546020508,0.17068830141877558,0.5558887720108032,0.7089999653833645,0.8491883277893066,0.6601033276458075,0.862929105758667,0.638529478851542,0.8854365348815918,0.6301568348709926,0.9100114703178406,0.624588817974591,0.9288387894630432,0.6798946848068661,0.9096009135246277,0.6742278673477711,0.9423860311508179,0.658090723590943,0.9495425224304199,0.6468054333925324,0.9482770562171936,0.7143311142640784,0.909191906452179,0.7019787216919626,0.9429863095283508,0.6805888220934809,0.9451109170913696,0.668745139826002,0.9413196444511414,0.7380388159518981,0.9050940871238708,0.7274527297356249,0.9348689913749695,0.7059261700995716,0.9376910924911499,0.6939174683737481,0.9343600869178772,0.7543067086015212,0.8995293974876404,0.7483342005125544,0.9234018325805664,0.730377972321522,0.9275710582733154,0.7193629058843239,0.9253424406051636
0.4997208597874195,0.3761419355869293,0.5389304953359408,0.3547149896621704,0.5596552709137096,0.3549357056617737,0.579270185352672,0.35523664951324463,0.47270860465525033,0.35496029257774353,0.45149163190968616,0.35517728328704834,0.4317636023217108,0.3554389476776123,0.6114672911190144,0.36632513999938965,0.40333208523904945,0.3661121726036072,0.5422930706708219,0.4012576937675476,0.46229299098805887,0.40100306272506714,0.7612998450319952,0.4974094033241272,0.25701662422980615,0.48434025049209595,0.8346954058256784,0.6746129393577576,0.05755758187264813,0.6539844870567322,0.8034148415576956,0.8422170877456665,0.16447632446568694,0.5651522874832153,0.8425211538935949,0.8965798616409302,0.18304467999363117,0.5276104807853699,0.796870252569763,0.8986126184463501,0.20436469153872724,0.5105010271072388,0.7768835695914801,0.881175696849823,0.21201264079483328,0.5202498435974121,0.18194603285666666,0.5760335326194763,0.2337470828427784,0.5539882779121399,0.25946042339204745,0.5296955704689026,0.25153204282901354,0.5101801753044128,0.22264258004070403,0.4986732602119446,0.2116849969149338,0.5063745975494385,0.22185463388955193,0.4816448390483856,0.22080770930456062,0.46456068754196167,0.21869094456559693,0.44880425930023193,0.1772315608432271,0.5077502131462097,0.1778088787858724,0.48441311717033386,0.1746507152019554,0.46507102251052856,0.17223580428358914,0.4485006332397461,0.14794324932636682,0.5147955417633057,0.18091296325221176,0.5065128207206726,0.20286798796682035,0.520933210849762,0.2126893814277209,0.5331732034683228,0.12655861506413532,0.5269415974617004,0.1601045092802648,0.5175183415412903,0.18159734240809308,0.5263856649398804,0.1909955698212316,0.5361692309379578,0.80998543402816,0.8480231761932373,0.7549100580260091,0.8625178337097168,0.731108826682091,0.885371744632721,0.7206792361430387,0.9095682501792908,0.7124375136154978,0.9285967946052551,0.7805004102289915,0.9103661775588989,0.7719584287390923,0.9413074851036072,0.7546373465029579,0.9496244192123413,0.7416913502027828,0.94985032081604,0.8190016540307312,0.9094106554985046,0.8049035409326357,0.9412193894386292,0.7820247018706469,0.944765567779541,0.7677925895766303,0.9426662921905518,0.8448888522389896,0.9047408699989319,0.8340537698942085,0.9327988028526306,0.8113144557681788,0.9373013973236084,0.7971341879174598,0.9359052181243896,0.8620111703555222,0.8989024758338928,0.8572218164384797,0.9220012426376343,0.8378457277343944,0.9272985458374023,0.8242593144159932,0.9263343214988708
0.5357554950230575,0.37613654136657715,0.5720423100218258,0.35468342900276184,0.591258084241652,0.3548462986946106,0.6094759898426807,0.35504260659217834,0.5108685810060496,0.3549633026123047,0.49126633378869133,0.355182945728302,0.47301745622209507,0.35544419288635254,0.6396204326021299,0.3657793402671814,0.4473344424105213,0.3661055266857147,0.5751928054222472,0.4011826515197754,0.5017201239145018,0.40097349882125854,0.7784471563811963,0.49700456857681274,0.31644898322526543,0.48390093445777893,0.84570270443662,0.6736654043197632,0.12490853786015428,0.6482971906661987,0.8167524865436935,0.84089195728302,0.22743893704422838,0.5505474805831909,0.8527988929359441,0.8952528834342957,0.24477196156104214,0.511052131652832,0.8095687947241734,0.8969519734382629,0.26502165065570904,0.4967511296272278,0.7903589593035701,0.8790329694747925,0.2728884923225489,0.5081499218940735,0.24528604356719313,0.5577378273010254,0.29044125241061064,0.5372480154037476,0.31220574876782714,0.5109511017799377,0.3003911842858944,0.49156734347343445,0.27208979900174013,0.48159849643707275,0.27158252030355967,0.48736077547073364,0.27888776957046524,0.4597579538822174,0.2787212576682024,0.44169801473617554,0.27522447013334594,0.4255537986755371,0.2389208160076671,0.48941513895988464,0.23900790586715762,0.4629732370376587,0.23823608749219935,0.44344693422317505,0.23543872512152053,0.4266270101070404,0.21169457890688215,0.49685138463974,0.24518553502844576,0.4911731779575348,0.26467126150155684,0.5063248872756958,0.2707302274403972,0.5177314281463623,0.19240693769899114,0.5088258981704712,0.22667328299251416,0.502119243144989,0.24547668653971616,0.5122361779212952,0.25008500680001655,0.5216278433799744,0.8237557591463146,0.8479792475700378,0.7720541517797352,0.8625680804252625,0.7501738864250087,0.8855796456336975,0.7407064631929187,0.9096904993057251,0.7327234390678633,0.9282739758491516,0.7961539493756854,0.910692036151886,0.7892844876922641,0.9403414726257324,0.7738064734238647,0.948205828666687,0.7620124692151911,0.9482753872871399,0.8311708386115073,0.9095531702041626,0.8195095928766017,0.940348744392395,0.7981636691025904,0.9441378116607666,0.784224555579664,0.9421253800392151,0.8548994988433619,0.9048219919204712,0.8454454567031918,0.9322184920310974,0.8240898353962722,0.9367664456367493,0.8106913781266525,0.9355374574661255,0.8706100283775396,0.8987041115760803,0.8663653656013008,0.9220868945121765,0.848464772297993,0.9269134998321533,0.8360630560270653,0.9251507520675659
0.481056755008779,0.3761439621448517,0.5139867688234995,0.3546569347381592,0.5314699236501201,0.35479626059532166,0.5480556513212737,0.3549540340900421,0.45845661842718244,0.3549624979496002,0.44084426880636357,0.3551827073097229,0.4244154132061342,0.3554461598396301,0.5759555763621464,0.3656176030635834,0.4021599441434684,0.3661077320575714,0.5168672557716372,0.4011715352535248,0.4510607717133437,0.4009752869606018,0.7019350910722617,0.4969870150089264,0.2895305467773418,0.4840095639228821,0.7617413807227268,0.6736851930618286,0.10974990848355717,0.645869791507721,0.736831558313617,0.8405348062515259,0.20254599144952293,0.542277455329895,0.7691241746961838,0.8951705098152161,0.21652814161770725,0.5013946294784546,0.7295117728565582,0.8966902494430542,0.23488285730537362,0.4873749315738678,0.7121976886043075,0.8785852193832397,0.24241838884298447,0.4998493194580078,0.22211334772203456,0.5393403172492981,0.2598898577083209,0.5195653438568115,0.279458102387246,0.49146974086761475,0.26594595338124,0.4727380871772766,0.2354566653400127,0.46987611055374146,0.24192580165621871,0.4704045355319977,0.24564798534212004,0.442073792219162,0.24675825417255703,0.42506468296051025,0.24432791592020542,0.409934937953949,0.21201206429297995,0.47250258922576904,0.21110732486934067,0.4433076083660126,0.21242459239410527,0.42376038432121277,0.20948642736804995,0.40685874223709106,0.1874033774885432,0.4799346327781677,0.2157684174563206,0.47586292028427124,0.2319191676796711,0.4907894730567932,0.23476968799609446,0.5014880299568176,0.17037122559464454,0.4914650321006775,0.2026731702445522,0.4867614209651947,0.21788569495637286,0.49742963910102844,0.2184731024430328,0.5069039463996887,0.742103156954006,0.8482823371887207,0.6956844685642803,0.8624029159545898,0.6761080232107698,0.8846913576126099,0.6680058250593047,0.908521831035614,0.661313664563852,0.9274004101753235,0.716822117341995,0.9104546308517456,0.7107118630473346,0.9399176836013794,0.696372641839909,0.947464108467102,0.6856513532427172,0.9472482800483704,0.7481098777320252,0.9095674753189087,0.7385226740910457,0.9401966333389282,0.7192396078708294,0.9435981512069702,0.7066264919857304,0.9410251379013062,0.769706627608615,0.9048062562942505,0.7615695765901618,0.9320899248123169,0.7424701371417046,0.9360936284065247,0.7306205723994653,0.9343644976615906,0.7842555810685634,0.898521363735199,0.7798278318430167,0.921691358089447,0.7637139846553008,0.9260791540145874,0.7532607214391434,0.9240099787712097
0.567189478492397,0.3761356472969055,0.5989575743591014,0.35451799631118774,0.6166152135386866,0.3545752465724945,0.6334453135202375,0.3546496331691742,0.543343562540171,0.3549427390098572,0.5259466619708786,0.35517507791519165,0.5095671762115311,0.35544484853744507,0.6617858943703427,0.3653237223625183,0.486881400592743,0.3661311864852905,0.6028993631105555,0.4010966718196869,0.5376485694410943,0.400979220867157,0.7883953935627074,0.4963151812553406,0.3754170405833322,0.48409876227378845,0.8468057365026261,0.6737326383590698,0.19142800347250724,0.6437791585922241,0.824078497757839,0.8404586911201477,0.288366120909106,0.5200782418251038,0.855919421209943,0.8950954675674438,0.2995729869173738,0.4729149341583252,0.8161854075177939,0.8966164588928223,0.3171810288913792,0.4606623649597168,0.7988224563908198,0.8784168362617493,0.32511671964990707,0.4780138432979584,0.30291960920186994,0.5239333510398865,0.34124949463959475,0.5067278146743774,0.36000082285841495,0.4792874753475189,0.3478449234549835,0.4606715440750122,0.31853245796072255,0.4557178020477295,0.32652457027973275,0.4577465057373047,0.32905261464030894,0.42929089069366455,0.3311449687467263,0.4120241105556488,0.3305489406187958,0.3972000181674957,0.29581990191890756,0.46006208658218384,0.2907980039051459,0.4292576313018799,0.29415120927947236,0.4103766977787018,0.294157999167936,0.394553542137146,0.2703121693818073,0.46749165654182434,0.29616921927717826,0.46233516931533813,0.31201481989793534,0.47716325521469116,0.3132785663467122,0.48764583468437195,0.2517262283700578,0.4787323772907257,0.2824402026693866,0.4739310145378113,0.2971814985877269,0.48460930585861206,0.2956970290642223,0.49345454573631287,0.8288081203697126,0.8481483459472656,0.7831413985493804,0.8626078367233276,0.7645209049326318,0.8846579790115356,0.7550914387120958,0.9086528420448303,0.7450654273670458,0.927454948425293,0.8042172812735,0.9101471304893494,0.7981427782156745,0.9391229748725891,0.7833742538106016,0.9472360014915466,0.7721237877571229,0.9470242857933044,0.8350293125915046,0.909427285194397,0.8249235459068357,0.9395349621772766,0.8060333179392408,0.9437364935874939,0.7927640836264004,0.9421253204345703,0.856455856865012,0.9052093625068665,0.8478310441270798,0.9317169189453125,0.8292210972406351,0.9366514086723328,0.8170347295052144,0.935649037361145,0.870943962323179,0.8995150327682495,0.86645870676312,0.9218778014183044,0.8505851883268524,0.9271515607833862,0.839823663175636,0.9259944558143616
0.5009098212281737,0.37610867619514465,0.5348513303094273,0.35435420274734497,0.5544926614004951,0.3543481230735779,0.5732483333099493,0.3543725907802582,0.47341481540720776,0.35491326451301575,0.45445320475379364,0.35516440868377686,0.4364391957948249,0.35544446110725403,0.6047139040026036,0.365129292011261,0.41119365703539507,0.3662315905094147,0.5408456187496913,0.40103381872177124,0.468905806527874,0.4009927213191986,0.7453824009999603,0.4954429268836975,0.2910120811280222,0.48412179946899414,0.8069596177263177,0.6735568046569824,0.08232605073389195,0.6384921073913574,0.7850888158580046,0.8403279185295105,0.19036990123030387,0.5115867257118225,0.8199305408029226,0.8946757316589355,0.2016767657061606,0.4647270143032074,0.7765566848233677,0.8962737917900085,0.22099999498736161,0.4520016610622406,0.7574200875288805,0.8781603574752808,0.23046651178142413,0.47052305936813354,0.2047420964895829,0.5125293731689453,0.24594103094252467,0.4956262707710266,0.2670839987083007,0.46835070848464966,0.25401822735601787,0.45035481452941895,0.2214271952984929,0.44533875584602356,0.22951370032708693,0.4474443793296814,0.23435785765711004,0.4187660217285156,0.2387090414573673,0.40152376890182495,0.23896347693679107,0.38687607645988464,0.19697465094730632,0.4494607448577881,0.19302289484110985,0.41755926609039307,0.19845839822591538,0.39917850494384766,0.19843208127704995,0.3837493062019348,0.16955710199767351,0.45632606744766235,0.20092862886286847,0.4499414563179016,0.21693546290232987,0.4650336802005768,0.21539567239782548,0.4743693768978119,0.14912559206712758,0.46660947799682617,0.185138574464789,0.4615439772605896,0.19922247080534727,0.4728147089481354,0.1939206207460024,0.48081618547439575,0.7905724712147517,0.848127543926239,0.7388031637836047,0.8616138100624084,0.7169893628176376,0.8841462135314941,0.7073972754873584,0.9081164002418518,0.6990722324084223,0.9272582530975342,0.764279732410003,0.9109684824943542,0.7563998939594715,0.9392272233963013,0.7396472981143156,0.9475051760673523,0.7261621410907393,0.9480355978012085,0.7983000774166789,0.9102354645729065,0.7861663167862238,0.9391819834709167,0.7651177376114294,0.9440039992332458,0.7501378391835899,0.943017840385437,0.8222881869963307,0.9055718183517456,0.8125236412908081,0.9313961863517761,0.7917140215439942,0.9366844296455383,0.7776249920576601,0.9364235401153564,0.8389453216528799,0.8996097445487976,0.8345789299505855,0.921605110168457,0.817349870917674,0.9267453551292419,0.8053819798484815,0.9257816672325134
0.5277677567925168,0.37608712911605835,0.5563692365620054,0.3541439175605774,0.5735964076001675,0.3540259003639221,0.5900484594880636,0.35396304726600647,0.5029530514352266,0.3549008071422577,0.48663863564210796,0.35516369342803955,0.4710291425737801,0.3554674983024597,0.6176302084254104,0.36479634046554565,0.448949139339982,0.36639899015426636,0.5625506907570563,0.40095895528793335,0.5000222498147057,0.401049941778183,0.7415883548803325,0.4954449236392975,0.3440153336150923,0.4842526912689209,0.7916748492159664,0.6735913157463074,0.15700299583477673,0.6325559616088867,0.776064818243995,0.8397281765937805,0.2579279233711738,0.49237656593322754,0.8065408922110388,0.8942586183547974,0.2636594211684472,0.44558820128440857,0.7691077742329901,0.8961271047592163,0.28091278139025155,0.43649187684059143,0.7522050935677621,0.8779401779174805,0.29060701532909955,0.45538944005966187,0.26393755097110816,0.5027652978897095,0.3009069960084702,0.48607921600341797,0.3198885397798677,0.45888450741767883,0.30829338798391154,0.440447598695755,0.278514201805984,0.43521401286125183,0.29066931129481094,0.4379441440105438,0.29304271026476775,0.40922605991363525,0.29608358041833743,0.39218032360076904,0.2959231506566672,0.37731316685676575,0.26254034625714856,0.43988171219825745,0.2589921321108367,0.4094747006893158,0.2645247064169528,0.39189162850379944,0.26508816048350625,0.3764888048171997,0.23821069551037363,0.44675412774086,0.26356021156520143,0.4403345286846161,0.2761502161497883,0.45519545674324036,0.2733584962400866,0.46363410353660583,0.21917045300388055,0.45670393109321594,0.24823249595861685,0.45272234082221985,0.25889890668562476,0.4636748135089874,0.2525980042627418,0.4705597758293152,0.7819449791607374,0.8494513630867004,0.7360984430569406,0.863608717918396,0.7175965076216679,0.8856015205383301,0.7083281588925514,0.9085774421691895,0.7011029026773123,0.9261569380760193,0.7592408732245826,0.9113166332244873,0.7520978490288417,0.9403722882270813,0.7353604392580754,0.9474500417709351,0.7225638460554115,0.9464792013168335,0.7895276051091186,0.910247266292572,0.7789519488124603,0.940076470375061,0.758393473272223,0.9437774419784546,0.7450588419501604,0.9410642981529236,0.8108675201674328,0.9053074717521667,0.8026677842640603,0.9322042465209961,0.7827497502493506,0.9364550709724426,0.7697970305141643,0.9344868659973145,0.8250728157744358,0.8988699913024902,0.8214037077842501,0.9211664199829102,0.8056412483673053,0.9257286190986633,0.7949452361304168,0.9236337542533875
0.4738327108848822,0.3759390115737915,0.5024482869620234,0.35381588339805603,0.5206976224984663,0.35354745388031006,0.5381739397934664,0.35335618257522583,0.4463353886709184,0.3548734188079834,0.4293152653538703,0.3551628887653351,0.4128856181972421,0.35550275444984436,0.5675309340893885,0.3642917275428772,0.38890345814135585,0.3668808937072754,0.5114796594252431,0.40072599053382874,0.44527771943168803,0.4010508060455322,0.7013545221241171,0.4955216348171234,0.2780176529963076,0.48431482911109924,0.752427897526765,0.6736024618148804,0.07299321276628704,0.6244108080863953,0.737133414903038,0.8392219543457031,0.18668735348541649,0.47988420724868774,0.7689646694767708,0.8935436010360718,0.19010223393892423,0.4349497854709625,0.7295289160254552,0.8957806825637817,0.20886107505617724,0.42800912261009216,0.7117561604226271,0.8775132298469543,0.22049353782013623,0.44597357511520386,0.18842338420886445,0.49370673298835754,0.22818069117876316,0.4772695302963257,0.24908048757289322,0.4505247473716736,0.23771329302638153,0.4321087896823883,0.20649436950402525,0.4270387291908264,0.21887154663425373,0.4307137429714203,0.22170634095746852,0.4021091163158417,0.2231024385573157,0.3853926360607147,0.22042145250766945,0.3709224462509155,0.18800685148384524,0.43198904395103455,0.18698271696254176,0.4016982913017273,0.1921993361231277,0.3842317461967468,0.19114822335118434,0.3686574101448059,0.16172874556374028,0.4382663071155548,0.1917827675704184,0.43199622631073,0.20371363916516055,0.44692397117614746,0.19934635122591518,0.45438504219055176,0.14165569103234724,0.4476025402545929,0.17576746764971374,0.4457339644432068,0.1857567650629454,0.45618969202041626,0.1781558489543719,0.4614475965499878,0.7432990020911127,0.8495635390281677,0.6954658113250798,0.8640820980072021,0.6756215703364646,0.8856773376464844,0.6666705952098132,0.9087310433387756,0.6591675603505733,0.9264064431190491,0.7206700180623423,0.9111678600311279,0.7147467693700555,0.9393192529678345,0.7000918110144855,0.9475016593933105,0.6882327022829993,0.9479496479034424,0.7524982631101074,0.9101257920265198,0.7436174386006577,0.9386921525001526,0.7254462074286171,0.942916750907898,0.7121775657134989,0.941757321357727,0.774797775700784,0.90545654296875,0.7673757114211539,0.9309704899787903,0.7490163132207458,0.9356274604797363,0.7361060917173162,0.934964656829834,0.7898702699566958,0.8993562459945679,0.7866171156962671,0.920616865158081,0.7713126013193141,0.9254489541053772,0.7601734858479333,0.9243282675743103
0.5043870097617896,0.37588196992874146,0.5277316270800274,0.35351088643074036,0.5431123292663564,0.35309353470802307,0.5578765251535124,0.3527684807777405,0.48072174598641376,0.3548526167869568,0.4665404608147256,0.35516321659088135,0.4526872337841032,0.35554274916648865,0.5827302706721602,0.363668292760849,0.4322358766397885,0.3671343922615051,0.5365333662533135,0.40062856674194336,0.480676516489002,0.40109580755233765,0.6986543534353316,0.49581795930862427,0.33929257041581007,0.484257310628891,0.739005383283402,0.6747417449951172,0.15532461208102688,0.6189024448394775,0.7272577427548532,0.8396406173706055,0.26098387711326654,0.47693324089050293,0.7543344466882671,0.8935985565185547,0.2626553029662426,0.4310716688632965,0.7208555058774325,0.8959207534790039,0.2794151251267075,0.42460164427757263,0.7058558371468006,0.8778192400932312,0.2901007077993098,0.4419020116329193,0.26130470582492726,0.4859161972999573,0.29481502478943966,0.47046518325805664,0.3135554068493275,0.4443419873714447,0.3026289748248261,0.42570772767066956,0.2758566663202659,0.4201483428478241,0.2878342513050988,0.42399290204048157,0.2885327417637846,0.39527982473373413,0.2889456697609742,0.37876367568969727,0.2858583085202538,0.36463215947151184,0.26207050895403916,0.42539477348327637,0.2607693027884065,0.3955260217189789,0.26435871448797266,0.3781454265117645,0.2626570343842094,0.3627574145793915,0.24023152662452407,0.43188416957855225,0.2628070298564855,0.4263794422149658,0.272872673769735,0.44088026881217957,0.2696963723218812,0.44768765568733215,0.22311778136863075,0.44136756658554077,0.24904278859662723,0.4405478239059448,0.2567805410536004,0.4503994286060333,0.2497576971502432,0.4546085596084595,0.7334153333111495,0.849617063999176,0.6915011671724084,0.8627684712409973,0.6752628359532229,0.8850514888763428,0.6684920804306717,0.90876704454422,0.6614809311925285,0.9267162680625916,0.713020201687123,0.9107972979545593,0.7078405889002483,0.9402123689651489,0.6945536874235175,0.9477246999740601,0.684541838970252,0.9470858573913574,0.7409613995737527,0.9099546670913696,0.7319545633107929,0.9399104118347168,0.7144332210025023,0.9433879852294922,0.7031790042187194,0.9409677386283875,0.760285968130768,0.9053210020065308,0.7529874035101466,0.9320896863937378,0.7355601652871357,0.9363439083099365,0.7245391735410476,0.9345303773880005,0.7728312152026597,0.8991865515708923,0.7691537441928205,0.9214550256729126,0.7549110392469439,0.9262523651123047,0.745311511275792,0.9245863556861877
0.5583614981653289,0.375651091337204,0.586111487193253,0.3532092273235321,0.6045067874924664,0.35277628898620605,0.6222221721558936,0.35246390104293823,0.529973996842345,0.3547359108924866,0.5129694530097508,0.3551101088523865,0.4963872245180297,0.355536550283432,0.6520915971280586,0.3634440302848816,0.4717060676113697,0.3672570288181305,0.5970263995330726,0.40032896399497986,0.5297295927595027,0.401069313287735,0.7931090243584222,0.4964386820793152,0.3594456356419752,0.48423004150390625,0.8405998155523349,0.6753320097923279,0.1294984417786459,0.6157827377319336,0.8265684038875378,0.8403674960136414,0.2649032568221054,0.47493547201156616,0.859755817162339,0.8937240839004517,0.2667799336406873,0.42951732873916626,0.8191951209180823,0.8962372541427612,0.2877872066194415,0.4231947064399719,0.8011874456404753,0.8784714937210083,0.30092803846517097,0.44072097539901733,0.26539831582508666,0.4794546365737915,0.3053418972433572,0.4644889533519745,0.32632723745966674,0.4381444752216339,0.3102570293072174,0.41976699233055115,0.27781105306685977,0.4150063395500183,0.2957588884575969,0.41926121711730957,0.29664131659995585,0.39036205410957336,0.2974149947951931,0.37395182251930237,0.293039957006534,0.3598056435585022,0.26554577709792326,0.4205952286720276,0.26703570620539674,0.3913865387439728,0.2718962622453736,0.3741336166858673,0.2682488072962138,0.3586312532424927,0.2397353205302871,0.42705363035202026,0.26583726351081355,0.4219726026058197,0.2788290987903352,0.43611907958984375,0.27424515143939016,0.44248175621032715,0.2193275978902611,0.43641355633735657,0.25003977098206215,0.4353567063808441,0.2595646396700419,0.44447511434555054,0.24998959978796986,0.448125958442688,0.8344008857933775,0.8500708341598511,0.7842119261635163,0.8635996580123901,0.762917699542777,0.8860116004943848,0.7555825795799753,0.9096091985702515,0.7512416472369178,0.9275140762329102,0.8108597207693855,0.9113175868988037,0.8034389899238413,0.9399858117103577,0.7880629537027671,0.9479870796203613,0.7766908163751834,0.9483102560043335,0.8444152389072171,0.9101888537406921,0.8326677589049962,0.9401606917381287,0.8116858548214697,0.9432488083839417,0.7989798399912067,0.9404322504997253,0.8673612218676677,0.905228853225708,0.8575461644552423,0.9322671294212341,0.836604104890157,0.9354671835899353,0.8245128653912194,0.9327389001846313,0.8825413985201106,0.8990615606307983,0.8779909351864978,0.9216257929801941,0.860798208252128,0.925576388835907,0.8499507026022219,0.9230958223342896
0.4892971397678553,0.37546342611312866,0.5158908167398111,0.35301443934440613,0.5335248360218829,0.3525884449481964,0.5504738361654721,0.35230308771133423,0.46225196016107256,0.35463714599609375,0.44601111695695905,0.3550592064857483,0.43019748169663014,0.3555319011211395,0.579135261286148,0.36333972215652466,0.4066908431216745,0.36739248037338257,0.526430225321113,0.4000736176967621,0.4618429469426141,0.4010474681854248,0.7155118442321611,0.49682942032814026,0.29973176552968733,0.4839704930782318,0.7623291512191185,0.6753658056259155,0.07286867677847066,0.6148931980133057,0.7481921651561836,0.8407980799674988,0.20797779903191935,0.4750898480415344,0.7800421895973081,0.8939791917800903,0.20960074048519076,0.42972254753112793,0.740859655792479,0.8968476057052612,0.23067927718960096,0.42306390404701233,0.7234133331566424,0.8790944814682007,0.24367227427981472,0.4403758943080902,0.20707560007957262,0.4756562411785126,0.246400992276895,0.46078917384147644,0.26588505403470974,0.4344170391559601,0.25204556400090306,0.41614434123039246,0.22113395267640634,0.41096606850624084,0.2377084359593807,0.4160658121109009,0.2389906207071223,0.38734427094459534,0.23963108205005693,0.3709295988082886,0.23538368293326964,0.3567470908164978,0.20899859674299112,0.4171570837497711,0.2093899761525112,0.3875884711742401,0.214241166703387,0.37056460976600647,0.2108511282852044,0.35480642318725586,0.18417415522967473,0.42357176542282104,0.20948697963030966,0.41765832901000977,0.22090432753019026,0.43291205167770386,0.21455889077974674,0.4391010105609894,0.16431729441768259,0.4326205849647522,0.19400235688864303,0.4310294985771179,0.20203359278505495,0.4413861632347107,0.18978016395202818,0.4448177218437195,0.7560865023967217,0.8508183360099792,0.7081108329546082,0.8645437955856323,0.6879141970407646,0.8863997459411621,0.6811791337445127,0.9094289541244507,0.6768956957498155,0.9269370436668396,0.7325005993247287,0.9113582968711853,0.7254873215001758,0.9409561157226562,0.7096946504898373,0.9475703835487366,0.6987644234154029,0.9467724561691284,0.7643091159531631,0.9102683663368225,0.7533529464957974,0.9409087896347046,0.7324682064033388,0.9431995749473572,0.7206755703828104,0.9396994709968567,0.7867063670850641,0.905593752861023,0.7778652730966311,0.9330692291259766,0.7571434091002518,0.935645580291748,0.7453724384751985,0.9324849843978882,0.8021055552494286,0.8994563817977905,0.7978327746660978,0.9221587181091309,0.7811383604479776,0.9257203340530396,0.7711367304533862,0.9228684902191162
0.49630674219777365,0.3751086890697479,0.5190134416498754,0.3526892066001892,0.5340804735422199,0.3522823452949524,0.5486035423345145,0.35204780101776123,0.4731799482613046,0.35445335507392883,0.4591990678608701,0.35496050119400024,0.44562673130166974,0.3555138111114502,0.573218023010768,0.36322492361068726,0.42563238755946015,0.36751222610473633,0.5283561673161702,0.39967045187950134,0.47277883413062755,0.4009866714477539,0.6914883668286455,0.49765801429748535,0.33487606672204456,0.4841342568397522,0.7320805152571698,0.6757461428642273,0.13744636809159164,0.6141052842140198,0.7197105585364062,0.8413213491439819,0.25467459724450414,0.4738079905509949,0.7470780026523169,0.8943535089492798,0.25604232574258345,0.4267354905605316,0.7134305580883747,0.8974623680114746,0.2745398685656612,0.4203456938266754,0.6984922075796851,0.8798737525939941,0.28598965412995364,0.4383678436279297,0.2553060324024474,0.4718897342681885,0.28835518974785446,0.45746323466300964,0.3049885971363277,0.43090465664863586,0.29176395298331376,0.4124370813369751,0.26467306254700146,0.4081181585788727,0.2808963017850501,0.4133242070674896,0.2819063814632005,0.3847372829914093,0.28212605424132836,0.3685963451862335,0.27793001240502835,0.35456836223602295,0.2562627505157069,0.414470374584198,0.25667688919970855,0.3850123882293701,0.26054503113810756,0.36813467741012573,0.25700511997540776,0.35235893726348877,0.23508190906936854,0.42078396677970886,0.25639275541055406,0.41415172815322876,0.2665411083555833,0.42956480383872986,0.2612260378061637,0.43591365218162537,0.2181435827500611,0.42971736192703247,0.24363278400524904,0.4271487891674042,0.2507207579564015,0.4377534091472626,0.24032311867031586,0.4415595531463623,0.7269561205588461,0.8496869206428528,0.6856080667606992,0.8633475303649902,0.6684249209506096,0.8860057592391968,0.6620890923941014,0.9092236161231995,0.6591605230830612,0.9270516037940979,0.7065533532946017,0.9122528433799744,0.7011300255456091,0.9405303597450256,0.6883550743999909,0.9481000900268555,0.6787407883008687,0.9481907486915588,0.7336653597503917,0.9110265970230103,0.7253816836763638,0.9401225447654724,0.7087161510616766,0.9438870549201965,0.697712238370202,0.9421833753585815,0.7528064598907426,0.9059850573539734,0.7460887983552457,0.9320717453956604,0.7295986309735428,0.936583399772644,0.7186511479865414,0.9359267354011536,0.7658055657046626,0.8995324373245239,0.7623830860804828,0.9216294288635254,0.7488278649273833,0.9268474578857422,0.7391709256721081,0.9261826276779175
0.47656366938053707,0.37488117814064026,0.5060364040025846,0.35261449217796326,0.5253864927043557,0.3522479832172394,0.5440078790845962,0.35203930735588074,0.44721946781615896,0.35429123044013977,0.42923796009970955,0.354797899723053,0.4117926453916774,0.355386346578598,0.5754375982076987,0.36322179436683655,0.38617381253129873,0.36750084161758423,0.517871121087893,0.39942607283592224,0.44612552416213014,0.4008135199546814,0.727519645942029,0.4979333281517029,0.26955968993365864,0.48412567377090454,0.7790611311456849,0.6761132478713989,0.015354180162752683,0.6120935678482056,0.764778983637374,0.8413348197937012,0.16442440924358778,0.4738137722015381,0.7993685801950963,0.8943597674369812,0.16358219067449806,0.4268829822540283,0.7575281091350679,0.8974922895431519,0.19024066671317225,0.41994714736938477,0.7387444792806476,0.8798812031745911,0.20556388941517567,0.43843263387680054,0.1646405661623124,0.4693261981010437,0.20985927765345908,0.4545150399208069,0.23110202627277177,0.42810365557670593,0.21238562373577752,0.40949222445487976,0.1771473629062873,0.40631014108657837,0.20052002156163443,0.41167616844177246,0.20039148850396488,0.3827778995037079,0.19983141567122292,0.3665405213832855,0.19442842157796,0.35254278779029846,0.168755288241848,0.41305556893348694,0.16848243125402196,0.38319388031959534,0.1734131698911922,0.36573660373687744,0.16972170511929713,0.34998998045921326,0.1416087852261536,0.4191376864910126,0.1664512528741498,0.4118863344192505,0.1803741967365013,0.42690831422805786,0.17595221059649035,0.4341382086277008,0.1188839587255194,0.42764678597450256,0.14934729967429156,0.4236350953578949,0.15881868821383793,0.4343670904636383,0.14698310030835568,0.43933165073394775,0.7746510655662768,0.850270688533783,0.7217226928020879,0.8637102842330933,0.698618711197732,0.8857572078704834,0.6908650831816868,0.9088155627250671,0.687208025482441,0.9269909262657166,0.7471332254768666,0.9133287668228149,0.7428922151205541,0.942478358745575,0.725611504776951,0.9476174116134644,0.7137693566928253,0.9454429149627686,0.782125257064293,0.9117907881736755,0.7729537015864046,0.941383957862854,0.7510676297257239,0.9420766234397888,0.7398849053804039,0.9372270703315735,0.8073987806983761,0.9061130881309509,0.7992464331520354,0.9331589937210083,0.7780344148090821,0.9339197278022766,0.7675907652211417,0.9292798638343811,0.8254024653019212,0.8990552425384521,0.8209649205081364,0.922197699546814,0.8032993463507826,0.9242435097694397,0.7935479407464247,0.9201083183288574
0.49192916306578977,0.37470152974128723,0.5177005336262954,0.35251879692077637,0.5346157719842095,0.35218581557273865,0.5508914030617871,0.3520047962665558,0.46635715106038156,0.3541467785835266,0.45061394780449654,0.3546675443649292,0.435328170559352,0.35528209805488586,0.5783465557745592,0.36321741342544556,0.4124463935788903,0.36750295758247375,0.5281360917199285,0.3992311358451843,0.4650271529605923,0.40066617727279663,0.7120256338553953,0.4982275068759918,0.31017688341982846,0.484142005443573,0.756905561038581,0.6764288544654846,0.0854372392942511,0.6111318469047546,0.745618553814902,0.8414273262023926,0.21697163974055333,0.47127336263656616,0.7756147202625314,0.8945713043212891,0.216083965246034,0.42446669936180115,0.7393396947260681,0.8978908658027649,0.2399535551933247,0.4183778762817383,0.7227580698655768,0.8801766633987427,0.2536859956127339,0.4368751645088196,0.2191821352908207,0.46726101636886597,0.2587442810125871,0.45285919308662415,0.27691706674134364,0.4268215596675873,0.2602897605057465,0.4083792567253113,0.22933880909964843,0.4047062397003174,0.24903217576119385,0.41010189056396484,0.24816314117252564,0.3815998435020447,0.247866161212697,0.36565062403678894,0.24285257076957437,0.3518159091472626,0.22195172597334137,0.41116783022880554,0.22172852330510226,0.38178133964538574,0.22562378742601136,0.3644341826438904,0.22113762468385117,0.3487076163291931,0.19832792427364224,0.4169692099094391,0.21960697548074853,0.4096571207046509,0.2318938707927476,0.42481687664985657,0.22796619092315945,0.4320404827594757,0.17883148413568264,0.42527979612350464,0.2059128012914169,0.4219092130661011,0.21366172988933743,0.4326448142528534,0.20290820493457987,0.4374898672103882,0.7538283438806634,0.8495491147041321,0.7059901820042814,0.8630415797233582,0.6847787174630988,0.8856051564216614,0.6786608826704311,0.9087480902671814,0.6772184668902806,0.9272567629814148,0.7295657172324427,0.9138612151145935,0.72361475721734,0.9423869848251343,0.7062156296246851,0.9485743641853333,0.6933698772814199,0.9471310377120972,0.7604408844957739,0.912424623966217,0.7504142478403564,0.9417526125907898,0.7291679525261964,0.9443163275718689,0.7165962884335668,0.9404451847076416,0.7825348193241852,0.9070039391517639,0.7740116883593353,0.933718204498291,0.7541007314099623,0.9364193677902222,0.7426641287375001,0.933036744594574,0.7974876973748682,0.9003071188926697,0.7929370432796173,0.9234729409217834,0.7766424321519213,0.9274324774742126,0.7664100082147534,0.9249961376190186
0.5551897272593366,0.3746837079524994,0.5804113568532788,0.3524854779243469,0.5970503655828929,0.3521583676338196,0.6130816274510892,0.3519805669784546,0.5298521983027609,0.35410991311073303,0.5143065136362434,0.35463982820510864,0.49913084392151874,0.3552680015563965,0.6400373650188133,0.36316508054733276,0.4760771526962765,0.36751994490623474,0.5908607732688539,0.39918628334999084,0.5284804865326758,0.40065592527389526,0.7727076823112388,0.4983752369880676,0.3743423575136591,0.4841487407684326,0.8172697399266114,0.6764711737632751,0.1494002358433663,0.6109399199485779,0.8062159477770947,0.841447651386261,0.2818037958185964,0.46972426772117615,0.8355031571073916,0.894687294960022,0.2809228190752286,0.4233216345310211,0.8000275690689471,0.8979914784431458,0.30522547931914584,0.41731032729148865,0.783602154976228,0.8802272081375122,0.3190768690273761,0.4353228509426117,0.28508609408584484,0.46572577953338623,0.3241969711495757,0.4514051079750061,0.3417290589701973,0.4257768392562866,0.3258723540827212,0.4079057276248932,0.29527785522841027,0.4038560390472412,0.3124316351236474,0.408833771944046,0.31259651696851065,0.3808708190917969,0.31240871145680893,0.3651190400123596,0.30767797455811596,0.35111570358276367,0.28555953522860905,0.4102112054824829,0.2863849220798935,0.3811901807785034,0.29075869029012663,0.36407187581062317,0.2865590408140417,0.3480605185031891,0.262700745738406,0.4163689911365509,0.2852240069108981,0.40879738330841064,0.29726122436778574,0.42451655864715576,0.2926940882855151,0.431655615568161,0.2442854225190075,0.4249255359172821,0.2715824361767895,0.42060989141464233,0.2798629028854216,0.43173691630363464,0.2690558941228036,0.43655768036842346,0.8157684420163394,0.8496468663215637,0.7700129378518256,0.8633511066436768,0.7508788902544911,0.8853864073753357,0.7429514143038969,0.9092319011688232,0.737101564216914,0.9284200668334961,0.7922145766074462,0.9132810235023499,0.7875169104692953,0.9430248737335205,0.771328958596003,0.9494878053665161,0.7598182438283557,0.9476855993270874,0.8223538721186394,0.9119173884391785,0.812530271807755,0.9422939419746399,0.79296910235918,0.9437311291694641,0.7822221502325514,0.9396530389785767,0.844078361491272,0.9065738916397095,0.8350235130900711,0.9337577819824219,0.8162561767396028,0.935795783996582,0.8062542437852249,0.9320536851882935,0.859230568158762,0.8998635411262512,0.8549185590038937,0.9231323003768921,0.8387484741062257,0.9267585277557373,0.8289888577948403,0.9239422082901001
0.4967843370415486,0.3745008111000061,0.5200000153963655,0.35234254598617554,0.5352841656288936,0.3520568013191223,0.5501002976480726,0.3519164025783539,0.47334983925866536,0.3539856970310211,0.4589027252286974,0.3545590043067932,0.44472880527340775,0.3552284240722656,0.5750538890862179,0.3631206452846527,0.42260367036599733,0.36754390597343445,0.5295705821722848,0.39883285760879517,0.4715765779377476,0.40051135420799255,0.6988384482436548,0.4985206723213196,0.32713050218020195,0.4841551184654236,0.7403267124405754,0.676523745059967,0.11618019246974483,0.61067795753479,0.7301011969137352,0.841810405254364,0.24071547711972044,0.46790704131126404,0.757362613144812,0.894808292388916,0.24014641452258628,0.42172637581825256,0.7246149869071005,0.8980718851089478,0.2634377582329548,0.41602015495300293,0.709400904177552,0.8803224563598633,0.2761135922044321,0.4334792196750641,0.24477134144838578,0.4645947217941284,0.28064187755184017,0.4504392743110657,0.2972190059340544,0.4249128997325897,0.2821577634488869,0.4070909917354584,0.2540209122624952,0.40252572298049927,0.27057096339153824,0.4079161286354065,0.2701060271419648,0.3800276815891266,0.2695410528641248,0.364239364862442,0.2645258172401749,0.3502776324748993,0.24534738563692993,0.4090619385242462,0.24554331047694905,0.380166232585907,0.2491779206752683,0.3631630837917328,0.24472193568214662,0.34707629680633545,0.22407287273158003,0.41511356830596924,0.2446620260801825,0.40791353583335876,0.25584634682732815,0.42333880066871643,0.2510966632658375,0.4302704930305481,0.2068006199992273,0.42362138628959656,0.23214579380422634,0.42005982995033264,0.2393829680673208,0.43069228529930115,0.22853557200292712,0.435032457113266,0.7390630443953671,0.8495916128158569,0.6965886146874803,0.8641237020492554,0.6765944690392248,0.8861480951309204,0.6700980038863984,0.9095197916030884,0.6679416355990099,0.9286412000656128,0.7164454557046727,0.9127386808395386,0.7136050801507647,0.9411131739616394,0.7013454685320406,0.9496142268180847,0.6912512195031523,0.950100302696228,0.7442992379528602,0.91162109375,0.7377285540805403,0.9412566423416138,0.7217687619117409,0.9451019167900085,0.710637652212639,0.9430518746376038,0.7647064925414835,0.9067469239234924,0.7582656285310574,0.933221161365509,0.7424734574533177,0.9368817806243896,0.7325718626090131,0.9350088834762573,0.7792044904223585,0.9005781412124634,0.776233351548258,0.9233376979827881,0.7623811823214172,0.9281861782073975,0.7528985458589319,0.9269676208496094
0.4788243500264179,0.37446990609169006,0.5081813454009626,0.3523293435573578,0.5275133055161855,0.35204848647117615,0.5462625196779206,0.3519231379032135,0.4490824644061784,0.35397058725357056,0.43069542002641764,0.3545454740524292,0.412675377021092,0.3552253246307373,0.5778255163506965,0.3631140887737274,0.384618678976229,0.3675824999809265,0.5202657571030128,0.3986683487892151,0.4466195900972041,0.400465726852417,0.7349876357746329,0.49854546785354614,0.2629523127660448,0.4840603768825531,0.787651754013586,0.6765719056129456,-0.006755663627075346,0.6104453802108765,0.7747056417718438,0.8421916961669922,0.15301665374537177,0.4664696753025055,0.8092274896953694,0.8950746655464172,0.15282243171455331,0.4207645058631897,0.767889901960906,0.8985092043876648,0.18319478025514482,0.41527000069618225,0.7485565842081322,0.880885899066925,0.19870519031702075,0.43249091506004333,0.15987483969503483,0.4641364514827728,0.20471093960675119,0.4501745104789734,0.22523770062784365,0.42433759570121765,0.2072132253352193,0.40662485361099243,0.17185427406998355,0.4018447697162628,0.19076484744770086,0.40739676356315613,0.19046233385693592,0.3793899714946747,0.18998061210944545,0.36356133222579956,0.1836446773812204,0.34958040714263916,0.1592806736139126,0.40855851769447327,0.1596133746749281,0.37978407740592957,0.1643882258721401,0.36282625794410706,0.15865687908976667,0.34678584337234497,0.1325062842011812,0.4146060049533844,0.15898323119870564,0.4070577025413513,0.17340465622265375,0.4226807951927185,0.16739044166348796,0.4296664297580719,0.11105447287643834,0.42300283908843994,0.14323675192502902,0.41919684410095215,0.15253229658381176,0.42996472120285034,0.1387696851467209,0.43437492847442627,0.7881936111184804,0.8495128154754639,0.7347651429383417,0.8633441925048828,0.7113695340500242,0.8852972984313965,0.7019118315649352,0.908762514591217,0.6953736887026508,0.9280382394790649,0.7598842327670756,0.912950873374939,0.7549691056664374,0.9412887692451477,0.737062984423843,0.9494223594665527,0.7227453388115103,0.9496743679046631,0.794844278175429,0.9118857979774475,0.785658662227757,0.9415867328643799,0.7634951493474442,0.9447652101516724,0.749034073320905,0.9418212175369263,0.820529582723942,0.9068956971168518,0.8109659845098788,0.933468222618103,0.7899171719199294,0.9359735250473022,0.7776426110997136,0.9328000545501709,0.8386649051295499,0.9005466103553772,0.8341332707065392,0.9232454895973206,0.8160835593276736,0.9266261458396912,0.8049580390417571,0.9238249659538269
0.49410871330935313,0.37437981367111206,0.5189397465999408,0.3522944748401642,0.5352939042545851,0.3520333170890808,0.5510692954978187,0.35191819071769714,0.46894224704951626,0.35392194986343384,0.4532848879094627,0.3545023798942566,0.4379586678179753,0.3552091717720032,0.5776030881067536,0.36310824751853943,0.4142085529858992,0.36762332916259766,0.5290519636184707,0.39847442507743835,0.4666850309966951,0.4003376364707947,0.7106649279887105,0.4986441731452942,0.3105995265172439,0.4839121401309967,0.755169826777778,0.676837146282196,0.08071667255824874,0.6093887090682983,0.7441211293255962,0.8425731658935547,0.21786037430004887,0.46552982926368713,0.7734196658879066,0.8955443501472473,0.21809282079370754,0.4192450940608978,0.738627615683464,0.8991308212280273,0.24460223610490756,0.41396069526672363,0.7222328179291284,0.8816016912460327,0.257241881885687,0.43118277192115784,0.22322432649291557,0.46429193019866943,0.2620518845000659,0.4505723714828491,0.27972485058113195,0.4243990480899811,0.2645962860826524,0.4060622453689575,0.23429084202541137,0.40135201811790466,0.25014217142497325,0.4074047803878784,0.24979791394156492,0.37955084443092346,0.248947278111171,0.3636508285999298,0.2436232221892159,0.34961405396461487,0.22362450637639833,0.408500611782074,0.22325215245135646,0.37986132502555847,0.22695621691190634,0.36240154504776,0.22230813229871016,0.3461410105228424,0.20087842515533127,0.41450342535972595,0.2230364759156403,0.40644726157188416,0.2354261276056398,0.4219362139701843,0.2307366252535735,0.42945563793182373,0.18226722049986116,0.4229236841201782,0.20946944469856074,0.4184825122356415,0.21794233070741303,0.429026335477829,0.20721486585686763,0.43391937017440796,0.7555284198703953,0.8501706719398499,0.7101364038303292,0.8639702796936035,0.6907965174539381,0.8859590291976929,0.6824345971748585,0.9097455143928528,0.6762887456929227,0.929002046585083,0.7314225520192245,0.9121641516685486,0.7278642103786991,0.9407406449317932,0.713835261489421,0.9494260549545288,0.7020911517490106,0.9500753879547119,0.7609378808604205,0.9113243222236633,0.752721007193384,0.9414289593696594,0.7347331310553089,0.9453034400939941,0.7220006081082633,0.9436030983924866,0.7823796245058711,0.9068401455879211,0.7743727810379047,0.9333934187889099,0.7568440501193038,0.9370962381362915,0.7456244072893854,0.9354417324066162,0.7975219498367752,0.9009687304496765,0.7930716898685821,0.9233365058898926,0.7778276628572525,0.9279119968414307,0.767787056263969,0.9264322519302368
0.48086711832426104,0.37417054176330566,0.5076744375887364,0.3521305322647095,0.5253009253557734,0.35191696882247925,0.5423134911334808,0.35186392068862915,0.45377154008296683,0.3537459969520569,0.436865316968138,0.354332834482193,0.42033608716041476,0.3551066219806671,0.5709073088044354,0.3630983233451843,0.3949872336385238,0.36759719252586365,0.5186315597636153,0.39826780557632446,0.45130640997628746,0.4000352919101715,0.714486600618674,0.4988003373146057,0.2819959851876574,0.4838658273220062,0.7611755137318937,0.6772807240486145,0.03268687702704489,0.6089717149734497,0.7499176281121236,0.8427575826644897,0.18298043021312435,0.4655730128288269,0.7813990665034358,0.8960297703742981,0.1837729145482816,0.4184441566467285,0.744489886932827,0.8995953798294067,0.2126502154371119,0.41323184967041016,0.7268814085163083,0.8819144368171692,0.22600356554765869,0.430920273065567,0.19002941395699804,0.46409517526626587,0.23192991783432235,0.45044440031051636,0.25114997792900645,0.42448779940605164,0.23477922311460955,0.40646839141845703,0.20243257031873912,0.401354044675827,0.21827944989639808,0.4071151912212372,0.21766432485328888,0.37907475233078003,0.21677504937313935,0.36334383487701416,0.21087257588119132,0.34934571385383606,0.18985482533426054,0.4081909656524658,0.1893438920396967,0.37950772047042847,0.19310861187770764,0.3622441291809082,0.18758273067493864,0.3460046648979187,0.165445429217597,0.41428419947624207,0.18997513071221706,0.40598103404045105,0.20312425332963885,0.4219335913658142,0.19736720352031764,0.42936956882476807,0.1457434002594965,0.42279353737831116,0.17543254371248249,0.41849803924560547,0.18478821902588435,0.4292542636394501,0.17283690049880784,0.433989018201828,0.76359634958578,0.8504186272621155,0.7143867106987949,0.8637242317199707,0.6926331651690469,0.8854900598526001,0.6840628287804752,0.9090831279754639,0.6787134683777261,0.9284427762031555,0.7360340229341896,0.911963164806366,0.732466494547502,0.9408081769943237,0.7169318621099029,0.9497027397155762,0.7038019518967791,0.9499790668487549,0.7678611387781636,0.9114560484886169,0.7586544963087273,0.9420609474182129,0.7383914979556855,0.9462661147117615,0.7243057797427847,0.9439599514007568,0.7912069442132537,0.9069269299507141,0.7823155018340634,0.934198796749115,0.7624383556386858,0.9379410743713379,0.7497295142484097,0.9356970191001892,0.8081665756246601,0.9008132815361023,0.8031951928457453,0.9236977696418762,0.7857276540023114,0.9283673167228699,0.7740487724720437,0.9267913103103638
0.5054695607744137,0.37403345108032227,0.533635521502518,0.35200414061546326,0.5521173834742823,0.3518123924732208,0.5699570076610517,0.35180479288101196,0.4771252856035646,0.35359951853752136,0.45937923349736104,0.3541792035102844,0.44204267391530044,0.3549988865852356,0.599896021709878,0.3630705773830414,0.41595559584476777,0.36749231815338135,0.5450610241993885,0.39812618494033813,0.47446123342745444,0.3998279869556427,0.7504499827425366,0.49877381324768066,0.2964481860481885,0.48369622230529785,0.7978811658260312,0.6778901815414429,0.03409601940807006,0.6087375283241272,0.7875800570515157,0.8434323072433472,0.1915875207562928,0.4663873314857483,0.820039477901139,0.8964518308639526,0.19397552000517804,0.41920846700668335,0.7815090331903582,0.9000455737113953,0.22421864331584335,0.4136270582675934,0.7633921329119121,0.8825401067733765,0.23802083099041962,0.43125802278518677,0.20312196153715548,0.4628278613090515,0.24594315247332785,0.4493030905723572,0.2660093564252286,0.4239787757396698,0.24876636892373385,0.4060572385787964,0.21420104112693114,0.4009276330471039,0.23159944696158796,0.4064042568206787,0.22962946416411945,0.3780621886253357,0.22816847067417334,0.36229631304740906,0.22196492458943679,0.3484331965446472,0.2018361481310465,0.4077979326248169,0.20122693578625134,0.37926188111305237,0.20516212339504838,0.36195120215415955,0.19990125486379018,0.3459775745868683,0.17634020250575522,0.413875937461853,0.20173871543767954,0.4059818685054779,0.2155087568215059,0.42103463411331177,0.21000703956490233,0.42834120988845825,0.15573622665782463,0.4224810302257538,0.18721096189982667,0.41846713423728943,0.1965369028151118,0.4288291931152344,0.18374818333666418,0.43371152877807617,0.8012093198517128,0.850534200668335,0.7487285316721266,0.8645840287208557,0.7260559553927978,0.8861647248268127,0.717170812366845,0.9091325402259827,0.7107131920911275,0.9276115894317627,0.7717481808646653,0.912314772605896,0.7652535598642797,0.9415271282196045,0.7475266197026361,0.9500285387039185,0.733106122397654,0.9503710865974426,0.8060602371721587,0.9115880131721497,0.7937601718922216,0.9425039291381836,0.7707944948311204,0.9461691379547119,0.7552506738726786,0.943766176700592,0.8312893800513921,0.9070371985435486,0.820320652829506,0.935082197189331,0.7981353546886795,0.9386122822761536,0.7838784556291312,0.9361459612846375,0.8491769369951181,0.9008290767669678,0.8427694664619261,0.9244486689567566,0.8239359447102574,0.9291294813156128,0.8113540929197275,0.9273592829704285
0.5090627233190604,0.37400513887405396,0.5333956982055945,0.35193896293640137,0.5493978035892874,0.3517535626888275,0.5648441911433371,0.3517678380012512,0.48456887751959804,0.35352104902267456,0.46916117708696636,0.35409626364707947,0.45412644830393434,0.3549412190914154,0.590610674457028,0.36302560567855835,0.43178352702923495,0.36747604608535767,0.543311647577932,0.3980901837348938,0.48225883607457987,0.3997545838356018,0.721443569310753,0.4987553656101227,0.3271273181153576,0.48362842202186584,0.7621315661445407,0.6779406666755676,0.10000581841413274,0.6087181568145752,0.753291972578022,0.8434978723526001,0.23707160896815055,0.46661001443862915,0.781078525944203,0.8964834213256836,0.23936844582681643,0.418853223323822,0.7478923888685829,0.9000660181045532,0.2655799468665203,0.4136574864387512,0.7323277888271887,0.8825485110282898,0.27744603824382313,0.4314599931240082,0.24718188749101597,0.4633415937423706,0.2852030542946627,0.45012491941452026,0.3020041198881723,0.4243110716342926,0.28836153178056695,0.4057883322238922,0.25907448732362753,0.4005056619644165,0.2726984103016522,0.4065626561641693,0.2714047579695448,0.3782695233821869,0.26968458756999814,0.36232098937034607,0.2642181866679643,0.34839725494384766,0.24713972547845253,0.40781742334365845,0.2470871056982517,0.3793065547943115,0.2505066964330771,0.3615170419216156,0.24650580605093866,0.34553220868110657,0.22521268248544737,0.41386136412620544,0.24592758416435437,0.40567076206207275,0.2581293169320955,0.42051127552986145,0.25477339944073324,0.4286128580570221,0.20749171392316257,0.42241132259368896,0.23331925603840725,0.4178629517555237,0.242319257199035,0.42818549275398254,0.2334530228004021,0.43377721309661865,0.7656502740125117,0.8494629263877869,0.7201786427454471,0.8636902570724487,0.7003058395678612,0.885799765586853,0.6925563028065345,0.9089158773422241,0.6871059525921719,0.9272909760475159,0.7396032180594858,0.9115872979164124,0.7327687359664316,0.9405203461647034,0.7174667715072223,0.9493317604064941,0.7049361154719238,0.9498241543769836,0.7688310900843502,0.911227822303772,0.7580141179851272,0.9421040415763855,0.7382028700221158,0.9465844631195068,0.7245597855014897,0.9446746706962585,0.7907681109790727,0.907021701335907,0.7819353348180392,0.9345561265945435,0.7630512540010069,0.9385591745376587,0.7507431895642185,0.9365522265434265,0.8065995826604289,0.9010236859321594,0.8013136444385429,0.9240540266036987,0.7854467619617057,0.928849995136261,0.7745664475610333,0.9273945093154907
0.5003715806193568,0.3739543855190277,0.5224052467640194,0.3518747091293335,0.536929098169444,0.35169896483421326,0.5508949062474001,0.3517321050167084,0.4781034581450814,0.35344427824020386,0.4640468666049668,0.35401955246925354,0.4503635360325681,0.35489267110824585,0.574248042851001,0.36298176646232605,0.4302221386163575,0.3674691617488861,0.5315396076681979,0.3980497717857361,0.4760517699307801,0.39969757199287415,0.6935874565542154,0.4986031651496887,0.33450133027037104,0.48333296179771423,0.7300164167884754,0.6779212355613708,0.12844177312298424,0.6088284254074097,0.7219782489106509,0.8436654806137085,0.25317776931588215,0.46614375710487366,0.746785964363082,0.8964926600456238,0.2553251392724914,0.4179069399833679,0.7167778981349344,0.9001061320304871,0.2791470082305269,0.4127827286720276,0.7029587379534804,0.8826583027839661,0.2898991839207896,0.4308120608329773,0.2631665946235735,0.4629864990711212,0.29810287159655147,0.4493371546268463,0.3137032027045378,0.4237332046031952,0.3004601463804287,0.4059031009674072,0.273543285587034,0.40062010288238525,0.2865600293479139,0.40596461296081543,0.2854101054939073,0.37831705808639526,0.2843660205520892,0.3626319468021393,0.27925317770149866,0.348835289478302,0.2635895896627466,0.4072931706905365,0.2633101472878339,0.3787178099155426,0.2664959225853516,0.3615856170654297,0.26206832809212566,0.3456137776374817,0.24361024117725072,0.41338762640953064,0.2626126983062931,0.40499967336654663,0.27372328986983074,0.42086079716682434,0.26950665198181906,0.4282172620296478,0.2271008884411409,0.4218469262123108,0.2510155843156303,0.4173193573951721,0.25864968915731384,0.4285539984703064,0.2488535796201693,0.433657705783844,0.7324169947729386,0.8495763540267944,0.6902400981133591,0.8638965487480164,0.6719472755646345,0.8857433199882507,0.6659044807047906,0.9091700315475464,0.6610484519778695,0.9279558062553406,0.7095402835281792,0.9119933247566223,0.7053664079263811,0.9410219788551331,0.6932778732284437,0.9499824643135071,0.6834825149612608,0.9509598612785339,0.7364254707799933,0.9113216400146484,0.7276476325487866,0.9416294693946838,0.7111844829153146,0.9459633827209473,0.6994479031689824,0.9446413516998291,0.7558997104195143,0.9069527983665466,0.7486604730696421,0.9337205290794373,0.7324392924653986,0.9382405877113342,0.7215964234653729,0.9372072815895081,0.769643262792034,0.900960385799408,0.7656447035484724,0.9235605001449585,0.751592469374135,0.929044783115387,0.7416104355468964,0.9282912015914917
0.5135534903161835,0.37392181158065796,0.5375376644606321,0.3518314063549042,0.5537669925774604,0.35167184472084045,0.5692152203373263,0.3517150282859802,0.48791988989765206,0.35335662961006165,0.47205847428986086,0.3539409339427948,0.4566812495466195,0.35483723878860474,0.5950614603482179,0.3629527986049652,0.4341379932906316,0.36746084690093994,0.5483154118611169,0.3980388641357422,0.48599602386536755,0.399681955575943,0.7286485644831051,0.49857860803604126,0.325522488884745,0.4828328490257263,0.7688255912117169,0.6780344247817993,0.09538582533178555,0.6089364290237427,0.7601037741109563,0.843946635723114,0.23619642841624253,0.4663868546485901,0.7874729851652821,0.8965567350387573,0.23874561808311276,0.4179048538208008,0.7541223241466148,0.9002004861831665,0.26552470472774514,0.41285330057144165,0.7389485697319974,0.882841944694519,0.2774229160045743,0.43093341588974,0.24748973698285098,0.46289780735969543,0.2866152540418969,0.44945526123046875,0.3042087536455839,0.42307427525520325,0.2893615660855737,0.40487077832221985,0.2589033879376172,0.40025395154953003,0.27347418769071974,0.405487984418869,0.27259508033162383,0.3780152201652527,0.2713636784401845,0.362247109413147,0.26589043407874974,0.34840595722198486,0.24756594599170667,0.40707311034202576,0.2469634279617983,0.3786562979221344,0.2507278977377144,0.361238956451416,0.24618991827737943,0.34512990713119507,0.2253520443151982,0.41323786973953247,0.24731867815424718,0.4052022397518158,0.25977080700447785,0.42096424102783203,0.25499009395798156,0.4284009635448456,0.2073001822858376,0.4216214120388031,0.23477079263400882,0.41686272621154785,0.2429316724686175,0.42804574966430664,0.2318239659218136,0.43323031067848206,0.7716594646860181,0.849885880947113,0.7246463320039322,0.8638594746589661,0.7048823030973411,0.8860914707183838,0.6971612456386537,0.9096397161483765,0.6919622395131407,0.9283023476600647,0.7452396922664796,0.912026584148407,0.7368301003514054,0.9408467411994934,0.7213367987749312,0.9492084383964539,0.7094292502991325,0.9498328566551208,0.7757525165393406,0.9115803241729736,0.7637286897080292,0.9421409964561462,0.7435090861006366,0.9458661675453186,0.730547710449053,0.9436174035072327,0.7982329314310407,0.9070085287094116,0.7881011301117866,0.934457540512085,0.7686723671048858,0.9380325078964233,0.7568129824539875,0.9358069896697998,0.8140379208004548,0.9006437659263611,0.8082968197419623,0.9237425327301025,0.7918979442136297,0.9285779595375061,0.7809056427591254,0.9270277619361877
0.4593471145894275,0.37390950322151184,0.48603795535467276,0.35176581144332886,0.5043360091033919,0.35162216424942017,0.5216823128599463,0.351682186126709,0.4301094970743399,0.3532821238040924,0.41222584309564114,0.3538866937160492,0.394839741223507,0.35481470823287964,0.5507262361243032,0.36291393637657166,0.3694949620081153,0.36745986342430115,0.49854258379930894,0.3980230689048767,0.42805225227849275,0.39967989921569824,0.7013495437323917,0.49892887473106384,0.2460378405286376,0.48269644379615784,0.7460211882489677,0.6783506274223328,-0.012017340121811307,0.6090112328529358,0.7366196022304913,0.8442392349243164,0.14653990341547654,0.4658333361148834,0.7674689677647454,0.896695613861084,0.1496532736796147,0.4171622693538666,0.7298884243703315,0.9003320932388306,0.18012947513394534,0.41237181425094604,0.7128355371389076,0.8830268979072571,0.19336178110061386,0.4305705428123474,0.16050987426398075,0.4624405801296234,0.204398986441423,0.44842344522476196,0.2238823582104342,0.4228120744228363,0.20689907985036662,0.4052763879299164,0.17365032678518555,0.3997315764427185,0.19010945791012143,0.40514832735061646,0.1883583408246089,0.37748298048973083,0.18682013609126674,0.3617410361766815,0.18070764490619493,0.34805935621261597,0.16107601380737635,0.4067210853099823,0.1603472013580936,0.37813708186149597,0.16413157844356202,0.36086583137512207,0.15898748285032718,0.34509360790252686,0.13598072943252554,0.412919819355011,0.15980890536324055,0.4050023555755615,0.17392244450891722,0.4204482138156891,0.1694071364432987,0.427804172039032,0.11551683726555251,0.4214000999927521,0.14544382850797233,0.41704389452934265,0.15462429286716728,0.4279051423072815,0.14270854034184258,0.43294966220855713,0.7494156043312071,0.8493955731391907,0.697097727943402,0.8631187677383423,0.6752182977633981,0.8848485946655273,0.665699587252683,0.9086199998855591,0.6609468902371942,0.9280332922935486,0.7218521558340566,0.9117510914802551,0.7135369978414562,0.9416740536689758,0.6943795015169362,0.9497203826904297,0.6802017633197965,0.9491998553276062,0.7561911200159483,0.9111626744270325,0.7421638731722086,0.9429039359092712,0.7172753725423762,0.9453890323638916,0.7023768798794314,0.9417245984077454,0.7808364435669336,0.9064564108848572,0.7691747634220596,0.9348338842391968,0.7454704458852689,0.9371758699417114,0.7322402962803761,0.9333460330963135,0.797911802357915,0.9001152515411377,0.7911364379968072,0.9238619804382324,0.7713397506448757,0.9276828765869141,0.7590987279695934,0.9247220158576965
0.4940914974266927,0.3739083409309387,0.522380569126511,0.35175544023513794,0.5417939686740881,0.351608544588089,0.560205878543898,0.3516729474067688,0.46287975438698137,0.3532230257987976,0.4435683108254448,0.35383087396621704,0.4247853197161703,0.3547874093055725,0.5909979516308289,0.3629038631916046,0.39803277572405393,0.36745133996009827,0.5356982134188988,0.3980519771575928,0.4606523835190426,0.39973121881484985,0.7509023630984349,0.49897581338882446,0.265574722949946,0.4826623797416687,0.798365344191933,0.6784428358078003,-0.0065494579847404305,0.6090742349624634,0.7889301388732921,0.844645619392395,0.1617847338395203,0.4653683602809906,0.8213947880652094,0.896999180316925,0.16532452199448663,0.4167862832546234,0.7818982678455241,0.9005506634712219,0.19769066861304532,0.41188985109329224,0.7636937233604773,0.8833219408988953,0.21170534008372835,0.43010425567626953,0.17620554270398592,0.46228867769241333,0.22388893986970776,0.44864967465400696,0.2453051983049351,0.4224773943424225,0.22639904886199133,0.40411755442619324,0.18990715829945348,0.3999587297439575,0.20865364763979893,0.4056592285633087,0.20821727280706853,0.3780558407306671,0.20687196778763955,0.3623722195625305,0.20103357208917874,0.34856101870536804,0.17724216884799399,0.4070892333984375,0.17627685969146445,0.3785337507724762,0.18111641600561162,0.36092737317085266,0.1769745293651424,0.34475889801979065,0.1507010459927439,0.41311267018318176,0.17544788002394934,0.4051208794116974,0.1905563597276998,0.42017045617103577,0.1861903626665562,0.4278554916381836,0.12886425425156556,0.42146894335746765,0.1600893491484484,0.4169207215309143,0.1707031720906717,0.427375465631485,0.15924145602310538,0.432542085647583,0.8030390965413847,0.8477835059165955,0.7485207933386507,0.8615859746932983,0.7245716173250543,0.8839558362960815,0.714145844750152,0.907910943031311,0.7087243883990951,0.927240252494812,0.7751526285107443,0.9106379151344299,0.7635944578238517,0.940022885799408,0.7438940234640581,0.9485152363777161,0.7285043315624966,0.9492630362510681,0.8102374541851921,0.910145103931427,0.7964516716945923,0.9412692785263062,0.7721536206881954,0.9450629353523254,0.7565243583208137,0.9431993365287781,0.8353130049165661,0.9057931900024414,0.8248514132240788,0.9334704875946045,0.8017614944729067,0.9370760321617126,0.7874676587584452,0.9354701638221741,0.8523498943554977,0.8998506665229797,0.8474879711708406,0.9231125712394714,0.8278282549559248,0.9279560446739197,0.8141873551741214,0.9265348315238953
0.4659281593206711,0.37393492460250854,0.4922746690901897,0.3517407476902008,0.5103677362963176,0.3515964448451996,0.5275053991970841,0.35166478157043457,0.43680268936521816,0.35321107506752014,0.4186903988829235,0.35381585359573364,0.4010965758665814,0.3547823131084442,0.5561562337481942,0.36289528012275696,0.3763842689674563,0.367513507604599,0.5046864728022739,0.3981051743030548,0.43473820674327124,0.39986225962638855,0.705729553652069,0.49896010756492615,0.2530574155184191,0.4826606214046478,0.7497791299976244,0.6784494519233704,-4.517694241992532e-05,0.6091030240058899,0.7417030352466515,0.8446602821350098,0.15633613727471188,0.4654383659362793,0.7716665876838567,0.8970053791999817,0.15972003226997927,0.4172140955924988,0.7349207343005667,0.9005524516105652,0.19001950584829297,0.41223353147506714,0.7177212128418629,0.8833222389221191,0.20305565464272676,0.4303344190120697,0.17053585526778361,0.4613250494003296,0.21479180133685669,0.44783055782318115,0.23433319654460624,0.42197176814079285,0.21622954531677563,0.4037756621837616,0.18242878012084546,0.3998633921146393,0.2009679096126559,0.4049076735973358,0.19976192952846722,0.37772607803344727,0.19791750479944864,0.3622887134552002,0.19234481167644005,0.34876036643981934,0.17222978493202593,0.4065669775009155,0.16977575047242757,0.3780481815338135,0.17320770365811183,0.36066389083862305,0.16872015325490522,0.34475624561309814,0.14763887638783715,0.4128440320491791,0.16992942448365164,0.40439373254776,0.1839702325537029,0.4193589389324188,0.17970408642074368,0.42690977454185486,0.12694447730346742,0.4214138984680176,0.15553867050875161,0.4161774516105652,0.16595368445854222,0.42680564522743225,0.1553595275265751,0.43213793635368347,0.7526413785804913,0.847927987575531,0.7017491387057129,0.8619584441184998,0.6794333086357958,0.8843576312065125,0.6702405434961326,0.9084364771842957,0.6652992639363988,0.9278931021690369,0.7276010792066924,0.9104862213134766,0.7175814887956391,0.940386176109314,0.6983808766470947,0.9486928582191467,0.6838952030712001,0.9492018222808838,0.76072360682814,0.9098344445228577,0.7472672387126759,0.9414612054824829,0.7234427928567387,0.9452546834945679,0.7084957606528421,0.9430042505264282,0.7841423443185968,0.9054466485977173,0.7736556357765656,0.9336902499198914,0.7508651329029358,0.9373511672019958,0.7372565493516765,0.9350709319114685,0.7996269550665028,0.899474561214447,0.7940181715514691,0.9230835437774658,0.7749667080903818,0.928154706954956,0.7625020216691542,0.9265549182891846
0.5156236361153651,0.37392932176589966,0.5380150524545632,0.3517317473888397,0.5534540573791251,0.3515875041484833,0.5680284688572091,0.35165759921073914,0.4907905520948736,0.35318049788475037,0.47531397276449094,0.35379326343536377,0.46031981059358607,0.3547767102718353,0.5923055471997045,0.36288779973983765,0.439379466858837,0.36753198504447937,0.5486300768406482,0.3981028199195862,0.489061014932033,0.39987751841545105,0.7199369514973881,0.49892252683639526,0.3343560412172893,0.4826560914516449,0.7583068520691265,0.6777331233024597,0.11939081166177168,0.6089462041854858,0.7521626088068036,0.8445113897323608,0.2521173849955356,0.4654034972190857,0.7776805978228863,0.8969599604606628,0.255256408174688,0.41749435663223267,0.7456628734541566,0.900354266166687,0.2815285600953959,0.4125095009803772,0.7307797786794404,0.8829982876777649,0.2927271022667899,0.43050962686538696,0.26638957724849727,0.46061453223228455,0.30211595915716466,0.44684961438179016,0.31828228357609173,0.42169031500816345,0.3031790282574396,0.40395110845565796,0.27483904215063754,0.39948171377182007,0.2906780552836061,0.40448009967803955,0.28932231977324796,0.3771396577358246,0.2876518190073494,0.3616746962070465,0.28275797554821946,0.34817934036254883,0.2664897225928245,0.40608149766921997,0.26365982850833947,0.37761759757995605,0.26611060320663693,0.36063212156295776,0.26195691185674136,0.3450392186641693,0.245716521278544,0.412367045879364,0.263290580364359,0.4047609865665436,0.27509833739351724,0.4191690981388092,0.2718058641621191,0.42656031250953674,0.22811773632313595,0.42104995250701904,0.2509060243631361,0.4163813591003418,0.2596784699417504,0.4264003336429596,0.25127473118093097,0.43153899908065796,0.7593063312639574,0.847163736820221,0.7155967891979281,0.8609349727630615,0.6968293287719872,0.8836859464645386,0.689247259475403,0.9080329537391663,0.6860950852542134,0.9278762340545654,0.7401515360308951,0.911138117313385,0.7306536815209235,0.9414445161819458,0.7124856920814069,0.9494180679321289,0.6989151540930718,0.9489630460739136,0.7688886326588752,0.9101419448852539,0.7559318948795232,0.9419489502906799,0.7337812731647456,0.9447256922721863,0.7204858562495384,0.9413768649101257,0.7884968681791298,0.9051979780197144,0.7790254431240998,0.9333796501159668,0.7580130711639554,0.9365218281745911,0.7456709615042232,0.9335137009620667,0.8009772389151956,0.8987323641777039,0.795996019041174,0.9223330616950989,0.7788299925283985,0.9268497824668884,0.7676201461925415,0.9244453310966492
0.47880689654953695,0.373995840549469,0.5042430059964953,0.3517293930053711,0.5218160244370356,0.35159236192703247,0.5383777128445961,0.3516741991043091,0.4504992183456121,0.3531615436077118,0.4328378171944532,0.3537781536579132,0.41574087005131444,0.3547699749469757,0.5659363113536061,0.36288192868232727,0.3919902985851817,0.3675328195095062,0.5163380350549582,0.39814916253089905,0.44851419337651016,0.399926096200943,0.7111669987765887,0.4988037645816803,0.2722724759221905,0.4824218153953552,0.7557741150500091,0.6770170331001282,0.02845054880238203,0.6089580655097961,0.7495937728978931,0.844030499458313,0.17898539420241805,0.4655725955963135,0.7802169332303351,0.8965546488761902,0.1829330949060106,0.4176895022392273,0.742056104134179,0.8997087478637695,0.21286364630003551,0.4127112329006195,0.7244670753829446,0.8820465803146362,0.22555134663355633,0.4306846559047699,0.196316555528696,0.46033453941345215,0.2372570208738065,0.44684216380119324,0.2548077625245803,0.4214220345020294,0.23776391745265749,0.403637170791626,0.20559420457407981,0.3992706537246704,0.22232961571939722,0.40461015701293945,0.22103176632535473,0.37735456228256226,0.21937991519734693,0.3619098365306854,0.21403757878710009,0.3483510911464691,0.1948687815284034,0.406267911195755,0.1922827903495175,0.3778870403766632,0.19567715732876192,0.36062830686569214,0.1915772862287314,0.3448467254638672,0.17141715371421126,0.41244688630104065,0.19280975415036958,0.40456151962280273,0.20612174793369006,0.4192352294921875,0.20213619479870557,0.4268857538700104,0.15185972608574952,0.42094334959983826,0.17874849956002237,0.4159979224205017,0.18902650324440343,0.42624467611312866,0.17962421284359398,0.4316476285457611,0.75669401968889,0.8469012975692749,0.7070080126832264,0.8614082336425781,0.6862285129683509,0.8838139176368713,0.6763358796357203,0.9082005620002747,0.6721722570722928,0.9277389645576477,0.7355617135799879,0.91103196144104,0.7247114318443515,0.9405517578125,0.7050339631081071,0.9491077661514282,0.6895839408435318,0.9495798945426941,0.7676518095741641,0.910045325756073,0.7534994918139418,0.9411550164222717,0.7296478235669335,0.9442246556282043,0.7147246202135208,0.9415918588638306,0.7896480929017852,0.9053225517272949,0.7790781727154061,0.9326265454292297,0.7569095431020788,0.9355770349502563,0.7439259055776754,0.9327450394630432,0.803730863611029,0.8990199565887451,0.7987768677911681,0.9218505620956421,0.7805582933388883,0.9264314770698547,0.7686921175450516,0.9241513609886169
0.5206184167743071,0.37405070662498474,0.5453047223904713,0.35172632336616516,0.5624209169440005,0.35159292817115784,0.578507878470439,0.3516779839992523,0.4930067575601655,0.3531460165977478,0.4757802427519872,0.35376566648483276,0.45911061275415466,0.35476499795913696,0.6052540590840112,0.3628680408000946,0.43606766329401064,0.36753422021865845,0.5570933503681125,0.39821571111679077,0.49107692802258035,0.3999731242656708,0.7466730017625798,0.49876970052719116,0.31951360978558807,0.48232436180114746,0.7906481628349769,0.6769343614578247,0.08269596659437557,0.6089316010475159,0.7840219732870568,0.8438901901245117,0.22897608041722012,0.46566277742385864,0.8139213688419412,0.8965591192245483,0.23290505949914317,0.41784077882766724,0.7768214984799414,0.8996530771255493,0.2621707123906664,0.41282373666763306,0.7596259804227502,0.8818799257278442,0.2744522591561619,0.4308033585548401,0.24751425092227722,0.46015027165412903,0.28645737126058257,0.44659265875816345,0.30374049036289275,0.4212610125541687,0.28666290085377466,0.40370678901672363,0.25486939247210144,0.3991166949272156,0.27144539819252106,0.40449047088623047,0.27030116017455263,0.3770390748977661,0.26848263715187526,0.36150193214416504,0.26298680753114084,0.3477729558944702,0.24434828504476336,0.4063161015510559,0.24224973455578314,0.37774384021759033,0.24606434267128033,0.36055824160575867,0.24218992491581054,0.3445018231868744,0.22159483819412165,0.41271528601646423,0.2433850610078428,0.4042075276374817,0.25659531270120517,0.4192309081554413,0.25223336536572305,0.4267784059047699,0.20297021141031735,0.4214518964290619,0.2297977408834399,0.41581016778945923,0.24020465346225547,0.4264081120491028,0.23042179706211766,0.4318055212497711,0.7924401272778312,0.8480679392814636,0.7444723733368265,0.8621755838394165,0.7232888414765143,0.8839194178581238,0.7144295473614659,0.9077009558677673,0.709577146888776,0.9270724654197693,0.7686601243922296,0.910516083240509,0.7610662021890636,0.9404569864273071,0.7436752637063316,0.9488871097564697,0.7300269715637941,0.9496028423309326,0.799911471420276,0.909996747970581,0.7874517637837667,0.9416142106056213,0.7650186401757109,0.9443746209144592,0.7515173712588775,0.9412445425987244,0.8219616442593198,0.9056273698806763,0.8117103142363105,0.9337307214736938,0.7903928623223022,0.9360268712043762,0.7782474194725041,0.9325107336044312,0.8368270520082258,0.8993989825248718,0.8309469683459948,0.9225746393203735,0.8130169681847346,0.9266559481620789,0.8019057601104818,0.9240793585777283
0.5163488529120381,0.3740920126438141,0.5432993342323801,0.35172176361083984,0.5621548701921031,0.3515905737876892,0.5798054457990989,0.35167640447616577,0.4856811774585194,0.35313352942466736,0.46667579684746785,0.3537561297416687,0.4483101928046501,0.35476380586624146,0.6091113377137005,0.3628382682800293,0.42295008080957275,0.3675598204135895,0.5564116910797606,0.3982500433921814,0.48360316362499856,0.40001583099365234,0.7653185518931592,0.49872979521751404,0.29405080401390987,0.48227325081825256,0.8156755819134185,0.6768431067466736,0.03387224049293812,0.6089063882827759,0.806469731342148,0.8432038426399231,0.19516000251483456,0.4657217562198639,0.8393465395453049,0.8964308500289917,0.19940795299385553,0.41802698373794556,0.798303527386667,0.8994196057319641,0.2318250695978397,0.4129531979560852,0.7792238253793421,0.8813632726669312,0.24550129206201768,0.43089351058006287,0.21545555914319808,0.46033528447151184,0.2585226565687338,0.446791410446167,0.2772525013616761,0.4216093122959137,0.2590843898554347,0.40387770533561707,0.22453157019640918,0.39874833822250366,0.2430144136248977,0.40459293127059937,0.24142063257147864,0.37711232900619507,0.23899935236205538,0.36143773794174194,0.232843780609045,0.34778648614883423,0.21295297900264007,0.4062597155570984,0.2103263747897405,0.377754807472229,0.2139819639679468,0.3602605164051056,0.20966605031330388,0.3443921208381653,0.18760162894577753,0.4124518930912018,0.21169474916713782,0.40423744916915894,0.22591359148642426,0.41885992884635925,0.22120971006312812,0.4265757203102112,0.16671307131757038,0.42098501324653625,0.1968818784525976,0.4159083068370819,0.2077947174205935,0.42606958746910095,0.19663460570067692,0.4314224421977997,0.8143112783480236,0.8478603363037109,0.7607668412994787,0.8624189496040344,0.7375515819940387,0.8846946358680725,0.7304755802624537,0.9085010290145874,0.7268767498344532,0.9276040196418762,0.7889355421887845,0.9106670618057251,0.7833225515212444,0.9402776956558228,0.7648143915190644,0.9480456113815308,0.7508806611185025,0.9480031132698059,0.8237000440719378,0.90975421667099,0.8123021581614396,0.9405574798583984,0.788837687622173,0.9432685375213623,0.7749651357105622,0.9400383234024048,0.8481687257777533,0.9051933288574219,0.8383288365446907,0.9327036738395691,0.816112980970673,0.9354284405708313,0.8034215848539845,0.9322887659072876,0.8643084485872657,0.8989408016204834,0.8593930787880324,0.9222550392150879,0.8405669302140034,0.9269120097160339,0.8280068856312609,0.9247976541519165
0.536397927821799,0.37413689494132996,0.5609229428163973,0.35173460841178894,0.5781694300977347,0.3516097962856293,0.5942583561056647,0.3516998887062073,0.5082542944130075,0.35312679409980774,0.4908763916310089,0.3537510335445404,0.47407340953163907,0.35476693511009216,0.6209422540381,0.3628315329551697,0.4509186782336419,0.36760586500167847,0.572959696118947,0.39830201864242554,0.5063937611364671,0.4000765383243561,0.7638973884119604,0.49872153997421265,0.3331033539249755,0.4822610914707184,0.8115853857990464,0.6768465042114258,0.09561293339819035,0.608880877494812,0.8017738074896389,0.8431109189987183,0.24357706643273053,0.4658176898956299,0.8320759342996175,0.8964327573776245,0.24741007165398451,0.418142169713974,0.7942768559531285,0.8994227647781372,0.27702664937280136,0.41307005286216736,0.7766598839054429,0.8813574910163879,0.28969200859080185,0.43097931146621704,0.26221628888666465,0.4604434072971344,0.3015584635525593,0.4469788670539856,0.318971743344841,0.42149341106414795,0.302161324636703,0.4037160575389862,0.27031309145138877,0.3988315165042877,0.2860885112811042,0.4046791195869446,0.2842455071538031,0.3771364390850067,0.28224513021999736,0.36137765645980835,0.27645590735605186,0.34752893447875977,0.2587256509681304,0.40622448921203613,0.2565373048946023,0.3779204487800598,0.2603228928818532,0.3605908453464508,0.2564387167097893,0.3444616496562958,0.2358308822652166,0.4121841788291931,0.2590791377715798,0.4042772650718689,0.2720391637589153,0.4192820191383362,0.26745113027315076,0.4267427325248718,0.21722756800790619,0.4204769730567932,0.2454218057687442,0.41584521532058716,0.25496049594878073,0.42632976174354553,0.24455129759379002,0.4314301013946533,0.8104045231514985,0.8477165699005127,0.7626357854406433,0.8620491623878479,0.7417321156167862,0.884688138961792,0.7334556658316755,0.9082605838775635,0.7288355486909396,0.9271548986434937,0.7874319887683228,0.9110124707221985,0.7792733207011315,0.9402860403060913,0.7610898915398439,0.947685182094574,0.7474103559479718,0.9474266171455383,0.8184482424945867,0.910000741481781,0.8066185810400205,0.9405704140663147,0.7839843061185306,0.9434390068054199,0.7706054928202762,0.93985915184021,0.840197490147813,0.9051931500434875,0.8308314709408899,0.9330009818077087,0.8093323766416575,0.9358500242233276,0.7968985084308848,0.9325549602508545,0.8543434073467205,0.8986524343490601,0.849265832529471,0.92223060131073,0.8313774596741681,0.9267122149467468,0.819748586656344,0.9244633913040161
0.5072425148865529,0.3741728663444519,0.5321936383619982,0.3517313599586487,0.54994473539789,0.3516078293323517,0.5664741970256195,0.3516986072063446,0.47800590256099945,0.3531191647052765,0.46008242551091,0.3537466526031494,0.44277504942469004,0.35477158427238464,0.593873255160513,0.36280205845832825,0.4189377099851763,0.3676556944847107,0.5448076579424497,0.39833560585975647,0.47624654061520694,0.4001213014125824,0.7411268874027707,0.49857598543167114,0.29759059676946814,0.4820860028266907,0.7924474527710474,0.6767763495445251,0.0534293366217896,0.608977198600769,0.7803531602086712,0.8428163528442383,0.20593809984855124,0.46589699387550354,0.8119960969683054,0.8963936567306519,0.20963995245528247,0.4182495176792145,0.7726154072314878,0.8994234204292297,0.24037963397248224,0.41316166520118713,0.7544252530890474,0.8813199996948242,0.2536322356981096,0.43104252219200134,0.2254437856782889,0.46054333448410034,0.2655045220405523,0.44705456495285034,0.28285853655800725,0.42169511318206787,0.26615465448471365,0.40402835607528687,0.23345226017428183,0.3987201750278473,0.2501035282673384,0.40472412109375,0.24865132411475782,0.37722495198249817,0.2463642920430703,0.36155182123184204,0.2400598692283271,0.34775951504707336,0.22200551308058433,0.40638867020606995,0.2199431106405874,0.3778412938117981,0.2232048494888125,0.36050552129745483,0.21856049977211534,0.3443359136581421,0.19834948054249674,0.4124853014945984,0.22261283290232292,0.40414005517959595,0.2350094007971412,0.4194837510585785,0.22907068886857448,0.4268847703933716,0.1788487136098034,0.4207686185836792,0.20852485671347257,0.4157068431377411,0.2178011313772957,0.4265996217727661,0.20561695052596882,0.43166545033454895,0.7897116715438204,0.8475104570388794,0.7401114084351769,0.8612928986549377,0.7192551392221668,0.8844872713088989,0.7101014726217076,0.9087728261947632,0.7035070899352703,0.9281654953956604,0.7663452345146828,0.9102479815483093,0.7571280959242147,0.9394427537918091,0.7382265599603426,0.9478968381881714,0.7232131388379466,0.9485225081443787,0.7977854398435423,0.9095525741577148,0.7847683621956518,0.9399908781051636,0.7615627548817263,0.9439393877983093,0.7466820346707037,0.9415439367294312,0.8198105847393802,0.905026376247406,0.8097315825141986,0.9323102235794067,0.7878618018924125,0.9359512329101562,0.7744438523535472,0.9336990118026733,0.8342059737753633,0.8989890813827515,0.828813259418716,0.922113299369812,0.8107215560897109,0.9274062514305115,0.7984808625767859,0.9262295961380005
0.49557907513273575,0.3743790090084076,0.5175127761296175,0.35179561376571655,0.53328625370736,0.35166841745376587,0.547937865457415,0.35175010561943054,0.46935139738325027,0.3531622290611267,0.45336040529319466,0.35379496216773987,0.4379503262352048,0.35483017563819885,0.5722148424912188,0.3627976179122925,0.4167236688384191,0.36774230003356934,0.5287294914452401,0.3985292315483093,0.46787769365526755,0.40030065178871155,0.7031239294280627,0.4985656142234802,0.30865690872858886,0.48196855187416077,0.7494943836391493,0.6767505407333374,0.09191894945435324,0.6092119216918945,0.7381287727261447,0.8425284624099731,0.2280128770698081,0.46594446897506714,0.7666161467959705,0.8963211178779602,0.2309264122345901,0.4182876646518707,0.7316263938302895,0.899426281452179,0.2583638100431024,0.41321009397506714,0.7153073974979798,0.8812721371650696,0.27037046863896413,0.4310970902442932,0.24430531959832189,0.4602893590927124,0.2798595999561654,0.44691202044487,0.29552006195433767,0.4217977225780487,0.2806703329218156,0.4039109945297241,0.2514978059486816,0.39872026443481445,0.2663510646941472,0.40494465827941895,0.2646798913374484,0.37714487314224243,0.2627260495010739,0.361256867647171,0.2569820407650909,0.34732478857040405,0.2413058083980789,0.40645402669906616,0.23996943964802087,0.37809714674949646,0.2431484804680739,0.3607160151004791,0.23904400720304755,0.3445690870285034,0.22031858859308176,0.41238823533058167,0.24205507902274798,0.4045923054218292,0.2528890957368345,0.4195948541164398,0.24761719420272935,0.42689594626426697,0.20328105280659364,0.42061418294906616,0.2296028670288042,0.41611436009407043,0.23776492342727593,0.4267048239707947,0.22722422909707105,0.43163639307022095,0.7452506972003201,0.8483604192733765,0.7018139201856751,0.862694263458252,0.6832597412275051,0.8854262232780457,0.6755800573428665,0.9092233777046204,0.6718480173674208,0.9283082485198975,0.72595825773125,0.9105322360992432,0.719975426674542,0.9405694603919983,0.7028972506151712,0.9486697912216187,0.6894068820408719,0.9488420486450195,0.7542323594208323,0.9094839692115784,0.7440123832281814,0.9407193660736084,0.7230258758423105,0.9434192776679993,0.7101884717798889,0.9399220943450928,0.7737353511243911,0.9046673774719238,0.7655686316189113,0.9324926137924194,0.7458767840815264,0.9349578022956848,0.7344149965864807,0.931306779384613,0.7861370785084352,0.8983575105667114,0.7819054384293767,0.921686589717865,0.7654795144627574,0.9260503053665161,0.7547884349315428,0.923525869846344
0.4267849676611735,0.3744889497756958,0.45059717985335357,0.35185128450393677,0.46775057899749717,0.35173144936561584,0.48366552858194517,0.3518171012401581,0.39825519591781694,0.35317522287368774,0.38086488945280855,0.3538067042827606,0.3640986289653543,0.3548484444618225,0.5100202363353008,0.3628021478652954,0.3410325059160223,0.36779317259788513,0.46279333201874945,0.3986400067806244,0.3966581125929798,0.4003807604312897,0.6522839974863941,0.4986262917518616,0.22330892261952853,0.4818641245365143,0.7031946487627609,0.6767081022262573,-0.011899893812404699,0.6093600988388062,0.690318461382215,0.842237651348114,0.13655287754454662,0.4659701883792877,0.7214985897887155,0.8962545394897461,0.13928832658764462,0.4183417856693268,0.6834565245884817,0.899435818195343,0.1692426038926891,0.4132612347602844,0.6656145035704996,0.8812451362609863,0.18261498753351316,0.4311426281929016,0.1537035317732079,0.4602758288383484,0.19210120429330763,0.4472334384918213,0.20911897645964192,0.4217662215232849,0.19288702432820204,0.4035627543926239,0.16126341611517495,0.39830923080444336,0.17764338253531906,0.40517672896385193,0.17580439473579026,0.3771560788154602,0.1739340515555588,0.3612671196460724,0.16774852528088985,0.3473260700702667,0.15032577250723067,0.40656980872154236,0.14819726650675802,0.3780863881111145,0.15167405387744606,0.36073437333106995,0.14719206438061722,0.3446753919124603,0.1274017164297244,0.4124046862125397,0.15128307937732619,0.4048163592815399,0.1629896160413568,0.41985148191452026,0.15697948282776775,0.4272517263889313,0.10896061760771066,0.42053502798080444,0.13782050062904874,0.4162578880786896,0.1465787165351996,0.4267399311065674,0.1348683792189626,0.4316699802875519,0.6974325784880868,0.8485075235366821,0.6512388181296379,0.8627313375473022,0.632076140852385,0.8854926228523254,0.6234712531097824,0.9090889692306519,0.6185417368156516,0.9278567433357239,0.6768419821004049,0.9109265804290771,0.6712454513440534,0.9404489994049072,0.6551246330984262,0.948634922504425,0.6424036390163077,0.9491807818412781,0.7074160472448834,0.909829318523407,0.6973130690909304,0.9404462575912476,0.6763555690004358,0.943899393081665,0.6629389851821005,0.9414981007575989,0.7287542459980509,0.9049776792526245,0.7203739486478665,0.9319097995758057,0.7006834733910638,0.9354126453399658,0.6885075913707687,0.9333246350288391,0.7427588047892039,0.8985983729362488,0.7388604617446242,0.9214122891426086,0.722422359422212,0.9265385270118713,0.7108452208893192,0.9252543449401855
0.5889743687827297,0.37454062700271606,0.612600761435439,0.3518800735473633,0.6296416881761817,0.3517604172229767,0.645424232733233,0.35184672474861145,0.5606214473890613,0.35318270325660706,0.5433007249538151,0.35381293296813965,0.5266017901297314,0.35486212372779846,0.671533305804519,0.36280176043510437,0.5038442937170295,0.36783742904663086,0.624691693053654,0.39871957898139954,0.5590460425749777,0.4004535675048828,0.8127456200983013,0.4986751079559326,0.38669912363116454,0.4818631708621979,0.8639458574910748,0.6766883134841919,0.15339192727989232,0.6094838380813599,0.8502376844084997,0.8418734669685364,0.30142527436747757,0.4660259783267975,0.8814710836191583,0.8962302207946777,0.30418963627280726,0.4184119701385498,0.8436760353542031,0.8994633555412292,0.3338745555920559,0.41331997513771057,0.8259497278969945,0.8812274932861328,0.3472624233688416,0.4311790466308594,0.3183030800786365,0.4600366950035095,0.3562249304113328,0.44701749086380005,0.3732049879689104,0.4216453731060028,0.35682936174938384,0.4034126102924347,0.3254539693667519,0.3982473611831665,0.3416661253359077,0.40471765398979187,0.3397060538249999,0.3767659366130829,0.33773494693722456,0.3608762323856354,0.3315469292028845,0.3469250500202179,0.31450533894264654,0.40613704919815063,0.3129292706090677,0.37776216864585876,0.31610829727682044,0.3603782057762146,0.31140614414679035,0.3442656099796295,0.2918607805324439,0.4120919704437256,0.3156238931232437,0.4045264720916748,0.3273593529024235,0.4194749891757965,0.3217485971289099,0.4269259572029114,0.273680590818438,0.4204197824001312,0.3025460635611112,0.41649773716926575,0.3109922476700986,0.42695000767707825,0.2993678750232472,0.4318566620349884,0.8569768773108811,0.8490554690361023,0.8111345249197915,0.864220917224884,0.7922240796181969,0.8870735764503479,0.784286360975007,0.9103882312774658,0.7808124522747547,0.9289796352386475,0.8374147860208399,0.9115310907363892,0.8328558483355375,0.9406315088272095,0.8172602067436612,0.9482999444007874,0.8049579965493421,0.948322594165802,0.8677495703025216,0.9099982976913452,0.8589111414056333,0.9399898648262024,0.8386859496853336,0.9433633685112,0.8256500964617924,0.9407093524932861,0.888942522667614,0.9047657251358032,0.8814024966566014,0.9315277934074402,0.8619777189799885,0.9349614977836609,0.8499289033886795,0.9326322078704834,0.9026712997766191,0.8981487154960632,0.8992678638311731,0.9207482933998108,0.8831969327482594,0.9255847334861755,0.8720134164228522,0.9239152669906616
0.4760048122124332,0.37459346652030945,0.501135868708399,0.3519039452075958,0.5192838569971593,0.351776659488678,0.5360192832436013,0.35185596346855164,0.44584169370037885,0.3532131314277649,0.42741189835608007,0.35384827852249146,0.4096483645353946,0.35491693019866943,0.5637202003129559,0.36280208826065063,0.3854721331571273,0.3679622709751129,0.5139628230247657,0.39882317185401917,0.4441734597845928,0.4005681574344635,0.7138634801639928,0.4989437460899353,0.2609077346618851,0.48200154304504395,0.7686420050598499,0.6766539812088013,0.01246261027511503,0.6095054745674133,0.7533205515615767,0.8411120176315308,0.17050413519189173,0.4660583436489105,0.786779375930894,0.8959161043167114,0.17427602852134436,0.4184114336967468,0.7466067054287706,0.8993639945983887,0.2053837630956008,0.41333818435668945,0.727779053910818,0.8809030652046204,0.21943702915819366,0.43118348717689514,0.18737417247553334,0.4601735472679138,0.22774044379370648,0.4474613666534424,0.2457541180359725,0.42184141278266907,0.22945263233388427,0.403236448764801,0.19589383346837874,0.3979456424713135,0.21205981716115127,0.4045291543006897,0.20954519685895742,0.37657472491264343,0.2075666819037575,0.36057156324386597,0.20065103058666636,0.3465127944946289,0.18342753723982072,0.4057624042034149,0.18310210967443405,0.3771885335445404,0.18654735035184045,0.3596538305282593,0.18098144754288625,0.3435186743736267,0.15926077244028644,0.41159969568252563,0.1851387976840443,0.4040345847606659,0.19787865947606734,0.41936981678009033,0.19185208695927797,0.42706677317619324,0.14002091638522793,0.41983065009117126,0.17167004645341735,0.4160570800304413,0.1805369638284926,0.42674821615219116,0.1678138077636455,0.43174758553504944,0.7610276831084242,0.8482553362846375,0.7111405208819963,0.86273592710495,0.691556508285195,0.8854259848594666,0.6835379819837887,0.9092337489128113,0.6792936135659632,0.9284990429878235,0.7420135214275122,0.9115368127822876,0.7380816614793907,0.9402778744697571,0.7206999834581084,0.9478937983512878,0.7067305058982623,0.9474919438362122,0.7742122884817081,0.9100173115730286,0.7647459324917231,0.939314067363739,0.7430872170750268,0.9428781867027283,0.728546032407383,0.9407832622528076,0.796128643335295,0.9048254489898682,0.7881811720601435,0.9306396842002869,0.7676297864883427,0.9347628355026245,0.7541280692894219,0.9332126379013062,0.8098672848694082,0.8981496095657349,0.8066758227497229,0.9202069044113159,0.7897980637077423,0.9255624413490295,0.7773475451104059,0.9242933392524719
0.5874583915743037,0.3746024966239929,0.6114386953868628,0.3519020974636078,0.6288490888824867,0.35176995396614075,0.6448191796081085,0.3518475890159607,0.5585338706333758,0.35321667790412903,0.5408262853080685,0.35386228561401367,0.5238352357228877,0.3549540638923645,0.6711543316589226,0.3627997040748596,0.5010767362979154,0.36809495091438293,0.623776764493565,0.3988415598869324,0.5569892458744952,0.4006376266479492,0.8152361493223349,0.4990280270576477,0.3822317653834433,0.48211318254470825,0.8675392882317086,0.6765671968460083,0.1449010662307784,0.6096493601799011,0.8522278829282214,0.8405186533927917,0.29584450940224943,0.4662701189517975,0.88428603365537,0.8957657814025879,0.29966954265196905,0.4184880256652832,0.8459696270204675,0.8993390798568726,0.3292693738919546,0.41342344880104065,0.8279900884846007,0.8807623982429504,0.3426677485818498,0.4313071370124817,0.3104144948214739,0.46067655086517334,0.3504133815379715,0.4474071264266968,0.36779672859203427,0.42173242568969727,0.35197962927110155,0.4033263921737671,0.32054127805993754,0.39830175042152405,0.33560930083687335,0.4053051471710205,0.3334876971405217,0.3771970272064209,0.3313627968267845,0.36096230149269104,0.32474591857397966,0.3468381464481354,0.3083120682219565,0.40655389428138733,0.30713942951516293,0.3781138062477112,0.31043076522340907,0.3603077828884125,0.3056550300566917,0.34399011731147766,0.2849332375685181,0.4123956263065338,0.30826814877098113,0.4048967659473419,0.3200416810122803,0.4198601543903351,0.31452083942142817,0.4274961054325104,0.2657052381259898,0.42058855295181274,0.29350968900079927,0.416055291891098,0.3029685350199494,0.42631638050079346,0.29243261675068827,0.43143078684806824,0.8585627054333174,0.8485239744186401,0.810001617179044,0.8628542423248291,0.7917775617966651,0.8853768110275269,0.7851270438675281,0.9092995524406433,0.780984365581335,0.9284380674362183,0.839580924317242,0.9114862084388733,0.8365571108822092,0.9395937323570251,0.8225353564789537,0.9475295543670654,0.8112720555349425,0.9481834769248962,0.8706030864453533,0.9097728133201599,0.8630008031742553,0.9382798075675964,0.8442926058536828,0.9432107210159302,0.8309596672465162,0.9427955150604248,0.8922896535075361,0.904547929763794,0.8852156088631011,0.9294748902320862,0.8673531888631687,0.9349332451820374,0.8552272375891032,0.9352126121520996,0.9062534866978023,0.8978843688964844,0.9037827251385712,0.9194412231445312,0.888893286860436,0.9256190657615662,0.8773841220649596,0.9254453778266907
0.5007461624571112,0.3746255040168762,0.5221023957585121,0.3519075810909271,0.5376090788206253,0.3517720103263855,0.5518235067327022,0.35184866189956665,0.47497365096784505,0.35323023796081543,0.4591594323893693,0.3538805842399597,0.44400383975049285,0.3549822270870209,0.5751760697222158,0.3628033995628357,0.42380790285591047,0.36814993619918823,0.5330709100165661,0.39889949560165405,0.4735166446483289,0.40070122480392456,0.7036073704674407,0.4991696774959564,0.3177691581419477,0.4824545383453369,0.7505832943457281,0.6762014627456665,0.10670668741334717,0.6101109385490417,0.7363633747280018,0.8397493362426758,0.24105971960946918,0.4665491580963135,0.7650243971427103,0.8953906297683716,0.24472423379238356,0.4185361862182617,0.7309410413144001,0.89915931224823,0.27088397365298117,0.41348379850387573,0.7149546861691918,0.8804124593734741,0.2828055513334082,0.43148669600486755,0.2537738703488965,0.4603777527809143,0.2890737021015874,0.44705915451049805,0.30511364871916674,0.4215576946735382,0.2912791269042221,0.40338611602783203,0.2628546581322823,0.3983599543571472,0.27615585326870723,0.4048258066177368,0.27480000164232965,0.3766600489616394,0.27365715875978747,0.36061951518058777,0.26820541000328235,0.34653595089912415,0.2523308142241907,0.40618014335632324,0.2510601155969045,0.37779560685157776,0.25401645224326874,0.3601897358894348,0.24935026988683204,0.3438003659248352,0.2316612966211702,0.41208910942077637,0.252515954139932,0.40454214811325073,0.2632083050391833,0.41977277398109436,0.25773354792969916,0.4271032512187958,0.21456769999556016,0.42033815383911133,0.23952901712506114,0.4159019887447357,0.24763584775538508,0.4264894127845764,0.23727000085005534,0.4315120279788971,0.7437887919964344,0.8487194180488586,0.7007101485606236,0.8631864190101624,0.6831796772821511,0.885323166847229,0.6761029517609245,0.90895015001297,0.6723932099102199,0.9287065863609314,0.7250239494079308,0.9114168286323547,0.7217246336506971,0.9390352964401245,0.7097437518615626,0.9477061033248901,0.6996876813409927,0.949022650718689,0.7522771383617534,0.9099516868591309,0.7460357202067063,0.9375353455543518,0.7304382661937456,0.9429836869239807,0.7181824203838238,0.9429840445518494,0.7715192543573214,0.9048512578010559,0.7662152135458674,0.9287557601928711,0.7509760459842356,0.9345990419387817,0.739770630906619,0.9354304075241089,0.7840437518826864,0.8980464339256287,0.7817296607435537,0.9185512065887451,0.7689197838935837,0.9248776435852051,0.7589421753284404,0.9251261353492737
0.4804888485696659,0.3746170997619629,0.5025500540514716,0.3518853783607483,0.5185756399547137,0.3517502546310425,0.533234419818736,0.3518313467502594,0.45385182549972714,0.353207528591156,0.4374645452596341,0.3538595139980316,0.4218262145551827,0.3549725413322449,0.5572306313918003,0.36279481649398804,0.40112728904914513,0.36815884709358215,0.5138388377787707,0.39890050888061523,0.4522430867162867,0.40070652961730957,0.6898401877661453,0.499569833278656,0.2916101968298507,0.48263320326805115,0.738250050721279,0.676164984703064,0.07400623216121761,0.6105358004570007,0.7233257635091579,0.8397116661071777,0.21260994090688992,0.4667307436466217,0.7530621957569406,0.8953938484191895,0.2165986075873804,0.4185681939125061,0.7179288073014076,0.899194061756134,0.2434461414502379,0.4135236144065857,0.7015001086964897,0.8804148435592651,0.25569712068113304,0.43158793449401855,0.22536464820684193,0.4600875675678253,0.2619441302160196,0.446541965007782,0.2781061166933586,0.42142558097839355,0.263837750504061,0.4033929407596588,0.23516741784961961,0.39807969331741333,0.2478344041787869,0.4046122133731842,0.24609929379638018,0.37632882595062256,0.2449671592628936,0.3599866032600403,0.23948938514516283,0.34574371576309204,0.22372240352921544,0.4060351550579071,0.22348525734130714,0.3775898218154907,0.22696710260002192,0.359768807888031,0.2226047914727036,0.3434222340583801,0.2025348911016395,0.4118873178958893,0.22348695054490061,0.4044727385044098,0.2347355206868549,0.4191919267177582,0.23015113939593168,0.4266113340854645,0.18491865438796032,0.42014575004577637,0.21002047906514812,0.4155583381652832,0.21898338716395793,0.42579033970832825,0.20994692239365495,0.43111225962638855,0.7304282315980367,0.849298894405365,0.6873989789236548,0.8633548021316528,0.6696448275211268,0.8852819204330444,0.6624113315233995,0.9087128639221191,0.658774134834984,0.9282617568969727,0.7122549471829102,0.9111730456352234,0.7087236408423015,0.9393090605735779,0.6956031364429452,0.9477702379226685,0.6847095855082908,0.9488075971603394,0.7403242902464929,0.9098824262619019,0.7331475165691469,0.9384592175483704,0.715591079247764,0.9433382153511047,0.7023588885344539,0.9422730803489685,0.75993796993394,0.9048604369163513,0.7539683852955218,0.9297233819961548,0.7370734044702488,0.9349375367164612,0.7248073817766578,0.9348549246788025,0.7726545150298239,0.8981024622917175,0.7699171258049066,0.9192707538604736,0.7557894908835122,0.9251702427864075,0.7448470324142924,0.9248444437980652
0.5371684700656485,0.37453651428222656,0.5611807821189324,0.35182344913482666,0.5786317819086565,0.35169923305511475,0.5945830531809955,0.3517918288707733,0.5082002144058477,0.3531107008457184,0.49032148013585813,0.35375112295150757,0.4732948482335558,0.35488206148147583,0.6206049022216811,0.36277472972869873,0.4507081642172729,0.36813899874687195,0.5734429763908038,0.3988608121871948,0.5063186433843316,0.4006590247154236,0.7649799251307217,0.49961528182029724,0.3308912666560524,0.4827285706996918,0.8176342877161472,0.6759840846061707,0.09476569162272562,0.6108050346374512,0.8010772423588324,0.8395330309867859,0.2456119615772982,0.46690744161605835,0.833032799881346,0.8953998684883118,0.25006348326234856,0.4185892939567566,0.7952638098360781,0.8992377519607544,0.2791978359817188,0.4135487675666809,0.7776235720907104,0.8804143071174622,0.2925216410096229,0.43166670203208923,0.25854832492560464,0.45986810326576233,0.29840407096676624,0.4463033974170685,0.3155829437412493,0.4209238886833191,0.3003184928468744,0.40281516313552856,0.2684039723192363,0.39739036560058594,0.28311123437904484,0.4043308198451996,0.2821950249960469,0.37610238790512085,0.28145844991963265,0.35994625091552734,0.2761192462962085,0.3456934094429016,0.2567688148239862,0.4057789742946625,0.25556594891978957,0.3772168755531311,0.25928511262893533,0.35939550399780273,0.25460359949592115,0.34291353821754456,0.23376945740068658,0.41184040904045105,0.2568907917983917,0.4036279618740082,0.2691537302644706,0.41872891783714294,0.26352531859685036,0.4263790249824524,0.2146465367290695,0.42024919390678406,0.24217172894471994,0.41500356793403625,0.25232530208612225,0.42545199394226074,0.24195697575910194,0.4308505058288574,0.8099028895313439,0.8494325876235962,0.7626637092541552,0.863582193851471,0.7435467775740182,0.8854196071624756,0.7361830822034018,0.9089951515197754,0.7295482719023879,0.9284359812736511,0.7885005020018875,0.9114969968795776,0.7845647777783339,0.93887859582901,0.7715930474862572,0.9475864171981812,0.7609689309787434,0.949156641960144,0.8184205111775533,0.9101422429084778,0.8120417036839493,0.9379836916923523,0.7951177351444746,0.9430287480354309,0.7818104087025957,0.9429476857185364,0.8399744308228023,0.9052056074142456,0.8341701412574556,0.9294873476028442,0.8177470508575063,0.9345505237579346,0.8059441307251745,0.9349080920219421,0.854485934368196,0.8986777067184448,0.8518076857285481,0.9197091460227966,0.8371187095835546,0.925362765789032,0.8261642417235109,0.9250609278678894
0.500451055595928,0.3742890954017639,0.5239716725966734,0.3516203463077545,0.541075359941978,0.3515111207962036,0.556712784798565,0.35162487626075745,0.4720681749592037,0.3529044985771179,0.4545240671960035,0.3535420596599579,0.4378342722648676,0.3546984791755676,0.5820780702888343,0.3626876473426819,0.41568370165555274,0.3680272698402405,0.5359598997049827,0.3986899256706238,0.4701297556711685,0.40049678087234497,0.7236944848232613,0.4999290108680725,0.2977329053569022,0.48297038674354553,0.7751672149028301,0.675966739654541,0.06724931029564445,0.611299991607666,0.7587871448319614,0.8393629193305969,0.21475004578241377,0.4674338698387146,0.7895491429547602,0.8953857421875,0.21921411158234502,0.41885489225387573,0.7530929296654892,0.8992167711257935,0.247684006849095,0.41361671686172485,0.7359795894601897,0.8803390264511108,0.2607372083059753,0.4318199157714844,0.2261053855557354,0.4597049355506897,0.26563311806186424,0.44658854603767395,0.28268010353532846,0.4207334816455841,0.2674448348818373,0.4019370377063751,0.23589786479535468,0.3965907394886017,0.251586748423569,0.40405404567718506,0.25041135646786233,0.37560492753982544,0.24940186870300277,0.35921794176101685,0.2443253324086486,0.3448774814605713,0.22522576000807307,0.4053395390510559,0.22443814913302376,0.3768615126609802,0.22883707548924861,0.35896509885787964,0.22539242809431548,0.34253424406051636,0.20247563568101912,0.4112744629383087,0.2247211376544562,0.4031812250614166,0.23682311573162587,0.4181022346019745,0.23182237869399402,0.42582035064697266,0.1836585656866245,0.4196318984031677,0.21096029128140495,0.414983332157135,0.22011231367711978,0.425205796957016,0.20957437669926332,0.4303780794143677,0.7678518748175068,0.8490802049636841,0.7221447494013504,0.8640298247337341,0.7028338904789447,0.8864507079124451,0.6958600810803464,0.909771203994751,0.6885281436314347,0.9284988641738892,0.7472578799661422,0.9114847779273987,0.744236326452639,0.9376587867736816,0.7341726296251783,0.9458385705947876,0.7265220089063638,0.9475107789039612,0.776178542961142,0.9099285006523132,0.7708648171465541,0.9361346364021301,0.7566454599237463,0.9414457678794861,0.7452625157486408,0.9421451091766357,0.7971890691380407,0.9050161242485046,0.7919161075595462,0.9283649325370789,0.7775993883963586,0.9337947964668274,0.7672306889710742,0.9352186918258667,0.8114868298064183,0.8986220955848694,0.8092982694989476,0.9193910956382751,0.7964171875636306,0.9250359535217285,0.7864783529107796,0.9253240823745728
0.5396142666144865,0.3742363154888153,0.5639799066412674,0.35155895352363586,0.5817164904580661,0.35145455598831177,0.5979211380268775,0.3515799343585968,0.5101906670654878,0.3528296649456024,0.49198458988797444,0.35345906019210815,0.4746780870407543,0.354623407125473,0.6239750681163454,0.3626563549041748,0.45171488026350515,0.3679693341255188,0.5762790202032987,0.39863622188568115,0.5080973112038524,0.400438129901886,0.7712867084771504,0.5000564455986023,0.32909918816094985,0.4831644594669342,0.8242183056273619,0.6759774684906006,0.09114626479328995,0.6115809679031372,0.8071852419906101,0.8393722772598267,0.2433578011916778,0.467914342880249,0.8372406635615337,0.8955892324447632,0.2480923631482698,0.419094979763031,0.8004600123476449,0.8994327783584595,0.27749170338071516,0.4136340022087097,0.7831657831309065,0.880557656288147,0.2910034228399007,0.43186068534851074,0.25506284944256225,0.46014705300331116,0.29519211418099134,0.446647047996521,0.312923982908074,0.4208930730819702,0.2971993746639983,0.4022572636604309,0.26478154917322533,0.3965184986591339,0.28229382429453365,0.4039921760559082,0.28092655625608887,0.37534958124160767,0.2802434081430586,0.3591708838939667,0.2756072151955768,0.34503108263015747,0.25460152650448487,0.40532752871513367,0.2538011130304297,0.3763047754764557,0.2584883081315555,0.35852813720703125,0.2555050960634686,0.34249719977378845,0.23053124545639342,0.4113699197769165,0.2528283288338612,0.40292438864707947,0.2651558769063926,0.4179666042327881,0.2604847347061314,0.4260513484477997,0.2107680368950067,0.4198257029056549,0.23906624171006874,0.4147951900959015,0.24824472173427914,0.42490461468696594,0.23747617668428694,0.4302093982696533,0.8162811899482674,0.8495907783508301,0.7681278863119363,0.8644784092903137,0.7473375800396207,0.8862181901931763,0.7404197875723818,0.909375786781311,0.7351229061758597,0.9282181262969971,0.7931224689165408,0.9100499749183655,0.7883903184943837,0.9376160502433777,0.7762155969175281,0.9469741582870483,0.7655605739512291,0.9489457011222839,0.8246500062842472,0.9087727665901184,0.8171969971446816,0.9372010231018066,0.8004993167596274,0.9433006644248962,0.7867696233819744,0.943700909614563,0.8471754655719983,0.9041334986686707,0.8407531534484883,0.9295341968536377,0.8241995172546009,0.9358606934547424,0.8113918938642825,0.9369298815727234,0.862390376217095,0.8979684710502625,0.8589178386170457,0.9197309017181396,0.8441724213326638,0.9263559579849243,0.8323186138008967,0.9271635413169861
0.48225784154449086,0.37421900033950806,0.5072288172598958,0.3515196740627289,0.5256088059674907,0.35142263770103455,0.5423541699109188,0.3515642285346985,0.45176924628609205,0.3527907729148865,0.43297785449326553,0.3534240126609802,0.41516921977717886,0.3545948266983032,0.5685122493586804,0.3626520037651062,0.39159062245454107,0.36795157194137573,0.5197413657373884,0.3986390233039856,0.449497416310242,0.40043848752975464,0.7206900390007697,0.5001817941665649,0.26491652039974706,0.483226478099823,0.7728500703697669,0.6758871674537659,0.020535570933324573,0.6117933392524719,0.7568643340304334,0.8393309712409973,0.17677232362326012,0.46823763847351074,0.7866028786942106,0.8955710530281067,0.1817061539105075,0.41966456174850464,0.7497351042421615,0.8993539810180664,0.21181627169376224,0.4136967658996582,0.7322488955116673,0.8804620504379272,0.22578886867359318,0.4318883419036865,0.18764679515875263,0.45986393094062805,0.22986967695428795,0.44630318880081177,0.24877885111555623,0.4202784597873688,0.23288650917868076,0.4016548991203308,0.19869064612922774,0.39641493558883667,0.21627099166601507,0.4032112956047058,0.2156733194585519,0.37448644638061523,0.2155160783262735,0.3586762845516205,0.21051803010728826,0.3446122705936432,0.1873609696822315,0.40444135665893555,0.1867107724034336,0.37597036361694336,0.19269053833378952,0.3586626350879669,0.18980581687185627,0.34251222014427185,0.16282986823913503,0.410407155752182,0.187030934057329,0.4032963812351227,0.19941252249830646,0.4183732867240906,0.19309685595275058,0.4256564974784851,0.14319039142525944,0.41880059242248535,0.1727713608750325,0.4148229956626892,0.1819798782045162,0.42510896921157837,0.16946536235686052,0.42980313301086426,0.766200953141667,0.8503537178039551,0.7161431124721949,0.8647595643997192,0.6961118691545266,0.8865839838981628,0.6893300843610907,0.9100190997123718,0.6816531090232674,0.928952157497406,0.743008628534442,0.9115551114082336,0.7357780606226763,0.9410502314567566,0.7177423245734265,0.9491823315620422,0.7032425837504687,0.9494031071662903,0.7762219943484976,0.9098526239395142,0.7661673964883196,0.9400157332420349,0.7438419025989805,0.9443486928939819,0.7281797800913757,0.9422135353088379,0.7996725270095771,0.9044890403747559,0.7918394983856116,0.9312151670455933,0.7709698584169425,0.9361012578010559,0.756657054879668,0.934800922870636,0.8147877206118492,0.8976079225540161,0.8114650922477705,0.9205911755561829,0.7936772448390672,0.9265851974487305,0.7807301673968791,0.9260056018829346
0.5121435127033016,0.37417784333229065,0.5334627108179852,0.3514556884765625,0.5491772333377871,0.35135748982429504,0.5634778267239744,0.35151049494743347,0.4861058491955536,0.3527437746524811,0.4700566122409377,0.35337576270103455,0.4548551621224457,0.35454902052879333,0.5855700573048925,0.3626054525375366,0.43473602843430564,0.36786866188049316,0.5440668622956254,0.3985893130302429,0.4840972772646473,0.400390625,0.7157993978099754,0.5001842975616455,0.32642648890122333,0.48321548104286194,0.7593932423852817,0.6758179664611816,0.11818392547342323,0.6122714281082153,0.7459484882567415,0.8393310308456421,0.25105255809132404,0.46889930963516235,0.7711772955332105,0.8955596685409546,0.25539481054652724,0.42075762152671814,0.7400983089127406,0.899307131767273,0.28077467998267497,0.4140346944332123,0.7251819271971514,0.880437970161438,0.2927812843081368,0.43214207887649536,0.2590306373765211,0.46016693115234375,0.29650029835890657,0.4467892348766327,0.3123806880811092,0.4204266667366028,0.298537782921424,0.4015478491783142,0.2696899828142874,0.39654555916786194,0.28432503701571316,0.40409788489341736,0.28320191442789777,0.37491723895072937,0.2831363220651747,0.35877588391304016,0.2785633392011274,0.34463566541671753,0.2598596563640552,0.40494734048843384,0.25993580564160995,0.3760705292224884,0.26539103590160706,0.35837140679359436,0.26293301838040356,0.34223252534866333,0.2387614560070044,0.4103703498840332,0.25928134032693867,0.4030088484287262,0.27000317128762774,0.41821640729904175,0.2650188491745076,0.42603012919425964,0.2216700803652866,0.41827571392059326,0.24718634957940244,0.41450241208076477,0.25534522791950987,0.424497127532959,0.24570140696463766,0.429423063993454,0.7535035617923911,0.8493452072143555,0.7105771805350022,0.8638021945953369,0.6940650244501388,0.8861767649650574,0.6873951466380047,0.909765362739563,0.6830170387153102,0.9286180734634399,0.736083891461365,0.9115548729896545,0.7319604809974027,0.9403778910636902,0.7176709200627512,0.9484030604362488,0.7060623716610935,0.9485636949539185,0.7636125844536906,0.9098573327064514,0.7557529138078221,0.9393023252487183,0.7376827092655456,0.9430899620056152,0.7250962037806201,0.9414023756980896,0.7827222488263025,0.9048150777816772,0.7762047963790657,0.9311183094978333,0.7588136582502875,0.9356079697608948,0.7472839221317277,0.9345219135284424,0.7951508127205628,0.898453950881958,0.79267713419057,0.9208935499191284,0.7780499421959859,0.9264352321624756,0.7674814876736024,0.9254819750785828
0.4449671471402185,0.37410321831703186,0.4682445458843464,0.35141050815582275,0.48539059683981656,0.35132330656051636,0.500981894411685,0.3514919877052307,0.4165974263645236,0.35269293189048767,0.399094662936504,0.3533252477645874,0.38252500734563216,0.35450759530067444,0.5250086693531119,0.36260145902633667,0.3606208427300079,0.36783701181411743,0.4796757996175142,0.39852872490882874,0.41428458551866676,0.4003198742866516,0.6669702776964339,0.5001884698867798,0.24244109142250042,0.48316773772239685,0.7139925797373363,0.6759754419326782,0.016097936071258253,0.6125561594963074,0.6998583449349185,0.8396943807601929,0.15999311683398337,0.4694215655326843,0.7266194200172235,0.8960539102554321,0.1648039474745269,0.42167696356773376,0.6931010305358405,0.8996509313583374,0.19210308144192076,0.4145146906375885,0.6769876101627911,0.8810327649116516,0.20526677070898627,0.4325222074985504,0.17002603969913102,0.46014338731765747,0.20927008091549973,0.44628849625587463,0.2265706531184063,0.4202054738998413,0.212217081109057,0.40158525109291077,0.1804743032327235,0.3967556357383728,0.1955794292556108,0.40325474739074707,0.19453611700306536,0.37477725744247437,0.19453037863011807,0.35888954997062683,0.18984807371618945,0.344823956489563,0.16898670282543463,0.40428632497787476,0.16913206341726236,0.37561923265457153,0.1749553366293758,0.3579789102077484,0.17231312700374846,0.34157097339630127,0.1461817519311307,0.4100445508956909,0.17002355076628642,0.4029562473297119,0.18156960652691198,0.4182314872741699,0.17580938628019543,0.42554789781570435,0.1280703061485562,0.41832923889160156,0.15722027280252557,0.41507473587989807,0.16494253263805542,0.42535242438316345,0.15270489923174468,0.42968693375587463,0.7100080748012043,0.8497083187103271,0.6629455350126474,0.8640589118003845,0.6451279561482959,0.8865032196044922,0.638147882259625,0.9105674624443054,0.631071154812155,0.9290850758552551,0.6887937939741904,0.9117448329925537,0.6835247922791677,0.940862774848938,0.6676846705598614,0.9482665657997131,0.6551752249458118,0.9479109048843384,0.719291379489471,0.9102433323860168,0.7096222902102893,0.9402127265930176,0.6893831179621761,0.9430903196334839,0.6763955898308904,0.9406229257583618,0.7405248804090072,0.9051913022994995,0.7324525798236918,0.9317983388900757,0.7131587180973674,0.934962272644043,0.7012786959449111,0.932357132434845,0.7544479016047501,0.8986872434616089,0.7502887565473545,0.9209981560707092,0.7338853063608841,0.9255931377410889,0.7231389239821256,0.9235749840736389
0.4412433751236983,0.3740944266319275,0.4659863464229041,0.3514050543308258,0.48412691902310656,0.3513208031654358,0.5005820337479571,0.3515011966228485,0.4114482277828021,0.3526809811592102,0.39296111721766996,0.3533060550689697,0.3754752947770323,0.3544892966747284,0.525819224980294,0.36261576414108276,0.3524356667126493,0.36782169342041016,0.4777362245790635,0.39852163195610046,0.40869698498666,0.4002994894981384,0.6758655647024021,0.5001858472824097,0.22755107120649828,0.48312196135520935,0.7246928880634858,0.6762266159057617,-0.010307820925411606,0.6128755807876587,0.7105815584454463,0.840131402015686,0.13903128058219513,0.4704502522945404,0.7381147188235602,0.8963333368301392,0.14452847356810536,0.4233488142490387,0.7030987620516775,0.8996797800064087,0.1728983402628489,0.41561490297317505,0.6864238399090047,0.881142258644104,0.18693831094667338,0.4334261417388916,0.15084521752584681,0.46006855368614197,0.19205596930446703,0.4464583396911621,0.2104736554742657,0.4200901687145233,0.1946233944061299,0.4014732837677002,0.16132078207008035,0.3961375653743744,0.17854664628592037,0.4029510021209717,0.17713556442514347,0.3743783235549927,0.17650954034293276,0.3584957718849182,0.17159515457063448,0.3445643186569214,0.15055350366280512,0.40429070591926575,0.1494921353307823,0.37542006373405457,0.15406680877533668,0.3578333258628845,0.15029887454511506,0.34173446893692017,0.12666266024018094,0.4103119969367981,0.15062508160142182,0.4021804928779602,0.16321984223854047,0.41751590371131897,0.15758821705073053,0.4250996708869934,0.10737855615659089,0.41868895292282104,0.13757931789977074,0.4144171476364136,0.14614337552538184,0.42508935928344727,0.13355887159440868,0.4300142526626587,0.7214175312333827,0.8487789034843445,0.6715041650443534,0.8633699417114258,0.6526683994717419,0.8861565589904785,0.6449663066704213,0.9104993939399719,0.6378791052275592,0.9291160106658936,0.6986827572961425,0.9106879234313965,0.691302965972632,0.940811812877655,0.6733279607001018,0.9486669898033142,0.6593350394619055,0.9483495354652405,0.7317129281564985,0.9094504117965698,0.7190685630223986,0.9410662651062012,0.6963205758195902,0.9438267946243286,0.6823102802321936,0.9411492347717285,0.7543687145061985,0.9047064781188965,0.7434459429737282,0.9331473112106323,0.7213781104410798,0.9362936615943909,0.7084112978262355,0.9334004521369934,0.7690658808987398,0.8984476923942566,0.7636934839210553,0.9221938848495483,0.7447986601614567,0.92681485414505,0.7325954428938135,0.9246084690093994
0.5103384092664586,0.3740992546081543,0.5367081431930346,0.3514255881309509,0.5560940855426698,0.3513473570346832,0.5735240476810287,0.35155189037323,0.4789109999137074,0.35268744826316833,0.4594139354784511,0.35331812500953674,0.44107620621911736,0.35451123118400574,0.6001705836361623,0.36267274618148804,0.41709173872764416,0.36785024404525757,0.5488951492610681,0.3985164165496826,0.47586856981113984,0.4002981185913086,0.7589718379683239,0.5003712177276611,0.28503344191032687,0.4831865727901459,0.8097251528772288,0.6769996285438538,0.03376107588727675,0.6129881739616394,0.7958454642063489,0.8408878445625305,0.18929065293919112,0.4715997576713562,0.8248923143790131,0.8964816927909851,0.1954969757573593,0.42479199171066284,0.787870448192045,0.8997785449028015,0.22582045664076839,0.41702431440353394,0.7703802949239746,0.8815015554428101,0.24071710531536886,0.434704452753067,0.2029021438263376,0.46043282747268677,0.24711993673842186,0.4467982053756714,0.2668424478216935,0.4201090335845947,0.2501952404579857,0.40125611424446106,0.21487709191431092,0.39666467905044556,0.23219562329458865,0.4031670093536377,0.23104076386933692,0.3747779130935669,0.23076774307841508,0.358873188495636,0.22574170657939593,0.3449055552482605,0.20258733650113533,0.4043511152267456,0.20202802200350917,0.37532779574394226,0.20776172870127013,0.35748663544654846,0.2042858838807228,0.3412669897079468,0.17718235834847249,0.4101988673210144,0.20273021326608495,0.4023192524909973,0.21640968926255935,0.4176883101463318,0.21081658287035507,0.4254719614982605,0.15686150499340604,0.4184753894805908,0.18896477198948425,0.4141831696033478,0.19844842465232462,0.4248392581939697,0.1861884561315447,0.4300917387008667,0.8073369540537555,0.8485494256019592,0.7554428629005889,0.8632622957229614,0.7346847171297632,0.8856272101402283,0.7258400164592441,0.9101197123527527,0.7194579046750725,0.9290949702262878,0.7826795805993545,0.9107071161270142,0.775907847002474,0.9410179257392883,0.7570105331571115,0.9484582543373108,0.7429697946301961,0.9472013711929321,0.8174870305578623,0.9096888899803162,0.8049881881370545,0.9415715932846069,0.7811681658986775,0.9416601657867432,0.7686820562168473,0.9365328550338745,0.8414946484838399,0.9049041867256165,0.8312672495284884,0.9331886768341064,0.8082662896628768,0.9338027238845825,0.7968075190962366,0.9283948540687561,0.8578485784264346,0.8986300826072693,0.8534827151513658,0.9220482707023621,0.833588697932474,0.9249520897865295,0.8221905043361203,0.9209076762199402
0.44669390471147485,0.37410086393356323,0.47007431186764415,0.35146358609199524,0.4872210624587121,0.3513866662979126,0.5024874256038495,0.3516116738319397,0.41923635958904676,0.3527158200740814,0.4022164035713049,0.35335931181907654,0.3863536712650464,0.35456138849258423,0.5257746321780842,0.3627592623233795,0.36599281470522194,0.367897093296051,0.48046263877031004,0.39851489663124084,0.4161199019523389,0.40029746294021606,0.664572065698244,0.5006456971168518,0.2506620140423053,0.4831976890563965,0.7086389586347064,0.6771012544631958,0.03154308240157023,0.6129660606384277,0.6967462813412041,0.8410362005233765,0.1658205741060519,0.4724960923194885,0.7221816838303556,0.8964816331863403,0.17160352532626616,0.4259670376777649,0.6898233582887366,0.899814248085022,0.19794155152795023,0.41810745000839233,0.6745104959378617,0.8816865086555481,0.2109675290285347,0.43562474846839905,0.1800955270117596,0.46005773544311523,0.21740022241123827,0.445809543132782,0.23386404118934487,0.4201241135597229,0.21996131779507314,0.40205472707748413,0.19035217355498926,0.39622312784194946,0.20444534152232482,0.40249884128570557,0.20358170301344325,0.3744262456893921,0.20307658011981272,0.35879507660865784,0.19876216142398637,0.34498345851898193,0.17888112275524984,0.4038505256175995,0.17828246232891848,0.37509849667549133,0.1824670538945228,0.3574197292327881,0.1790168465238806,0.3411482572555542,0.156528769234336,0.40995848178863525,0.17933944318745332,0.40139880776405334,0.19154636076552622,0.4168592691421509,0.1866645506744731,0.4245699644088745,0.13856351468952072,0.41859111189842224,0.16753110467073426,0.4142700433731079,0.17597596694403445,0.42494910955429077,0.16442684465176338,0.43003249168395996,0.7075609183532832,0.8490353226661682,0.6626916782523135,0.8633919954299927,0.643752012634224,0.8852764964103699,0.6349980317279996,0.9097598195075989,0.6308376332274094,0.9288532137870789,0.6862067983248149,0.911295473575592,0.680703044509485,0.9417786002159119,0.6642194804164783,0.9477587342262268,0.652677501480451,0.9452325701713562,0.7160034893613731,0.9103389978408813,0.7057876812510084,0.9414974451065063,0.6857430192901988,0.9409642815589905,0.675960934206104,0.9357587695121765,0.7367891060570861,0.905619204044342,0.7286264063554131,0.9331477284431458,0.709392515328266,0.9333821535110474,0.7003249680390035,0.9281837940216064,0.7509200125102377,0.8996531963348389,0.7468960116798106,0.9224143028259277,0.7303037472696234,0.9245787858963013,0.7214233424359158,0.9202646017074585
0.4713998782298414,0.37409430742263794,0.49873903630178174,0.35147255659103394,0.5186205552451294,0.3514001965522766,0.5361958885483067,0.3516455292701721,0.440180728573715,0.35272082686424255,0.4206246085636612,0.3533729910850525,0.40249684751840475,0.35458603501319885,0.5630289220787329,0.3628849387168884,0.37960457610523696,0.3679397702217102,0.5102943346081938,0.39850297570228577,0.43599591725648623,0.40029627084732056,0.7224223324687761,0.5007195472717285,0.2473543571922617,0.4832402169704437,0.7711639361672842,0.677274763584137,-0.004279148431572737,0.6128941178321838,0.7591152786127469,0.841356098651886,0.1496481053053058,0.4728182852268219,0.7883340294294265,0.8967709541320801,0.15638466008825763,0.42680567502975464,0.7512995149805362,0.9001448750495911,0.18650599451294328,0.41891366243362427,0.7337834435848488,0.882095456123352,0.2014298216484284,0.43620339035987854,0.16538651288982825,0.4593487083911896,0.20920991982456474,0.44577863812446594,0.2283932159022498,0.4197506308555603,0.21049553959965048,0.4016326665878296,0.17610158411230367,0.39607957005500793,0.1953094823917927,0.40253543853759766,0.1935033094253927,0.373830646276474,0.19257438289375714,0.35792461037635803,0.1876399780756524,0.3442009687423706,0.16540968383146437,0.4038754105567932,0.16335768226056102,0.37494710087776184,0.16813975457755884,0.35717153549194336,0.1650060684641334,0.3412731885910034,0.13956274987397288,0.4098831117153168,0.16464357281459743,0.4018687903881073,0.1775377569839633,0.4170393943786621,0.17201274459173466,0.42492786049842834,0.11894351302087162,0.4183623790740967,0.15105449249239147,0.4145722985267639,0.15947598863725646,0.4250921607017517,0.14631412013379722,0.4303196668624878,0.7718235536911224,0.8503847122192383,0.7184715902130501,0.8645115494728088,0.6975843208814902,0.886707067489624,0.6882748631919557,0.9107576608657837,0.6848886563656746,0.9292801022529602,0.7449659179588922,0.9120573401451111,0.7400214943196126,0.9437177181243896,0.7182431301440969,0.9488521218299866,0.7032238727698534,0.9444041848182678,0.7815751547243979,0.9111632108688354,0.7686398121545298,0.9426881670951843,0.7444784384822672,0.940330982208252,0.7347497376116773,0.9332275986671448,0.8065078615790046,0.9061716198921204,0.796637736730749,0.9344469308853149,0.7736198238844691,0.9333899021148682,0.7641489045749194,0.926478922367096,0.8232145360084246,0.8997001647949219,0.8174855497009251,0.9223226308822632,0.798000141679704,0.9236744046211243,0.7890433155493596,0.9183522462844849
0.5095496291793481,0.3740312457084656,0.5396744356344761,0.3514678478240967,0.5613006250383845,0.3513994812965393,0.5803286368818247,0.35165268182754517,0.47608236683650573,0.3527141511440277,0.4549107748554037,0.35337042808532715,0.4353481122753977,0.3545857071876526,0.6093695030655893,0.36299842596054077,0.4109599998965133,0.3679463267326355,0.5516703034084277,0.3984886407852173,0.47056320530198775,0.4002886414527893,0.7817766526621837,0.5010511875152588,0.26768506258465063,0.48340851068496704,0.8314351368768186,0.6786112189292908,-0.0038474126597893444,0.6128137707710266,0.8212179249131771,0.8443402051925659,0.162441932204879,0.4728977680206299,0.8531639651689013,0.8979441523551941,0.16970909172369586,0.42690667510032654,0.812943072349216,0.9010442495346069,0.2022632276579719,0.4190698266029358,0.7940083305630817,0.8836405873298645,0.21842312250154822,0.43627819418907166,0.18076807641080767,0.4591946303844452,0.22727323801088403,0.44515490531921387,0.2473311520476431,0.4196525812149048,0.22856776785109734,0.40205875039100647,0.19192376081652546,0.39640891551971436,0.21147366672950077,0.4023379385471344,0.21084252540001808,0.3738741874694824,0.21044493564004046,0.35797733068466187,0.20541696852390845,0.3441745936870575,0.17933866050117214,0.40388283133506775,0.17871132525922973,0.37503084540367126,0.18451790914074606,0.3573600947856903,0.1814832862672791,0.3414919972419739,0.1513392402487606,0.4101143181324005,0.1782854198809579,0.402062326669693,0.19258397061678284,0.41717207431793213,0.18709383572790178,0.4250081777572632,0.12863519613103955,0.41875359416007996,0.16220235781552997,0.4143698215484619,0.17260439506313321,0.42460110783576965,0.15970209290266413,0.429744690656662,0.8370982605356625,0.8497977256774902,0.7784815846556028,0.8632409572601318,0.7555407475201967,0.8852911591529846,0.7453728892191657,0.9095158576965332,0.7414457597300704,0.9282227158546448,0.8080165730173998,0.9116504192352295,0.801233288517853,0.9431800842285156,0.7789178208429125,0.9495245218276978,0.7628577207781397,0.9468202590942383,0.84676839969681,0.9109190106391907,0.8309134101078346,0.9422097206115723,0.8048570184573083,0.9416550397872925,0.7934128242510092,0.9357678294181824,0.8732835294587854,0.9062025547027588,0.8610543610661555,0.9345722198486328,0.8368140168991374,0.9341466426849365,0.8266226528706597,0.9277447462081909,0.8905932809909063,0.9001113176345825,0.8834847642197852,0.9236270785331726,0.862987017033865,0.925382673740387,0.8530803148932905,0.9203727841377258
0.5267742262502974,0.3739294409751892,0.5516291702948037,0.3514421880245209,0.5693050574964416,0.3513849973678589,0.5846790129148016,0.3516506552696228,0.5005040608664033,0.35268092155456543,0.4837287447136686,0.3533483147621155,0.4682152123332328,0.3545670807361603,0.6081773586135866,0.3630511164665222,0.4492437268398199,0.3679279685020447,0.5608896614701872,0.398475706577301,0.4953461748559927,0.4002707600593567,0.7462872392602525,0.5019937753677368,0.3333670936271371,0.4835900664329529,0.7841877579592607,0.6809152364730835,0.11740559281399697,0.6128200888633728,0.7773052644961157,0.8490594625473022,0.2504478320415873,0.47291916608810425,0.8037750025043643,0.9001733660697937,0.25623604078286893,0.4269048273563385,0.7711393040486452,0.9030579328536987,0.2823426242438313,0.4191591143608093,0.7557938063942008,0.8867098093032837,0.29533801279467464,0.4363170266151428,0.264781605969246,0.45887479186058044,0.3021393179313543,0.44518157839775085,0.31804456306215884,0.4195747375488281,0.30335352701833057,0.40160512924194336,0.2740073786726522,0.3957544267177582,0.2904071527808667,0.4023943841457367,0.2897742186316598,0.37378746271133423,0.28911051661770176,0.35775840282440186,0.2848571522634204,0.3439524471759796,0.26451229508343693,0.40393319725990295,0.26359756211202034,0.3752311170101166,0.26805213959704666,0.35776808857917786,0.26549559452602917,0.3422020673751831,0.24205034766673852,0.4101049602031708,0.26308311269986945,0.4017215669155121,0.27442610955887964,0.4167293608188629,0.26999252385970646,0.42466381192207336,0.22362592083495164,0.418688029050827,0.2501463806224147,0.4140905737876892,0.2583559767959755,0.42432332038879395,0.24802942430458869,0.4295763373374939,0.7901251188631827,0.8492873311042786,0.7446663519870602,0.8636963963508606,0.7268681968397517,0.8856417536735535,0.7183379653661669,0.9098267555236816,0.71119741020389,0.9285516142845154,0.7704041563073977,0.9124855995178223,0.7668152640006861,0.941704511642456,0.7512652052432716,0.9475371837615967,0.7400074477571194,0.9454833269119263,0.7995998802609899,0.911231517791748,0.7895828143221166,0.9403894543647766,0.7704275251535307,0.9397121071815491,0.7609200875468038,0.9347661137580872,0.8200402550885633,0.9062280058860779,0.8119792084426423,0.9328852891921997,0.7937967060838609,0.9327671527862549,0.7850160462878181,0.9273098111152649,0.8331989912042825,0.9000378251075745,0.8289917284275446,0.9224690198898315,0.8133289099655794,0.9242871999740601,0.8048286763231339,0.9197322726249695
0.5354387344002832,0.37391266226768494,0.5631991496165208,0.3514404892921448,0.5832239292417003,0.35138580203056335,0.6004773835211753,0.3516562879085541,0.5066970741316836,0.3526737093925476,0.48845765124337037,0.353344202041626,0.471618209308478,0.3545609712600708,0.6268918803639737,0.36307796835899353,0.45151482675131155,0.36791378259658813,0.5734806345371145,0.39847642183303833,0.5008521158257973,0.40026670694351196,0.7795587755919478,0.502652645111084,0.32333418404586434,0.48359960317611694,0.8211922761788049,0.6810123324394226,0.08624006408470777,0.6128213405609131,0.8133209859501958,0.8498561978340149,0.23279445581576036,0.4727703928947449,0.8427488166025343,0.9006441235542297,0.23920509691245742,0.4267710745334625,0.8066542764285893,0.9034881591796875,0.26802982535002534,0.41908353567123413,0.7896038612720212,0.8875247836112976,0.28229437546361047,0.43621426820755005,0.24997532231719863,0.4591987729072571,0.2899812624757227,0.4450750946998596,0.307236820213941,0.4197304844856262,0.2917842587438048,0.40188056230545044,0.2598352667250758,0.3960922360420227,0.27600507072389596,0.40223345160484314,0.27531845750673734,0.3738342225551605,0.2749003120502381,0.35809797048568726,0.2703858836564583,0.34440165758132935,0.24758985249114424,0.403557687997818,0.24742965750158788,0.3749559223651886,0.25272756892307346,0.35766762495040894,0.2501196860120027,0.34203994274139404,0.22276907622286102,0.40965065360069275,0.24682655528681718,0.4019157588481903,0.2591504617443807,0.41689908504486084,0.25417139038503905,0.42474114894866943,0.20259932400692543,0.41834115982055664,0.23192775700794635,0.414184033870697,0.24120511714949636,0.42419981956481934,0.2300897768997123,0.42919883131980896,0.8248416663900943,0.8492550253868103,0.775153985372315,0.8642075061798096,0.75391554695503,0.8858749866485596,0.7449642598214782,0.9099169969558716,0.7418379296843587,0.9290421009063721,0.8036582131224153,0.9115742444992065,0.7999311056459781,0.9407554864883423,0.7844771049672282,0.948574423789978,0.7725904965115635,0.9480993151664734,0.836449289791383,0.9102885723114014,0.827491876795526,0.9408311247825623,0.8070158499157289,0.9416781067848206,0.794900296582108,0.9379389882087708,0.8591960188359767,0.9053686857223511,0.8522442722032592,0.932566225528717,0.8318747467608865,0.933736264705658,0.8209515962152281,0.9294728636741638,0.8747670013430828,0.8987813591957092,0.8719468167100775,0.921511709690094,0.8546926243749031,0.9245558381080627,0.8443533496930459,0.9208942651748657
0.4420033689782538,0.37388375401496887,0.4699413972389988,0.35143396258354187,0.49041587325569597,0.3513847589492798,0.507958603527618,0.35165899991989136,0.41335573888678145,0.3526475727558136,0.3952483815926769,0.35332030057907104,0.37851518976202614,0.35453546047210693,0.5348806219373257,0.36309224367141724,0.3588563684850942,0.3678830564022064,0.48047225464353355,0.39847439527511597,0.40728169845513584,0.4002421498298645,0.6887150927273457,0.5030728578567505,0.23013756928289678,0.483602374792099,0.7319019427769691,0.6811617612838745,-0.007616464637022384,0.6127715110778809,0.7224890706001802,0.8502851724624634,0.1393687712228363,0.4726808965206146,0.752695207684867,0.9010580778121948,0.14576812459740954,0.42674368619918823,0.7158935508520914,0.9038839340209961,0.17480052546686606,0.41907915472984314,0.6987032676473247,0.8880106806755066,0.18913972393002648,0.43620729446411133,0.15566466624540626,0.4593808352947235,0.19649325693813438,0.44555145502090454,0.21351940093240832,0.4201239049434662,0.1980224056985777,0.4016876518726349,0.1663027998186776,0.3952014446258545,0.1822296040284934,0.4025864899158478,0.18164636863149894,0.3743796944618225,0.1806816615508595,0.3584703505039215,0.17559868388609098,0.344745934009552,0.15357341111912945,0.40380245447158813,0.1531805223449624,0.3749871850013733,0.15846867402284676,0.3576642870903015,0.15607097380778429,0.3423605263233185,0.12873697635891326,0.4097945988178253,0.15329865957708527,0.4015767574310303,0.16579436860568814,0.41647377610206604,0.1609336164528671,0.42445269227027893,0.10866726956285175,0.41833871603012085,0.13974542400463755,0.4143294394016266,0.1481794289430616,0.42462804913520813,0.13597207558709248,0.4298730492591858,0.7317989665514161,0.8485824465751648,0.6804973082078023,0.8631383180618286,0.660396482426373,0.8859073519706726,0.653220618622396,0.9098907113075256,0.6512985440193099,0.928964376449585,0.7164110267731567,0.912811279296875,0.7110908850007251,0.9424250721931458,0.6916075458878566,0.949165403842926,0.6773007452724763,0.9475414156913757,0.7493941116480076,0.910473108291626,0.7394708065605403,0.9412257671356201,0.7152857761241695,0.9421883821487427,0.7015479766111069,0.9379960298538208,0.7713482129415848,0.904705822467804,0.7634071816617746,0.9322530627250671,0.7407447017971688,0.9334951043128967,0.72879879240046,0.9289931058883667,0.7851367962663853,0.8978216052055359,0.7810176731073146,0.9212634563446045,0.7626222937568577,0.9240948557853699,0.7518406310455947,0.9200987815856934
0.4909643487276128,0.37386900186538696,0.5165879373875947,0.3514326512813568,0.5355492821287143,0.35138723254203796,0.5516631633625495,0.3516698479652405,0.4650529783874592,0.35263335704803467,0.4486987044698819,0.35330021381378174,0.43359189011166743,0.35450848937034607,0.5764448368134975,0.3631041347980499,0.4161493593260132,0.3678208291530609,0.5263588589110362,0.39846915006637573,0.45946313866953725,0.40019530057907104,0.716981401257615,0.5032387971878052,0.29877134450363957,0.48343032598495483,0.7577005147431385,0.6811515092849731,0.08269910272113835,0.6128232479095459,0.7475277669789312,0.8501166105270386,0.21604982891744148,0.47272783517837524,0.7755347990727426,0.9010322690010071,0.22180228522724804,0.42699122428894043,0.7418607595870802,0.9038954973220825,0.24834914809370034,0.4192473292350769,0.7261233538469909,0.8879655599594116,0.261444972193304,0.43628183007240295,0.23154055498852766,0.4594055414199829,0.26767209589031404,0.44554102420806885,0.2831807364892944,0.4200344681739807,0.2684655066700497,0.401984304189682,0.2389224559137952,0.39546099305152893,0.25377532338886083,0.40215030312538147,0.25320739905361955,0.3739238381385803,0.2527994210315768,0.3581635057926178,0.24853468176089114,0.3443444073200226,0.22783998814252426,0.40367090702056885,0.2278500270383442,0.37524035573005676,0.23281684679750128,0.35820260643959045,0.23017100623151626,0.3426617980003357,0.20551764136148584,0.40990880131721497,0.22859858389635238,0.40166935324668884,0.24034889174711963,0.4167564809322357,0.23533917852400463,0.42435315251350403,0.187793666582415,0.4186776280403137,0.21669133802103296,0.4144441783428192,0.22483494439176308,0.42500701546669006,0.21327368551177336,0.43010425567626953,0.7594021244851166,0.8480024337768555,0.7130542663352444,0.8621752262115479,0.6934550967991002,0.8840637803077698,0.6857527962324952,0.9082673788070679,0.6849546195123197,0.928310215473175,0.7416469344862151,0.9116264581680298,0.7388052847502471,0.9408262968063354,0.7237154384920381,0.9487398862838745,0.711869271016539,0.9487654566764832,0.7707344492190171,0.910284698009491,0.7632720681222099,0.9405930042266846,0.7430358850149458,0.9434913396835327,0.7299759237721265,0.9409022927284241,0.7904446888281053,0.9053971767425537,0.7838954754399564,0.9320011138916016,0.764721995647773,0.9347214698791504,0.7534298940991442,0.9320286512374878,0.803352139976852,0.8990432024002075,0.8004408601890689,0.9217122197151184,0.7848801660562074,0.9262343049049377,0.774464659538536,0.923999547958374
0.4831028063878288,0.3738554120063782,0.5070457927705367,0.3514213263988495,0.5250577737875095,0.3513827323913574,0.5403357888876128,0.3516702651977539,0.4587223955664389,0.3526063561439514,0.4435554423038866,0.3532809317111969,0.429660646164636,0.3544832468032837,0.5637537901337741,0.3631075322628021,0.4138499069774174,0.3677279055118561,0.5164119445622303,0.39846935868263245,0.4533816036349019,0.4001828134059906,0.6954772358511845,0.5031898617744446,0.3044818256241853,0.4830973744392395,0.733667788168868,0.6811308264732361,0.10272161956640152,0.6129022836685181,0.7239560053685047,0.8499654531478882,0.22735857142304433,0.4727352261543274,0.7504760307030783,0.9009836316108704,0.23263599872257698,0.42710933089256287,0.7194151050502509,0.903887152671814,0.2574592038667171,0.419316828250885,0.7047071821128666,0.8879289627075195,0.26974205557136466,0.4362854063510895,0.24269170680372965,0.46045953035354614,0.2759940220666092,0.4469248056411743,0.2896022559219399,0.42112621665000916,0.2764715626980358,0.40267401933670044,0.24914321187343658,0.3963146507740021,0.2623183487848931,0.40336230397224426,0.26108608674146255,0.37499547004699707,0.26037975746117875,0.3590363562107086,0.2559892138968336,0.3452187478542328,0.23801804399877882,0.4048028588294983,0.23722409084552393,0.3760495185852051,0.2417568099874621,0.3584817051887512,0.23929996167606318,0.3426477909088135,0.21682412238343807,0.4110530912876129,0.23807379603042772,0.40333420038223267,0.24928889366945056,0.4183427095413208,0.24506055219151734,0.4263104200363159,0.19973445054272593,0.41973552107810974,0.22589287736041533,0.4154466986656189,0.23406609361258937,0.42557090520858765,0.22396989028805206,0.4307645857334137,0.7345970308130874,0.8493020534515381,0.692682811357218,0.8634207844734192,0.6764335421669504,0.8855628967285156,0.6681485059759451,0.9095205664634705,0.6650189375410185,0.928454577922821,0.7179291001908229,0.9120482802391052,0.7116559384472857,0.9420723915100098,0.694340905207254,0.9497919082641602,0.6812771775964352,0.949426531791687,0.7458842744239437,0.9109747409820557,0.7356689228481997,0.9422286152839661,0.714085779400577,0.9442817568778992,0.7016232261049661,0.9407678842544556,0.7646734987784534,0.9059146046638489,0.7567196264966872,0.933437705039978,0.7367118175093441,0.9356822967529297,0.7252233611836983,0.931990385055542,0.7766255972120553,0.8991789221763611,0.7727672407464186,0.9218845963478088,0.75699260613267,0.9258689284324646,0.7468083998845215,0.9228920936584473
0.4338516907885175,0.373830646276474,0.45951940886185333,0.35140669345855713,0.47906508103726203,0.3513704836368561,0.49560252402601096,0.35166260600090027,0.4075416147649962,0.3526003658771515,0.39135393045151023,0.353277325630188,0.3766433208492511,0.3544803857803345,0.5207770265276697,0.36311104893684387,0.35998949468834646,0.3677021265029907,0.46985047130161023,0.3984622657299042,0.40182892357785577,0.4001483917236328,0.6623444477257913,0.5031915903091431,0.24336452033283384,0.4829868674278259,0.7031974116297911,0.6813379526138306,0.027354070122732783,0.6132873296737671,0.692442916142633,0.8499561548233032,0.16011376581865086,0.47289687395095825,0.7212675658331178,0.9009639024734497,0.165962434785879,0.4277692437171936,0.6881558595906285,0.9038774371147156,0.1926964514891313,0.41964197158813477,0.6724010502858788,0.8879010081291199,0.20560645537527594,0.4364290237426758,0.17672931650188525,0.46348851919174194,0.21234727124112848,0.4498414397239685,0.22725683887453144,0.42318159341812134,0.2124705243708148,0.4043397009372711,0.18284222501787523,0.39808499813079834,0.19847279977043425,0.4058305323123932,0.19641695651887384,0.3768889307975769,0.1950635410431972,0.36026304960250854,0.18978714292248067,0.3459896445274353,0.17153183828738192,0.40760427713394165,0.1691996061532987,0.3784620761871338,0.1736580393798588,0.36047056317329407,0.1708862314902854,0.3445308804512024,0.1483273214892292,0.4140896797180176,0.1710868139448847,0.40552040934562683,0.18405665076164038,0.42049238085746765,0.18034595995694153,0.4289867877960205,0.1297868966955343,0.4230327606201172,0.15852683947124568,0.418212354183197,0.167715627642386,0.4282906949520111,0.15739018300041271,0.43384110927581787,0.7049536164381218,0.8491185903549194,0.6606090220008288,0.8638806939125061,0.643411047824486,0.8856210708618164,0.6345279558423781,0.9094369411468506,0.6299490445428682,0.9286866784095764,0.6865925550676387,0.9126850366592407,0.6824484477797185,0.9415943622589111,0.6662444853895222,0.9490129351615906,0.6539943020057097,0.9484211206436157,0.7157334935417721,0.911298394203186,0.7068756478075352,0.9414663314819336,0.6867300895868713,0.9428847432136536,0.6752226738280876,0.9392623901367188,0.7354967707759075,0.9061087965965271,0.7279999888444503,0.9327570796012878,0.7092653100792015,0.9346173405647278,0.6987778968818524,0.9311032891273499,0.7487283766640864,0.8995459675788879,0.7463762791848286,0.9218306541442871,0.7306656000506201,0.9256241321563721,0.7202244152374422,0.922775387763977
0.44970791094206536,0.37380361557006836,0.47407682200908147,0.35137730836868286,0.4930939617825141,0.35134217143058777,0.5093175986868427,0.351637065410614,0.4242080989402151,0.35258468985557556,0.4087289087145316,0.3532702326774597,0.39465848133947085,0.35447296500205994,0.5339371501451827,0.36310499906539917,0.3786228818481409,0.36763614416122437,0.4844514215224416,0.39845776557922363,0.41912309205844184,0.4001235365867615,0.6710344087056346,0.5032036900520325,0.26691158795460795,0.4829934537410736,0.7104108987189698,0.6813523769378662,0.06171015514826511,0.6151961088180542,0.6997356221272302,0.8499277234077454,0.18769828999085708,0.4733249247074127,0.7278709281253625,0.9009873270988464,0.19311266426276574,0.42807522416114807,0.695968672320915,0.9039586186408997,0.21809667080764347,0.41998887062072754,0.6807532110133064,0.8879481554031372,0.23051529999495454,0.4367615282535553,0.20639334103117543,0.46852555871009827,0.23940074503328368,0.4536994993686676,0.25352447306715836,0.42863571643829346,0.2388876486728706,0.41096967458724976,0.21166994305516404,0.403707355260849,0.22373658552805434,0.4107532799243927,0.22071245041450513,0.38076266646385193,0.21984061091813145,0.363520085811615,0.21447268296434416,0.34866660833358765,0.19835610433368947,0.4133559763431549,0.1949435239411787,0.3827558159828186,0.1992773603624846,0.3647913634777069,0.19637125046771745,0.34857648611068726,0.17647572693453567,0.42030060291290283,0.19826993547926897,0.4116394519805908,0.21141173024936072,0.42612481117248535,0.2079762367751063,0.4337487816810608,0.15864639544354406,0.42974212765693665,0.1852991401895973,0.4250509440898895,0.19508325457215378,0.4346311092376709,0.1862274137576729,0.4398948550224304,0.7122278212379746,0.8487603068351746,0.6703393132799758,0.8638790845870972,0.6527441554427872,0.8858782052993774,0.6430316852403265,0.9091493487358093,0.6387518349119038,0.9281958341598511,0.6950541727136597,0.9127798676490784,0.6916286343532682,0.9407055377960205,0.6774178888323158,0.9484385251998901,0.6666135547972509,0.9488327503204346,0.7221671374776407,0.9112555980682373,0.7149016016229821,0.9398165345191956,0.6966753222065984,0.9424117803573608,0.6850074718031437,0.9399744272232056,0.7411674351568002,0.9060471057891846,0.7349701972586505,0.9314312934875488,0.7179222769264675,0.9341158866882324,0.7073161312565698,0.9317792654037476,0.7537745913528737,0.8994470834732056,0.7517656167356075,0.9211627840995789,0.7376147324567033,0.9251198768615723,0.7275823930219241,0.9227529168128967
0.5448266549958034,0.3737632632255554,0.5717522349656213,0.35134586691856384,0.5931037299553822,0.3513069450855255,0.6114261547292738,0.35159802436828613,0.5164618100515497,0.352566659450531,0.49949511743663194,0.3532562851905823,0.484162478899451,0.35445040464401245,0.6391779666555858,0.3630824685096741,0.46675090609251074,0.36754757165908813,0.5837230491387453,0.39844077825546265,0.5115670045044733,0.40006184577941895,0.7918639941752414,0.5030185580253601,0.34323417533386646,0.48297572135925293,0.83528540260757,0.6813784837722778,0.11981694470077218,0.6186149716377258,0.823398954766071,0.8499547243118286,0.2570247945132272,0.4777102470397949,0.8549183322286364,0.9009785652160645,0.2611521128733816,0.43326863646507263,0.8193457468647538,0.9040459394454956,0.2884966615545038,0.42531347274780273,0.8024169611153343,0.8880819082260132,0.3023201284790596,0.4424818456172943,0.2772872462763288,0.48103776574134827,0.31366098563215034,0.46623116731643677,0.3299081725992662,0.44068658351898193,0.3165574542984424,0.42178165912628174,0.2862796172805251,0.4145612418651581,0.29638774026842857,0.4225524067878723,0.29069518727373156,0.39170172810554504,0.2884304513792981,0.37336575984954834,0.28355090280198736,0.3583521544933319,0.26926646519948055,0.42520445585250854,0.2645170901029245,0.3932605981826782,0.26872101947040505,0.37424397468566895,0.26891149603355835,0.35913190245628357,0.24587530179920247,0.4322388470172882,0.2655900790834885,0.422692209482193,0.27992601348893303,0.43577560782432556,0.281093262275578,0.4451271891593933,0.22770367097114064,0.44241464138031006,0.25160871520580125,0.4351518452167511,0.2640687308869174,0.4439058005809784,0.2620482877078981,0.4514263868331909,0.8358302322594816,0.8500705361366272,0.7877206940486581,0.8645997643470764,0.7669681710215681,0.8867878913879395,0.7586264137423133,0.9102137684822083,0.7551486219121052,0.9291859865188599,0.8149234725024105,0.9132153987884521,0.8102426631702163,0.941399872303009,0.7942437190603304,0.9492950439453125,0.7814267047826344,0.9496454000473022,0.8461758348741628,0.9119582176208496,0.8369448245685274,0.9410936236381531,0.8156896550553382,0.9449617862701416,0.8013223731941997,0.9429385662078857,0.8682050147442448,0.9068351984024048,0.8603387240762099,0.9328885674476624,0.8402289507302629,0.9367591142654419,0.827299375530734,0.934951663017273,0.8828836692519993,0.9001270532608032,0.8788332880576697,0.9222269058227539,0.8624779614283679,0.9273734092712402,0.8508239558768357,0.9261152744293213
0.4822769205210828,0.37375563383102417,0.505403255316779,0.3513404130935669,0.5236818114936824,0.3513011336326599,0.5393629348494013,0.35159218311309814,0.458003120848674,0.3525514006614685,0.4435002568356823,0.35323265194892883,0.43052536723077217,0.35438016057014465,0.5630871027724684,0.363072007894516,0.4158421886336458,0.3670661747455597,0.5154914110779143,0.3984605371952057,0.45406081083601385,0.40005970001220703,0.6933415103871735,0.5023981928825378,0.3087541238859453,0.48297372460365295,0.7299957675323643,0.6811768412590027,0.12313976886481494,0.6241627335548401,0.7202507412730681,0.8499149084091187,0.23971484800545306,0.4857640862464905,0.7474904870602656,0.9009256362915039,0.24684688961986462,0.4429478049278259,0.7170758812959684,0.9040393829345703,0.2667576143318272,0.43274158239364624,0.7024657622602807,0.8880701065063477,0.27673273337835413,0.4505332112312317,0.260525259631636,0.4977441132068634,0.28871035842372017,0.48508068919181824,0.3010300926723525,0.4583428204059601,0.2951936447365377,0.43914347887039185,0.27201190463652575,0.4294157922267914,0.2683192276746719,0.43505316972732544,0.26232265469920807,0.4063495099544525,0.260877293557383,0.3882412910461426,0.25810702834159766,0.3730492889881134,0.24876356686603607,0.43937239050865173,0.24930562367142833,0.40969154238700867,0.2539200321803022,0.3901269733905792,0.2564967498486453,0.37323904037475586,0.23104861743710758,0.44880542159080505,0.2487431608945805,0.4384467303752899,0.2613078904732339,0.45439413189888,0.2652679165792941,0.4662483334541321,0.21941458566565922,0.4618314206600189,0.23724921920898845,0.45244184136390686,0.2513933709783023,0.4618872106075287,0.25632357735452016,0.4717444181442261,0.7309539824828957,0.8497512936592102,0.6895905836522557,0.8646129965782166,0.6723877313524461,0.8864544630050659,0.6650187640421801,0.9095651507377625,0.6629338302859159,0.9286933541297913,0.7131455056847958,0.9130274057388306,0.7098698525759611,0.9420568943023682,0.695254601129271,0.9495903253555298,0.6834796754003636,0.9490517377853394,0.7401324029347758,0.9114333987236023,0.7329723804049593,0.9415542483329773,0.7148064899250014,0.9455533027648926,0.7023003502189363,0.9436701536178589,0.7590278996486857,0.9063029289245605,0.7523347410112615,0.9330058097839355,0.7351226132698812,0.937395453453064,0.7236719569782858,0.9359766244888306,0.771328186388158,0.8998234272003174,0.7678119901612562,0.9226356744766235,0.7534641806131882,0.9278198480606079,0.7430704299704366,0.9264946579933167
0.5679486083587346,0.373752236366272,0.5939463903805583,0.35136309266090393,0.6143863059494155,0.35132482647895813,0.6318852926634951,0.35161423683166504,0.5408133116090975,0.35254544019699097,0.5245801978541969,0.35321468114852905,0.5100469400088772,0.3543059527873993,0.658332691675219,0.3630915582180023,0.49374641310578693,0.3665620684623718,0.6050918002906711,0.3984871506690979,0.5365153688790408,0.40005549788475037,0.8038709338426969,0.5020247101783752,0.3729404604753663,0.48369306325912476,0.8441442195896205,0.681140661239624,0.16738632282458613,0.6352216005325317,0.8338994963797923,0.8498778343200684,0.2965228664838151,0.5191750526428223,0.8649856394294801,0.9008779525756836,0.3045052542479627,0.47954797744750977,0.8306070091678069,0.9039875864982605,0.32628284867422425,0.46625930070877075,0.8140812760010625,0.8880417943000793,0.3360364485945999,0.4822574555873871,0.317465872991829,0.5140141248703003,0.34879832134077665,0.5058118104934692,0.364260974410238,0.48384419083595276,0.3595795480609011,0.4657140076160431,0.34637258942919197,0.4531995356082916,0.33818872316930093,0.4555218517780304,0.3393255115368723,0.42648378014564514,0.33937563039358165,0.40926170349121094,0.33749574090969253,0.39551955461502075,0.32418636548383806,0.4535646140575409,0.3267331228472007,0.42557090520858765,0.32714012670289383,0.40825262665748596,0.32531184338478136,0.3939613699913025,0.3114312720999215,0.4546967148780823,0.315453613000951,0.42960068583488464,0.31680526564587136,0.41405394673347473,0.3158117777775043,0.4020547866821289,0.29953577417973287,0.45819684863090515,0.30237383658878664,0.4372093379497528,0.3035626461851302,0.4237229824066162,0.3041002565300812,0.4141331911087036,0.8451544137435573,0.8502466678619385,0.7985287272044875,0.8656639456748962,0.7791085522384642,0.8878300786018372,0.7700282190854096,0.9111467003822327,0.7655552927141571,0.9301498532295227,0.8241610116701703,0.9133054614067078,0.8193116923391444,0.9427191019058228,0.8020826349264865,0.9505331516265869,0.7880525371974895,0.9496108293533325,0.8546446907818566,0.9117947816848755,0.8467513686188316,0.9422450661659241,0.8258018248686383,0.9460309743881226,0.8118558465734006,0.9436399936676025,0.8761152769457631,0.9066932797431946,0.8686556264358937,0.9336697459220886,0.8488248158129663,0.9375060200691223,0.8362716505763717,0.9352567791938782,0.8902119922855415,0.9001442790031433,0.8869989204600328,0.9228018522262573,0.870688466633633,0.9271380305290222,0.8596251008423018,0.9244832396507263
0.45586417910309984,0.3737069070339203,0.48090278085139215,0.35135790705680847,0.5002237599223243,0.35132449865341187,0.5167850975379875,0.35161811113357544,0.43043765294528746,0.3524462580680847,0.41498436515539144,0.3529967665672302,0.40106424442131205,0.3539620637893677,0.5417948666218696,0.36309561133384705,0.3853851336742027,0.3656556010246277,0.4911066476205903,0.39845725893974304,0.42622986129741175,0.3995842933654785,0.6799983189524662,0.5012195110321045,0.26632002062593935,0.4837365746498108,0.7183022503095204,0.6807637810707092,0.08181382717346762,0.6449527144432068,0.7087702241178824,0.8490673303604126,0.19732365217614023,0.5421227216720581,0.7391274650298574,0.9003835916519165,0.2050034429914215,0.5062064528465271,0.7056973730341566,0.9037173986434937,0.22359619980199127,0.4895206391811371,0.6898365770044618,0.8875396847724915,0.233206067604737,0.5015763640403748,,,,,,,,,,,,,,,,,,,,,,,,,,,,,,,,,,,,,,,,,,,0.7185841258095315,0.8504323363304138,0.6734020899466037,0.8652865886688232,0.654822268338218,0.8882386684417725,0.6474615129294765,0.9116792678833008,0.642354708272808,0.9300898909568787,0.6993320028275791,0.9135199785232544,0.6906582421121539,0.9442165493965149,0.6696458783851538,0.9503077268600464,0.6540707100515235,0.9483169317245483,0.7288328214473675,0.9122636318206787,0.7162110922037638,0.9441537261009216,0.692184003517865,0.9461902379989624,0.6782913988881771,0.9419054985046387,0.7492246246095372,0.9072794914245605,0.7392608983877561,0.9358116984367371,0.7171498653251223,0.9382017850875854,0.704415438543915,0.9343711137771606,0.7620899832846076,0.9007506370544434,0.7568385545098812,0.924457311630249,0.7393676714052755,0.9285411834716797,0.7286861566612806,0.9256526827812195
0.48348457123704414,0.37368446588516235,0.5099939334929756,0.35139232873916626,0.5288915442562221,0.3513932228088379,0.5451025674909786,0.3517099618911743,0.4587644297529266,0.35244113206863403,0.4423974362697816,0.3529391288757324,0.4278164029735166,0.35384923219680786,0.5696121491397718,0.3631049394607544,0.4101916304485189,0.3653709590435028,0.5187711592210317,0.3984234035015106,0.45343364230008865,0.39935770630836487,0.7103542557724637,0.5012218952178955,0.28472220448942803,0.48477745056152344,0.7499448158693065,0.6807234287261963,0.11197375915916663,0.6530048847198486,0.739600828659056,0.8483108282089233,0.21646269925347278,0.6014487147331238,0.7708062399625845,0.8997362852096558,0.22558379904209205,0.5718242526054382,0.7365635097573583,0.9033101201057434,0.2436134219273461,0.5483072996139526,0.7203380996117589,0.8869180679321289,0.25209053938436526,0.5559833645820618,,,,,,,,,,,,,,,,,,,,,,,,,,,,,,,,,,,,,,,,,,,0.747551479299209,0.8508182764053345,0.7023426960611728,0.8660058975219727,0.6829993599760233,0.8884916305541992,0.675853031771956,0.9120916724205017,0.6714971592143784,0.931087851524353,0.7289357578685024,0.9141348004341125,0.7229296259629983,0.9450953006744385,0.7030850337692351,0.9509236216545105,0.6883492739528555,0.948148787021637,0.7591391275546909,0.9129856824874878,0.7475694293234847,0.9444936513900757,0.7244336632030607,0.9458624124526978,0.7113061448875202,0.9411408305168152,0.7798707333076076,0.9080957770347595,0.7700386243177144,0.9361119866371155,0.748547403118013,0.9380459189414978,0.736245518690601,0.933917224407196,0.793284107440453,0.9017472863197327,0.7886287316688365,0.9250347018241882,0.7709554201268836,0.9286628365516663,0.7598093290228736,0.9253659248352051
0.5354953430414802,0.3735291361808777,0.5666190791001907,0.35139715671539307,0.5871871997881147,0.35145822167396545,0.6046723134198684,0.3518400490283966,0.5079675769471584,0.3523463308811188,0.4887781882737897,0.35276493430137634,0.4715994680792688,0.35360610485076904,0.6314128314167423,0.3633359372615814,0.4506713889367846,0.3651639223098755,0.575436273172803,0.3984011113643646,0.5011291353703488,0.3991473317146301,0.7919286155521487,0.501282811164856,0.3047578591983465,0.4855552613735199,0.8380472110522734,0.6804435849189758,0.1520544732380113,0.6481196880340576,0.8256171276989592,0.8474151492118835,0.218388017924521,0.6397168040275574,0.8632120023585198,0.8993664979934692,0.22530659553586793,0.6353961229324341,0.8220476902987887,0.9031041860580444,0.24863402599650047,0.6175820231437683,0.803266403225489,0.8864151835441589,0.25590083389996326,0.6176846027374268,,,,,,,,,,,,,,,,,,,,,,,,,,,,,,,,,,,,,,,,,,,0.834368105720001,0.851355254650116,0.7812092288900502,0.866400957107544,0.7601269917041592,0.8892171382904053,0.7525376016539915,0.9126348495483398,0.7469393075099366,0.9313622713088989,0.8124013728208537,0.9147177934646606,0.8033562294139147,0.9454262852668762,0.7783797039546425,0.9514408111572266,0.7607986885617872,0.9472687244415283,0.846929544492691,0.9135384559631348,0.8319426448205423,0.9448877573013306,0.8043534692986024,0.9451515674591064,0.7909884399070258,0.9388479590415955,0.870196526850496,0.9085530042648315,0.8583290876705739,0.936691164970398,0.833171448620769,0.9373831152915955,0.8212068771840134,0.9314843416213989,0.8859009593462845,0.9019718170166016,0.8804117947924488,0.9254182577133179,0.8597077043261544,0.9279661178588867,0.8489132574244127,0.9229593873023987
0.4238861743754171,0.37350985407829285,0.4525300697771236,0.35140734910964966,0.4707356404030102,0.35152557492256165,0.4857983984338774,0.35193926095962524,0.39835356325279797,0.35223907232284546,0.38056826507828406,0.35258767008781433,0.36444282764319996,0.35335245728492737,0.5091060212697179,0.3634730279445648,0.34490301371853616,0.3649011254310608,0.4594302168761378,0.39840877056121826,0.39175321540683433,0.39906373620033264,0.6548912726287911,0.5013548731803894,0.20568595132317602,0.4862179160118103,0.696699571127641,0.6813847422599792,0.06300949700937777,0.6439358592033386,0.6851905447427726,0.8475527763366699,0.14244165591659155,0.6991427540779114,0.7199746847666094,0.8998468518257141,0.15243620212993847,0.7344048619270325,0.6822867167825173,0.9033587574958801,0.18377766024278114,0.7171167731285095,0.6650990903836864,0.886555016040802,0.18851429927108396,0.7094590067863464,,,,,,,,,,,,,,,,,,,,,,,,,,,,,,,,,,,,,,,,,,,0.6942611711734653,0.850820779800415,0.6456494124111258,0.8647682666778564,0.6257476884510256,0.8871638774871826,0.6171778718031805,0.9111476540565491,0.6137632851248279,0.9310705065727234,0.6730737224896609,0.9146569967269897,0.6641615783937194,0.9455496668815613,0.6411014878694067,0.9520019292831421,0.6250405433561345,0.9481390118598938,0.7051090838047033,0.9136227965354919,0.6908963992342851,0.9453165531158447,0.6652158152155588,0.9456610083580017,0.6527308122952864,0.9396401047706604,0.7263172711140985,0.908645510673523,0.7151343876418148,0.9366914629936218,0.6916914732991643,0.9376614093780518,0.680228828570178,0.9320801496505737,0.7401001897069021,0.9021090269088745,0.7346175556921877,0.9252087473869324,0.7153211053350562,0.9281516075134277,0.7047304637618229,0.9235712289810181
0.4457025957759127,0.3733248710632324,0.4758506197515742,0.35140520334243774,0.49417180275415673,0.35156169533729553,0.5090193635864818,0.3520222008228302,0.4196212390934998,0.351985365152359,0.400888576011665,0.35228681564331055,0.38392306904711004,0.35299140214920044,0.5323697395394624,0.36368685960769653,0.36320682951167876,0.3644959330558777,0.48201849109034867,0.39826658368110657,0.4118231431440013,0.398546040058136,0.6811514682583963,0.5014417171478271,0.21600477440460597,0.4861510396003723,0.7238892527788406,0.6824076771736145,0.06800790316409146,0.6391700506210327,0.7120699890432786,0.8477576971054077,0.15596772364802802,0.7143682241439819,0.7487681379494016,0.9008884429931641,0.16588997184810358,0.7688544392585754,0.7091491443909222,0.9040301442146301,0.21605918618639414,0.7650923728942871,0.6906238089603839,0.8867497444152832,0.22484968375810888,0.7477939128875732,,,,,,,,,,,,,,,,,,,,,,,,,,,,,,,,,,,,,,,,,,,0.723138023802163,0.8509947657585144,0.6722825643194232,0.8658232092857361,0.6511585250772478,0.8886803388595581,0.641529155148243,0.9129101634025574,0.6375016008334151,0.9323673248291016,0.699053449615876,0.9152107834815979,0.6841200134250259,0.9451752305030823,0.6611233140536684,0.9527053833007812,0.6442896510219079,0.9512887597084045,0.7322172141232725,0.9144185781478882,0.7144742825894813,0.9457311034202576,0.6883596582261607,0.9474067091941833,0.6739853499998926,0.9430637359619141,0.7544616742196166,0.9095765948295593,0.7417341522803595,0.9373123049736023,0.7175105177445953,0.9393548369407654,0.7040937558479656,0.9350253343582153,0.7687622306673867,0.9031748175621033,0.762274239084564,0.9258359670639038,0.7426049572814709,0.9296680092811584,0.7308284147326709,0.9263359308242798
0.5197085085511525,0.37326470017433167,0.5469456699269243,0.3514067828655243,0.5627119985882438,0.3515985608100891,0.5755953697868378,0.35209256410598755,0.49696226929716386,0.3519262373447418,0.48006867030288114,0.3522138297557831,0.46479928702955686,0.35288867354393005,0.596077050597016,0.36390626430511475,0.44615493028828007,0.36435794830322266,0.5517661610398629,0.39819076657295227,0.4894927914894173,0.3983725607395172,0.7260419128171943,0.5016833543777466,0.31563304781527074,0.48632025718688965,0.7635663462034866,0.6825824975967407,0.19292797382036445,0.6405988931655884,0.7519805793643567,0.8474928140640259,0.27104449089714305,0.7637328505516052,0.785338253200211,0.9009007215499878,0.27085071845064007,0.8203360438346863,0.7494889194860349,0.9040626287460327,0.3179192955432622,0.8184234499931335,0.7325490160961986,0.8864563703536987,0.3324123169317957,0.8049461245536804,0.25749212295070134,0.7604138851165771,0.30841961168925663,0.7730843424797058,0.3329060820728436,0.80417400598526,0.33127588748762415,0.8328075408935547,0.32533792120232036,0.8531812429428101,0.29897217929259623,0.8128959536552429,0.3021811120674268,0.8490488529205322,0.2998117326842312,0.8709840178489685,0.2975549658454418,0.8880065679550171,0.2649010806590395,0.8148837089538574,0.2724169264672786,0.8486922979354858,0.2798454744968125,0.8694601655006409,0.28499171830456965,0.8864157199859619,0.237855560964316,0.8140424489974976,0.2452486492403868,0.8451356887817383,0.25778158902785053,0.8614728450775146,0.2667314081846567,0.8728256821632385,0.21797540796299722,0.8120757341384888,0.22856621864340915,0.8372320532798767,0.24233668792550117,0.8491329550743103,0.25451557082031473,0.8559724688529968,0.7635356886229141,0.8516427278518677,0.7200162989260211,0.866664469242096,0.702769501705764,0.8891093730926514,0.693413406001432,0.912936270236969,0.6867534600541373,0.932264506816864,0.7417008127366319,0.9151403307914734,0.7321726020675084,0.9455993175506592,0.7123174935109001,0.9532700777053833,0.697468030044506,0.952164351940155,0.7703659049917706,0.9146615862846375,0.7567147585751438,0.9461333751678467,0.7342874662875064,0.9472792148590088,0.7222179202827432,0.9426978826522827,0.7899814773483034,0.9101925492286682,0.7797594004002038,0.9381298422813416,0.7589775042781942,0.9396281242370605,0.7477067727016703,0.9350773692131042,0.8030882290924802,0.9040170311927795,0.7973182434509364,0.9268525242805481,0.7802761269242117,0.9300134778022766,0.7704561604001369,0.9261353611946106
0.5031445234094752,0.3732566237449646,0.535814116990694,0.35143640637397766,0.5539853052605314,0.3516605496406555,0.5690015796454936,0.3521701991558075,0.4768852379962538,0.3519190549850464,0.4569769146317254,0.3522041440010071,0.4389353605412438,0.3528795838356018,0.5931670968783285,0.36399251222610474,0.41679247032827915,0.3642582297325134,0.5407695921352669,0.39818739891052246,0.46727791728999973,0.3983677923679352,0.7437552040380658,0.5025461912155151,0.2622874822031219,0.4867934584617615,0.7854928104663593,0.6828756928443909,0.1341196898184355,0.6535918116569519,0.772656096495503,0.8474407196044922,0.2138417984532207,0.805999755859375,0.8119648888086118,0.9010844230651855,0.2063912640877895,0.8632673025131226,0.7698461319290854,0.9041255116462708,0.26410966770504124,0.8643350601196289,0.7496631102148263,0.8863253593444824,0.28314916388295214,0.8445760011672974,0.18693853346289663,0.7773403525352478,0.2432917537881981,0.8032944798469543,0.26766438897740563,0.8364689946174622,0.26885791361926775,0.8644714951515198,0.2560003543240058,0.8855565786361694,0.2432514355183956,0.8363334536552429,0.24681750673607694,0.8673974871635437,0.24485582076246754,0.8886439800262451,0.24069391450696925,0.9050696492195129,0.20787944221199833,0.8378919363021851,0.20499518372247627,0.8693199157714844,0.2027882499108411,0.8906875252723694,0.19772858523556436,0.9065209031105042,0.17503689178433152,0.8378138542175293,0.1730917485414782,0.8684857487678528,0.17501037148726734,0.8880978226661682,0.17489779931721164,0.9015772938728333,0.14856295887585078,0.8363364934921265,0.15132800584821995,0.8618773818016052,0.15287504790451395,0.8744808435440063,0.15420430824862277,0.8811277151107788,0.7875550139295407,0.8515019416809082,0.7383259243134959,0.8666425943374634,0.7178156829339218,0.8888646960258484,0.7053291852496111,0.9126356244087219,0.6964883196741743,0.9319276213645935,0.7622148886303719,0.914649248123169,0.7509746594514553,0.9456967711448669,0.727956451070074,0.9527701139450073,0.7116901248646121,0.9505510926246643,0.7954132561345937,0.9142723083496094,0.7790576882022276,0.9461492300033569,0.7529339715802925,0.9468119144439697,0.7396391055684056,0.9416258931159973,0.8182777580669762,0.9100181460380554,0.8057204901353949,0.9383130073547363,0.7813049773749899,0.9393137097358704,0.7687591335713747,0.9341492056846619,0.8337440244015647,0.9040055274963379,0.8263070654609244,0.9269373416900635,0.8064278216948552,0.9296023845672607,0.7953522779970084,0.9251711964607239
0.4968308310026136,0.3733861744403839,0.5304598525002507,0.351711243391037,0.5484010673033082,0.3520389199256897,0.5633187482882798,0.35255852341651917,0.4706685913595917,0.35195356607437134,0.450453611716964,0.35220327973365784,0.43205578723315663,0.35286492109298706,0.5867741019468574,0.3642255663871765,0.408509909502981,0.3640761077404022,0.5337042531223509,0.3983386158943176,0.4596034403755651,0.39838293194770813,0.7359067682624824,0.502450704574585,0.2507622074789205,0.4877494275569916,0.7783088697599487,0.6828742027282715,0.1367350781244666,0.6655920743942261,0.7658317595026568,0.8467734456062317,0.20396439426753074,0.8276380300521851,0.8054999445577266,0.901225745677948,0.19138762550802232,0.8841162919998169,0.7630242456478489,0.9042192697525024,0.25389714406716074,0.8869611620903015,0.7423122038460183,0.8861013650894165,0.270927637495867,0.8677612543106079,0.17639377455671026,0.8019555807113647,0.22939408985834597,0.831472635269165,0.23873488404195733,0.8623576164245605,0.234365606251742,0.8846107125282288,0.21843940955971677,0.8994736671447754,0.2249112841447303,0.8763935565948486,0.21940311063165477,0.9017481207847595,0.22031021551714888,0.9143200516700745,0.21932321232628635,0.9244139194488525,0.19293089688185122,0.8778734803199768,0.17797548510591707,0.9013619422912598,0.17676120236791223,0.9150518178939819,0.17482276434051358,0.92499840259552,0.1609181662779049,0.8751658797264099,0.15421369926263429,0.8949993252754211,0.16587501165722604,0.895386815071106,0.1756820346362794,0.8916451930999756,0.1329593519074969,0.8699180483818054,0.1337869499632205,0.8868789672851562,0.14414446219974697,0.885837972164154,0.15163970992284043,0.8804494142532349,0.7819554090296009,0.8516786098480225,0.7307099856250191,0.8665204048156738,0.709591331168803,0.8893376588821411,0.6979505619222551,0.9132893681526184,0.6906710545370125,0.9322251081466675,0.7562295714697976,0.9154976010322571,0.7438529026659179,0.9463011026382446,0.7202483408794427,0.9537177085876465,0.7028433357953814,0.9525275230407715,0.789983194057748,0.9148971438407898,0.7721427189752251,0.9464938044548035,0.7440649705898262,0.9483717083930969,0.7282430182570219,0.9442434906959534,0.813009341327431,0.9103918075561523,0.7997764967491786,0.9387830495834351,0.7734913337684061,0.9409651160240173,0.7585697753108455,0.93681401014328,0.8278869799512426,0.9042547941207886,0.8203438044299451,0.9276705384254456,0.7993381932130558,0.9314972162246704,0.7863670034677832,0.9280450344085693
0.48963461442629125,0.3735918402671814,0.5194676166159387,0.35206881165504456,0.5350482245410738,0.3525034487247467,0.5481665212313539,0.3530399799346924,0.46727663087632043,0.3520003855228424,0.44971131991891194,0.35219863057136536,0.43365152220020187,0.35281485319137573,0.5684509744344941,0.36439257860183716,0.4129353914880174,0.3637527823448181,0.5214825635412861,0.3985876739025116,0.4571774945599735,0.3983805775642395,0.6961144817716334,0.5024406313896179,0.27410962819079027,0.4887886047363281,0.7333479096053388,0.6830787062644958,0.18856743951318342,0.6699023842811584,0.723277306481604,0.8467605710029602,0.2301641541234788,0.8361107110977173,0.756660948173637,0.9014205932617188,0.21335897516382663,0.8907910585403442,0.7200529266069603,0.9045154452323914,0.26125135797074045,0.8948277235031128,0.7024525301513963,0.8862469792366028,0.27536757402300066,0.8778759241104126,0.21510253398568643,0.8276619911193848,0.2553328508099514,0.8585488796234131,0.25710913888216047,0.8869104385375977,0.23622861953878393,0.9011539220809937,0.2162181689058753,0.9077941179275513,0.24930050137501852,0.9080347418785095,0.24470717380233484,0.9332324266433716,0.24076675281354137,0.948043704032898,0.235451186872204,0.959408700466156,0.21511492849469444,0.9087107181549072,0.20529455566024224,0.9317874908447266,0.20107030364290226,0.9449191093444824,0.1975718082272417,0.9542650580406189,0.18457590731341555,0.9040276408195496,0.18805237342595643,0.9127363562583923,0.1989383996774754,0.9057255983352661,0.20677145501291042,0.8974457383155823,0.16105254942038782,0.8971323370933533,0.17212112032215351,0.8997968435287476,0.1814989220361286,0.8947614431381226,0.1876607359909341,0.8884866833686829,0.7373005959936715,0.8530371785163879,0.693811233402381,0.868841826915741,0.6757412658086702,0.891381025314331,0.6656126279786948,0.9142579436302185,0.6602108169121768,0.9322220087051392,0.7156222124102721,0.9163625836372375,0.7091892040161822,0.9460604190826416,0.6910253738386296,0.9533843398094177,0.6768370178706588,0.952171266078949,0.7438192685203323,0.9155838489532471,0.7328777574745823,0.9456529021263123,0.7122607182797274,0.9468673467636108,0.7003393954750011,0.9425376653671265,0.7636263394624613,0.9110186100006104,0.7546286360247315,0.93744957447052,0.7355290849718092,0.9386427402496338,0.7247825292239976,0.9341554045677185,0.776973870014655,0.9047472476959229,0.7716013022428277,0.9260707497596741,0.7557436253975762,0.9288063049316406,0.7462097303357815,0.9249118566513062
0.5522315564418036,0.37381479144096375,0.5881874923973439,0.3523249328136444,0.6067708223761503,0.35280030965805054,0.6231075748228426,0.3533173203468323,0.5256189291799447,0.3521069586277008,0.5046619751006592,0.35224437713623047,0.48555009931112986,0.3528110980987549,0.6473321391379081,0.3645173907279968,0.4608295338865581,0.36374741792678833,0.5903951843592249,0.3988410234451294,0.5135684131983127,0.39841848611831665,0.7960585970459478,0.5024405717849731,0.29685993244712566,0.4896719455718994,0.8396253329294578,0.6842154264450073,0.20775943525580212,0.6730326414108276,0.828481828603215,0.8468357920646667,0.2388419740951635,0.8441908955574036,0.8676727536973063,0.9018555879592896,0.21563322845592822,0.8967049717903137,0.8246351365946112,0.9051084518432617,0.26674768026029594,0.8993412852287292,0.8040681077618287,0.8866854906082153,0.28268499615696074,0.8828378915786743,0.22495398122699403,0.8462530970573425,0.26847086871251363,0.8758277297019958,0.27728719771372307,0.9041852951049805,0.27276050480011893,0.9236350655555725,0.26624911988437944,0.9325617551803589,0.256613099869778,0.9241096377372742,0.24977099661702618,0.9513841271400452,0.26011547505118965,0.9478113651275635,0.265677868702811,0.9396439790725708,0.21891203070750234,0.9217509031295776,0.22001112103668052,0.9455808997154236,0.23135948126976075,0.9425368309020996,0.23882539616050616,0.9342389106750488,0.1869023689625282,0.9149566292762756,0.201066075038893,0.9313837885856628,0.21430558035711347,0.9275998473167419,0.2211672600880033,0.9198533296585083,0.16357580157340673,0.9064937829971313,0.18125353322305066,0.9180643558502197,0.19606589874039204,0.9150938391685486,0.20249034499419571,0.9085317850112915,0.8468388735937491,0.8539928197860718,0.7964512725488916,0.8690727949142456,0.7757487935863971,0.8912937045097351,0.7656046254963423,0.9140576124191284,0.7582026158698406,0.9323132038116455,0.8231725349401642,0.9166518449783325,0.817685696944654,0.9450234174728394,0.7998858844674411,0.9530348181724548,0.785161851839259,0.9533478617668152,0.8559431391651132,0.9157676100730896,0.8457726144508336,0.9445493817329407,0.8239089924982143,0.9473304748535156,0.8089247550523228,0.9450408220291138,0.8788105283226308,0.9111995697021484,0.8696492713261313,0.9365032911300659,0.8487316611931526,0.9391545653343201,0.8346314784009703,0.9369239211082458,0.8936691707243902,0.9049643278121948,0.8886817334609313,0.9257609844207764,0.8712323494918902,0.9296995401382446,0.8590242667350011,0.927764892578125
0.5125268168915195,0.3739919066429138,0.5487767223909652,0.35250821709632874,0.5673871567794423,0.3529980778694153,0.5842105552848994,0.3534943461418152,0.485910928248546,0.352215975522995,0.46482220499525534,0.3523086607456207,0.44563626638749815,0.3528158664703369,0.6082900329481983,0.36457112431526184,0.4206436426586542,0.3637426495552063,0.5508132450699724,0.39897409081459045,0.4738438243818341,0.39842092990875244,0.7551839404232431,0.5021461248397827,0.25831654143990446,0.4901377558708191,0.7989160105791246,0.6848446130752563,0.17798103087477318,0.6743984222412109,0.7882216938961377,0.847000002861023,0.1919628106000262,0.8431469798088074,0.8267682804719951,0.9018939137458801,0.16280793835917937,0.8953338861465454,0.7840946044995181,0.905116856098175,0.20893351531790166,0.8988806009292603,0.7636873011095723,0.8868605494499207,0.22748437930275395,0.8813719749450684,,,,,,,,,,,,,,,,,,,,,,,,,,,,,,,,,,,,,,,,,,,0.8069514977690377,0.8536015152931213,0.754638697816553,0.868028461933136,0.7341631724032622,0.8909397721290588,0.7250108258993238,0.9140688180923462,0.7200282551976736,0.9327446818351746,0.7870803661245775,0.9178109765052795,0.7799848183423389,0.9455990195274353,0.7609737415463735,0.9534215927124023,0.745352270263381,0.9538921117782593,0.8195198238865941,0.9162173271179199,0.8090317740138552,0.9439560174942017,0.7861080307840297,0.948051393032074,0.769382429882988,0.9466003775596619,0.8414720702588403,0.910810649394989,0.8325005311731976,0.935181736946106,0.8113071881131569,0.9393095970153809,0.7962481864505707,0.9384241700172424,0.8542179260885427,0.9038174748420715,0.8493942097965587,0.9243871569633484,0.8324187409709077,0.9295070767402649,0.8194419974219735,0.928662896156311
