pose_0_x,pose_0_y,pose_1_x,pose_1_y,pose_2_x,pose_2_y,pose_3_x,pose_3_y,pose_4_x,pose_4_y,pose_5_x,pose_5_y,pose_6_x,pose_6_y,pose_7_x,pose_7_y,pose_8_x,pose_8_y,pose_9_x,pose_9_y,pose_10_x,pose_10_y,pose_11_x,pose_11_y,pose_12_x,pose_12_y,pose_13_x,pose_13_y,pose_15_x,pose_15_y,pose_17_x,pose_17_y,pose_19_x,pose_19_y,pose_21_x,pose_21_y,pose_14_x,pose_14_y,pose_16_x,pose_16_y,pose_18_x,pose_18_y,pose_20_x,pose_20_y,pose_22_x,pose_22_y,right_hand_0_x,right_hand_0_y,right_hand_1_x,right_hand_1_y,right_hand_2_x,right_hand_2_y,right_hand_3_x,right_hand_3_y,right_hand_4_x,right_hand_4_y,right_hand_5_x,right_hand_5_y,right_hand_6_x,right_hand_6_y,right_hand_7_x,right_hand_7_y,right_hand_8_x,right_hand_8_y,right_hand_9_x,right_hand_9_y,right_hand_10_x,right_hand_10_y,right_hand_11_x,right_hand_11_y,right_hand_12_x,right_hand_12_y,right_hand_13_x,right_hand_13_y,right_hand_14_x,right_hand_14_y,right_hand_15_x,right_hand_15_y,right_hand_16_x,right_hand_16_y,right_hand_17_x,right_hand_17_y,right_hand_18_x,right_hand_18_y,right_hand_19_x,right_hand_19_y,right_hand_20_x,right_hand_20_y,left_hand_0_x,left_hand_0_y,left_hand_1_x,left_hand_1_y,left_hand_2_x,left_hand_2_y,left_hand_3_x,left_hand_3_y,left_hand_4_x,left_hand_4_y,left_hand_5_x,left_hand_5_y,left_hand_6_x,left_hand_6_y,left_hand_7_x,left_hand_7_y,left_hand_8_x,left_hand_8_y,left_hand_9_x,left_hand_9_y,left_hand_10_x,left_hand_10_y,left_hand_11_x,left_hand_11_y,left_hand_12_x,left_hand_12_y,left_hand_13_x,left_hand_13_y,left_hand_14_x,left_hand_14_y,left_hand_15_x,left_hand_15_y,left_hand_16_x,left_hand_16_y,left_hand_17_x,left_hand_17_y,left_hand_18_x,left_hand_18_y,left_hand_19_x,left_hand_19_y,left_hand_20_x,left_hand_20_y
-0.0003015788398989679,-0.5024775870658931,0.06821251793664486,-0.5542012693762003,0.10412851022529371,-0.549740149783819,0.14118488003742735,-0.5442875280394042,-0.06433042783558474,-0.5557815492748525,-0.1093290100073393,-0.5528756393201243,-0.1494324019303061,-0.5491812429864763,0.19300195502496698,-0.4945353283813006,-0.2061411099938957,-0.4984629314832235,0.07509937787724015,-0.41663071916839695,-0.09308678576688262,-0.4231934734062551,0.4998563423748273,0.011984864941227153,-0.4998563423748273,-0.011984864941227153,0.5706190928833922,0.6472191920571642,-0.6549995682345573,0.6045519548394369,0.620471567396054,1.2455266249504924,-0.843338330081476,1.2079116320749224,0.6706984994095802,1.4140327037299083,-0.8646575074215802,1.3864135973016427,0.573524522167207,1.4247627754376275,-0.7732489697241993,1.3964978164132347,0.5349173985621052,1.3660311550632909,-0.7485263155368623,1.3510041473022452,0.6381677209227674,1.3305719912697413,0.534718023368179,1.3494988648226676,0.47826430385765684,1.4123070163174596,0.4561518769970701,1.4869447038172443,0.44681681460990647,1.553961672064999,0.6115687448766625,1.4490662064962774,0.59305530922341,1.5626688404149756,0.5334742275543719,1.6073732763733128,0.47765004085809254,1.6278592001145133,0.6643752344471163,1.4592470794651686,0.6036537752545931,1.5633889436564459,0.5315436371212782,1.6010683724368822,0.47083727422281213,1.6165186942219505,0.6828463310687601,1.4660913673999514,0.6101262679514147,1.5516675831606161,0.5452916759505095,1.582439781648867,0.48985478728107407,1.596812188892925,0.6794137461372969,1.4704809033960322,0.6195251859272338,1.537532863327224,0.5594801101167168,1.5647431644782572,0.5090151078107041,1.577307952563282,-0.8501447632140775,1.2751238283125865,-0.7732241128951916,1.2875766003378268,-0.7214605690193371,1.3423149015218343,-0.6969082687020064,1.4156568299148187,-0.6711972844356389,1.4808388684213445,-0.8413892597022088,1.3914807771184383,-0.7902554655413737,1.4934360878227255,-0.7232498269063448,1.5255908845346002,-0.6718289862576484,1.535083232122684,-0.8682285184287224,1.4079151333182212,-0.8033687225575668,1.499451670279028,-0.7219866835432577,1.5199572235011816,-0.6647441392880975,1.51572963072296,-0.8671722550264348,1.4178229004651621,-0.8054490612868821,1.4980520029415327,-0.7308498566006715,1.5127683528301097,-0.6727918521854965,1.5100554305440956,-0.8519002713402335,1.426638244324302,-0.8070473597300988,1.4900320797888231,-0.7524591170395106,1.5097586413266477,-0.7038269696766187,1.5129584600858577
-0.0021468323406776215,-0.060010806784488405,0.06840864384582585,-0.06605853904423217,0.10495935325354484,-0.06548417921611215,0.14100446824479454,-0.06484326041217656,-0.06430868092142972,-0.06637818377870493,-0.10838291517203862,-0.06603530498386172,-0.14860946532533464,-0.06559952843576475,0.19281078935493004,-0.05902603415059742,-0.2036610252378338,-0.0595922986214045,0.07478300407260793,-0.04957941929566477,-0.09360153582642369,-0.050336354448540246,0.49999741197800485,0.0016087309586384107,-0.49999741197800485,-0.0016087309586384107,0.5686791130954048,0.07839169403113197,-0.6632011642516774,0.07271601464314055,0.62177603047916,0.15288655760116732,-0.832608254170553,0.14592793727609885,0.6674956929016186,0.17227102539583944,-0.8607252910285643,0.16705638366299602,0.5721130426369294,0.1737294213354712,-0.7696410572724526,0.16836423931307112,0.5351023563540761,0.16662490496703827,-0.7448267563261967,0.16280643653837834,0.6110617832516769,0.15904567479306814,0.5164098776169433,0.16230072687980132,0.47583117386803375,0.1701490667447327,0.45691112580537435,0.1787846704862921,0.4527936243186844,0.18657296871536835,0.6096428012461921,0.17516469867941675,0.5892840726942895,0.18853314851430963,0.531411828142539,0.19357998157258333,0.4789732548212407,0.1962516290975901,0.6569518202792755,0.1754571578954328,0.599346023639417,0.18751108078737785,0.5271156579522847,0.192373811821181,0.46648977272354825,0.19497612921794816,0.6733095103098676,0.1754546433311962,0.6010101999295805,0.18555777755185926,0.5361327252896226,0.1892314789251794,0.48183886582695923,0.19077624244869515,0.6701881646027226,0.17573511987885998,0.6107163686110337,0.18385185098782791,0.5544397012437262,0.18720202031563596,0.508530829700955,0.18867924982822393,-0.795986872132507,0.1536853166285915,-0.7479311682490584,0.15705116349465065,-0.7211831328138375,0.164403030875752,-0.7045335941949277,0.1715813676657043,-0.6851631593084377,0.1776946068896952,-0.8204358871606436,0.16798933831243848,-0.7899533043144338,0.1790521123540352,-0.7301531138632438,0.18358884809572715,-0.6747721227289406,0.18541724420161182,-0.8369106881330551,0.1683385291766921,-0.8006481122487341,0.1785732674786806,-0.7390043856289472,0.18274295381827474,-0.684332712703669,0.18455610858582694,-0.8339002759923395,0.16880657168935653,-0.7932041589126058,0.1781752991999993,-0.734108016462067,0.18177071551733895,-0.6807350611151162,0.18322418496377235,-0.8181213153190134,0.16955411571457263,-0.7870404774254958,0.17759135580307928,-0.7434095022578837,0.18143566266221192,-0.7015319945337882,0.18306497199348104
-0.0018445466610590685,-0.5312904976789302,0.06946488998804623,-0.5820296581302687,0.10673927117967082,-0.5767916775547555,0.1415389832143313,-0.5719172568512818,-0.06346485944782632,-0.5872594149197983,-0.10715958252193719,-0.5845607567053221,-0.1473563333535382,-0.581006139433019,0.19352202202155608,-0.5227617462980982,-0.20104258052004784,-0.5282221117529268,0.07535906752833918,-0.4365194737808945,-0.09286477654559683,-0.4418337528152587,0.49972830909339133,0.01648080976954092,-0.4997283090933915,-0.016480809769541135,0.5664806405951006,0.7039173598985586,-0.6609888517148321,0.6466263548415249,0.6229529146034701,1.3823406405891918,-0.8059049676607719,1.2996299130558362,0.6653457921984112,1.5528115002500347,-0.8459212774550682,1.4843382022013545,0.571431184720257,1.5643190896650447,-0.7554519310428939,1.4979780365711979,0.5355493432380084,1.501973654366889,-0.7295850408426131,1.4486700433195618,0.6241587258312825,1.4185134201164982,0.5251075347813952,1.45030840423836,0.47692676329295625,1.5215067451482145,0.4562734563242417,1.6023056708788064,0.4426992948152659,1.6740522641875895,0.6054813989474588,1.5622400708806081,0.5836045381000087,1.68065276619369,0.525708717807833,1.724940823417636,0.4730221742785532,1.7495776871559874,0.6549723704642896,1.5671355079260405,0.5987912137380631,1.6738434713989976,0.5264949067283666,1.7155444626154999,0.46457443307524776,1.737612306987872,0.6735763151219634,1.5706018337182663,0.6038363279152293,1.6617095036182112,0.5391524794454582,1.6963318710490476,0.4816488923198155,1.7131604784341588,0.6721696501953471,1.5766878922233722,0.6129725873296157,1.6503104224904892,0.5562629407681138,1.6842986446465644,0.506111012439695,1.702705762063591,-0.8244476312692611,1.3774568539072365,-0.7471015590962341,1.4001067595764711,-0.6959196526558304,1.4625700691403969,-0.6719062665714439,1.5282865713764644,-0.6545902144344466,1.5862482718681878,-0.8162479857260779,1.4959604677431406,-0.7802503863659594,1.5916140637842016,-0.7236356543739612,1.6353572951867124,-0.6720876550318562,1.6565013342668897,-0.8412696883850357,1.500702622555373,-0.7952447351131777,1.591559010105809,-0.7320928698083423,1.6300257690456321,-0.6744107364916099,1.6465811639852774,-0.8431690563922735,1.5071212875158286,-0.7950620977768509,1.5904974563983834,-0.7373327224988003,1.6229942035908742,-0.6833020439680034,1.6387304180711202,-0.8310744252598233,1.5134926657068768,-0.7892990091428959,1.583057442906424,-0.7473425921477365,1.6150714995493576,-0.7056281556271871,1.6316029084465498
-0.0006577982270215977,-0.5649467319246084,0.07186766816556271,-0.6171358569270406,0.10925882889063167,-0.6117133819020547,0.14283425287571552,-0.607274725279315,-0.06196550390858597,-0.6247860825301152,-0.10543123296254382,-0.6224298008381846,-0.14580351858086282,-0.6189080727312853,0.1945232976448646,-0.5566302928178787,-0.19881623780174823,-0.5629248996647068,0.07631451995933944,-0.4623028585546719,-0.09153303793196903,-0.4671764215008862,0.49973376885752113,0.016314418882012963,-0.4997337688575209,-0.016314418882012613,0.5661450503580632,0.754015390076781,-0.6653985486488425,0.6963638758288253,0.6191650741513305,1.4788200399972407,-0.7986712451809395,1.3909587094611544,0.6642930660709596,1.664605478871048,-0.8401607866290981,1.5879960525478478,0.5720225671049336,1.6774544401527913,-0.7437764814018348,1.6022240684584472,0.5358364030144322,1.6107029718695676,-0.7155533754093669,1.5485835061581104,0.6172077924975782,1.5195471923661585,0.5200657453058807,1.5504862060655815,0.4761771244790865,1.6271371334131939,0.459364748812738,1.7145077753665223,0.451654042206461,1.791295656094695,0.6051035145078394,1.6757680338196108,0.5820633463648739,1.803920267720939,0.5205107226681536,1.8482218789101266,0.4645537451605101,1.867877984690191,0.6530751334876483,1.6819367949130006,0.596615257655551,1.7992777678312326,0.5245959551609561,1.841964745047106,0.4626811965463875,1.8641799992913755,0.6693445645856617,1.685567646301737,0.5988425506789947,1.784568828284796,0.5318792153786766,1.8209745033940201,0.4731334380717897,1.8378161073479067,0.6646938722543588,1.6910074541075066,0.6071099516369138,1.7715782752727047,0.5478341201835422,1.8068895439558075,0.494741910027913,1.8245638537583446,-0.8110246950250452,1.4971205270210584,-0.7516662359676127,1.5142423849515652,-0.7042155619028478,1.5666982150667648,-0.6736016693698016,1.625150699085879,-0.6517505996744551,1.6779856532652697,-0.8048901002984065,1.6101876267958355,-0.7729708377126513,1.7059356167123103,-0.7159797046280297,1.7473189735142889,-0.667750620955797,1.7661064872657697,-0.8353954554794729,1.618494667141154,-0.7891982460354326,1.7093477332900264,-0.7251631848987783,1.7462951188296687,-0.6715514907425815,1.7618311493802763,-0.841760831725305,1.624878257066796,-0.790784756188697,1.708729612149955,-0.7289218600380394,1.741525430506322,-0.6747251985382752,1.7552820436043313,-0.8327693757720533,1.6302050356119604,-0.7881290714790946,1.70108951767931,-0.7417151740437506,1.7346919206513158,-0.6990232140453944,1.750123466269873
0.0001947989398634493,-0.682138545278317,0.07370551426044242,-0.744353350413827,0.11132806631983327,-0.7380567634802632,0.1442115696879651,-0.7332686736633071,-0.06088930652985241,-0.7553033954629239,-0.1041824050757955,-0.7529557088850788,-0.1447854066707981,-0.7489825185414242,0.19593090285256234,-0.6731644315039049,-0.19733467432268534,-0.6813049839850162,0.07739733621373089,-0.556642693402735,-0.09104021604301885,-0.5622954475463243,0.49964777653756753,0.018764311899585513,-0.49964777653756753,-0.018764311899585513,0.5685758661146312,0.9134235152199318,-0.6661930575587368,0.8467380193171358,0.6373950949355262,1.793637581202746,-0.7968773046554292,1.6894933692709346,0.6660467651860937,2.020161565399308,-0.8382253327820032,1.9298789386558453,0.5782364855536283,2.0364468174326418,-0.7408266355212174,1.948629920684003,0.5437906414593455,1.9545469025012325,-0.7123470991950336,1.8808839594542635,0.6187306263924619,1.8463139746733903,0.5246574191870372,1.8839175419719236,0.4800239940438486,1.974062130491265,0.4599707781886505,2.077605313331354,0.4515196463939007,2.1706220448143925,0.6017593375285467,2.040165851561068,0.5799696724191924,2.1893579196549315,0.5232619753930564,2.2428791307547487,0.4720271927866742,2.2676649899074337,0.6458122292070558,2.046416376383364,0.5939306351361818,2.183366290557705,0.524308687017039,2.2326391235237195,0.4639618813690719,2.2583148256490677,0.661630864670086,2.050247085212421,0.5988853448838256,2.1662670277091656,0.5370428199188454,2.2122411618257853,0.48080885605717294,2.2370376848756117,0.6582824520422512,2.054863960236368,0.6066443351831237,2.1492095317911004,0.5515752157533896,2.1933465134055696,0.5002844574269583,2.2161142300240475,,,,,,,,,,,,,,,,,,,,,,,,,,,,,,,,,,,,,,,,,,
0.0009464945404336427,-0.4739591831843962,0.07598959810991249,-0.5166069490105965,0.11399657789939315,-0.5122191219357257,0.14639287118346525,-0.5088893933086832,-0.059113276206260626,-0.5245999847478281,-0.10215218605160248,-0.5232512846944081,-0.14294040496420035,-0.5209469425468478,0.19825054704460818,-0.46714707007802886,-0.1951140936844113,-0.474422911339443,0.07892635604776668,-0.38620377323305355,-0.09072571348974542,-0.3901855810026961,0.4998357549677062,0.012814759297902706,-0.4998357549677062,-0.012814759297902706,0.5702469197847538,0.6348972326601308,-0.6678550914000334,0.5885116615451601,0.6400348084253656,1.2470727115333975,-0.794847698128601,1.1737621044347197,0.6676396124907016,1.4062547043687585,-0.8356054223149778,1.3407879746610802,0.580801268910632,1.4177645853066865,-0.7384316397111859,1.3552100437244232,0.5482723600239219,1.3607509162495868,-0.7100749755183441,1.3069864303125636,0.6175285853364924,1.2773345740240707,0.521720417476556,1.305546486498379,0.4772404924250566,1.3706299306901517,0.45715772082760325,1.44471307515449,0.44590186432890766,1.5100129532500375,0.6077428234031356,1.407968070861762,0.5890733601297883,1.5180983642941086,0.53005289768941,1.5571622150977207,0.47716946673360483,1.5736136606124305,0.657123692724449,1.412152116775331,0.5984938715870559,1.5130201912457424,0.5244569653131439,1.5477354076158039,0.46292847247824004,1.5636393905659265,0.6748593568708112,1.4142995854897846,0.6039345424880471,1.4989702979732065,0.5379328035688106,1.529734772656772,0.48045191734845244,1.5427601023924256,0.6723278228054428,1.4187218732860265,0.6155096714789933,1.48788340953163,0.5567007420761998,1.5181909453365983,0.5051185909988047,1.5319898411161625,-0.8243195428790743,1.257588477810639,-0.7611598180858459,1.2763632960205322,-0.7078920506438695,1.3292657495841542,-0.6654420192669052,1.3876385083449976,-0.6255162306705587,1.4346145407754003,-0.7767342167624331,1.3876099110896505,-0.7179219419466366,1.4621341527875384,-0.6595941515575545,1.485213578001887,-0.6124246002313322,1.490698490430257,-0.7899820951448716,1.3941486015171995,-0.7219039269984279,1.455462351394455,-0.6560362619387796,1.4676684417719028,-0.6083664426988535,1.4630951440085782,-0.7895221866367571,1.3957255652742684,-0.7217983320392768,1.450396933956387,-0.6623942622412025,1.4579114285717736,-0.6189505574224781,1.4536086731881683,-0.7814918229520349,1.3967700851691984,-0.7287870713625267,1.4463525825491517,-0.6814027273655372,1.4598735294655982,-0.644261180186029,1.4586181305294423
0.0009798141181301477,-0.7666578474609971,0.07699725922541889,-0.835513580842483,0.11517387897284628,-0.8284013662190881,0.14727828822691194,-0.8230626271441934,-0.058017256312508786,-0.8485690111874078,-0.10090998066225769,-0.846590269953063,-0.1416482954826016,-0.8432043017580995,0.19915809301512444,-0.7554533042979202,-0.19345832147788522,-0.7682763332661711,0.07928788723279888,-0.6240358195176896,-0.09046045658941976,-0.6308422165702032,0.49956564266055825,0.02083671454772671,-0.49956564266055825,-0.020836714547726346,0.5687129161087235,1.0279287690745742,-0.6653263211077406,0.958145427905963,0.6410147047061717,2.017917014547361,-0.7882226576221749,1.9089367506438986,0.672288960369763,2.275037174323826,-0.8258733250690365,2.1753333212448758,0.5822011995909183,2.293585667580448,-0.7284745019633555,2.1999975000125933,0.5491418054824643,2.202428724729602,-0.7015811558415755,2.1217797868183355,0.6141129680056102,2.053217718213678,0.5199907087232238,2.1061656106571665,0.4785915930147528,2.2126597125554377,0.46070750243250197,2.333635616571801,0.4506749387542197,2.442893230542268,0.6082957283654288,2.2788957696737873,0.5811979260994599,2.457971351952083,0.5230964215265317,2.521415263017729,0.4718137177222272,2.552965914097402,0.653065630672186,2.2834831997136322,0.5906821911398092,2.4445703161215033,0.5181280002337063,2.5031071620160623,0.4564868700690496,2.5345073182214426,0.6673587247722086,2.2846358839056737,0.5973485915999505,2.423782046273356,0.5306965735396552,2.478097377762689,0.4709155833199915,2.505677561196466,0.6627028097299225,2.289809977592652,0.6079241455908145,2.4059204355956423,0.549503799024185,2.457861477375719,0.49535922291014434,2.485355425914713,-0.7836261615765667,2.0423990678809236,-0.7347456034211018,2.07811829379721,-0.6933509398564739,2.1714674009231567,-0.6564963499760552,2.2646187338116475,-0.6228124570754267,2.335272081853107,-0.7655996452004056,2.229085961721918,-0.7253467852952835,2.3574783996428796,-0.6708368765316394,2.403637708033356,-0.6183388230762634,2.4248901147283277,-0.776382523543511,2.238283795576667,-0.7271181392178627,2.3479096558545858,-0.6659158020762241,2.3735986647618477,-0.6199618863616004,2.3737135336371376,-0.7728782154390011,2.2421031024417464,-0.7208078246470351,2.3330779198584364,-0.6677541950109054,2.347706221411681,-0.629947702529528,2.3427428871393645,-0.7626155101712803,2.2456730273138046,-0.7277648987292534,2.3220844690632836,-0.6868813755250971,2.3469733912826563,-0.6542926243917706,2.348754358279545
0.002110972999237424,-0.6827195340796612,0.0786542211263814,-0.743951912483508,0.11695256257330813,-0.7376015843914522,0.14887949315131146,-0.7328588158479841,-0.056787755503548976,-0.7556403245279515,-0.09959319963667564,-0.7539175043113694,-0.14056319378640744,-0.7509168651170083,0.20077475627703678,-0.6724757422116534,-0.19193935185477787,-0.6840582510907878,0.08065014667518085,-0.5552587620288472,-0.08977036525460892,-0.5611893392861705,0.4996021810159207,0.01994143234913989,-0.4996021810159205,-0.01994143234913989,0.5664704823284762,0.9169266864040014,-0.66381929331442,0.8559395339832203,0.6427958810221149,1.7978847663360862,-0.786634780146527,1.7007586414818043,0.6800210742376379,2.0306260584382128,-0.8216730013957388,1.9410643605164337,0.5860306897189308,2.0472530039235686,-0.7237801234381844,1.963229462273492,0.5514626772902295,1.965910163995095,-0.6982448986645367,1.8912901698846187,0.6182328435985406,1.8269946204033884,0.5255951122447914,1.8791497756073052,0.4838274500631791,1.9745630318748446,0.4636304783694435,2.080238943547551,0.45118514441933255,2.173003580959836,0.6088286671883326,2.036370376832566,0.5877399171925034,2.195099169839805,0.5268196589818698,2.247499996622153,0.4744361185488146,2.272636922406575,0.6536335478084554,2.037856585909824,0.5961749033950015,2.1825654633861395,0.5211211493898674,2.2305632138256684,0.46130932005788744,2.255494571614594,0.6705144811912379,2.0344664963656163,0.6029698532962033,2.156894714353301,0.5355675468471152,2.197501225925896,0.479393563283287,2.215394256377727,0.6685654823285866,2.0337880031550504,0.6141416586397528,2.134574248345311,0.5553466312627428,2.174838542676851,0.5058852190014407,2.191702247833319,-0.804842334372024,1.837282526212626,-0.7362090159216156,1.854444483200709,-0.6809923196286829,1.924981635504701,-0.6424869184607594,2.004768159351672,-0.6102487988727879,2.068340656085741,-0.7743894412246991,1.9775101996252906,-0.7323199239907651,2.0955258352356823,-0.6692340163409204,2.135887863484155,-0.6172047381352282,2.1519497940454766,-0.8006088707836098,1.9896398996138212,-0.7455540629946243,2.09598034250896,-0.675692601236301,2.125039101640965,-0.6257458231773932,2.128515339622592,-0.8033443626187572,1.9964465173606178,-0.74437511563779,2.0912255428906104,-0.680931092291829,2.1103175219404458,-0.6349531301506404,2.1071665685759684,-0.7928367668392745,2.0002016980413346,-0.7441196306594633,2.0775389326934226,-0.6967603712355859,2.1036552770922197,-0.6594112675914926,2.10556242525852
0.002218949872767896,-0.08925511361934102,0.07941631135653993,-0.0972702437975117,0.11771250331836174,-0.09644837013990294,0.1495454470380882,-0.09584122636250421,-0.057070819122198,-0.09882898981709456,-0.09981064399738114,-0.09861377377070041,-0.14115551212783842,-0.09822328509160087,0.2014665551228232,-0.0878752962021683,-0.19142298635833285,-0.08943151415759362,0.08126838127328924,-0.07251682027906867,-0.0899752662376708,-0.07324896710573293,0.49999277495298994,0.002687935045508834,-0.4999927749529897,-0.0026879350455088903,0.5667538884610374,0.11986425325254585,-0.6624799926611926,0.11212822135736507,0.6433413093438765,0.23479880084458102,-0.7792742906458969,0.22241774275967333,0.6816823398122763,0.2658626419864863,-0.8175804942589966,0.2537858072529647,0.5886155697866143,0.2680348324972143,-0.718021553443103,0.2568523879693275,0.5533956074268597,0.25740556730028696,-0.6922211858211824,0.24755078428133856,0.6178444573380487,0.23952565852642202,0.530097040218726,0.24625625985951102,0.48759270307274677,0.25871133188429185,0.4664990950964925,0.2722588776647726,0.4558319801536921,0.2840264329185931,0.6086944926273663,0.2668495204469915,0.5836218950406499,0.28707578390539007,0.5276832909943837,0.2939452731939635,0.4797937122969028,0.29742867334995865,0.6499389019663682,0.2669453924185035,0.590500669595614,0.28563572077467886,0.51921600110332,0.2920926688860403,0.45998861239708577,0.29568792615768197,0.6648925439101687,0.2665700721243491,0.5990405225660254,0.2822660057191825,0.5336136113376843,0.28804076544096163,0.4770251912247114,0.290920580556026,0.6625588878960497,0.26669406394795153,0.6136263860722826,0.2800078221338041,0.5574485292313744,0.28533134185011383,0.507088211909969,0.2875864528652084,,,,,,,,,,,,,,,,,,,,,,,,,,,,,,,,,,,,,,,,,,
0.003686969954976666,-0.05763923127469149,0.08107025055107878,-0.06286062419608279,0.11928270273528563,-0.06233869382208426,0.15092690078739235,-0.06195138979446421,-0.05568807080167151,-0.06388256112474816,-0.09842267379440446,-0.06375105596504836,-0.13985273951164243,-0.06350015282945878,0.20295005882112954,-0.056751744496382435,-0.18993306973322807,-0.05777117692444675,0.0827479646538581,-0.04679041428421676,-0.0884551335615802,-0.04722195609883505,0.49999676150827294,0.0017995780725730392,-0.49999676150827277,-0.0017995780725730858,0.5649370528374101,0.07750947338242314,-0.657961871300522,0.07256659603038364,0.6443236047775971,0.15191468748972373,-0.7393663993761558,0.1440011955453879,0.6840973296353139,0.172092555266758,-0.7783050288732962,0.16427483844590918,0.5899276747703307,0.1735084916718864,-0.6877305245102535,0.16629248426679485,0.5544981898442608,0.16653304217879622,-0.6580771158281691,0.16027460981255237,0.6152072629520998,0.15447541979270016,0.523309156380576,0.1589157860894718,0.48524238422241556,0.16755324231810004,0.4648564138169965,0.17682993771521072,0.454480815623891,0.18470954968156666,0.615646696833484,0.1719514725947095,0.591498351670874,0.18562345327777313,0.5299179341818934,0.1903580669315915,0.4766669260694709,0.1926246273901021,0.6624411046365861,0.17195920004882526,0.6019182352240103,0.18472535698184256,0.529540397212984,0.18931264559025507,0.46986407921937123,0.19180622203791922,0.677957224312158,0.17171974965467762,0.6095816543406501,0.18248955531463318,0.5443929204318818,0.1865467204340156,0.4871172451210066,0.1884736253034767,0.672929895525986,0.17170502470139515,0.621677371151159,0.1805702520449863,0.564017148447586,0.18449076456373514,0.5112584088738817,0.18629919019370786,,,,,,,,,,,,,,,,,,,,,,,,,,,,,,,,,,,,,,,,,,
0.005117970042824995,-1.9384346228596245,0.08173244352704792,-2.116911278204718,0.11940631786101735,-2.0998157187549618,0.15073571822220957,-2.086745916590979,-0.05442860715475565,-2.1516884868873682,-0.09680455315687836,-2.1476754706838372,-0.13793640653797637,-2.139405234200467,0.2023254258731804,-1.9083384877927347,-0.18783005578095638,-1.943028207710656,0.08330042235812471,-1.5726411246071028,-0.08658480314349243,-1.5851673072620875,0.4964524182793978,0.05945583558018342,-0.4964524182793978,-0.059455835580184684,0.5609295929819021,2.607356305167689,-0.6516549435332778,2.4518454505640452,0.6384369786191448,5.102898571389364,-0.6848846854132239,4.8744560632207685,0.6789096163353451,5.806973324306222,-0.6996943632957838,5.548703942608789,0.5858365357761663,5.857727000715029,-0.625888740202165,5.61218935779942,0.5507793500850412,5.618477506588656,-0.6039403423933627,5.409494878031215,0.6159032800303347,5.2124480953182095,0.5225887893883955,5.362708774632613,0.48151703423365894,5.657567996313009,0.46281266917672925,5.97153289551823,0.4481297146346636,6.240729878752002,0.6034606585245628,5.855899080116021,0.5818868362620101,6.28337767863836,0.5246419617987288,6.430143054391003,0.47287356999942237,6.5024469973041565,0.649494882740093,5.8582782648733716,0.5909658219166205,6.2405532024115775,0.5232679247757125,6.380254072763696,0.46485855181630514,6.456829675849897,0.6670300024734269,5.843532585691806,0.5980619899251851,6.163232670716954,0.538449465731682,6.288622757494706,0.48478946318557536,6.355846406215179,0.6653018182152369,5.830448343634615,0.6096781548625175,6.098102806511607,0.554646319177577,6.220118205306157,0.5045825470286629,6.281940484561448,,,,,,,,,,,,,,,,,,,,,,,,,,,,,,,,,,,,,,,,,,
0.00725913409459381,-0.19782619903964407,0.0842608418828837,-0.21639473401521656,0.12158375475288588,-0.21469105166199404,0.1536197570106171,-0.21333585276758552,-0.053844721866626345,-0.2200225865642122,-0.09677181459895476,-0.21964558685243998,-0.13818543572854508,-0.21880835315915864,0.20493852754026493,-0.19491950637020444,-0.18880438777521744,-0.19858622486886734,0.0852268149626646,-0.16024771670733443,-0.08569759883909163,-0.16140356384867438,0.49995711676929555,0.006548388483653888,-0.4999571167692958,-0.006548388483653788,0.5649795637019485,0.267717264220416,-0.6555417585974955,0.24896457451479084,0.6394675228167238,0.517212293443755,-0.6122259726338595,0.48732036054586014,0.6789271817925312,0.5953343370415275,-0.6376660512895812,0.556434587098957,0.5900033864669308,0.6004543363705005,-0.5664464433169165,0.5597449179400532,0.5548289956996427,0.5727708628058324,-0.5428138948534138,0.5370727937237154,0.6239394202259342,0.5363497997206921,0.5291962344278306,0.5519926020784486,0.4859554564445063,0.5818816527823231,0.46423420347931904,0.6136833449058896,0.4534272516493036,0.6412980825101348,0.6076267631744109,0.6013752410295823,0.58123180476933,0.6479296615939192,0.5205857620212746,0.6632216223341177,0.46817489577828403,0.6699699739453291,0.657027070207625,0.601275674327064,0.5932173802899757,0.64426482088833,0.5208624126153246,0.6585998058745871,0.4626205505695439,0.6658634588409373,0.6758758332601277,0.599444607732067,0.6038918948214208,0.6355546558806566,0.5393203491037466,0.6485930029146443,0.484589782136307,0.6546763537600886,0.6745393429442681,0.5982157450088801,0.6189010002151052,0.6285931965903708,0.5603647382465995,0.6411387757861056,0.5091248156962551,0.6464251563153396,,,,,,,,,,,,,,,,,,,,,,,,,,,,,,,,,,,,,,,,,,
0.015378563622784275,-0.7590678676523276,0.09020953479218223,-0.8316221785938165,0.12575230898694698,-0.8252098145284393,0.15898594459979512,-0.8198677566795356,-0.04775807453127704,-0.8458596026647907,-0.09212894209566184,-0.8444683906647465,-0.13250371705856337,-0.8412388638781664,0.2082614225121704,-0.7479550881403042,-0.18705523453601283,-0.7630124544005062,0.08955767352287226,-0.6133724127892727,-0.08021464224948488,-0.6176597275909645,0.4991718324810728,0.028765980906062236,-0.49917183248107255,-0.028765980906062236,0.5580411825357522,1.0386864239865286,-0.6540783416813076,0.9452576739437013,0.633332784090417,1.9926755433804082,-0.521006448246116,1.7959770453751815,0.671523199478477,2.3073658708095865,-0.5562569026011404,2.0472951625620905,0.589460690459726,2.3266584490874322,-0.47573330616176024,2.0588159677725706,0.5552209546143716,2.2122762599427768,-0.45253732491720017,1.978859170703903,0.626693925143756,2.078915124213865,0.5298534423426472,2.1369640539092747,0.4892021694154741,2.2526332494858767,0.4679726334825439,2.3791245993050385,0.45690467568846505,2.4892096620847726,0.6113472190810371,2.3308723463297825,0.5892612493051698,2.5143746301205856,0.5285767452778013,2.574632176532018,0.47607890723618723,2.600578347998789,0.6561415997660757,2.3349184320079255,0.5970367175760405,2.5065135379948513,0.5240222687577504,2.5610553413302277,0.4649049001146424,2.5864067290674075,0.6716049600890069,2.333159117221878,0.6031083836680617,2.4799928825844826,0.5368968281593995,2.531400737292328,0.4808415483232153,2.554331037220094,0.6678155781524308,2.3334077896002907,0.6164774408208462,2.4586618674631877,0.5579279492215875,2.508097597961827,0.5060032906901958,2.5266532940081317,,,,,,,,,,,,,,,,,,,,,,,,,,,,,,,,,,,,,,,,,,
0.01719457075991934,-0.4447470864685991,0.09156081161409318,-0.4879128313192938,0.12647375449038814,-0.4841792055492712,0.16058920186769335,-0.4809408576897424,-0.04623179529266819,-0.4964214492632128,-0.09137820590132156,-0.4956274211602496,-0.13156956031809114,-0.49376045794807005,0.20942237807417194,-0.43737965216830516,-0.18819208382896388,-0.4474371410362799,0.09000407432578761,-0.35809950884132974,-0.08003786793725078,-0.3609583307099559,0.49953370908589917,0.021588735184911122,-0.4995337090858993,-0.021588735184911122,0.5594096848733564,0.6203037636430501,-0.6577914502737381,0.5298499021144129,0.6343557353181055,1.1861983625367083,-0.475827216189816,0.9562617341925715,0.6718097194562925,1.3718528162602384,-0.4853377231175945,1.1133345836252455,0.5901648097448083,1.3830082947654796,-0.4001327310575874,1.1013966020999442,0.5557875903452492,1.3142899378470712,-0.38371837301078476,1.0486836790085987,0.6321399363590926,1.237830934378534,0.5358007989763964,1.2715198541033428,0.4886030975144582,1.3386160806576775,0.4675982085361187,1.41449963172596,0.46000990763413724,1.4800382683804771,0.6133841253517691,1.3825005898090732,0.5892580424383641,1.4947023829938515,0.5250177129220842,1.5293487865626223,0.4713396958083204,1.5414094350572567,0.6611299012639703,1.386383039475713,0.6023396103578009,1.491394784418792,0.5292748533390405,1.5224082814203017,0.473481045843573,1.5358902231821612,0.6796657963259926,1.3863407474323646,0.6139471238950439,1.4736196991664958,0.5479665079005426,1.5042619882804151,0.4921670395422088,1.5170412006395255,0.678996270636047,1.3864590048047611,0.6307133989167181,1.4600778269735408,0.570330518590755,1.490650564717593,0.516850288594723,1.5014186000010676,,,,,,,,,,,,,,,,,,,,,,,,,,,,,,,,,,,,,,,,,,
0.018142934469728596,-0.3241117032004949,0.09064791235301917,-0.3561305442122114,0.1253208459976803,-0.3534128829637906,0.15963272364533523,-0.3510344055991702,-0.04717749484054874,-0.36233877077369886,-0.09280777934323312,-0.36178213870431525,-0.1333468810271665,-0.36043165168019403,0.20869528270341173,-0.3190005681608617,-0.1911225682996672,-0.3262400930981259,0.08974087344606323,-0.2602536107366897,-0.07902615290805415,-0.26194681021557414,0.49972056181925606,0.01671406877594227,-0.4997205618192563,-0.01671406877594227,0.5574933164821295,0.43751335787471735,-0.6798279896006052,0.3577050219805762,0.6180479101357933,0.813007854144048,-0.4421352354128314,0.6070081170496016,0.6140392052822665,0.9201089513165891,-0.42488597060028893,0.7014904563639669,0.5772421997354846,0.9295096524566807,-0.333575374724814,0.6799125098074211,0.5467501323800947,0.8907593272144496,-0.325092283859653,0.6517248147185776,0.6245586485204137,0.9095576419950406,0.5271803108204293,0.9380295340701806,0.4843115958008192,0.9907133039018156,0.46384491321466764,1.0487162474360994,0.45524287915316847,1.0980083254535213,0.6152346749713508,1.0138289722791969,0.5953084550887925,1.0984589533702307,0.5328976920477484,1.12394376310156,0.4796497815327364,1.1316794198185745,0.666187904706536,1.015202027455101,0.6083803037410367,1.0927364934112902,0.5369619439777377,1.116032118907775,0.48060218963568513,1.1258027319038013,0.6856316240522448,1.0146817102618764,0.6162258970252439,1.0799887956891812,0.551549261781296,1.1010483363617742,0.49786853258664304,1.108841038309354,0.683762516681216,1.015701614293919,0.632371983098725,1.0701742225799098,0.5717554596299993,1.0911758358791965,0.5203364624834823,1.0980108248579536,,,,,,,,,,,,,,,,,,,,,,,,,,,,,,,,,,,,,,,,,,
0.016799168832573208,-0.24012234317852224,0.08828996106856736,-0.26614555449515376,0.12284522414957956,-0.26422016594438197,0.15749547519115226,-0.2624632357956095,-0.05017752064400471,-0.27055927491126697,-0.09616021811580643,-0.2702714895102738,-0.13687360635054957,-0.2694053210721055,0.20702525971032784,-0.2381456175500872,-0.19572908615514814,-0.24311505769626535,0.0878009296452427,-0.1920706730600988,-0.07980811029358127,-0.19275547989951902,0.4998259960790407,0.013189906883476068,-0.4998259960790407,-0.013189906883476068,0.5579389692615294,0.3296934124903159,-0.7079484450206222,0.26266582701294017,0.6199450570620051,0.6198138509600832,-0.3896724073502916,0.38940455455987866,0.6189313302374896,0.6936213494847309,-0.3435862843426781,0.4390277127302093,0.5832450841315631,0.7043519566955504,-0.2563015690307191,0.40464565616242804,0.550570617463772,0.6799639222865738,-0.2662160678921797,0.38666929741658235,0.6350437935255172,0.6805512934479799,0.5337502677077585,0.7015542789594346,0.4878481186347469,0.7420480394368685,0.4650073414736907,0.7858146902554687,0.45555499557418727,0.8226720652081095,0.6195016059420996,0.7615883317989179,0.5915749715667153,0.8241493158102567,0.5272684702085648,0.8436811163248734,0.4724009190118901,0.8514723312028051,0.6687855699699348,0.7627385911330277,0.6036469671184503,0.8195970238837592,0.5298421916161303,0.8364995499223928,0.4709896693121351,0.8446924181555334,0.6863386839931286,0.7626167276081771,0.6121337760562134,0.8105609262288929,0.5458601888554684,0.8260844644713897,0.48988862008055856,0.8332019560250576,0.6824046862785637,0.7633332410208048,0.6250209979507803,0.8033695445741842,0.5641987802448348,0.8190038076845094,0.5118877273639751,0.8255554334046856,,,,,,,,,,,,,,,,,,,,,,,,,,,,,,,,,,,,,,,,,,
0.017247594444047804,-0.026007020511814957,0.08764649841873937,-0.028996566899165667,0.12201600396776936,-0.028792863862818974,0.15678560147949172,-0.028602576121278672,-0.05089581727499617,-0.02945212118112376,-0.09697298769827531,-0.029427168371672315,-0.1379920146848407,-0.02933682427551324,0.20641603191436753,-0.025921870403730306,-0.1974871907548201,-0.026398206656512286,0.08763427920521905,-0.02072632954955054,-0.07769552004822183,-0.020802602331551994,0.49999782347554905,0.0014753032615539398,-0.49999782347554933,-0.0014753032615539398,0.5615055040123162,0.03610372406873005,-0.7232156231006683,0.02912721706500546,0.6253121422928245,0.06825547321364323,-0.3875353243185026,0.031758925961100824,0.630495183547735,0.07636246405974632,-0.28894878947487623,0.03248944262911737,0.5929336703068252,0.07813333112239786,-0.24924280426116008,0.028709940609412832,0.5565242543406832,0.07522739410043533,-0.2727211502393843,0.02811556300309224,0.6273068416199113,0.07428206419678426,0.5284829049136054,0.07679175349355051,0.4860358009869075,0.08112904048053447,0.463910820186149,0.08587163909310876,0.45325723703821585,0.08988340807430628,0.6179256277198241,0.08300249934007681,0.5948850787060116,0.09000587304457111,0.5276006776974423,0.09209414513974795,0.4692172754976141,0.09283049977813783,0.6664496956505366,0.08299185858582929,0.6033845890705151,0.08928474527736116,0.5271108617954728,0.09106539846354575,0.467459105232241,0.09180363088209698,0.6843899449409904,0.08281886206994117,0.6074427644407884,0.08800405105912903,0.5415241223833985,0.08949721128779402,0.4878899793585111,0.09002030547029818,0.6820948275214982,0.08283182597528571,0.6245219082984497,0.08708374618724332,0.562803882728941,0.08863700741812297,0.5116153280100381,0.08912579600152602,,,,,,,,,,,,,,,,,,,,,,,,,,,,,,,,,,,,,,,,,,
0.015160776559206777,-0.2412627761660245,0.08583012980762934,-0.2699694619304474,0.12032959242845487,-0.2680787379762891,0.1551964265784045,-0.2663006112942514,-0.053257922404685486,-0.27422388580518725,-0.09948147713701506,-0.2739954886439245,-0.14068971849987794,-0.27316904489361354,0.20502756271917158,-0.24125828126494195,-0.2003550944057358,-0.24569474863352952,0.08579036188339907,-0.19126857599169417,-0.08009198623827399,-0.1926817167058196,0.49981141802098766,0.013731220479239158,-0.49981141802098783,-0.013731220479239158,0.5624527310585742,0.34065391653332666,-0.7267348144054326,0.2723098445516627,0.6229849425991992,0.638305479619536,-0.37221182858938445,0.2150681782441746,0.6339987305310019,0.7152141361241047,-0.25252211432503374,0.1872557530501474,0.5928214100431463,0.7359648469722152,-0.2461871015140344,0.14729529581758982,0.5554714456815567,0.7125089922800314,-0.26522157171474486,0.15026833576618978,0.6383830127855875,0.6944561210617349,0.5373185269994701,0.7153598832917099,0.48953973108936183,0.7558688308288792,0.4659713671481947,0.7999820147991815,0.45618723146385226,0.837146531185796,0.6137260238172484,0.7764942463093107,0.5918631257015583,0.8389682022220718,0.5287771827446021,0.8597637497084821,0.47318688034325646,0.8681785416528071,0.6602967157384002,0.7775336921846764,0.6053418241792736,0.8357018699778284,0.5327881370408837,0.8542749136239159,0.4724682546816121,0.8626990324879877,0.6778795691101528,0.7775668420801609,0.6095689618169663,0.8253485395690779,0.5460376881842667,0.8416400837981333,0.49154319356292697,0.8490029565165883,0.6759447807612501,0.7782462463788055,0.6245215261385172,0.8179651026781699,0.5647405254309321,0.8340561743189386,0.5121541904162793,0.8398785320638381,,,,,,,,,,,,,,,,,,,,,,,,,,,,,,,,,,,,,,,,,,
0.018047616334044378,-0.4618815245348605,0.08560019248379683,-0.5177525549089432,0.11992958696210285,-0.5144691234505658,0.15489527828650057,-0.5113549009603626,-0.054379039433519634,-0.5254881151215189,-0.10092607282738289,-0.5251239972908337,-0.14287201450046363,-0.5235943136640577,0.20423592597392543,-0.46373850387480575,-0.20316659866492268,-0.4704736039149914,0.08717473667156528,-0.3653427869935484,-0.07889275396771424,-0.36786148462128737,0.49929490768313606,0.026544211453510817,-0.49929490768313606,-0.026544211453510817,0.5607303013147367,0.6563741135472386,-0.7305137197584385,0.5185198803255658,0.6312902339747513,1.2335229036643558,-0.2885326694743722,0.2084975196673501,0.6363448676644132,1.3959546585262914,-0.14706578116495572,0.10312665709418302,0.5989137461419474,1.4226615999830179,-0.15938104780634485,0.02923211804942402,0.5611794416728938,1.375528857631636,-0.1916408049227792,0.05771515976686005,0.6043120575968477,1.3345247842002954,0.5100483948078529,1.3826574468103208,0.47124678777072854,1.4623834862490093,0.4536695715746324,1.545206902869008,0.45474109968899656,1.6149136549298886,0.61377376000663,1.4931363253570165,0.5894555650207434,1.6140292762130106,0.5261355777420585,1.6502615919521852,0.4706145404065022,1.6620189696629442,0.671099809867402,1.4879110401177327,0.6028595260583158,1.5974545720898747,0.5282626121077562,1.6291885424581443,0.46810403771463227,1.6413566865472926,0.6950683408974676,1.480301495773606,0.6174350198058751,1.5704651477609437,0.552951950909791,1.5988469016595237,0.49943628741955326,1.6081869775441497,0.694739804673116,1.475717412099747,0.6376502093403741,1.5508226537298095,0.5763347155848633,1.5791977126979317,0.5240662925090446,1.5880883643799149,,,,,,,,,,,,,,,,,,,,,,,,,,,,,,,,,,,,,,,,,,
0.025075139940003807,-0.5250585431566365,0.09259138879666348,-0.5902796403360506,0.12710946475760104,-0.5869242744946299,0.16240991470732227,-0.5835185040411583,-0.04857449933934228,-0.5984776786965378,-0.09624151453104184,-0.5982839668541464,-0.13951158433247896,-0.5967367429293324,0.212060021949376,-0.5288859580731702,-0.2014881465263806,-0.5349962818771712,0.0937410980037473,-0.4145180168706296,-0.07361922156489287,-0.4173903385132301,0.4990769302396256,0.030368037516310023,-0.49907693023962535,-0.030368037516309752,0.567720733844678,0.748364440479687,-0.7349267761949314,0.5879581867452505,0.6458936346618245,1.421130116570423,-0.2616892253876642,0.12992455875958095,0.653290543889872,1.6122147420992858,-0.10087992565454004,-0.02144963324192988,0.6132177734070631,1.639534535993681,-0.11856543696481636,-0.08365571925198181,0.5759082356510232,1.578810320869779,-0.15938690308589823,-0.036823163458138394,0.6304189239309514,1.5300888275311886,0.5343843481239351,1.5821293657407511,0.4900941905652568,1.6670228394244413,0.46958916705653575,1.7586453288169128,0.4609880557996232,1.8350065865038474,0.6249551698887079,1.7202928548377527,0.5990639329431631,1.847386848716677,0.5415055772732675,1.8901929655008152,0.49195445043536706,1.9116870734004376,0.6709640846458554,1.722983077465248,0.6085706970315764,1.8309687817482883,0.5376721412597176,1.852567899256349,0.48555199053857506,1.858590262070693,0.6893805144279543,1.720756132522043,0.6184467616531747,1.8105853048838054,0.5556479831778433,1.8299046020222944,0.5065679959171112,1.8334665279405506,0.6910169070662888,1.718441720752044,0.6370856293471339,1.7949840891283573,0.5802615867838607,1.8215001271256874,0.5340325567597163,1.8287959476386084,,,,,,,,,,,,,,,,,,,,,,,,,,,,,,,,,,,,,,,,,,
0.02634118435118662,-0.003161430746224521,0.09266905096326539,-0.003556153267083388,0.1272553510072498,-0.0035362302581707834,0.16227879265744444,-0.0035167322198618282,-0.04902580721077083,-0.00360043505513233,-0.09714612599614245,-0.003598597485219175,-0.1415252218010404,-0.003587534852902804,0.2115190965330409,-0.003182871294648232,-0.20488747391134116,-0.003209198632885539,0.09476647107466785,-0.002488312290110702,-0.07337993135011547,-0.0025022298913160404,0.4999999635255001,0.00019098298009094427,-0.4999999635254999,-0.00019098298009094283,0.5686747128698133,0.004515379646884767,-0.7358479782654498,0.003419553871894866,0.6481410038733738,0.008620321791656617,-0.2880951669783768,0.0003026438201356989,0.6554151763037916,0.00976164844725024,-0.1647099339417973,-0.0004965621488444942,0.6160396595556377,0.009975619285545956,-0.17472801611836508,-0.000815121899556457,0.5792880669427524,0.00959443181792347,-0.20899313079949108,-0.0005257712492137295,0.6457312630076779,0.009205504080111917,0.542729167639282,0.009468991808428683,0.4915853905427077,0.009974060811913658,0.4728029862817793,0.010531937808763533,0.4685035615862062,0.011018611762441498,0.6275960647135024,0.01033690383918806,0.5974571119241767,0.011133267491644021,0.5337082196140367,0.011389159335581014,0.4789032696385766,0.011487826941302626,0.6819638730827523,0.010349681239054012,0.6130018746043299,0.01108627363200191,0.5369506964358479,0.011310565822892048,0.4764045245212271,0.011412759717090175,0.7056047991693593,0.0103318518243762,0.628974824740627,0.010956915854980657,0.5624872160913754,0.011169058798700955,0.5053083418504822,0.01126405721865025,0.7079239240363899,0.010316861004938876,0.6509579794840604,0.010850000395967199,0.5896021733204941,0.011075059171308752,0.5346974741133014,0.011167503302095655,,,,,,,,,,,,,,,,,,,,,,,,,,,,,,,,,,,,,,,,,,
0.031045322003640134,-0.051640631036623585,0.09277373121419664,-0.05821890516232458,0.12729754222294215,-0.0578900389675728,0.16200152566971002,-0.05757689477109912,-0.049883331357705674,-0.05892071838216526,-0.09839696520268368,-0.0588861151771638,-0.14361016756934283,-0.058692860473054324,0.20793433783378523,-0.05205637546361872,-0.20848196484945236,-0.05231576375389183,0.09767042569611312,-0.040430624132475904,-0.07105125292354006,-0.0405651126232412,0.49999151996623314,0.002912037406348276,-0.4999915199662329,-0.002912037406348276,0.5713776038366574,0.07411025429003525,-0.7236988207964682,0.055253482069515435,0.6559402146779757,0.14338305703294527,-0.31881517407867155,0.007684737521004589,0.6690449246630843,0.16214418915404946,-0.22133072557695077,-0.005836983140953127,0.6267697389855746,0.16595041829763066,-0.21981347925696137,-0.010944275515668206,0.5884246883572344,0.1590341458902659,-0.2526274520289502,-0.0064317411527383015,0.6323030667474961,0.1529957385296145,0.5287111145824641,0.15803331852734911,0.4834734332432064,0.16664295134266352,0.46319566431697173,0.17609513024152643,0.45992358164883157,0.18415646762238466,0.6244944544810388,0.17234381702599674,0.5982961940424473,0.18530985019936289,0.5328541806947502,0.1895846047641586,0.4747612588999535,0.1913061512349554,0.6791990184878527,0.17227275951729548,0.611482980582739,0.18386431488515045,0.5346706644555115,0.1872547132171306,0.4727615428295954,0.18856102122790988,0.7035908747426356,0.1715113409193674,0.6258775164328507,0.18073440316200445,0.5605838168603092,0.18366762947812001,0.5055495066931984,0.1847236936261961,0.7077485202430138,0.1706616372541852,0.6490238249642424,0.17825338791724185,0.5886475190048585,0.18119268583708806,0.5365848841142202,0.18202812370163482,,,,,,,,,,,,,,,,,,,,,,,,,,,,,,,,,,,,,,,,,,
0.023323554697733416,-0.42756503750635166,0.08495163146214453,-0.4860185799762894,0.12076370475336967,-0.4831772154479907,0.15333833158611276,-0.4802803112345606,-0.060547255364601885,-0.4904987812435753,-0.1091876851588558,-0.4891090410324722,-0.1561541965734609,-0.48614422031269194,0.20157068219396138,-0.43302009545666925,-0.21992010467590983,-0.43231004034357234,0.09150115187172597,-0.32977681312818863,-0.07982888288269899,-0.3297305300572456,0.4992475252051007,0.027420951416432988,-0.4992475252051007,-0.027420951416432988,0.5725342774421571,0.6290750799644762,-0.7359610965113722,0.44004711370863436,0.6576524979037154,1.214028612405855,-0.3517862455101262,0.028858742815795892,0.6819219423856323,1.3742720447697612,-0.2509996271699955,-0.095040518064211,0.6287764023065817,1.4045447094011416,-0.247229205391375,-0.13918978342642302,0.5898471258762767,1.3450084550918397,-0.27694353742148275,-0.10033800555952038,0.62900064971105,1.2934790680487827,0.5284555215579111,1.336753219346018,0.48400180357750455,1.4091004196785508,0.4653044235688512,1.487228323568418,0.4693629549094365,1.5546882396231678,0.624152964567109,1.4574328425988055,0.6002396884607181,1.5676714210744473,0.5364054478497472,1.602445088353313,0.47895048938280205,1.6139592763349309,0.679219478343668,1.4544012494485858,0.6139569149644512,1.5536870691941844,0.5403700105871586,1.5819376316564084,0.48340460117325446,1.5935568666080318,0.7038936264408083,1.446734276734795,0.629717365581473,1.5260480673098142,0.5672039768508467,1.5506610924166189,0.5159164606283435,1.5599333076403756,0.708402294760094,1.4400189671651138,0.6557926494140965,1.5064947699226434,0.5981596067593883,1.5322034037245353,0.5487910571380155,1.5398339740229778,,,,,,,,,,,,,,,,,,,,,,,,,,,,,,,,,,,,,,,,,,
0.016811446612611677,-0.6286482952589404,0.07885595486284745,-0.7237559329233266,0.11670402779276577,-0.7210511607469982,0.14770204890092087,-0.7176944617789053,-0.07017979201570519,-0.7254717558658695,-0.11981430302355593,-0.7208450965060084,-0.1676029266358626,-0.7147120200268803,0.19874569591813623,-0.6488943058398985,-0.2286059722375485,-0.6383660939164614,0.08885759874508822,-0.4831048831633745,-0.08505236515427372,-0.48102100880043797,0.49751966862673747,0.04974112312303953,-0.49751966862673747,-0.04974112312303953,0.5732982624523323,0.9687803182812432,-0.7318115329803484,0.6140481266351713,0.666628802610028,1.8637092016288068,-0.35966880535522916,0.010952831558248907,0.6972457804169752,2.11523614699294,-0.2354864778124295,-0.1730299154376357,0.6363189620448925,2.1590923459023523,-0.24313194824078335,-0.24029596686128885,0.5967049428213648,2.0677175738977187,-0.27683348271262537,-0.1811391400317082,0.6353748956982354,1.9798594194420243,0.5286736723728138,2.0582968578177483,0.48812004344942633,2.1707115048807903,0.4691150445676415,2.293967836110319,0.46316226430115937,2.3970066397698067,0.636974646205012,2.2332181883909255,0.608585249022475,2.4039755891894132,0.5475570419357435,2.4590420010546046,0.4941162760221866,2.485305883087296,0.694230487471062,2.2289524199179866,0.6215605904805166,2.3747854358117,0.5443762959774638,2.410457622333013,0.4841181603186607,2.4232421979145475,0.71812888453678,2.2154600653836165,0.6395882838582775,2.334172799441544,0.5733528563756047,2.3662561265873476,0.5180694527047934,2.3744366382701947,0.7202558192210077,2.2032531061687175,0.6624592381434967,2.298938201076773,0.603010355265719,2.3311430981686128,0.5523171121029768,2.337091114638265,,,,,,,,,,,,,,,,,,,,,,,,,,,,,,,,,,,,,,,,,,
0.00732355465133361,-0.13789303811864934,0.07010204317767035,-0.1597786045377903,0.11008315142572923,-0.15935740191762765,0.14044935306083584,-0.15872694053717154,-0.0796571860308416,-0.15967048452819477,-0.12989968477521527,-0.15854163286509657,-0.1784411280955238,-0.15693189776859198,0.1941384795956649,-0.14389079874365915,-0.23721083302483556,-0.14051147562255595,0.08421231392003746,-0.10619801531899613,-0.09134820095404336,-0.10563568386511633,0.4998563692831975,0.01198374261321274,-0.4998563692831975,-0.011983742613212816,0.5768042334985823,0.2179517880714568,-0.7350362697532085,0.12902859358359525,0.67123078572021,0.420481617224563,-0.33857045196184227,-0.007640397141653005,0.7026734879606313,0.4766470265005716,-0.20416081505285613,-0.052809034805948736,0.6385645734370284,0.48702461415004794,-0.21145434665006355,-0.06797694750307764,0.5972808975742159,0.46553465240177805,-0.24672221186493862,-0.05456304925300633,0.6548848797812488,0.4451780174825664,0.543962400466186,0.46171994933475047,0.49907313462351666,0.4878446077592454,0.4778640586130553,0.5154570261568368,0.4707343832454207,0.5392880367221436,0.640728868586514,0.5050233020255573,0.6100110489883493,0.5425978694662188,0.5484131535371192,0.5544825498057393,0.4955258966610835,0.5592614542298617,0.6986423047182081,0.5041718032480009,0.6278479430886498,0.5376813447384919,0.5526353925785271,0.5468379639087476,0.49215653823563643,0.5502415245286907,0.7247894672612493,0.5011316977066718,0.6448344035930741,0.5292585095803786,0.5788742242586181,0.5375438676401982,0.5237268619851334,0.54025746507308,0.72921236194967,0.4982999558924439,0.6729796521521001,0.5225335165861918,0.6116607169906186,0.5315014627595708,0.5579742257081897,0.5338500298554206,,,,,,,,,,,,,,,,,,,,,,,,,,,,,,,,,,,,,,,,,,
0.00513562259825371,-0.3977548561415658,0.0667657320444637,-0.4665244651002937,0.10645921534806482,-0.46590298314429457,0.13648401483111505,-0.46448345103222755,-0.08295404515142085,-0.4641437583739408,-0.13340072852846716,-0.46001970531249253,-0.18202710178477752,-0.4541822632304682,0.18853570688338364,-0.4227683669159977,-0.24139291843573873,-0.40648841895841803,0.08197873431443474,-0.3075364451238318,-0.09090399213712784,-0.30458295030960475,0.49870716676361526,0.03593274020455094,-0.498707166763615,-0.03593274020455094,0.574265442369938,0.6412004849679159,-0.7375194359037495,0.3685307019054115,0.6698404394126154,1.2447364217258063,-0.3153971604574397,-0.03256270110538851,0.700203502435882,1.406343324957491,-0.16619401250696095,-0.16324741023442624,0.6339111980119809,1.4413328331795978,-0.18670333611274548,-0.203596948918466,0.5923867572951522,1.3741513853153775,-0.21942387929651852,-0.17062061457460606,0.6412870392175929,1.3143519278588465,0.5279762911512516,1.3599116045759834,0.4893415067718491,1.4365316177825123,0.4745890705700058,1.5188824758423667,0.4733899781430432,1.5874641899838744,0.6354640066868464,1.4881695595164202,0.6102368960452287,1.6032882151370786,0.5450155396430824,1.6405870829831124,0.4876646995401799,1.6549458461307065,0.6927519052730738,1.487715436268041,0.6223222325898665,1.5877658802537766,0.5459249880247453,1.612017120279589,0.4880640201205245,1.6201274015844462,0.7182663985881342,1.481571963810477,0.639211476748543,1.5635292483884022,0.5732815571646617,1.5852784704424905,0.5204683481396831,1.590683278091851,0.7207286556446628,1.475582618031151,0.6634458451451131,1.5455889453840088,0.6018762273960672,1.5694696885871335,0.5490460580821638,1.5738851638636842,,,,,,,,,,,,,,,,,,,,,,,,,,,,,,,,,,,,,,,,,,
0.006173845328595701,-0.05556205986018764,0.06727729400601594,-0.06534236124110901,0.1069692017562892,-0.06525186368538434,0.13694388163865076,-0.06502861151246556,-0.08257536476309699,-0.06501015389063021,-0.13363503883282377,-0.06441967412596539,-0.18275901429048605,-0.06357841242905582,0.18723473133669896,-0.059228471715092365,-0.24305850262161663,-0.05696719668171965,0.08273939578203592,-0.04294367157257973,-0.09013812285627168,-0.042503344636151894,0.49997426427593206,0.005072973658559022,-0.4999742642759322,-0.005072973658559022,0.5795287402245899,0.08996633581862383,-0.7383733673102086,0.05237682940297602,0.6757503587604571,0.17516427112089014,-0.32066894581867966,-0.0030618538637228543,0.7073138286969307,0.1974932187324603,-0.16907767189617,-0.02177189897198388,0.6375430643201657,0.20300233390875294,-0.19266309735491446,-0.02717481940728844,0.5954236490194039,0.19267176560944502,-0.22373447423457066,-0.022617502761014766,0.6364056436865294,0.18457539022254693,0.5289121014358084,0.1921652777229622,0.4922009744534839,0.20362893808931373,0.4773843896665454,0.2158297096267779,0.4708176559533832,0.22594406859674523,0.6464075581843091,0.20943137576361714,0.6168889830289744,0.22604284746218578,0.5482366980596401,0.2313483767109752,0.4871957554286982,0.23340196246518352,0.7064523817291076,0.20884547683153393,0.6290922468363492,0.22332953228855282,0.5475171208760957,0.2272988908662733,0.4815029698926548,0.22889128973633702,0.7310814687517714,0.20760011706304393,0.6430221928246118,0.2195031494039821,0.5741666684980936,0.22309234364126518,0.5157612080813753,0.22432994434479617,0.7323711768440992,0.2065727571773465,0.6684846938003147,0.21647974021500369,0.6031020432985629,0.2201868722396648,0.5459940568769169,0.2211678269483953,,,,,,,,,,,,,,,,,,,,,,,,,,,,,,,,,,,,,,,,,,
0.002048541323544967,-0.8830946099244431,0.0599524773648718,-1.0479617909139036,0.0999536422088263,-1.0476238666008701,0.1287988275541885,-1.044480300298295,-0.08602880667347151,-1.0385929722809548,-0.1369413812219731,-1.026767313363548,-0.18518654327524897,-1.0126271871376327,0.17483696031320833,-0.9548924073321723,-0.2449926159721418,-0.9092864031025906,0.0792203807638601,-0.6876080537526632,-0.09151050467696967,-0.6754321428112323,0.4929760835428564,0.08351395724516111,-0.49297608354285655,-0.08351395724516163,0.5827671998094468,1.44715458585024,-0.7320568734018648,0.8489284797742117,0.6700779606006154,2.8247564680119606,-0.32844917786802397,-0.021911418546390955,0.7007592459470807,3.1867111155632006,-0.18853802057549776,-0.3001290014555249,0.629504103408597,3.27594005459166,-0.20441117159003608,-0.40719879720527874,0.5867891599077724,3.096703838703579,-0.23468958650977212,-0.31784198839027183,0.6403401095573393,2.9940111055149177,0.5314646811580682,3.1092418459403763,0.48582314300187796,3.2890963811365688,0.47078776764338853,3.477978184855327,0.461954967015695,3.635939672211703,0.642151668276926,3.397864983804777,0.6115333285074803,3.6656644423278304,0.5454000076229266,3.74618324924195,0.48973981912911696,3.780652496050653,0.6995439841669403,3.391023829364525,0.6260716960807514,3.628768328492765,0.546168280871016,3.694244910800253,0.48551197453928924,3.71899121943481,0.7236613197288263,3.3713202796845496,0.6432337327199801,3.5710712569797454,0.5733577727351258,3.6291526630118804,0.516732418727013,3.646759051504533,0.726504548962246,3.3552647655784646,0.669416844703881,3.5227466298970254,0.6083094284035125,3.583164499741593,0.5559312148019927,3.6000457287642162,,,,,,,,,,,,,,,,,,,,,,,,,,,,,,,,,,,,,,,,,,
-0.028176502670820648,-0.4537391173213894,0.03460210792302073,-0.5364111099286306,0.0812400626135271,-0.5360288933123729,0.11674689568040798,-0.5343252674029021,-0.1092514121655864,-0.5318465567285119,-0.15966306597456853,-0.5262364193824278,-0.2026738931664562,-0.5194824808532134,0.16650067932207033,-0.48850138416146455,-0.2553311187539846,-0.465382604644067,0.06280645920161447,-0.3528992022290495,-0.11208336498589636,-0.34669257906835177,0.49814724338705424,0.04300376618249925,-0.4981472433870541,-0.04300376618249961,0.5873013696930142,0.7417861548722382,-0.7407750944103586,0.43523158434964765,0.6676869197627747,1.4481519392133817,-0.3384504659399184,-0.011837134658879993,0.7056606950353534,1.6337657905923253,-0.20136155707589048,-0.14465604640317242,0.6336686869796296,1.6792418889152754,-0.21503101546843484,-0.1997174091943049,0.5904171986441702,1.5883659869665931,-0.244755267163779,-0.15735787493969447,0.6578987724263815,1.5382297193619454,0.5433068105260468,1.594484177637333,0.4969175547776207,1.6855632018318563,0.4783129826633196,1.7819813685713048,0.4709066714307727,1.8626721761514364,0.64579082187816,1.7464466179218974,0.6150321527959662,1.8821193972202448,0.5477856609795386,1.9239145241124804,0.48953734274964167,1.9415425625307392,0.705042257361892,1.745492686496616,0.6299139948905675,1.86606481307708,0.5483490633738021,1.895988930960292,0.487185199219109,1.9057558907544787,0.7297744688095736,1.7373249428233366,0.6466080295806149,1.83878252294007,0.5736601854387517,1.865679623940151,0.5162063799508156,1.8716690053818223,0.7312150314269305,1.7293788996500903,0.6704861540150391,1.8143872935046061,0.6061816855773172,1.8434952067536186,0.552453068729801,1.849918823923287,,,,,,,,,,,,,,,,,,,,,,,,,,,,,,,,,,,,,,,,,,
-0.05453287152449588,-0.2275043097421565,0.013711008523841292,-0.2686441111790807,0.06418704248277497,-0.2684654372304831,0.10472951156154663,-0.26777457294739276,-0.13063221188139854,-0.265771103958124,-0.17889815009616403,-0.2631862583882053,-0.21703849329359523,-0.25995527940850083,0.15741233203037902,-0.24540545551190662,-0.2626051363896334,-0.23317645897626965,0.04701154932758371,-0.17742999985533062,-0.1322638534752855,-0.1744378974640272,0.4995489574619758,0.02123297196939447,-0.4995489574619758,-0.02123297196939447,0.5937182297222976,0.36710618363206554,-0.7404444769996661,0.22129938274232241,0.6655590583223091,0.7231284998009402,-0.34369565297065946,-0.0027106472519533957,0.7024488891641311,0.8063965489183575,-0.20721366039656888,-0.06869292763487464,0.6303361360567304,0.8284681467795202,-0.21747559586580026,-0.09836097568842406,0.5867909623515076,0.7855469710659698,-0.24742407145379977,-0.07872250026764463,0.6480267351633322,0.7777387198765549,0.5355165519877073,0.8072402592817777,0.49575506219650073,0.853116417624266,0.4791088574253029,0.9013063536921695,0.4728725581699519,0.9410429657255122,0.6440297474632699,0.882374900568687,0.6153437920237996,0.9499399800961166,0.5496628666422928,0.9706213648739862,0.49179475972205244,0.9785522672445963,0.7076542201202564,0.881407790390209,0.6354786861112885,0.9417350777317068,0.5545176078649692,0.9588519671439775,0.4876563258943631,0.9661064788195125,0.7352643907735387,0.8774858223551035,0.6531303308030627,0.9275943822411545,0.5818709819389503,0.9433931769655857,0.5221998150896707,0.9496530037820278,0.7371514107034683,0.8736984836429993,0.6755096421215704,0.9157860555502783,0.6114631002709169,0.9314671899859333,0.5550412232759295,0.9362212645595844,,,,,,,,,,,,,,,,,,,,,,,,,,,,,,,,,,,,,,,,,,
-0.07584233876203789,-0.11236184724333022,-0.0006858967117864201,-0.13259001292080527,0.051975115143151784,-0.1324855725079633,0.09518089807843207,-0.1321234631602847,-0.14813618250954502,-0.1312643307220785,-0.1950361338786395,-0.1300270211803719,-0.2303963154717666,-0.1284479794066075,0.1483751492070674,-0.12108417616328042,-0.27234912768180747,-0.11510909489631072,0.02679187587250775,-0.08782241333612374,-0.1572068185017135,-0.08648900507090024,0.49989138611707223,0.010421232458408649,-0.49989138611707223,-0.010421232458408649,0.5926684132360881,0.18147351283061797,-0.7130216498531089,0.11102773101185398,0.662186581401395,0.3596601845991425,-0.33999208679771836,-0.002049408395821274,0.7029615482776767,0.39852857843045747,-0.20294119375927558,-0.03469834947842399,0.6282795476130667,0.40920994231501645,-0.2175208049098462,-0.04808322101400392,0.5846358478229274,0.3881002970906634,-0.24780020720028156,-0.03796789153903885,0.6494796310771426,0.3834921755330663,0.5385188615891586,0.39857862856640836,0.4980483601813632,0.42135796602601105,0.48092014843841785,0.4460807016303806,0.4673386857053021,0.46644439667353316,0.6546521464106366,0.4353313114232809,0.6151161822219826,0.4680182979966802,0.5511897592757915,0.4792938610352332,0.4967902930099681,0.48563200586526556,0.7102704183367298,0.4348269932022365,0.6310882557166463,0.46400419090622874,0.5521826224898255,0.47397598791874684,0.48731581084927766,0.47954398859042174,0.7310433441100526,0.43260139355292054,0.6468128684368619,0.4573275766451293,0.5769906123175988,0.4663879440601667,0.5154223338833719,0.47072562250923744,0.7289258651109963,0.4306171180523464,0.6679680276718615,0.45129293386950964,0.6060671589366593,0.4594964774319474,0.5491381565622292,0.46241108215083493,,,,,,,,,,,,,,,,,,,,,,,,,,,,,,,,,,,,,,,,,,
-0.0827993687214778,-0.39238792883323476,-0.0069420259620639295,-0.4625464948938521,0.045487432855503974,-0.4621471483187773,0.08918205608805733,-0.4608984932381732,-0.1543056124200436,-0.4580830140951588,-0.2004675528507861,-0.45396107970935834,-0.2348818822033322,-0.44864818316921323,0.14062620114235236,-0.4222968854822495,-0.27688423420568464,-0.4017200277455063,0.017803736239967838,-0.30671382610203296,-0.16526082715463739,-0.30229999553541803,0.49871994694834615,0.03575492295948636,-0.49871994694834615,-0.03575492295948659,0.5933826584426595,0.6324715724298814,-0.6968724907630935,0.3893510075104323,0.6588969264763205,1.2616976496678627,-0.31862248535544063,-0.02203869783110906,0.7004716151662301,1.3992686842878859,-0.19092418976213812,-0.13258252674518448,0.6226635274728665,1.43831607177329,-0.2110134862925071,-0.17653724451215916,0.5795220529720648,1.3764111329532134,-0.23818276771752844,-0.14145168818038922,0.6474186682563117,1.3383235069734263,0.5373032433106958,1.3884655229919207,0.49588480178713035,1.4687826552188645,0.474926673474641,1.5556883625190066,0.46573528854643087,1.627588976139261,0.6429347684826519,1.517589369531443,0.6107028350249616,1.6337121473091765,0.543963911830363,1.6705637720472042,0.4858092042032821,1.6886038568032904,0.6961799763115414,1.5173727529681644,0.6233524780634818,1.6179156525218636,0.5462579128440361,1.6477268100096356,0.48252745099516925,1.6627196787943674,0.7162432003855819,1.510986210372797,0.635223323701448,1.5924578445404645,0.5684753970686923,1.6196121248144741,0.5100100708252058,1.6308866952253769,0.7149804681841061,1.5058738450075684,0.655381646591018,1.5741741197686505,0.595131388732968,1.5991853973691124,0.5406528974482406,1.6068776445558086,,,,,,,,,,,,,,,,,,,,,,,,,,,,,,,,,,,,,,,,,,
-0.05346849927915301,-4.585810801763831,-0.011272910764478406,-5.43438475866148,0.017697649366070045,-5.434282527982221,0.042931797884710826,-5.422303869008632,-0.09253201675584358,-5.35465618780271,-0.11706730453392057,-5.305879532723973,-0.13558091950020645,-5.24608973064244,0.07272459570736294,-4.968331499306166,-0.15704474065080476,-4.704591492100085,0.004057527229922057,-3.6025750602443254,-0.09662271122064621,-3.535771728722666,0.2757292382597741,0.41710117138253544,-0.2757292382597741,-0.41710117138253905,0.32811003291239055,7.441951712656031,-0.38229476378741845,4.582756502457529,0.36154611597850794,14.890683464929182,-0.17934767993834091,-0.1682136411337009,0.3839635532068455,16.481466036436192,-0.1092325067560472,-1.5258105574619787,0.34099956890820804,16.965976350773044,-0.11911582652888236,-2.0599191586331043,0.31738336198587025,16.226558255075354,-0.13416848570477388,-1.6283895782961804,0.35870173521288057,15.730386070659904,0.2941783771538955,16.3405669182723,0.26934636522625716,17.286157789788092,0.2602318542146287,18.281049090850438,0.25582621297938896,19.104382166827968,0.3493991130667703,17.839677598947183,0.33386105076312567,19.20515385022142,0.2993002241739323,19.652808111524163,0.26895290115737136,19.870630136349344,0.3820539464322159,17.85574927141264,0.34021739000873813,19.047592393445232,0.2969752655365033,19.400608812110143,0.2620296474005407,19.55712524416501,0.3963950974394569,17.801370122689004,0.3479798135246621,18.795191156886997,0.30982040647862835,19.104793613759313,0.27806534728278154,19.222697139625367,0.3977814620463843,17.75261744764614,0.3607196452696568,18.57807338785227,0.3253615661116005,18.88156472189769,0.29505801868286624,18.979138225769592,,,,,,,,,,,,,,,,,,,,,,,,,,,,,,,,,,,,,,,,,,
-0.10051484873957993,-0.2959911926645153,-0.02543171761110777,-0.3507763026828385,0.02582974207951536,-0.3507368196497048,0.0713049675588429,-0.3500175771801454,-0.17207750924280565,-0.3455384102398376,-0.21623200025943895,-0.3423047091220298,-0.24995666926547297,-0.3384187645785162,0.1251671637643023,-0.320647736294143,-0.2881918482637326,-0.30320112014799194,0.002329001118413425,-0.23268043396373242,-0.17892687796878404,-0.22825743876128488,0.4992714775774521,0.026981320902203117,-0.49927147757745227,-0.026981320902203117,0.5890025601179371,0.48393547769650347,-0.6906647050880661,0.2967665254636191,0.6493337698914801,0.9689909710009521,-0.31512880513784325,-0.014475945296497842,0.6889492940263241,1.0786828150613135,-0.1961244178915153,-0.09960616782338368,0.6111024037444367,1.1086930137589235,-0.21606907061723074,-0.13378341397875618,0.5685733033022977,1.0617769129483048,-0.24329803609666872,-0.1056708431210358,0.6332991495896466,1.0224464389983006,0.5303566305818915,1.0557782597947174,0.48621088122414374,1.1100510672820916,0.4675472535106529,1.1697427378983551,0.46111320657811156,1.2210581440915413,0.6249982935031749,1.15507279658545,0.5972262292163764,1.2381584492625364,0.5334269987709007,1.2665495993767175,0.478311769460925,1.28089341897677,0.6733495247558635,1.1555213564051754,0.6045132388648616,1.230494181968917,0.5263940552083249,1.2523653400755148,0.4655214205621013,1.2607919148377194,0.6929250748845904,1.1507519688192556,0.6174683773333158,1.2124664732650168,0.5495825143551946,1.2327123957561892,0.4941594670568003,1.2399395003942872,0.6930889344905098,1.1461470260311302,0.6390202863411565,1.1990614543620735,0.5781257045513478,1.2198896091274154,0.5253913683348727,1.226044729063854,,,,,,,,,,,,,,,,,,,,,,,,,,,,,,,,,,,,,,,,,,
-0.10128429009602011,-1.1611892070252472,-0.02916809775328199,-1.3767886109307452,0.02056251867732725,-1.376872031090895,0.06487686096613256,-1.3742064067368158,-0.17275035139874753,-1.3542482926199089,-0.21609090591142027,-1.3411299948401167,-0.2492207766135391,-1.325830036994134,0.11699513885642049,-1.2590486964215968,-0.28697509402553484,-1.1852511472649125,-0.0011234824249369932,-0.9144027623311618,-0.17869996385213868,-0.8950540611399249,0.4894116120896372,0.10235367092499646,-0.4894116120896374,-0.10235367092499563,0.572763628463855,1.8986832814846724,-0.6806516611817215,1.1550460445446455,0.6302443740405178,3.802978319925944,-0.3099201843627031,-0.06387755484520735,0.6688388719829006,4.252269113767456,-0.19620078614839467,-0.38695810394685415,0.5911968839125606,4.364338686169366,-0.2163927492196653,-0.5260542162493027,0.5493091036964812,4.1753525421343545,-0.24276600152623495,-0.4165757631729407,0.6121037820824924,3.9972606889377533,0.5089064543616789,4.118626833232928,0.46150878404249107,4.337543621293364,0.43989676681644246,4.5779828106722835,0.43881500257231976,4.785560188108477,0.6023426366647655,4.505031562224287,0.5738612074431884,4.837661490880108,0.5106380769779639,4.950146253697419,0.4568870640110989,4.994701534348687,0.6572039531105586,4.511724278889689,0.589230948725166,4.8012119752558515,0.5155828175204984,4.877740101868413,0.4607478589667231,4.901526946618119,0.6812788881224614,4.498512690625456,0.6056399180669064,4.743407535428527,0.540989098747147,4.811086120319003,0.49087038507889663,4.8295862920186465,0.6840206542280065,4.4838358368001305,0.6262517896248049,4.694701624213501,0.5657487936158146,4.767467565282844,0.5168947134287207,4.782832794628181,,,,,,,,,,,,,,,,,,,,,,,,,,,,,,,,,,,,,,,,,,
-0.07422337839508657,-3.9875652026121307,-0.020810920482141577,-4.729933640200494,0.01530492923015471,-4.730506344034356,0.04741983678474829,-4.721375871080016,-0.12604832789445558,-4.647999831785968,-0.1579300447569316,-4.600998771344457,-0.1826061625722871,-4.5472247230051694,0.08513438486671218,-4.325881248895439,-0.21107893923979693,-4.056665636184683,-0.0002032842023259078,-3.142423750501941,-0.13065779052150595,-3.065926256724101,0.35925846922140797,0.34775473007953556,-0.3592584692214081,-0.34775473007953556,0.4191300628605479,6.514741093610355,-0.4993591173326043,3.9302117553112117,0.45908912963516435,13.04229261019148,-0.2203500842889905,-0.3093693649096367,0.4872667712107652,14.609466049056735,-0.14223673080077362,-1.3839956477296103,0.4301892030366205,14.9873959320925,-0.15581520966255152,-1.8543308571803212,0.3994455979582668,14.325706600626159,-0.17441538114095886,-1.4963384995974,0.44132001221718276,13.685882751793821,0.3662865609293416,14.151497526400174,0.3352877182810955,14.927386625409362,0.3200262167376759,15.728409116333559,0.31525449974730124,16.408647931518004,0.4346642529768119,15.47389472360231,0.41655943687609054,16.61054570598641,0.37059802436857897,16.9562380464963,0.3310220803763276,17.09148358698728,0.4728750223259208,15.457515831132389,0.4233508077271875,16.431488322205073,0.36699485850717023,16.660097702970344,0.3244854142400714,16.708838733838398,0.4892689740685355,15.370714040130046,0.433173590968931,16.145796544808338,0.38489599076427694,16.31933236414566,0.34783818653386395,16.32355550844726,0.49053210696922595,15.27957981020132,0.45018565457182863,15.967176339526127,0.4070627609261513,16.168899242594883,0.37242291970780683,16.174224076714296,,,,,,,,,,,,,,,,,,,,,,,,,,,,,,,,,,,,,,,,,,
-0.10071368006099742,-0.2572200630343307,-0.02653779232161636,-0.3049664113306318,0.023432139272632296,-0.30498621078471694,0.06790143373366414,-0.3043891268917681,-0.17330196819893207,-0.29976274840142925,-0.2175313747930782,-0.29680297662809774,-0.2521890051323493,-0.29338098272380736,0.1197630207142517,-0.2788991969652769,-0.2925479364409177,-0.26169340090448023,0.001862075088876052,-0.2028678136033073,-0.17936732010189427,-0.19882336995741795,0.49949800300896985,0.022399664953992697,-0.49949800300896996,-0.022399664953992537,0.5816262616273918,0.4153475223277648,-0.6941072436580855,0.2539029146377946,0.6341083857572628,0.82166924155958,-0.3048894114572911,-0.020046559727544416,0.673420508357185,0.914976952133732,-0.1933166094684506,-0.08856880636077322,0.5983336587297944,0.9473835148409101,-0.2142590891593275,-0.11870406870340014,0.5559179231014032,0.8951536823349996,-0.24135139614811552,-0.0951035421978937,0.6068963666555449,0.8780948672749925,0.5058569324096357,0.9101179829034091,0.468800330673307,0.9614715662598373,0.4495601553737248,1.0141682713022924,0.43870186799972843,1.0584821270513893,0.6102779788432415,0.993248351313584,0.5782405693986656,1.0673768028019557,0.5187715604624284,1.0912518441584096,0.46756055456961326,1.102296557424841,0.6626898149935613,0.9910960590556168,0.5960718323482461,1.0564782250080256,0.523099556712526,1.0762983945363673,0.46289447128331035,1.0858675200182653,0.6825236362629152,0.9866791601987139,0.6091107161960243,1.0411127212667992,0.5449325980862655,1.058909964365289,0.49040600248786487,1.0666855834262383,0.6800464949888634,0.9832325050526801,0.6294391497119828,1.0308936663739312,0.5713651438949653,1.048014204998987,0.5191274513140347,1.0530187460162854,,,,,,,,,,,,,,,,,,,,,,,,,,,,,,,,,,,,,,,,,,
-0.0875216781916129,-1.3042900666783754,-0.017724016486521086,-1.5445641690556262,0.02892487057634505,-1.543080118179885,0.07002597712581064,-1.5390035432049303,-0.15821888731601594,-1.5210391879117318,-0.20310774714633417,-1.5067421747464498,-0.23937186902686566,-1.4901956340414138,0.11935131099373661,-1.4121968558911557,-0.28156452268554144,-1.330199912209076,0.009570074768827088,-1.0295541189590962,-0.16598152139503838,-1.0095221173914937,0.48693940902733585,0.11353418840203493,-0.48693940902733585,-0.11353418840203602,0.5619436187142502,2.1066986525092206,-0.6719341779093505,1.2905293884254825,0.618253302203929,4.173860864962949,-0.28773170069478676,-0.12232607098459228,0.6560969102552192,4.660734814198173,-0.18081322676349038,-0.4682645957146079,0.5837803353252197,4.81735892997578,-0.2013587274148048,-0.6178597882612032,0.5418372451732455,4.546998157576539,-0.2253281924608472,-0.505611120889168,0.606203517154396,4.425601721838959,0.4969737386854374,4.600406087403873,0.4558953689413548,4.876158851645974,0.43860078033268846,5.145353149315865,0.43134719806306926,5.380567873424092,0.5919895852242615,5.056293627208001,0.564328096066061,5.427489659544567,0.5052198005550987,5.541616573211932,0.45479119027359843,5.578789093868854,0.6484593286058017,5.042071085111997,0.5808548663659674,5.364500024159556,0.5080545027436564,5.461159175673565,0.44899150039262326,5.500016604272885,0.6754109241737172,5.007671895717679,0.5974550801562767,5.272855496666205,0.5351264590194315,5.360647578460406,0.4831506632668831,5.400029168816561,0.6819627331406879,4.97182911328814,0.6260570790736444,5.209832922154394,0.56747154963565,5.300954720026858,0.5157265505028205,5.3289622866868624,,,,,,,,,,,,,,,,,,,,,,,,,,,,,,,,,,,,,,,,,,
-0.07776606540676188,-1.250158333593419,-0.010819837650438287,-1.4850331170819302,0.0339737755615562,-1.4852071720035467,0.07321992503196335,-1.4831678458760242,-0.15040500361148326,-1.4604833825886985,-0.19640190831845167,-1.448805374334772,-0.2349449296261331,-1.435176978196703,0.12119609927328491,-1.3656484641886517,-0.281297838270131,-1.2863652314397855,0.01931754017789558,-0.9887420853409632,-0.1539739226931121,-0.9652620416733942,0.48802096126486166,0.10879127431058226,-0.4880209612648615,-0.10879127431058332,0.5633375854830974,2.0419376461770544,-0.6711522316048588,1.2543221025266993,0.6192301129874367,4.044694869409707,-0.2832675032187562,-0.10634199846747616,0.6600240505088335,4.529569496401692,-0.17644040785028678,-0.4542131675864234,0.5873365457196764,4.6788120377749856,-0.1928416877295577,-0.6028612818721207,0.5452124636842574,4.416951445720638,-0.21832111330773166,-0.49197057863673094,0.5951017626714281,4.307255850130679,0.4962868852046573,4.494569518311205,0.4622509516637675,4.745326031713444,0.4438175770286398,5.002213725268751,0.4316686821757708,5.217583240255791,0.5946362120915203,4.90012790812807,0.5686596132879759,5.268421173968341,0.5078283353148828,5.379837863533726,0.45804559286371266,5.419831585024043,0.6430201281797833,4.894241308144298,0.5771785183914738,5.212203866191301,0.5050681948389872,5.304056921532995,0.44722992324104316,5.338722686380776,0.662355246561747,4.866513421110251,0.5883861638430032,5.121730743282063,0.525192882655228,5.212411620369198,0.4711252264391997,5.2472594306839,0.6633338269944065,4.842672413243961,0.6129751718367562,5.062615299464852,0.5537889963021231,5.147982811340005,0.5003548803069426,5.1690611750212785,,,,,,,,,,,,,,,,,,,,,,,,,,,,,,,,,,,,,,,,,,
-0.07415405005132525,-0.2568497152435054,-0.008113644693125604,-0.30647628134584687,0.036847079453730384,-0.30656868891921396,0.07614349545535867,-0.3061046201167006,-0.14701765028311573,-0.30166883899483415,-0.1934899819448872,-0.29976548959709237,-0.23406826857258314,-0.29720875917824396,0.1250862638435563,-0.2816440308061082,-0.28515917425694914,-0.26702158405533094,0.02599073617014423,-0.20227731303035182,-0.1478869776384539,-0.19724552482029356,0.4994837507241283,0.0227152539619714,-0.4994837507241283,-0.022715253961971216,0.5746126290234302,0.42597914786563823,-0.6871337133667745,0.2615808524397443,0.6331260673996094,0.8442900991437009,-0.28661262875236204,-0.02032527786900268,0.6753880091517538,0.9459231978297951,-0.17554258745545606,-0.09304409036861769,0.6010107609482229,0.977024366541403,-0.18774053110124928,-0.12418333912419562,0.557658287771341,0.9228606176001096,-0.21191168989801193,-0.10173845347441056,0.6265168422484938,0.8965486853518256,0.5179294804189617,0.9334532527644481,0.47611643916824015,0.9886514733002159,0.4549598698338225,1.045180536972669,0.4401921563134578,1.0930444685064147,0.6121676078732574,1.022395904797255,0.58413692499267,1.0995246039888371,0.5213082914245066,1.122527416682844,0.4677064181213342,1.1309589912185363,0.6670501460780099,1.0203569904429808,0.5998243280527266,1.0879883090682156,0.5243459751481849,1.109639969268753,0.45942420387008115,1.1188824674074611,0.6908709955371954,1.0142150057510109,0.6096405948439663,1.0679246955013488,0.5441193002515652,1.0875816867320338,0.4860588432904584,1.096629650246119,0.6939756433439376,1.0082462308590412,0.6326929340645585,1.054957026127961,0.5711371745628266,1.073816875104876,0.5152444247337977,1.0800885495465948,,,,,,,,,,,,,,,,,,,,,,,,,,,,,,,,,,,,,,,,,,
-0.0662530493029676,-0.37358399270827575,-0.003139690384665566,-0.44788034277811484,0.04041340901846833,-0.44819192055157037,0.07825034942573802,-0.4476130778134267,-0.13970730451675653,-0.44095611938014323,-0.1867994638479898,-0.4385736919362284,-0.22861481237381506,-0.4350857933858752,0.12640020570809915,-0.41255758851979285,-0.28335767102497933,-0.3913517205784791,0.03147690746590301,-0.29326772087288305,-0.13885464289786822,-0.2852961135202072,0.49888834777451746,0.03332291185974371,-0.4988883477745172,-0.03332291185974346,0.5738178752862051,0.6266483572429493,-0.6872237236063299,0.3858967604302507,0.6283674652057599,1.2343151359890174,-0.28420356916476514,-0.029009940843491934,0.674008348692348,1.3893804959886464,-0.17222731649599787,-0.13546019884442737,0.600776547085747,1.4344112790362233,-0.18185258111221805,-0.18159570555347482,0.5572603225412808,1.3536934156977574,-0.20628430593864686,-0.1492072066805409,0.6246505165122292,1.3254491788342007,0.5195288182876884,1.378149387912013,0.4773011754878162,1.4545873813684873,0.45792593881877663,1.53821899874467,0.4501816625961966,1.6084021591601958,0.6139408716300664,1.5007453114265497,0.5856878737612132,1.6174635412749994,0.526139794833832,1.6543999224395796,0.4745972662532581,1.6684811449538688,0.6731956193952833,1.498990951310759,0.6094812373408593,1.603339607619729,0.53809984949634,1.636067873619166,0.47709363859481274,1.6492765075232156,0.7003566396655031,1.4917268540084319,0.624283806234324,1.5774995808819872,0.5605905484707953,1.6070020879588416,0.5051420643834198,1.618586630727092,0.7057120180089765,1.4846427841653391,0.6481012589176224,1.5574353817390933,0.5863903490838703,1.588028090689485,0.5314242029719302,1.5974234739267592,,,,,,,,,,,,,,,,,,,,,,,,,,,,,,,,,,,,,,,,,,
-0.06493409602632032,-0.5929917163594148,-0.0023267749380918926,-0.71051472615269,0.04099360107480226,-0.7109900285373474,0.0783044865514864,-0.7102765660712985,-0.1388223662420957,-0.6994935460898906,-0.18586979895291555,-0.6956017321672656,-0.22781629442390106,-0.6901031858436855,0.12634730528593854,-0.6550451397884773,-0.2824164174073088,-0.6210759466979787,0.03313130912931199,-0.4655485928055572,-0.13687450195356102,-0.4533067575107827,0.49718685746824565,0.05296441032287988,-0.49718685746824565,-0.052964410322880295,0.5720018982831333,0.9925310366062139,-0.686946512923491,0.6139711768625064,0.6265853760153097,1.9622547680105942,-0.28134215138756374,-0.04440523554591912,0.6738917348563944,2.208932973794682,-0.16613657619734631,-0.21291146572574093,0.6014841522112618,2.279666517967965,-0.1772446921329417,-0.2880572477032085,0.5574920478375663,2.1518247646482456,-0.20262426152702437,-0.2357733068721389,0.6261520446415882,2.1155101018672906,0.5230920469067659,2.195135295005233,0.4836635155789875,2.31074776562706,0.4683992653581706,2.4381461069433916,0.4565885348733784,2.5467338729422946,0.6239395208584755,2.3912513012873995,0.5928841057417524,2.5698024926778777,0.5299761529215633,2.626748535842968,0.47679531502647826,2.6536589287433343,0.6754460314269267,2.389942099358496,0.6051553548439446,2.5487809640122605,0.5277157278043514,2.5987124803356823,0.4651514069484706,2.6202571469578597,0.6961283109235346,2.379129563811446,0.6162360985886262,2.5082632168319328,0.5483419682884806,2.5547349660470484,0.48996873674540714,2.574725824730803,0.6971098259044739,2.3689904581241708,0.6372030118812891,2.4780141724202074,0.5748223436306604,2.524289829716457,0.518881168239717,2.5405919212136445,,,,,,,,,,,,,,,,,,,,,,,,,,,,,,,,,,,,,,,,,,
-0.06752259588288417,-0.3325272275372753,-0.004421924118435348,-0.3988234608335931,0.03875960179166731,-0.39911357021148514,0.07544692493043076,-0.3987871614336009,-0.1411406797439546,-0.3925082227010607,-0.18809687874115238,-0.39017238965745676,-0.23028592834911732,-0.38700329007229517,0.12356172366834575,-0.3678643599708015,-0.28354119069901035,-0.3482321010158679,0.03132335304775918,-0.2614375679616488,-0.13983839064509115,-0.2540934657332693,0.49912139391857335,0.029628265774094713,-0.49912139391857313,-0.029628265774094713,0.5726847831207361,0.5549358425929446,-0.6925825208591649,0.34754774776089337,0.6313931029636842,1.1025114340118438,-0.27955580412090436,-0.023763197365877307,0.6759534904951202,1.2376505750448898,-0.16753103807233646,-0.11889706501677084,0.601775296245715,1.276914711858694,-0.18001959005428889,-0.16114947133388463,0.5570738150348603,1.2071040106702002,-0.20598954113157847,-0.13159308980465653,0.6428576596875187,1.1861197181580705,0.5330882603449761,1.2282237828326958,0.4875850852184775,1.2954729468343256,0.4680079200365193,1.3688215533228636,0.4561115536157526,1.4303321728091623,0.6268169213665683,1.3374975529798332,0.5928011078555839,1.4422425680633548,0.5318916524514592,1.4767517693002044,0.4815175007866152,1.4934100498541871,0.6829723911807225,1.33631405915646,0.6113741161811295,1.4312184117034648,0.5353244375689783,1.4581944870647305,0.4764101320784164,1.4699480612890345,0.7065648859489682,1.3306601179670954,0.6252719363066555,1.4103242484102134,0.5568739477728195,1.433545003167543,0.5012934207968737,1.4426655846931873,0.7088579826993584,1.3254684463020439,0.6490828388992831,1.3922625816045562,0.5864251938719833,1.4168423249222308,0.5326723955316573,1.4251370712795446,,,,,,,,,,,,,,,,,,,,,,,,,,,,,,,,,,,,,,,,,,
-0.07227545099349708,-0.33941783050762825,-0.008512059271963818,-0.4075074182019671,0.03546699839975842,-0.40786715231773635,0.0722028599796564,-0.4076220203230815,-0.14562455544711186,-0.4010011255768052,-0.19198459837279547,-0.3984959037851574,-0.2336173480264673,-0.3952328511875308,0.12051352054348922,-0.37593356263055266,-0.28574916256980104,-0.3551910643110667,0.02752378450567829,-0.26716197010857506,-0.14575253756578052,-0.25883525192564416,0.49916415402662895,0.02889891580803197,-0.49916415402662917,-0.02889891580803197,0.5757155856258348,0.565804608724828,-0.6946167071720937,0.35869371303817554,0.6373110490308438,1.1275570127036276,-0.28281500604858784,-0.016697480486137367,0.6839790258114169,1.2696517941915209,-0.17061842752967,-0.1214918938032395,0.6060902550502257,1.30562423456401,-0.18417731924348626,-0.16490045790898294,0.562049240717009,1.238665128810155,-0.2093799020499137,-0.13428780334830437,0.623822991350915,1.2085906186165054,0.5202873068004904,1.2515594213625831,0.4793838887724981,1.3206986867899762,0.463601770109958,1.3939523626062569,0.45594873532598074,1.4555123487694446,0.6281329556478167,1.3689720138165813,0.5936654476596416,1.469848102916431,0.5290533421482659,1.5025738069254866,0.47223704916019177,1.516856339070464,0.6803683395357382,1.3657575214397657,0.6061239150872164,1.4557784587794897,0.528115114853459,1.4832013866759668,0.46353371025494317,1.495655140905196,0.6996501773190418,1.3575351106111373,0.6181647761217943,1.433219128358575,0.5499750895359565,1.4590962873061912,0.4914757946983372,1.469868692450055,0.6972412653310937,1.3503720895597253,0.6386113991411904,1.4150111822041067,0.5766872880123747,1.440783062593004,0.5218142148521219,1.4498548888040612,,,,,,,,,,,,,,,,,,,,,,,,,,,,,,,,,,,,,,,,,,
-0.07540039140374286,-0.2997872896808108,-0.011415815466199688,-0.3594032662710212,0.03255316426214804,-0.3597185465886846,0.06915747023665146,-0.35949482946179195,-0.14852056757355234,-0.3537200513464682,-0.1945704596105284,-0.3515159823834991,-0.23593021537014866,-0.3486616105358922,0.11727095590882963,-0.3317163784342367,-0.287304033435393,-0.31350645103403507,0.023908198363218978,-0.23664732158855536,-0.1508735120238149,-0.22922066181966008,0.4994224085934062,0.02402618976784963,-0.49942240859340636,-0.02402618976784963,0.5763047902032254,0.5052203706423996,-0.6951680046803177,0.31904534330845097,0.6344316012162013,0.9987864745464902,-0.28603673029537807,-0.03156526122355547,0.6813779188441845,1.1364120771799693,-0.1786131444604463,-0.11948107143412101,0.6006421323970587,1.1628353759649361,-0.19562210841814723,-0.15500818512450898,0.5568745283075908,1.116520910039936,-0.22083220120793173,-0.12571255925657018,0.6417074707084351,1.0564081435726627,0.5308101090425212,1.0935376981974418,0.4826326916716314,1.1555574638330925,0.4605657538674773,1.2210498230458573,0.4511495542774665,1.2769285578031009,0.6239679903663252,1.1959313848252766,0.5902689839796531,1.2863665443164747,0.5266318869578719,1.3156031136282842,0.4718987989715845,1.329798301458434,0.6747345494144164,1.19607672862624,0.6016845691443444,1.275566512792434,0.5241987975827118,1.2988994687929842,0.4614989355792131,1.3086152083311495,0.6957772903507445,1.1912192843366682,0.6119351971593208,1.2561481384850426,0.5433001889244572,1.2756335683633704,0.4851383720822158,1.281781917489367,0.6967745880023982,1.1864316186869035,0.633626098660681,1.239874568339478,0.570640294304445,1.2592650311909472,0.5157531806693892,1.2642336107287964,,,,,,,,,,,,,,,,,,,,,,,,,,,,,,,,,,,,,,,,,,
-0.07764728665896592,-0.7690301417105287,-0.013704698955002061,-0.921168817529926,0.030123020030651978,-0.9219557319517125,0.06636342931893709,-0.9214563146339279,-0.14977313964581535,-0.9067998429524132,-0.19497303360185453,-0.9011705625357218,-0.2358183304261466,-0.8939336941458202,0.11393082431199227,-0.8501820799376423,-0.2852209148423491,-0.8037658902973748,0.02071155374762777,-0.6073406814156879,-0.15333647261429562,-0.5884486368693822,0.49607786075505683,0.06250404841837352,-0.49607786075505694,-0.062504048418373,0.5720076719842814,1.3215523128206585,-0.6904422646853504,0.829210473005724,0.6280238498038303,2.604279884152553,-0.2903520049003904,-0.09368572295741338,0.6814596201769104,2.9541202995555724,-0.18418446860278748,-0.31245446623928325,0.5929981468053631,3.011839699200678,-0.20279923614409076,-0.4010007428609903,0.5496812208414448,2.90497571883816,-0.22760752863976905,-0.32533150508769454,0.6215086401331603,2.704715690630593,0.5201168635819771,2.7893818453524566,0.4789246250497763,2.945642184199226,0.4589322117095795,3.1179461682543184,0.4509021296249296,3.263039422618978,0.614209825459135,3.0471308399202544,0.5856364176034914,3.284308109891699,0.5259892509029083,3.3645938541925897,0.4733494860778021,3.400169878406132,0.6645562189735144,3.0551746604088885,0.5955032391793659,3.2641833126115674,0.5218565870476525,3.3318431424283745,0.4599142254268396,3.364077666210404,0.6845172662302628,3.053666607417897,0.6048550734316483,3.226869673325505,0.5396282087353341,3.2883918755735446,0.4826544535658625,3.3174905029135893,0.6830372247577866,3.0525697624059625,0.6264444216134512,3.200068844809111,0.5660172971285184,3.2616276375976594,0.5107281924177378,3.2854463370625435,,,,,,,,,,,,,,,,,,,,,,,,,,,,,,,,,,,,,,,,,,
-0.07916669076400656,-0.9301033237018326,-0.014949778171644069,-1.1134073252955023,0.02906081870508972,-1.11428746623235,0.06518879040175694,-1.1136698695761567,-0.15066205388926368,-1.0962213185997076,-0.1956663399344953,-1.089641680351001,-0.236371243577742,-1.081408459906222,0.1132862906905408,-1.027328805811954,-0.2848327209215684,-0.9721663865161894,0.018490670560799418,-0.7349435687659499,-0.156394079061708,-0.7128512165491016,0.4940593645721417,0.07684623789471794,-0.4940593645721415,-0.07684623789471891,0.5687390952458717,1.6034368954849003,-0.6882257191649449,0.9997211840517529,0.6246777791324252,3.1502957612959146,-0.2912748875941631,-0.1302489009309638,0.6786396268388826,3.5795348984055555,-0.18592402374885234,-0.38694572388287907,0.5899846313421273,3.645423263373331,-0.20502459443858795,-0.4964574373449353,0.5469733582349936,3.5153369086261357,-0.22828086520221302,-0.40400637159782127,0.6293588603187245,3.252552947907943,0.5208916985414765,3.360494651827828,0.4773409578191787,3.5628229956960475,0.4576980113330651,3.778385778888774,0.4467303511691104,3.959249091058584,0.6136877623253892,3.6754452938486164,0.584705191871084,3.9610840101451985,0.5233233015588842,4.058922358383933,0.4688239856118471,4.098846959925334,0.6704022035507297,3.6774573449123684,0.6029603906342268,3.9334987269874553,0.5284884131559592,4.017020921928538,0.4648228735456049,4.057260366361054,0.6948947239722184,3.67102803231785,0.617037805322387,3.887927977973008,0.5525132616859998,3.965137021052354,0.49512266832844576,4.003017509065298,0.6974933656480947,3.6660031608002255,0.6364686363412174,3.848366575826866,0.5739169301357572,3.9247146628867697,0.5177766729388207,3.9564780531254335,,,,,,,,,,,,,,,,,,,,,,,,,,,,,,,,,,,,,,,,,,
-0.08028974742290007,-0.4201820714857665,-0.014729107388542013,-0.5027833208795438,0.03024890813114034,-0.5031333668861943,0.06662722708804192,-0.5028585256129278,-0.1525846351028951,-0.49520199576160173,-0.19805266940578176,-0.49224872723311136,-0.23918148137633335,-0.48859512945241373,0.11580459068915049,-0.4638432826127961,-0.2880571608155402,-0.4389812383010748,0.018365654350168858,-0.3319347733544273,-0.15874442544115716,-0.3219821267458217,0.4987969938210028,0.034663510427112326,-0.4987969938210028,-0.03466351042711256,0.5742839330576689,0.7224561098554662,-0.6956119963806502,0.4502232783669111,0.6320975220613622,1.420663260043526,-0.29495321837216987,-0.05994629793964364,0.688558993306268,1.612316473480677,-0.18835830080193003,-0.18197902599513704,0.5962950371269038,1.6439100531469912,-0.20758651303270464,-0.22776150880530094,0.5530375483182066,1.5820497710188328,-0.23106767345155294,-0.1854869590871981,0.6227004321311945,1.4642509271095179,0.5112311171911844,1.5199420487111177,0.47611240074050076,1.6097996059208302,0.46058011778128577,1.7050223210027207,0.45089501905889184,1.7852294739708034,0.6216199861458259,1.657628867397464,0.5934094423443707,1.7852783451855576,0.5303544237337772,1.8288104983474107,0.4740309911196897,1.8498490818213271,0.6765235666197803,1.6570054035509867,0.6020151964534501,1.7673466424321382,0.5257488529262858,1.7982406045629646,0.46493475932238265,1.8117753214219356,0.6992140336845726,1.6503510894604836,0.6138479706819285,1.7399099628868189,0.5497473828676896,1.7643552970591427,0.4966640032756439,1.7720954536250362,0.7007935847725939,1.6444557026321123,0.6370790278634232,1.7190440893368888,0.5760764160762083,1.7450015842997173,0.5249200704553483,1.7515033537732927,,,,,,,,,,,,,,,,,,,,,,,,,,,,,,,,,,,,,,,,,,
-0.07529125882123949,-1.5057125923064987,-0.010701032948910442,-1.8018744504545179,0.032227455918802175,-1.8030830349162597,0.06662679562998555,-1.8020457693212366,-0.14469034416463672,-1.774849855724526,-0.18947830976760066,-1.764235312838412,-0.2299990283623844,-1.7512065767907674,0.11358441800040102,-1.6619286168965528,-0.27775588543954877,-1.5742635199808295,0.018858358023186982,-1.1898605424247668,-0.1525309862939185,-1.1540004853476653,0.48430264875388696,0.12430182786254315,-0.48430264875388696,-0.12430182786254204,0.5573316065706017,2.5880779852700435,-0.6753111028101441,1.6198577195148292,0.6133321972893128,5.087429801933717,-0.28670995095265317,-0.21013002943560496,0.6686199618685448,5.768322396561472,-0.18312532029131776,-0.6476512080692325,0.5797828684532741,5.885229881079824,-0.20194884764460522,-0.815711615449665,0.5384957860397027,5.6558156388626575,-0.22526045379809564,-0.6638427539639957,0.600311406092693,5.263197007663398,0.5014872639209542,5.449198283858064,0.46393053734552575,5.763909766694122,0.4463181552299733,6.107428325669979,0.4349893684938964,6.395987962245953,0.6062648672965987,5.944936419121187,0.5775462227759387,6.40474945565309,0.5160377540012443,6.557476611907757,0.4618868411080944,6.624059710713495,0.6579421790598997,5.943244485896517,0.590944539238631,6.353011157903984,0.5162043354659815,6.471483042991879,0.45409546077025637,6.5153151663408915,0.6774072677549174,5.925447728982574,0.6015458905516905,6.263761255193898,0.5359006784296929,6.371643678817852,0.47936168216399244,6.405914253903238,0.6757564187150747,5.915802009166565,0.6202678655681862,6.202878015854576,0.5607357477970507,6.314909501858621,0.5068574227552888,6.350647552695654,,,,,,,,,,,,,,,,,,,,,,,,,,,,,,,,,,,,,,,,,,
-0.07658654215010928,-0.10547653202206662,-0.010012898899601521,-0.12686113435773355,0.03373628574465264,-0.1270357683891681,0.06875765775159767,-0.12697451705273768,-0.14801267552456207,-0.12506853197749424,-0.19379645029592718,-0.12446261028035369,-0.23545598408421617,-0.12359151694982147,0.11854758152684935,-0.11704698472111683,-0.2853425618843283,-0.11140099605332496,0.02057136625232544,-0.08324930995010003,-0.15418589021949156,-0.08073415249253937,0.4999209101379169,0.00889289642787254,-0.4999209101379169,-0.008892896427872643,0.572320546515372,0.1829722646547086,-0.6962938544065,0.11452746291771697,0.6409826496243827,0.3598068895581252,-0.2960936043652577,-0.014776516201865127,0.6910212170237777,0.40813145499848325,-0.19024443778610084,-0.04595576406308887,0.5987782803044867,0.4164185350754942,-0.2096416637705474,-0.057852910622392506,0.556731122649672,0.40009750698013563,-0.23335827109157992,-0.04702671433411148,0.6325725584640558,0.3724323099927462,0.523363954503278,0.38510251764535647,0.4793161043414455,0.40694639965797275,0.4599948273490458,0.43066195395785684,0.4450412128980675,0.45082589391075417,0.6216659533914548,0.4213460320224356,0.5967132739344811,0.45325830939099426,0.5364229668366112,0.4639205567704121,0.48352673844816485,0.4683631598451695,0.6755296381804007,0.4212892052297177,0.6089184327022219,0.44967466977523024,0.5323125597471404,0.45783509352609897,0.47023374092099873,0.4609774225301958,0.6972638760323039,0.42031797273638255,0.618396207280297,0.4439842249777541,0.5505872248153636,0.4511180341915372,0.4939065561814785,0.45341927850511216,0.6980528660437718,0.41953064474702273,0.6386373007746867,0.4397727817377807,0.5761236762594567,0.4473474199802421,0.5214656877780555,0.44941136427592143,,,,,,,,,,,,,,,,,,,,,,,,,,,,,,,,,,,,,,,,,,
-0.07431908630783744,-0.5441017474488185,-0.006406606989036172,-0.6551287613960761,0.036711280480532876,-0.6564035205665156,0.07102212483769732,-0.6562112689692599,-0.1450285312795276,-0.6461954601070384,-0.19083854951256554,-0.6437472171611425,-0.23243792778751585,-0.6395284493593515,0.1199038327027745,-0.6053206170629201,-0.2832238168033281,-0.5773984132871525,0.02351139090510487,-0.4295776894313505,-0.15089408440062577,-0.41697537876351826,0.49789191149376394,0.04586550412985838,-0.4978919114937638,-0.04586550412985838,0.5700383882394876,0.9474849226815251,-0.6932134527006384,0.5930172950804307,0.6430390549197198,1.8640597053385386,-0.29509087081335406,-0.07374307807054864,0.690217492362088,2.1153893445599565,-0.18939212000693018,-0.23816017073684398,0.5971202784724184,2.1584337281532995,-0.20892179239655395,-0.3002132749604656,0.5556766470697394,2.073696964082378,-0.23219732761049192,-0.244052869450779,0.6112395034227774,1.923446410988859,0.5071755929545843,2.0005720716469986,0.4712549080500514,2.1158640437148684,0.4509718660503837,2.241527927035331,0.4397965945743718,2.3486183086417047,0.6209485462887118,2.1811200408229645,0.5852010351179643,2.348004102240083,0.5231997289765797,2.4048578306772104,0.47084359762228384,2.4287968996965246,0.673895913572896,2.180081694939734,0.6009248086891583,2.330438048831094,0.5246805560046792,2.3765004079852527,0.4610177674121741,2.3960532692970498,0.6938707464720759,2.173386595484656,0.6098302086429854,2.3018499866417796,0.5424508453023225,2.3429933889382335,0.4851073469110597,2.3569281966750317,0.6917450343278578,2.1690181772918193,0.6316475443767581,2.2799273747164084,0.5695987933768024,2.322907466379501,0.5139687843008636,2.3361768838478754,,,,,,,,,,,,,,,,,,,,,,,,,,,,,,,,,,,,,,,,,,
-0.07486945601919323,-0.25689028121583934,-0.005799219372993923,-0.30950469936868363,0.037472343677204215,-0.3101956967259434,0.07178771694452221,-0.31011959179320825,-0.14534428548966732,-0.3052571435593211,-0.19113252889966903,-0.3042468893309847,-0.23278826564423313,-0.30231045800174666,0.1216662752370729,-0.2860288004765428,-0.2838393161940187,-0.27330119163844346,0.024556349819581946,-0.20284448503130792,-0.15081246868325146,-0.19705585969651937,0.49954265543755677,0.02138072492677583,-0.49954265543755677,-0.02138072492677565,0.570622538870452,0.4475707103760392,-0.6959986707656324,0.2799644700750559,0.6437453832092871,0.8810317802911505,-0.2979265209965974,-0.03141092692490186,0.6915948919863516,1.0000926696673194,-0.1911271290836378,-0.11023061340527654,0.5984918131086884,1.0203460303019523,-0.21072818671030236,-0.14041216147252614,0.556911765310868,0.979687837333392,-0.23387353714421663,-0.11462587626643665,0.6267809916850869,0.9105376110409817,0.5170113348656957,0.9453846646063881,0.4740145217769537,1.0001196865493576,0.45254778195032563,1.0602678286934348,0.43804424217950416,1.1102614616553645,0.622829973751684,1.0309847764954903,0.5842265974216884,1.1116920277042583,0.5184716647740898,1.1374702668990306,0.4634634642964249,1.1484628899572948,0.6781422113286023,1.0302482342851775,0.6061703515051824,1.104195950187996,0.5284635209673106,1.1261199285119252,0.4658086318555058,1.1351903668481467,0.6997676508331667,1.0269558655074291,0.6165403778652045,1.088254365820029,0.5491246814599146,1.1077570114537718,0.4931818551973085,1.115011265730809,0.6983018295864358,1.0248560780034648,0.634535127506019,1.076963523626701,0.5743388936122578,1.0968119262972353,0.52202053369662,1.1035789908981788,,,,,,,,,,,,,,,,,,,,,,,,,,,,,,,,,,,,,,,,,,
-0.07574381475276083,-0.46262094078955984,-0.006205375390845076,-0.557505345700587,0.03732624135366945,-0.5588479158432988,0.07168420203441736,-0.5586797119915407,-0.14613984673055083,-0.5498830763771269,-0.19175200928445763,-0.5481772178520578,-0.23318152394549924,-0.5447301034723565,0.12276124542842971,-0.5151298185249504,-0.2831921711535143,-0.49288352840326355,0.02501669545198655,-0.36525020615839926,-0.15137601184905164,-0.35490726614728507,0.4984631715420525,0.03917226845918441,-0.4984631715420525,-0.03917226845918416,0.5681412699847725,0.8118153307834416,-0.6959471402488734,0.5031889419221345,0.6408957044912524,1.593111576386515,-0.2970218910786282,-0.054584744812527286,0.6886954635038012,1.8056770648831608,-0.19073466275600864,-0.19629130008471116,0.595404293608257,1.841294230492943,-0.21104131232130158,-0.2514434002152533,0.5544276433832047,1.771296942790739,-0.2319241355175384,-0.20608478305159333,0.6082704663499803,1.645282183401044,0.5056470738999718,1.7079748462371827,0.47040110433526106,1.8042452029805367,0.45162394548812934,1.908109218423831,0.4379607386462764,1.996145836936424,0.6159653254757343,1.8631516822801073,0.5815282642299268,2.0058989988850446,0.516645888729358,2.050219915387304,0.4619550638618715,2.0685583935543006,0.6667738288451788,1.8593058821884851,0.59638071975201,1.9902696140836271,0.5182839828792234,2.030055147931124,0.4536394571147007,2.0478333901678183,0.685203529782971,1.8503359859609474,0.6009091814316149,1.9568287188786329,0.5347222859885693,1.9944169568398722,0.4776494928351346,2.0107942100328087,0.6823292381186483,1.8425650744678563,0.6195544451102172,1.9329828952932337,0.5591132101111965,1.9700361811310014,0.5048427325882893,1.9836231666311657,,,,,,,,,,,,,,,,,,,,,,,,,,,,,,,,,,,,,,,,,,
-0.07761490829158373,-0.5898169325871849,-0.008060434282132628,-0.7113249849873858,0.035446854322447256,-0.7131233909027437,0.06976788154003791,-0.712917086157583,-0.1475510587118156,-0.7016864885215961,-0.19295034840846334,-0.6994679896791588,-0.2342058917979862,-0.6951736875270048,0.12161435379399435,-0.6572862377696042,-0.28337871806426307,-0.6291910350877423,0.022976028076635895,-0.4656139925636771,-0.15392252482330437,-0.45156945262869247,0.49738251566186714,0.051094355009848824,-0.49738251566186714,-0.051094355009848824,0.5669169684957408,1.038091972261415,-0.6967722201680954,0.6423365421431562,0.6364743546761847,2.0216876871941807,-0.30948897017220317,-0.039238210092162384,0.6841569684420958,2.306116450699176,-0.1948013060905973,-0.24090764649392385,0.5913417106360914,2.3527552695103644,-0.215227182430729,-0.3137094106005182,0.5504859537207125,2.263349289941441,-0.23562157092199806,-0.2573195036159589,0.6216552265458272,2.1014141814732548,0.5105937613826694,2.1829952074433705,0.46773206468511835,2.3069988159241506,0.4483666736131861,2.4434722111367475,0.4367522076500278,2.5582276524098946,0.6041405201399986,2.379847011354264,0.5764486861667842,2.56268369884288,0.5159865560297954,2.6230076825465756,0.4643466659056609,2.650178000476431,0.6595358367703991,2.3781771844886515,0.596019749315103,2.5471351581977086,0.5224093491550375,2.5997906601620753,0.4603881154726273,2.6257870989896226,0.6822070879515405,2.369504901755144,0.6090908468068634,2.511691900932233,0.5426476634821458,2.562708870402883,0.4841718159731261,2.5865912383463843,0.6819968656079772,2.361657157689846,0.6262906747240654,2.482888152851905,0.5668252351094588,2.533015613817039,0.5125412757342928,2.5527671246702988,,,,,,,,,,,,,,,,,,,,,,,,,,,,,,,,,,,,,,,,,,
-0.07863099618952057,-0.21927774986965654,-0.007615917805839076,-0.2640815036729417,0.036065535319153824,-0.26466589881605296,0.07045415578319368,-0.2645562616443423,-0.1482806919327385,-0.2606435771936217,-0.19399970200545572,-0.25979814717333044,-0.23552214954598413,-0.2583099077285679,0.12255232866253313,-0.24381092797004242,-0.283460340807816,-0.2339041560302854,0.02217631072855004,-0.1730882024023096,-0.15580465446429884,-0.16795979437667088,0.4996291288111723,0.019254444769691643,-0.4996291288111723,-0.019254444769691504,0.569400821904851,0.38482287700884793,-0.7007079236995254,0.2373382975669688,0.6279485758515736,0.7519896905234955,-0.309919865110205,-0.018612455416124718,0.6852741614388087,0.855076514342256,-0.19418672193176176,-0.09014988988641387,0.5927123755943783,0.8724567186006158,-0.21429113537893096,-0.11774925001681545,0.5517638826051927,0.8390537166781825,-0.2365566578131591,-0.09675026210347724,0.6057600562427489,0.7791720130577068,0.5041907688718759,0.808801679500828,0.4669047570605382,0.8536908468429488,0.4463642076580864,0.9032968096989636,0.4334467550659796,0.9447225021989665,0.6122198799662426,0.8815260719819961,0.5754564265211211,0.9505643088292518,0.5110074394180814,0.9720810768952949,0.45920630356595055,0.9802511279061878,0.6635509510647246,0.8808281285597828,0.5908288242974606,0.943913659957497,0.5144187926166454,0.9640650730497166,0.4520046188927287,0.972970412250172,0.6818666492362864,0.8773633920701194,0.598319864005808,0.931567303241235,0.530031527002438,0.9511388631215074,0.4713738474070996,0.9596272278081495,0.6771477112424548,0.8746861759784047,0.6162613394201845,0.9209396889763125,0.554541654361484,0.9402153925071471,0.49859827863546535,0.9475909840585904,,,,,,,,,,,,,,,,,,,,,,,,,,,,,,,,,,,,,,,,,,
-0.07820738735403125,-0.5452313951096575,-0.006534193283591631,-0.6559490810588771,0.03707733470029274,-0.6570717601647447,0.07126122469736416,-0.6566486013223015,-0.1471271935508042,-0.6479695366967294,-0.19286408620126907,-0.6458125389393216,-0.23430878832309637,-0.6424358849107474,0.12288834081068993,-0.6046578739990303,-0.2813883858424544,-0.5818290732857333,0.021770408071403985,-0.43003035610816154,-0.15570045754028136,-0.41722294692234463,0.49761681249155637,0.04875969571011741,-0.49761681249155637,-0.04875969571011772,0.5686370155141177,0.9555024579538248,-0.697461414911459,0.5877365336604113,0.6255150325684071,1.8595358129331068,-0.30640579782246186,-0.0587792072279312,0.6821969518366184,2.121593807036207,-0.19342385790195538,-0.22663446029751405,0.5902806707879218,2.1661697762346535,-0.21372280358972248,-0.29651394960030936,0.5493600199522165,2.08323346313028,-0.23622329319553922,-0.2433088926999272,0.6130852395350684,1.9430439623110518,0.5047906016675647,2.019440035120484,0.46291351850719675,2.131384897379536,0.44419000712403056,2.2520376510790476,0.4305479069596601,2.353848321230627,0.6053257084590095,2.205729252972887,0.5687022599448014,2.370682867789641,0.5041906445004938,2.4187403015555704,0.45190452318785795,2.4388833517927453,0.6590605112786466,2.202703690749539,0.5849687170975751,2.3503342698289242,0.5082921135299393,2.3935685387953503,0.44701009740448566,2.410512125915023,0.6798709332086331,2.1903955807976603,0.5976135616063524,2.313587287551831,0.5294037897725528,2.3561738931881346,0.4714609034208161,2.3730147064460363,0.6795082616525967,2.179937400357654,0.6198637349396986,2.2863500208379746,0.5591822227223553,2.3260282515201447,0.5044621925499883,2.338370201646021,,,,,,,,,,,,,,,,,,,,,,,,,,,,,,,,,,,,,,,,,,
-0.07855365230745799,-0.43848425898142057,-0.005454739598608429,-0.5265706944375216,0.038021297068340905,-0.5271609385107667,0.07196903690862598,-0.52660768657723,-0.14745070821022613,-0.5203202767976427,-0.19364165884973694,-0.5183669664239562,-0.23529403472945698,-0.5156464766918433,0.12407618587083886,-0.48447163309604313,-0.2816806285377351,-0.46691842391462296,0.020924055149982943,-0.34587537769961524,-0.15718030579729195,-0.33538051956872145,0.49844960947303896,0.03934446360258346,-0.4984496094730388,-0.03934446360258346,0.5685915180382728,0.7640944647691977,-0.6996407768496619,0.4706359458596896,0.6209308107604413,1.4888878533267922,-0.30539770892542173,-0.056352571660911024,0.6809772033119501,1.6965810368005456,-0.19304679046485074,-0.1957749430451317,0.5896744420114013,1.732678844507571,-0.21519096912676952,-0.24430511922418335,0.5488195127976604,1.6657042620728362,-0.23611110046319986,-0.2065594684395043,0.6174077736989781,1.5503276592786506,0.5078704120586545,1.6083130263671643,0.4643989379656037,1.700193977577759,0.4424701127916938,1.8024826359460362,0.4310213373596747,1.888283082565243,0.606742300953853,1.7547344359812942,0.5695487460421773,1.8925019420511708,0.5057146871430928,1.937486390289903,0.4520865585460769,1.9546266668745111,0.6608989581112706,1.7544658354278866,0.587199154419989,1.878373201830077,0.5112025510282043,1.9172315009389338,0.4490451467853392,1.935066477367556,0.681359547004644,1.7485696645496218,0.5961843224497763,1.8531069434238332,0.5291095585620675,1.890186861090845,0.47160086961290243,1.9071495754048529,0.6799741670661048,1.7428314939968907,0.6176731329969147,1.8310759297785264,0.5566665923942066,1.8681789205089492,0.5017081997513451,1.8821471524628341,,,,,,,,,,,,,,,,,,,,,,,,,,,,,,,,,,,,,,,,,,
-0.07997009968856465,-0.30900325319834737,-0.006734421427883403,-0.3710089568708212,0.036893382674848735,-0.3714375817995206,0.0709709618583507,-0.3710160386540298,-0.14910541560675458,-0.36667614485923333,-0.19535593691952022,-0.3653214882537225,-0.23707931209604374,-0.36337116515808016,0.12357421390647443,-0.3412133277659215,-0.28300622409413073,-0.32907754144825213,0.019765504481487436,-0.24362750594149174,-0.15877070568083687,-0.2361686177770572,0.49919663724772484,0.028332267127137177,-0.49919663724772484,-0.02833226712713742,0.570479592145185,0.538916974478718,-0.70211851969907,0.33144250295075656,0.6197653456507994,1.0486515137561094,-0.3058338519890763,-0.04122916809514854,0.6812710551883755,1.1920893147096672,-0.19493418379629132,-0.13743554707283778,0.59011420772636,1.2194225192706543,-0.21695223960411958,-0.17307541777061622,0.5488949057361548,1.1701757988382049,-0.23775086087738104,-0.14587791788036342,0.6008264260694677,1.0940342362253788,0.49530106892885345,1.1382300518288906,0.4594517790541907,1.2061831255622182,0.43944708905605956,1.276100508913025,0.4279991122824045,1.3352914693269593,0.6033856653641856,1.2433042397403606,0.5718263483773302,1.3363551531648878,0.509423350152078,1.3668156731907828,0.45546913440191755,1.3790151070350394,0.6553190150322339,1.2396601311458069,0.5847586473552268,1.321178183570585,0.5092069398528891,1.3474073381293545,0.4444569051622166,1.3603710734263967,0.6765096627392753,1.2313776315942146,0.597017385283577,1.2973895885500712,0.5317560515343818,1.321976831671932,0.47389693785819964,1.3335677632939915,0.6775355536588449,1.22392706452505,0.6168645695609967,1.278689962943241,0.5569509300435729,1.301126999638398,0.5042040752187261,1.308399636904447,,,,,,,,,,,,,,,,,,,,,,,,,,,,,,,,,,,,,,,,,,
-0.08110878712526523,-0.32408854360767875,-0.008024385292758021,-0.3893151699082793,0.03575413451588776,-0.38988253502969056,0.06983368509027647,-0.3894988057841868,-0.15035940185050387,-0.3846838266277992,-0.19649956012458372,-0.3832608577949449,-0.23819537874539962,-0.3810414206516995,0.12256362222919981,-0.3582201767760196,-0.28406547086185135,-0.34507101123933565,0.018833159072499297,-0.25517599660190254,-0.1597953469502068,-0.24749797142478516,0.4991141313100036,0.029750360109761,-0.4991141313100036,-0.029750360109761,0.5708469219865392,0.562900259161472,-0.7031428487410413,0.3476909140623449,0.6184270367969729,1.1011982853915334,-0.30057133276325776,-0.04382997841110586,0.6790136767701337,1.2489527339287325,-0.19526912663839113,-0.1441648088191135,0.588563371672748,1.2780415864743708,-0.2171538138004582,-0.18166065123407826,0.547283215322985,1.2271994605192162,-0.23672954048787806,-0.1530293542050686,0.6056890230595063,1.143068380860708,0.49367823822599033,1.187623558266315,0.4568190090891415,1.2589546130028395,0.43870326754915606,1.3350728458188421,0.42608268183281867,1.3991441932545565,0.6073379539169503,1.3003925365473468,0.5709361819153725,1.4033863214583036,0.5053475106434294,1.4349679729067655,0.45161157020822856,1.4475898477840714,0.6630751092729831,1.2983508775280175,0.5860381204894011,1.3920525941378687,0.50567857718275,1.4187479506239578,0.44246663442568523,1.430357271228539,0.6843105584895706,1.2922035852243503,0.5982014319801578,1.371129633828025,0.5291045528495593,1.3966389350062278,0.4712101606069275,1.4076438843736454,0.683676227683845,1.2873946497803344,0.6193115880589362,1.3538487075735193,0.5576404765323882,1.379307985409323,0.5035303028709719,1.3886091657690816,,,,,,,,,,,,,,,,,,,,,,,,,,,,,,,,,,,,,,,,,,
-0.08123779750051205,-0.3554521105132506,-0.008072426065062048,-0.4268608861131876,0.035913185146945054,-0.42749040790443726,0.07020690887770106,-0.42701459230930006,-0.15057002890071658,-0.42200719961761807,-0.19660777507718302,-0.4205644434501238,-0.2382078274170258,-0.41812780219780593,0.12306479763596982,-0.3927571962725357,-0.2840636311648434,-0.37885035771350434,0.019427133791652514,-0.2796079007362494,-0.15967593186817952,-0.27155414513516046,0.4989375479248746,0.03257795682226791,-0.4989375479248745,-0.03257795682226791,0.5709344263570258,0.6178584916036768,-0.7035769515190162,0.3820482835055322,0.6167775151739323,1.2103624011019967,-0.3040787619053923,-0.04812126626341636,0.6795466468402496,1.372344236793272,-0.1984856514561339,-0.15778941243914077,0.588391386177718,1.4035802752446984,-0.22106663695968012,-0.1987503786398277,0.5471739709314088,1.3482697231551417,-0.2426813791883051,-0.1665396428624554,0.6129110784850778,1.2599980714410557,0.5038888700857129,1.305389368691446,0.4628064709403017,1.3810152666799445,0.4439007407903279,1.4640562128490322,0.432858326402806,1.5335748921370118,0.6021703464151448,1.4274869980551994,0.567143364510407,1.5409654453062687,0.5049651569713253,1.5758814509602406,0.4549588887614231,1.5907605373440843,0.6583705239908965,1.428113457970033,0.5858147374445948,1.5327984002777661,0.5092086508200044,1.5649348345207625,0.4480770924858502,1.5782642031876264,0.6813719254834173,1.4245047304254468,0.5985207038720406,1.5121213447114779,0.5315461316754544,1.5428354352964242,0.47519136249366123,1.5562272662421859,0.6825559691216431,1.422778240376682,0.618620905733074,1.4967860387415626,0.5578338396997201,1.5260577814092031,0.5038733194507857,1.537088089137401,,,,,,,,,,,,,,,,,,,,,,,,,,,,,,,,,,,,,,,,,,
-0.0810801842845943,-0.2532008463214801,-0.00789962696701401,-0.3040618758834883,0.03604918819041462,-0.30457515966354026,0.07055463388704311,-0.30428602869822646,-0.15149972922408486,-0.300728075200478,-0.19774716868963202,-0.29985326869004125,-0.23935272784043038,-0.29813919740924777,0.12351905214381706,-0.2800585545753105,-0.28620526660946105,-0.2702118208757483,0.020446276995929887,-0.199201023210684,-0.15917399366404608,-0.19337857389711893,0.49948399087682155,0.022709972649988676,-0.49948399087682155,-0.022709972649988457,0.571884503652925,0.43937298717551604,-0.7077265881592474,0.2715118926647299,0.6257347601069067,0.8617178830691793,-0.29730946789656265,-0.03481531488326808,0.6839659024575919,0.9768066891280899,-0.19207352472719205,-0.11265710416322841,0.5894651684670518,0.999022093740502,-0.2097108515947792,-0.14202192240135633,0.5485816142827106,0.9602875570178332,-0.2335748514133596,-0.11903513846896506,0.6121108882188525,0.899216817375977,0.504726286921753,0.9315190986516011,0.46532568061306084,0.9855639122268339,0.4460449705255865,1.0424891330809474,0.43355562539352477,1.0892978228138688,0.6043019940051911,1.01670618088144,0.5714124729320408,1.0951949897323463,0.5087936489116277,1.1200622878591981,0.4569657777757998,1.1301218359042706,0.6608531110625195,1.0171227969430736,0.5894648011279693,1.0893809715882075,0.5125522624027457,1.1107859663807984,0.4521293914169204,1.1199128526493731,0.6846381329783839,1.0142573622581736,0.6048100239561507,1.0746797740441727,0.537916475033848,1.0959334438820671,0.4818568576687708,1.1059338283761675,0.6852227531280237,1.0122488541899273,0.6254197668437486,1.063283304185128,0.5641200574682341,1.0842524947373917,0.5098776665437905,1.0929056365032224,,,,,,,,,,,,,,,,,,,,,,,,,,,,,,,,,,,,,,,,,,
-0.08139753841478804,-0.13637923747537398,-0.008177815329061583,-0.1637526769364268,0.03598712501067665,-0.16404214164338532,0.07070987270151492,-0.163886025846374,-0.15200985411912665,-0.16198943835256183,-0.1981834290966224,-0.1615477764177941,-0.2396670928718207,-0.16063098796727276,0.12364142003502603,-0.1508550982646635,-0.28639914831122737,-0.14560507761908564,0.020478276209230994,-0.10723601541988854,-0.15929181012051236,-0.10416150602392767,0.4998489825826501,0.01228798645384001,-0.49984898258264976,-0.012287986453839923,0.5728574931596386,0.23574792191537783,-0.7084381694077776,0.1462395723442884,0.6258517787034976,0.46569026803655134,-0.29827221663233894,-0.018664791673479134,0.6845780552837056,0.5265795041829352,-0.19210177832782,-0.06054979008925269,0.5907932619983328,0.5385223626543009,-0.21045316481219267,-0.07645937697820346,0.5504430256273851,0.517348922570489,-0.23451842000529186,-0.06404033397739954,0.6192018963726423,0.482620838131107,0.5106806150102854,0.5006259582722601,0.47154797827594674,0.5293863753023932,0.45297857191103874,0.5604501273095156,0.4332631353049044,0.586155549418314,0.6177430949947827,0.5479114895766638,0.5796777437684483,0.5888574812545403,0.5192380333085572,0.6025988062468978,0.4671533598232351,0.609236235504168,0.6697860043342139,0.5477862521049649,0.5926417394158324,0.5838053483536678,0.5149988805090543,0.5949122976428436,0.44986116359391787,0.6004284675086276,0.6894116572258323,0.5460815961306712,0.6035283827669106,0.5765808390585403,0.5337616530296098,0.5868927890279957,0.4729977644857501,0.5912485138102723,0.68689992101565,0.5445450467751471,0.6208470725513305,0.5702300923240949,0.5578821951206842,0.5807261366746646,0.5019414214867232,0.5846733898033152,,,,,,,,,,,,,,,,,,,,,,,,,,,,,,,,,,,,,,,,,,
-0.08134296113291806,-0.21427106357683226,-0.008003734621996994,-0.2575056398199362,0.036420720620107254,-0.2579834057017495,0.07136854614464769,-0.2577411017820736,-0.1521700356120593,-0.25476522008834845,-0.19839300627215356,-0.25409538628139905,-0.2398932380243542,-0.2526561712672772,0.12424991323075671,-0.23727939563307926,-0.28663224270234977,-0.22903311089993175,0.02102983783436632,-0.168390560583281,-0.159073868471307,-0.16369482033783941,0.49962590570746984,0.019337899213473807,-0.49962590570746984,-0.019337899213473685,0.5734695533971681,0.37088864933175913,-0.7050680896587014,0.2297942940859095,0.6362222024002792,0.7325240750263196,-0.28215623054314737,-0.02931686346381531,0.6873150079305046,0.8288943413811466,-0.18226019209793146,-0.09512157828441381,0.5949151493052531,0.8470917294204249,-0.20079465200147495,-0.12024456833412846,0.5548364765264598,0.813757712292626,-0.22561248735963843,-0.10065431800207082,0.623648815582968,0.7632878584113949,0.5149732864291906,0.7887563364971777,0.47294568431613415,0.8332714683066176,0.45252791683591725,0.8816802287088046,0.4383884557138774,0.92229593783533,0.6187553863730291,0.862081780355552,0.5832886697035016,0.9277543406089195,0.5178455286392057,0.9487436171594672,0.4635829710204536,0.9571794426082095,0.6764175565626521,0.8623605130761764,0.6006268228464883,0.9206133093949043,0.5206254211285675,0.9343192913260405,0.46178887954117775,0.9380997502427446,0.699823510313345,0.8599913465901262,0.6157992736582296,0.9085871204983669,0.5456431632173665,0.9203596022126641,0.49248493130007776,0.9221000482762532,0.7015239617565093,0.8576894901728337,0.6372118743567399,0.8999014095013247,0.5712323307233809,0.9144228788039472,0.5189950153817068,0.9176763220724118,,,,,,,,,,,,,,,,,,,,,,,,,,,,,,,,,,,,,,,,,,
-0.08130110148840813,-0.2059168230584967,-0.007732785430847658,-0.2475958716231135,0.03710918429000442,-0.24807847662475796,0.0722332942757219,-0.2478509882474472,-0.1522459912946585,-0.24495838192985173,-0.1985456769736476,-0.2443221615032367,-0.24018178152260683,-0.24293653969814696,0.12529545007725698,-0.22819906357053665,-0.28672870544754137,-0.2202410019543549,0.021609482896040456,-0.1618129511569938,-0.1590977187712399,-0.15737375588695418,0.49965540706035033,0.01856001603866922,-0.49965540706035033,-0.01856001603866922,0.5750925778726163,0.35352357860627526,-0.7032187809981478,0.21926938883802236,0.6387659069069813,0.7044784416964271,-0.2832332394720363,-0.026225728113928582,0.6898216683833954,0.79572718989063,-0.18267303708074928,-0.09029670014550432,0.5977855895498494,0.8132181232032979,-0.2014660111072939,-0.11513277486464885,0.5573926133306722,0.7786672809467525,-0.22611112273988776,-0.09626363075735876,0.6229674477373334,0.7329855752726745,0.5157050817466415,0.7609069425815699,0.4766277496764838,0.8056732402427007,0.45553378580916654,0.8529686489800169,0.4360225906903036,0.891568037322838,0.6214854981763389,0.8313075104332383,0.5833310778974432,0.8944430350795628,0.5167293676933681,0.914699520346371,0.46032704446288364,0.9235805195621347,0.6719626130135328,0.8295416741471232,0.5999963970899123,0.8857362242538276,0.5228532546322223,0.9025085859915651,0.4595278905365953,0.9111245674730108,0.6901219060737579,0.8250099301783653,0.609092692660156,0.87210209936462,0.5390818140052551,0.8880718190246848,0.4800685513035586,0.8947528746051884,0.688025606931929,0.8212192872563586,0.6263342536304929,0.8623866796582983,0.5613869030474358,0.878394225115789,0.5056953088412104,0.8839848542601452,,,,,,,,,,,,,,,,,,,,,,,,,,,,,,,,,,,,,,,,,,
-0.08032767142158527,-0.6184776586559124,-0.007472821964520963,-0.7438086964099668,0.03712917937313313,-0.7453489117377418,0.07206102747415698,-0.7448146712494399,-0.15059819391314033,-0.7358057738952006,-0.19634908152640995,-0.7339054804783101,-0.23762626027501618,-0.7297387608298789,0.12482090354996592,-0.6860802719655026,-0.2841059568032135,-0.661653728359352,0.02180192299835828,-0.48594345639808034,-0.15710391773480337,-0.4727254563166713,0.4968874248387193,0.05570356395371833,-0.49688742483871956,-0.055703563953717804,0.5687104391489295,1.0583824957741494,-0.6996379240119095,0.6584429430246564,0.6334402654818075,2.1202495751332493,-0.2815109553636975,-0.07597763432445837,0.6861292851353316,2.388837199825523,-0.18054625893037918,-0.26902116084853006,0.5954150284307563,2.4421059627538035,-0.19686145627872273,-0.34507439020208347,0.5551735497247652,2.337595701470186,-0.2222315522670794,-0.2885784585641323,0.6348134077328875,2.212104747729967,0.529158752314946,2.282323892871098,0.4827608627470227,2.411746856605221,0.45752640619561097,2.5534922552821953,0.4450400322478126,2.6731948914118244,0.6159954143153255,2.491838053649525,0.58158587927,2.687902532054782,0.5214436842054065,2.7487397019006763,0.4701951664147965,2.771625495938564,0.6593374596348996,2.49342011781555,0.5946932131367292,2.669552083602255,0.5230719095767115,2.7226156981830276,0.4623580780248033,2.750219191892948,0.6730720108708398,2.490441905173429,0.5969203133083308,2.633313482799744,0.5348972023067264,2.686541643450914,0.4795274173363237,2.7151384683087505,0.6685933328544839,2.488662528187057,0.610706212445095,2.6073629291606304,0.5512285954087354,2.658406046214645,0.49693012273474546,2.678570419205121,,,,,,,,,,,,,,,,,,,,,,,,,,,,,,,,,,,,,,,,,,
-0.07894507704266589,-0.026686906234783567,-0.005555334439439481,-0.03209237839509775,0.039466128198468425,-0.032150953454628296,0.0747511465344527,-0.03212537345027605,-0.15016181309809756,-0.0317666233021241,-0.19641089901614925,-0.031691005151679365,-0.2381222195720592,-0.031519828895459755,0.12772549726630816,-0.029582157012760207,-0.2851345055238918,-0.0285736870484459,0.02368354169344574,-0.020952267289716702,-0.15691829339715374,-0.020409869768774493,0.4999943137437258,0.0023845804537813327,-0.49999431374372605,-0.0023845804537813327,0.5749971351280281,0.04550492211301015,-0.7016689239606002,0.02842680757016613,0.6404019380229851,0.09140986508711188,-0.27979637883600206,-0.003266041739231626,0.6943649649276339,0.10273505278751494,-0.1790131898589923,-0.011595449014033987,0.6061459158615788,0.10524714906353286,-0.19648680095499257,-0.014905543070763784,0.5645808249895603,0.10046182103997225,-0.22112148591634448,-0.012431159820087068,0.6314239556901163,0.09563613669834078,0.527779997554225,0.09830432555723992,0.48442633369981497,0.10381293223795539,0.46302849017205533,0.11013190792407698,0.4518808458076688,0.11542909729035934,0.6273157748631184,0.10680842835590784,0.59301627399011,0.11596519393909703,0.5220185108475967,0.1186793484291272,0.4628865340367397,0.1195289518899922,0.6801765978480134,0.10702722230121452,0.6085950308086915,0.1153562684284637,0.5294238273044038,0.11760239105754595,0.46549822963620996,0.11866699257241395,0.6975327792613962,0.10708895548083781,0.614658081399636,0.11402927400622996,0.54345741760298,0.1162183967938328,0.48264575039519625,0.11717310187666537,0.690954673163784,0.10724864417126992,0.6304826601645817,0.11304895049909267,0.5637058623701875,0.11532102964806133,0.5048839965407992,0.11609242545368535,,,,,,,,,,,,,,,,,,,,,,,,,,,,,,,,,,,,,,,,,,
-0.07763464866380478,-0.5798581762364758,-0.004579662029604707,-0.6965037961319304,0.04023141914886969,-0.6976671961953583,0.07539985809990861,-0.6970566363685521,-0.14868501389244354,-0.6895347394858493,-0.19482688792599182,-0.6879366074801652,-0.23648352117484034,-0.6842393841354915,0.127971272213382,-0.6418880518867406,-0.28374557031108977,-0.6204278748922512,0.02414237259560872,-0.45502137912357954,-0.1556758924430575,-0.4437745668384843,0.49731197121747966,0.05177647423091551,-0.49731197121747966,-0.05177647423091604,0.5728057872588341,0.9848443443729095,-0.6978364724191749,0.6173203589212815,0.6414996057746025,1.9846347262110864,-0.27730185314532546,-0.07625942282697094,0.6930178384655183,2.229837888131209,-0.17753325237983564,-0.2537633441476465,0.6065971030089183,2.2838227205553663,-0.19567325068453847,-0.3254557461061816,0.5659236923603476,2.1782415790950886,-0.21957572474917758,-0.2713930089172382,0.6532159942836532,2.0730778203360876,0.542259263612843,2.1312628372737215,0.4903674230127463,2.2524439491285215,0.46827377831197703,2.3833573178947636,0.45733499832818614,2.4927829844284215,0.6267330126141571,2.3274734108617645,0.5874945454382002,2.5115788851950636,0.5252538028180639,2.5758905196734854,0.4728730844082351,2.6070097197641244,0.6781357900831384,2.3327996278427126,0.6079549527859864,2.503466780479782,0.5341507117982056,2.5636489619656455,0.47093591998627593,2.596054341363573,0.6961592212376059,2.3338369122697835,0.6149882699334274,2.4788775677827224,0.5491276447289489,2.5363292456496893,0.48964893200883003,2.568085029428605,0.6916976089293048,2.3366474893085902,0.6300604580553011,2.4603832768977374,0.5699062488922432,2.516705585904738,0.5131432357262612,2.5447716532220968,,,,,,,,,,,,,,,,,,,,,,,,,,,,,,,,,,,,,,,,,,
-0.0761480344965121,-0.1496921982708234,-0.0038381318579013067,-0.17913837403816196,0.040776847238693355,-0.17931225124584046,0.07596185906760881,-0.17913751771111108,-0.14852934944285442,-0.17734680939869077,-0.19534561758665073,-0.17683134333042155,-0.23746014040952876,-0.17584532554770083,0.12835052467580182,-0.16507285969685334,-0.2857821268068128,-0.159203294375744,0.025453220349381533,-0.11740802620785429,-0.1548790782673885,-0.11457306987325447,0.4998263486435355,0.01317653982162743,-0.4998263486435355,-0.01317653982162743,0.5765082507382517,0.2503871823860276,-0.7030218662686386,0.15839076845352892,0.6465596226104087,0.5071431473556438,-0.27955629740391735,-0.019875543524206445,0.697814454685141,0.569128552198052,-0.17914117675027968,-0.06512998763042539,0.6111710017996581,0.5832145327558763,-0.19741881197220337,-0.08392443966108863,0.5694990301840924,0.5557713915932205,-0.22184405867771875,-0.0699111184535303,0.6465128223774045,0.5344162219659976,0.5381048372285173,0.5478091770415553,0.4895086685896687,0.5770606240375267,0.46916082226397765,0.6100907854108585,0.46110969054636264,0.6376287219780453,0.6257911335530145,0.597760018409196,0.5957817427110735,0.6450749138488581,0.5345558506348839,0.6603287532386547,0.4804613072109323,0.666314308058804,0.6797758549162509,0.5991882006646316,0.6083976684701582,0.641596684633647,0.5308440887288497,0.6541719330083321,0.46764773903358287,0.6590729496185584,0.7019392146633043,0.5986200276663816,0.6209783542131563,0.6341494651703732,0.5502132321739072,0.6448863506322573,0.4911226240354234,0.6482179766563599,0.7013619496378818,0.598196745205138,0.640597720417941,0.627897164473879,0.5756509301352506,0.6393727176498407,0.5195861155473332,0.6428975310566188,,,,,,,,,,,,,,,,,,,,,,,,,,,,,,,,,,,,,,,,,,
-0.07061412766763843,-2.076246107920862,-0.0030639222673342517,-2.4646410341875087,0.03851992344561334,-2.4645387743863463,0.07122970347346665,-2.461112490025824,-0.1388774757693973,-2.4366323070578884,-0.1830678880566783,-2.4231061242678305,-0.22235334640928564,-2.4064685708231,0.11976949492166271,-2.261582120159745,-0.26755951529889493,-2.1678371905093163,0.02356018786433393,-1.6278060856810272,-0.14491027519094668,-1.5968335673825034,0.46646015395346646,0.18004145293156254,-0.46646015395346674,-0.18004145293156365,0.5470272789082358,3.377879741745099,-0.6559441958518094,2.155642709220752,0.6101758433791121,6.823985073045545,-0.2618424604388602,-0.3193901867490406,0.6542524276214956,7.643461420304785,-0.16805467329464113,-0.9536043115122808,0.5756197707238612,7.847879924870726,-0.18537444947066298,-1.2039496682534854,0.5412010917362483,7.454445798288862,-0.20790240218835415,-1.0071384794637588,0.5997401856158898,7.207962492106314,0.4951790827265257,7.446090707716654,0.45435020652144653,7.869995930958386,0.4372321729460072,8.323995748864805,0.42681077629765385,8.702216405937435,0.5840640898865084,8.100596430751372,0.5601749833210096,8.74668663696774,0.5003986507684867,8.954183393957294,0.44712295177162226,9.026936594311243,0.6377808399480942,8.102125679596021,0.5736254755506917,8.681243850353674,0.501874676157402,8.85700055951439,0.4427840945308238,8.935293219779012,0.6597130432879453,8.080457060138443,0.5843750517570611,8.568799902630547,0.519497761898437,8.730645792703653,0.4651535227826264,8.795125245509045,0.6611440244237993,8.060619820756218,0.604590355999543,8.472151608057354,0.5440232272359449,8.641055748497028,0.4917268494320794,8.698368880918714,,,,,,,,,,,,,,,,,,,,,,,,,,,,,,,,,,,,,,,,,,
-0.07584460881797242,-0.17941058922645023,-0.0035166260509591906,-0.21124668793535512,0.04110220444825262,-0.2109620508104509,0.07616124222118754,-0.21052260406797094,-0.14913871506087245,-0.20913885342463526,-0.19652585014631982,-0.2078943172048045,-0.23864182226040134,-0.20638858631739895,0.1281508433498917,-0.1932258451918331,-0.2870899030158083,-0.18558534242025895,0.02490056922744685,-0.14040775384865148,-0.15573841435803606,-0.13837372334554077,0.4997697441929925,0.015172435179330418,-0.4997697441929922,-0.015172435179330418,0.5885361845730864,0.2882056430379501,-0.7048604533065469,0.18339471431553878,0.6579225348691243,0.5837690390390502,-0.28108953219799265,-0.028007329565846766,0.702638704965791,0.6539341018099798,-0.17652787738761566,-0.0822392196173731,0.6175635238416688,0.6713741974061443,-0.19440918008748997,-0.10353569877667046,0.5799820478795178,0.6379692917064266,-0.2205117628114757,-0.08674762135809126,0.6412755989611114,0.6153439430803803,0.5327674947815119,0.6354019452990717,0.49057861120650154,0.6713595955365368,0.47260174041525616,0.7093837579870561,0.4628547274670549,0.7428627656917223,0.6292968612957863,0.6967020838989746,0.5997869264750717,0.747784589073987,0.5364960489024089,0.7660778510515168,0.4800146542421138,0.7743554224675068,0.6765145844573107,0.6960152993651801,0.6101310302107253,0.7416381952936001,0.5352377201598324,0.7577652152819792,0.4688097850239862,0.7660580838947009,0.6934744242820456,0.6936925094406432,0.6161511673069514,0.7304025036264681,0.5498496617632017,0.7448956042054773,0.490009864516392,0.7521484621053227,0.6919347057836087,0.6917068538388861,0.6320546300826804,0.7233289407922138,0.5698699182036987,0.7372101535019475,0.5134901520503247,0.7421550220117563,,,,,,,,,,,,,,,,,,,,,,,,,,,,,,,,,,,,,,,,,,
-0.07808636253737951,-0.023926395696411105,-0.005767000554852806,-0.028028860773025868,0.03918053969285172,-0.027951085934491134,0.07435773579799089,-0.027864436845801775,-0.15223993896533164,-0.02771624662014259,-0.200070069522985,-0.027505338525441816,-0.241522588015624,-0.027246782533756925,0.12665613332705813,-0.025473193751569614,-0.28936615809295047,-0.02437653147092152,0.022946159907372643,-0.01870890221703334,-0.15839710557570297,-0.01849844271080191,0.49999609687431423,0.001975629128015609,-0.4999960968743141,-0.0019756291280156255,0.5891516304676957,0.03772196692013597,-0.7134662541466561,0.0240360268175522,0.6565211426905112,0.07677866657250439,-0.28445130708238914,-0.0033750236126568593,0.7013822593603161,0.08601395893086777,-0.17882685541922813,-0.010440233493462368,0.6163675911063053,0.08823105217975763,-0.19667220429555826,-0.013260574213120388,0.5784644124274116,0.08394985385387453,-0.2227738980912464,-0.01108541423419199,0.6405893387576789,0.0802604152331748,0.5336473475165364,0.08305298897670797,0.49226146664227777,0.08769771299610507,0.4729598898113364,0.09271030556550212,0.4656290051494883,0.0968842197331055,0.6283931613140652,0.09043064397706047,0.6055002461703987,0.09755148532934818,0.5435647797355273,0.10000391199003109,0.4880317511450666,0.1010893790627918,0.6835086314946732,0.0903651890682276,0.6184059182567707,0.0967002724555412,0.5437049613921205,0.09855225369806891,0.4834649276960474,0.09942443970813877,0.7058785253310499,0.09010868748170671,0.6271277932048155,0.09534017822158479,0.559525329307661,0.09673224576122656,0.5041642145730224,0.09710648556774779,0.7061913674834472,0.08987279495964749,0.6471806765174991,0.09425853390273685,0.5820551907601501,0.0958428313534206,0.5275723113041692,0.09615536098963573,,,,,,,,,,,,,,,,,,,,,,,,,,,,,,,,,,,,,,,,,,
-0.07246821805838527,-1.4738651274388275,-0.0025824108061860006,-1.7184250762117488,0.041481744833687835,-1.7114936491014676,0.07568571204844185,-1.7037383334753367,-0.14645010941691372,-1.7037288362013796,-0.19361166595856824,-1.6876736945755315,-0.23409668364937275,-1.6692972609064713,0.1253924232450329,-1.5532306801470988,-0.28090187304952996,-1.4913674161840114,0.025283916613648046,-1.1464410676633876,-0.15295697129076785,-1.1403639994895696,0.48646284678134943,0.11555907018224633,-0.48646284678134943,-0.11555907018224633,0.5755000443882752,2.2783851402096476,-0.7066952837771452,1.478345862148219,0.6414717267588056,4.628100941499301,-0.28130209236417036,-0.17540812062676078,0.6852109032234361,5.2045664761965496,-0.17330592628259647,-0.6104948608680656,0.6039519165930661,5.328593751131393,-0.1906344491246755,-0.7797145182118774,0.5652177105619433,5.05290609124167,-0.21648485029449757,-0.6501174878204689,0.6164810829255037,4.901191888401029,0.5152355130992167,5.0611972114069275,0.478527786953136,5.349713314095296,0.4607248964123675,5.647454435554782,0.4559828570584941,5.9014606104380904,0.6182422662609914,5.5240286546372745,0.59220135378295,5.949411555212086,0.5241553362512915,6.091648270082227,0.4647121689023496,6.1485496041220555,0.6665051310099028,5.513188307853817,0.5941246627876098,5.894280671325911,0.5172629027803822,6.0111802421553415,0.45576141268208253,6.0701614791919525,0.6824553127251796,5.492925873864614,0.5990270082184094,5.7959569769186565,0.5334432629148544,5.905056911510154,0.4769742190929862,5.960026341739042,0.6775604276225916,5.476513793025848,0.6145661440451785,5.7293082740400285,0.5540257625715346,5.831163371480631,0.5010232239386706,5.869427888257053,,,,,,,,,,,,,,,,,,,,,,,,,,,,,,,,,,,,,,,,,,
-0.07434960171395268,-0.021261619152308623,-0.002490364603377675,-0.024741127081006675,0.04312226502122998,-0.02462748083639875,0.07880354370204742,-0.024512943204447295,-0.15072748382208506,-0.024527081284718713,-0.1993722722528631,-0.024283574572557903,-0.24069178239844582,-0.02401095672943121,0.13022429694198984,-0.022307696050092436,-0.28931787053747166,-0.0214358628112004,0.026104438517920613,-0.016567714443585044,-0.15740199195430174,-0.016528798051840324,0.4999976949549036,0.0015182357469439509,-0.49999769495490337,-0.0015182357469439396,0.5916575489844418,0.03242342478398808,-0.736640256429503,0.022092696807848436,0.6562545277930265,0.06588179540734992,-0.3364804738439654,-0.0014379093355694548,0.7023728133066156,0.07408526698000145,-0.20745659538028274,-0.008098829468551665,0.6211019063600456,0.07587604158638345,-0.22025357903218937,-0.010502444156994053,0.5814514907548106,0.07199214281340166,-0.24914066771357563,-0.008543265042989636,0.6476120009568022,0.06947203282586725,0.5388645683357188,0.07183915140845339,0.4958187407570259,0.07583670770942719,0.4775277983912229,0.08022217547221354,0.46275755995361784,0.08393343846853712,0.6346339984807335,0.07885838668676615,0.6031649605171128,0.08480963837707406,0.540460638236774,0.08677242817398897,0.48571759116412533,0.08766176194161283,0.6910492256418693,0.07873430331187006,0.6190373941505959,0.08413455350665187,0.543454928952146,0.08598765752677631,0.47951881845408606,0.08700720154686002,0.7145083676392447,0.0783399603211232,0.6270085805129143,0.08290458565657481,0.5584903375267982,0.08459743177239364,0.498533275107784,0.08548092074705611,0.7178282304340234,0.07794201793084994,0.6509582311629513,0.08188936317259962,0.5867515274432362,0.08356991039975456,0.5285827739244909,0.0843083289051037,,,,,,,,,,,,,,,,,,,,,,,,,,,,,,,,,,,,,,,,,,
-0.07096196208412635,-0.3382983300774703,-0.00020902879616140112,-0.3892551556223328,0.045810355128397144,-0.38712399407262965,0.08091113528954562,-0.38501302568116763,-0.1482141131807471,-0.3880460032331773,-0.19787166244090879,-0.3847667910058925,-0.2392501216285379,-0.3802501385600197,0.13187999248668142,-0.34937114395155794,-0.2883132598368189,-0.3368276240654085,0.02772633012202594,-0.26407741952841113,-0.1559791735294455,-0.26617576719597263,0.4996013221292583,0.019962938829167522,-0.4996013221292583,-0.019962938829167522,0.5977208767622904,0.4965564631860245,-0.7534069058433449,0.35482016325552423,0.658359766432142,1.0129188459879974,-0.34239897071356545,0.0004337177048059314,0.7042335117135512,1.139877061586135,-0.2151397376132238,-0.09972191006529878,0.6276634349290144,1.166997169419613,-0.22760071062245107,-0.1387678186295965,0.5875285990525366,1.1070332378650334,-0.25857590278396864,-0.10589361813165782,0.633215067976152,1.0692678540595362,0.5333930349479427,1.1030715491128875,0.49370314379790814,1.1642771858203391,0.47905656420228604,1.230303939057832,0.4750770816363275,1.2872348930604023,0.6336742031344917,1.2086979560557523,0.6068845348757477,1.302520243454095,0.5424295393229579,1.3348164147973849,0.486165597150079,1.3483533162137264,0.6881243840515304,1.2067399160221763,0.6294155798358296,1.2945782395021155,0.5523353943678508,1.3235235651300505,0.48839330824164057,1.3364501457464528,0.7114465455898495,1.202751419111676,0.6383794516054793,1.2746129506071182,0.5715959182081781,1.3019891285765663,0.5140100252744024,1.3152878899888243,0.7151287759508155,1.1993497423428174,0.6622055601923376,1.2604171603636882,0.600510416927233,1.2881383628127367,0.5445455941214382,1.2993345986626252,,,,,,,,,,,,,,,,,,,,,,,,,,,,,,,,,,,,,,,,,,
-0.06084563070669953,-0.43593348473549515,0.007244681596016759,-0.49622827267920294,0.05211160431954283,-0.4932721208467521,0.08427856284315559,-0.49058262102030853,-0.13983437826802464,-0.4974245212720061,-0.1906436797609348,-0.49425136240052014,-0.2336611093166149,-0.4894248526966649,0.13417024756960153,-0.44487684126380345,-0.2848983850471229,-0.43203570445744066,0.03172051157714365,-0.34107691137902113,-0.15231989237397917,-0.34471996311475156,0.4995924669149643,0.020183334754697316,-0.4995924669149646,-0.020183334754697316,0.5976033822665792,0.6206363920087415,-0.7681168557875886,0.4672113314596455,0.6533350356570902,1.2599048761469893,-0.34548377741657216,0.02293158473856198,0.6968119217612259,1.4178181452167093,-0.21269351990539592,-0.10180226193977819,0.6230194222019619,1.4521928406447733,-0.22551450581204668,-0.15758044184027076,0.5840004313152474,1.3769852682773005,-0.2557972480308385,-0.11534319766922325,0.6412084198949111,1.3346550210895232,0.5388777611135201,1.3787560110293873,0.49549124776055203,1.4499195780959995,0.4760055492404019,1.5279150730628652,0.4704322542683059,1.5956672287745752,0.6265641452144519,1.4998062661954736,0.6107379875463894,1.6198759790662993,0.5456197905786847,1.6594165693326934,0.49023592412811695,1.6757146434462036,0.6792240510155908,1.5004408112536713,0.6225884849233418,1.6116167041680365,0.5452579291938873,1.644616949418795,0.4869539858162551,1.6554920154589143,0.7040517421180664,1.4967833429663966,0.6318355803824435,1.5888251117326284,0.5630902508238275,1.6163006742833146,0.5087314113767671,1.624496212848435,0.7100398628332256,1.4924115508093707,0.6522272286950341,1.5681771412772203,0.5874525592958036,1.5984649069351629,0.5347509857302942,1.607119173666715,,,,,,,,,,,,,,,,,,,,,,,,,,,,,,,,,,,,,,,,,,
-0.05470509075593799,-0.6011611321245809,0.014544069035370916,-0.6801523686893511,0.058778693740051326,-0.6762543153827109,0.08840820309268725,-0.6732328247714946,-0.13239764251655048,-0.6837988636282144,-0.1830669944594763,-0.6804719197741631,-0.22583532572911552,-0.675976617266268,0.13887237031970454,-0.6120430507530977,-0.27707768576436353,-0.5992867065517222,0.03524908871529694,-0.47298046896677237,-0.14735421737754598,-0.4780953422590523,0.49931109698898035,0.02623791957570288,-0.49931109698898046,-0.02623791957570288,0.599811970860737,0.8525946752591547,-0.7694793669931155,0.6722920875245715,0.6436344079261048,1.7131381103267465,-0.3595227591880459,0.10037112790671157,0.6845111670274193,1.9326318176422639,-0.2103791074482559,-0.051177883148137884,0.6128610642378194,1.9759030876553743,-0.21988096891127806,-0.13481274326660284,0.574683434164118,1.877679604436086,-0.25032476249093744,-0.08841424882744847,0.6265219844372606,1.811756333121391,0.5327648421676717,1.8682402181173616,0.4898287812565389,1.965201357069626,0.47047250789704637,2.0716347773052277,0.468708846626056,2.162580837013973,0.6225033822298972,2.0323164834414595,0.6035367507367685,2.1884098457460825,0.5457337525941862,2.2433274017574005,0.4932604660842369,2.2691992914255237,0.6656109001078901,2.0346687671163304,0.6085708218305734,2.1722974808915785,0.5425709806551271,2.212075716849846,0.48967168812889617,2.228266794655389,0.6798885562899292,2.0309137481647483,0.6106943063649957,2.1427604460144773,0.5517325645852978,2.1737798102344517,0.50206022672273,2.1828218136324495,0.6758132260086945,2.026087880632997,0.6217451897041207,2.1160244761151805,0.5646089282502728,2.1518042116427223,0.5154773252969758,2.161490016491003,,,,,,,,,,,,,,,,,,,,,,,,,,,,,,,,,,,,,,,,,,
-0.050348734990574275,-0.4230776211656376,0.02074496472419003,-0.477662621388607,0.06402165217944597,-0.4752341765405182,0.09203510772122288,-0.47345023771269923,-0.12592631071599117,-0.4801083998901441,-0.17628684302833944,-0.47829478992612867,-0.21882226543212333,-0.4759634135373494,0.14328428223356968,-0.43134607974841765,-0.26850677545735646,-0.4235590888808274,0.037767606307704975,-0.33460930499551783,-0.14227373437523888,-0.33772609981083385,0.49966171082589506,0.018389527849834233,-0.49966171082589483,-0.018389527849834233,0.5948092559015322,0.609526452704897,-0.7698748973789535,0.4804154094815116,0.6397792165259691,1.1983445425792638,-0.35071569725090934,0.12422596084968757,0.6719580203904982,1.358027868053197,-0.20253418587634514,0.039733169079239905,0.6019376982098765,1.3839728805344207,-0.20176753870832892,-0.040468217948109834,0.5660377330621202,1.3208498324362183,-0.23761146657765858,-0.01248874436540707,0.6287678466282524,1.2610146725091325,0.5331922017700552,1.2961997458302403,0.4865847371339146,1.3646334174942931,0.46427224796581684,1.4407265247290912,0.4621555224438656,1.5081448521517506,0.618303622214634,1.407719170057078,0.5986183608561664,1.5170576128294662,0.5409366072728472,1.556127871626981,0.4897185347906321,1.5714310405177006,0.6671581191541398,1.4081225343690835,0.6137048116903339,1.5089748282639162,0.5443576518400337,1.5408169535735432,0.48556140884366167,1.553228665143773,0.68484319823,1.4071126961117264,0.6171065515491628,1.48968634655746,0.5562327286894537,1.5149639114182616,0.5023481039916949,1.5242066232874962,0.6818490022142756,1.4065918708069425,0.6319016442849699,1.4732840201127912,0.5738357627547941,1.502024237156534,0.5218669516142277,1.5120308533294964,,,,,,,,,,,,,,,,,,,,,,,,,,,,,,,,,,,,,,,,,,
-0.04490014181647193,-1.7489167650451136,0.029408365400260556,-1.9691648082449857,0.07021828460942765,-1.9584356631903272,0.09665483096279977,-1.949972574978349,-0.11750842458854038,-1.9854272703028322,-0.16734628630932702,-1.9774460111875578,-0.20971069145851967,-1.9699807889490144,0.14896989860573123,-1.774170867233141,-0.2566668183097767,-1.7662813850886683,0.040064709074354124,-1.384016535157863,-0.1367862642149658,-1.4019209706569447,0.49396135460689816,0.0774737384854898,-0.49396135460689833,-0.0774737384854898,0.5823524549835679,2.4964852463666456,-0.7643768836950224,2.028216614266493,0.631558376418093,4.917224664307148,-0.33928616835053266,0.870672895353063,0.655915882811754,5.573156343292411,-0.18336209376015952,0.5999750513040115,0.590961660786884,5.673934966256534,-0.1784031493786442,0.2544314188947388,0.5567647133898666,5.416322015235377,-0.21408058032906177,0.3148448614284899,0.6097242729606072,5.188085203895349,0.5208058293105744,5.325408582296238,0.4809608175453957,5.587336719617228,0.4640145325006541,5.8834275828146545,0.46133388538842174,6.1488699437812135,0.6071445619658218,5.795093917091114,0.5855027426837143,6.217232940658508,0.5280477778269533,6.370256021419016,0.4758099376452117,6.4424920064641,0.6499315390471241,5.800215072061798,0.5955750863691248,6.189432861866859,0.5258494972725375,6.321524118596005,0.465731666795737,6.384378828553057,0.6644687805564596,5.794458152984295,0.5991177871959951,6.109593571958979,0.5364551113953755,6.2204476376448286,0.48023630890271907,6.2697627414004735,0.6614541203163716,5.792160391369883,0.6111745105444442,6.05386409228046,0.5538574394163541,6.168751338664955,0.5013354440162385,6.215489178213294,,,,,,,,,,,,,,,,,,,,,,,,,,,,,,,,,,,,,,,,,,
-0.0384749150694063,-0.16653429083733085,0.037778022791173795,-0.18695397554478763,0.07787356966448843,-0.1859120117223712,0.10396692087474728,-0.1850844551017531,-0.11179124407960547,-0.1888115932350752,-0.1615813875219164,-0.1879155366665297,-0.20483000154665046,-0.18716676680995484,0.1566543968130992,-0.1686603904869293,-0.25071127102779966,-0.16811317916528043,0.045615759572402645,-0.1321489723274362,-0.1330902499473779,-0.13375375505457354,0.49994639112658457,0.007321611810531321,-0.49994639112658457,-0.007321611810531321,0.5838341963845929,0.23518822570187647,-0.7632783032864894,0.19273071252280166,0.6365960168508027,0.46412064833422045,-0.35218778172496323,0.13131818383355573,0.6600077048321549,0.5242554046921601,-0.18097110668251226,0.11717361460902873,0.5978726876072398,0.5333931716238078,-0.17622480473774527,0.08524696339005149,0.5638655016792185,0.5079631374455007,-0.21554858878236685,0.08650613274355463,0.623381803046692,0.4891951764536632,0.5330461880648326,0.5026664124731305,0.49167433501633767,0.5280497027283985,0.47445691386430217,0.5561264834562596,0.46982002462091077,0.5811833545120247,0.61692171946211,0.5478523361212677,0.5995094946061831,0.5885813488881969,0.536094839729603,0.6030820547810053,0.47767266537588476,0.6086913255457028,0.6606294635486256,0.5474452777425592,0.5995242232390606,0.5844780522376019,0.5274955975604352,0.5975523196290335,0.4665294025588678,0.6037857360642607,0.6773924011718706,0.5459361505813712,0.6023510687063308,0.5760959918661166,0.5416413973940464,0.5879588585673872,0.486921896141205,0.5942311363079402,0.6758415111980456,0.5442450926033632,0.6172767847189777,0.5696142729729244,0.5623396854494589,0.5814076938121417,0.5129338891889027,0.5868053162912406,,,,,,,,,,,,,,,,,,,,,,,,,,,,,,,,,,,,,,,,,,
-0.03268180600062085,-1.4794085497670588,0.04137365476336933,-1.6537092977669594,0.08061885818111704,-1.6443624312448795,0.10625311371302021,-1.6370242590497925,-0.1044251322630364,-1.6706950020209554,-0.15268035455826076,-1.6626657478456932,-0.19617213553944884,-1.6551642980399057,0.15766860600790106,-1.492760723090324,-0.24268284506490967,-1.4855261096335246,0.048146418007286154,-1.177833767215424,-0.1273312981447406,-1.1890022319439895,0.4961748842183679,0.061729120120808216,-0.4961748842183679,-0.061729120120808216,0.5794957155499475,2.0433545737082337,-0.7552669603352237,1.687807047935663,0.6244129715283724,4.020274318227853,-0.3694236153119575,1.697000992720871,0.6545536681343818,4.488151317029818,-0.20774530231962016,1.7129041629639628,0.5956457772174669,4.610107610370465,-0.19225205760560257,1.4808980696194343,0.5610576402676534,4.364462831193407,-0.23518784346948016,1.4591189765658814,0.6322043650277865,4.232325333095873,0.5395602035876741,4.377391794472869,0.4974185849068086,4.6085266136326,0.4719148251078071,4.856615379033254,0.459348016616737,5.0728177185234475,0.6186834800214314,4.7746203316231774,0.5978956138891055,5.1197374212753815,0.5426331004470164,5.250198648595827,0.4913972133164354,5.319644448100164,0.6554169876439383,4.768195547499792,0.5998266730855573,5.073517085202685,0.5323864089092674,5.190347911389665,0.4724739437931925,5.256202293850175,0.6674829840536857,4.74541883860073,0.5988601022979733,4.9842660221965644,0.5392476732486363,5.072945440967335,0.48490262116273336,5.113264309740794,0.6641366014562404,4.7181393957609075,0.6082224770074405,4.9108470190999105,0.5521120883646091,4.99803795360569,0.5014087695907775,5.0285684504361665,,,,,,,,,,,,,,,,,,,,,,,,,,,,,,,,,,,,,,,,,,
-0.028155925170384528,-2.4314573352912148,0.04386908602155904,-2.695979466951465,0.08187417271352751,-2.679415821389273,0.10712498784070153,-2.6665925691895267,-0.09900372075663535,-2.72801479017423,-0.14605901216270412,-2.715005742111448,-0.19001228933171863,-2.700958128550794,0.15745651761345708,-2.428896245011515,-0.2372519421688476,-2.421095043864142,0.049771229095507394,-1.9334815891756416,-0.12381596873303505,-1.9493370966131471,0.4912031125261055,0.09337827501440638,-0.49120311252610566,-0.09337827501440638,0.5738063118491281,3.2872614504638915,-0.7621200018262705,2.666320550695441,0.6171544436684746,6.437742934818086,-0.3776669688066883,3.545196173111934,0.6490859122555555,7.210931862569048,-0.24885631729620464,3.886631116768788,0.5961191995674514,7.371398297978209,-0.1928806301799177,3.4668448338643953,0.5627886115645993,6.9634818118566635,-0.233265147699506,3.3363471599080006,0.625517373709471,6.763384117566766,0.5321660575924451,6.99814108443854,0.4921254351374112,7.395407128662794,0.46662874749593386,7.8298634968965155,0.4597291970526437,8.196496587271403,0.6240299394982062,7.606387787816296,0.5982818811450411,8.222563635600403,0.536869765455168,8.43399042733521,0.48409566149420147,8.53677114119684,0.6702984732222395,7.604985974717937,0.608412481645261,8.166405445310053,0.534621002724772,8.34483400172953,0.4745031970630221,8.434096119592626,0.6849894848158403,7.587753686558831,0.6110239535843877,8.051092967369128,0.5437758450078526,8.20348673941187,0.48740368631451886,8.255949038342898,0.6790734244297618,7.571307971304913,0.6222801381804834,7.964019235509583,0.5587897038791442,8.124499021519682,0.5047561690797148,8.1754048628915,,,,,,,,,,,,,,,,,,,,,,,,,,,,,,,,,,,,,,,,,,
-0.022284976116278384,-0.606249504096514,0.04806501282985685,-0.670702188442668,0.08561863025799156,-0.666515632544176,0.111435715540116,-0.6633014076763223,-0.09486845199777708,-0.6786049022545596,-0.142471843158704,-0.6754801650363254,-0.18811139805061572,-0.6718216830887548,0.16190145813598836,-0.603972894030467,-0.2386929174231932,-0.6026492513614466,0.05466402696594423,-0.4821514340716177,-0.1211683919727861,-0.48528516154831464,0.4994486943087891,0.02347342653396845,-0.4994486943087893,-0.02347342653396845,0.5803587485922125,0.818503005748161,-0.7764417053890911,0.6647961418794672,0.6033138319541894,1.585632078538104,-0.4286877633393759,1.0569907731517822,0.6420559744515627,1.7771749292371488,-0.3602397465430805,1.210026272180829,0.5969648956557847,1.8119581009169667,-0.2534837720067304,1.1288392590442107,0.5663311469479344,1.7113255736609252,-0.2719851630602889,1.080786465873715,0.6508100968296516,1.684327412562975,0.5476689790874798,1.7427391964689907,0.5041045809276189,1.8419678602881924,0.47922646714924655,1.9458083883869979,0.47241914219379,2.0406594878932958,0.625823283949226,1.9153117719421087,0.6085953500607233,2.048934675028873,0.5533374100749571,2.099762553519245,0.5026630071449173,2.122382597057617,0.66915857515926,1.9127812216524127,0.619582172965881,2.036389253435267,0.551673719638381,2.0839521466753905,0.49092420315272317,2.106847707057722,0.6864936353332275,1.9050780915783896,0.6211853973424726,2.0067427005059275,0.5601220165685697,2.046140226075384,0.5064669514445973,2.0660914076554064,0.6865226450614282,1.8977157614559297,0.6339627845557354,1.9842966530467219,0.5786719901789948,2.021703320457571,0.5297617631898413,2.0360739028307364,,,,,,,,,,,,,,,,,,,,,,,,,,,,,,,,,,,,,,,,,,
-0.021694605861499492,-2.450715651586277,0.04664080297109783,-2.7052290964916623,0.0835220434037195,-2.689027000240087,0.1088155991197187,-2.6761319064372073,-0.0931629977720633,-2.7358158224899274,-0.13932423721172488,-2.7226631480943104,-0.18404097109271583,-2.707498575391546,0.15798556953121629,-2.4391876737035623,-0.23375096356217023,-2.431278010727862,0.054079681644359674,-1.957889750153565,-0.1187479858195771,-1.966938861041655,0.4921532713351527,0.08823353962132281,-0.4921532713351527,-0.08823353962132281,0.5704095224530681,3.3258520856850575,-0.7611682311240736,2.7205365848781375,0.6046753971500529,6.330632178269709,-0.5007482162319326,4.801633779779208,0.6338015274651813,7.156300398017419,-0.43176555055742316,5.590526138125091,0.5894372830414978,7.272205017508242,-0.32378243199735757,5.31368184067125,0.561478421307701,6.879353068326484,-0.33300428136078514,5.0452274693627945,0.6216210584404419,6.675416819162836,0.523418795450116,6.944370841427528,0.48835952017455286,7.367715901295353,0.4664181203844288,7.796053039231461,0.4595590278636526,8.156152923625687,0.6196708220107094,7.545250416671774,0.6041428148259115,8.171405018336305,0.5503177944149003,8.402439853729467,0.5006048089490833,8.51920861456367,0.6740908500985637,7.536256699459543,0.6078238582949221,8.092153286286903,0.5423629231687623,8.255182413703267,0.4913319931333133,8.322424796826748,0.6965803957939135,7.505487728267706,0.6119172511484879,7.970953031384098,0.5514264002675289,8.086103189009744,0.5046214100674083,8.102637093379705,0.6979356245468032,7.474126044744194,0.6326292990613062,7.845058716389122,0.5713770299057555,7.967737982437324,0.5242429811341361,7.989967464558959,,,,,,,,,,,,,,,,,,,,,,,,,,,,,,,,,,,,,,,,,,
-0.021257865329496695,-1.4237924229315035,0.04780384472742905,-1.5706375885307609,0.08533685967070795,-1.5614033940521306,0.11088736161835672,-1.554002402548592,-0.09309802574386224,-1.5877242254367576,-0.1394428595989142,-1.5801508733476217,-0.18430423180591707,-1.5713983964390885,0.16192476771401593,-1.41728700556126,-0.23418750972408636,-1.4128502338144546,0.0553676857357591,-1.1412271551127604,-0.11870731268469012,-1.1457012026239188,0.4981011896284225,0.04353395101240207,-0.49810118962842265,-0.04353395101240207,0.5737612573407912,1.8968607413134724,-0.7470100859667506,1.645689631986646,0.6442353542075214,3.6586344312089008,-0.5588324473624593,3.072180883976543,0.6416082494246257,4.101525310278978,-0.5291647613749848,3.5598549300592546,0.5987753032541938,4.168883572253203,-0.4326033627544699,3.441033174346342,0.5708885275425358,3.9439686192668715,-0.42411640827868735,3.2731609730930997,0.6429523975142779,3.843910909855831,0.5395691895098609,3.9871906645245625,0.4990469060976379,4.219119195942185,0.4779412028009248,4.4673885303824745,0.4715516865686179,4.677138300606497,0.6284909454203143,4.3628322415469825,0.6055632511069372,4.697925433264263,0.5446324337907923,4.815706016345511,0.4903833388134004,4.87907609013027,0.6789341418042182,4.360596970070925,0.6150994833337787,4.662641532832323,0.545251738850513,4.759649638684525,0.49029636452524655,4.803556028744177,0.7000286725145085,4.342011974876459,0.6223881349442149,4.591463938695187,0.5602108007551597,4.661924054017603,0.5096606913134859,4.683870239929346,0.7019426225117306,4.3295867200922125,0.6426287362799025,4.533799924222885,0.585405670682669,4.601645001307632,0.5372913569671409,4.619044181160894,,,,,,,,,,,,,,,,,,,,,,,,,,,,,,,,,,,,,,,,,,
-0.018540503867445386,-0.4025580872002957,0.050418682933550396,-0.4425346996937635,0.08834942334672201,-0.4399637382483461,0.11366894462396435,-0.43748188575087327,-0.08996932507827349,-0.44597930085446613,-0.13602675055387695,-0.44356148987723565,-0.18080987612343136,-0.4410715768288055,0.16629613773939872,-0.3979399229667134,-0.2304265560076681,-0.3966338479791964,0.0580234613816544,-0.32396027485893386,-0.1156657266845129,-0.324069668050496,0.4998683875339809,0.011471492674353836,-0.49986838753398116,-0.011471492674353836,0.5789112169152557,0.5356404408283048,-0.7138847963275462,0.4739687225672848,0.6444540390831474,1.016140689840454,-0.5941997392137299,0.9128694424415928,0.6457872211993279,1.1487565944427416,-0.5967711569505089,1.0533067387968642,0.6024675193834573,1.1643152293398153,-0.5051333459077966,1.0409827764256734,0.5767784673709354,1.1077622266690719,-0.48203306009164226,0.9923287593830625,0.627564501799768,1.0717611487696863,0.5328051644765684,1.1123266243704453,0.49793732451492906,1.1762715951563643,0.47769739802111805,1.2445692634591756,0.4743169267526801,1.3026440272886535,0.6320732211642196,1.2047448270815815,0.6110403931528494,1.3017780938143937,0.5522680850857442,1.3354885580022033,0.4988657662142998,1.3515216138984734,0.6858008022878551,1.2046443802158069,0.6153438366555658,1.291351283975087,0.5412368576782726,1.3202728951194842,0.48070474921780937,1.3329456756189118,0.707385362590383,1.2016896125363503,0.6260771491363063,1.2732442748907724,0.5600407077438596,1.296626781710356,0.5038674211201697,1.3035119094675407,0.7077694215923133,1.2007616748239576,0.6453775240797783,1.2600860897842523,0.5846020244227205,1.281638762959066,0.5324961396988691,1.2871741470295919,,,,,,,,,,,,,,,,,,,,,,,,,,,,,,,,,,,,,,,,,,
-0.014244144137421033,-0.46858910535062176,0.053875747688778466,-0.5121302704158125,0.09147201799203988,-0.508581367373655,0.11623132335356637,-0.5046756223116956,-0.08435657485335059,-0.5152358120874408,-0.1295855965684918,-0.5130836935400478,-0.17386945033728754,-0.5103619557324017,0.16838673783602645,-0.45737338058727317,-0.22254702605268636,-0.45721593548972866,0.06143524522839638,-0.3802882608295322,-0.10989809395740507,-0.379849527238228,0.4998211557941176,0.013372068674381522,-0.4998211557941176,-0.013372068674381793,0.5728113812444097,0.6154161658789699,-0.6841694341061527,0.5628562639355263,0.6332143594206096,1.173534589927112,-0.6454439801155716,1.1088128841805067,0.6418823147524167,1.3317444782903884,-0.6654056183517215,1.261388149525721,0.5959386272525613,1.3480610217985909,-0.5884425660559334,1.2679565779082604,0.570487563674622,1.2959906584140297,-0.5617090982056223,1.2165165985372537,0.6367681371961441,1.2210775767751283,0.5407622667114789,1.2642420808529669,0.5012137345616556,1.332345284758462,0.48080737064052426,1.405055342278496,0.4728346977664067,1.46740440573725,0.6273320650869181,1.3770516441493774,0.6059516680051708,1.4796221453066958,0.5469343879349677,1.514381395065276,0.4943131023198632,1.5335989525241434,0.6754559153692616,1.3753371525504305,0.6116653022205958,1.4690830823491516,0.5405882363207897,1.498997852090381,0.4827921897636469,1.514329081039255,0.6936624814493605,1.3692266731033687,0.6202971760345651,1.4466715523939009,0.5584214006465175,1.4719128687413106,0.5051179226127526,1.4831428792579189,0.6916315115476077,1.3643103619041352,0.6366756678178704,1.4294256300926536,0.5820155247133926,1.453466138335086,0.533269729756128,1.4622675707975585,,,,,,,,,,,,,,,,,,,,,,,,,,,,,,,,,,,,,,,,,,
-0.01241877520004213,-0.824726688615613,0.05528819690910124,-0.9006491648219507,0.09302674897409824,-0.8940713672481434,0.11741136296339395,-0.8865815368588226,-0.08187509059598268,-0.9058467164665657,-0.1266600402958525,-0.9028431679505924,-0.1704767979101401,-0.8985281664366718,0.16953070839019152,-0.8030653388976101,-0.21863479854736997,-0.8043062440425967,0.0630264214667815,-0.6707319571015248,-0.10709852187878612,-0.6699697946005098,0.4994302793459635,0.02386202154916303,-0.49943027934596373,-0.02386202154916303,0.5689039610434735,1.0850849439042103,-0.6700290152826734,0.9953294727680982,0.6282756069534161,2.051999075240268,-0.6878474223393434,1.9447796761451401,0.6418239811328132,2.33235132912503,-0.7209271524120285,2.2261115273314593,0.5918434328466684,2.361180832081914,-0.6462624422076038,2.244930956823481,0.566447252564043,2.2698224154509203,-0.6142948201741762,2.1513501073320556,0.6242772029748536,2.122492174643382,0.5326404644112993,2.196969297324885,0.49422454349274353,2.3201051344103556,0.4752617054718853,2.4535276206230425,0.4647910720108165,2.5671451133083165,0.6265162094920262,2.3851716648849894,0.6032792670686473,2.571573482765055,0.5473398338506932,2.640304289781525,0.4961270259842889,2.6773489322727206,0.672217003095714,2.3838937308918076,0.6069792033188015,2.553357746343144,0.5379098490061562,2.619266639241189,0.47718097261853626,2.653269651415186,0.6882024759594678,2.376808409957895,0.6118542316110352,2.5197348502127115,0.5500308627627825,2.578275177811972,0.4931044585876931,2.6062602124393863,0.6855423574023249,2.372954952855135,0.6269366567931801,2.4889135111088048,0.5717492093608871,2.5416562793289423,0.5204027889924558,2.565660098552713,,,,,,,,,,,,,,,,,,,,,,,,,,,,,,,,,,,,,,,,,,
-0.007519461352688031,-0.09800058602611324,0.05967864000797618,-0.10713255359725067,0.09707800431380074,-0.1063755836502359,0.12131306043363212,-0.10544721571559997,-0.07743684725720737,-0.1075361415868839,-0.12159778066660037,-0.107239775357867,-0.16583142089490505,-0.10677364134120762,0.1724073854176196,-0.09535248092673439,-0.21400435123343198,-0.0954506849988616,0.06829897833100572,-0.0799545405240131,-0.10204113187625588,-0.07975363385323543,0.4999906401708169,0.003059369473721328,-0.499990640170817,-0.00305936947372138,0.5670765039903691,0.12985405390879742,-0.6633980190243144,0.11790204672914806,0.6247657748459358,0.24282604573564198,-0.7402442574852214,0.2327245837924344,0.6480522586881629,0.27622467493726205,-0.7847049311514666,0.26656468765660757,0.5909538854755094,0.27914912988617396,-0.695315734833267,0.26970453535711936,0.5649109796677364,0.2690051589308668,-0.6655147695331258,0.2587694427970183,0.6255218927515745,0.24910611257463564,0.532540352369355,0.2580323035105024,0.49167350826399764,0.27193997287204763,0.4751901049100299,0.2870420216609357,0.47111423161558635,0.3001808556958752,0.6198847622492211,0.280921508065415,0.600177335526809,0.30249569839457013,0.5404065534492358,0.3099592078762401,0.4860368729272665,0.31380000029665495,0.668710073295462,0.28078845073045466,0.603450710402301,0.3001916273969995,0.531200104084311,0.3068863015520638,0.47253007518567375,0.3100620961938755,0.6880451354697137,0.2797344335848117,0.6116311765972958,0.29593725943265237,0.5474615081841673,0.30194885916124975,0.4922396476257835,0.30463241595130197,0.6880756706831046,0.27888635815798146,0.6269400470945671,0.2921183818524558,0.5702316993372785,0.29780286854231386,0.5201630274128065,0.3003316182407295,,,,,,,,,,,,,,,,,,,,,,,,,,,,,,,,,,,,,,,,,,
-0.005004077434564952,-0.040839407237758085,0.062108258166357164,-0.044659347008602746,0.0996202698878918,-0.04433749170488301,0.12382094018435304,-0.04394262900557258,-0.07488812529144369,-0.04483529045719406,-0.11847767382357484,-0.04472483149431996,-0.16301904526056812,-0.044543166516782695,0.17431965461631074,-0.0397571718885271,-0.21139062593069008,-0.039840773119572445,0.07071110166711862,-0.03334713799607172,-0.09947691114620139,-0.033289313668298605,0.4999982353775211,0.0013283897639731702,-0.4999982353775211,-0.0013283897639731702,0.5611805147825009,0.0536285513167466,-0.660773868839937,0.04874241706493026,0.6186953164989731,0.10076832266049236,-0.7576424999932072,0.09576561332865277,0.6520130751671928,0.1148303653928823,-0.8180678386470659,0.11084037526248061,0.5928287500253552,0.11621847522360465,-0.7204669155429998,0.11215172910968214,0.5657310625348296,0.11165507980996295,-0.6873540139610943,0.10753943907086512,0.6159822997140251,0.10323331516568966,0.5257027298061924,0.10715406364443959,0.4891296807458721,0.11311418120523806,0.4712079419730318,0.11947472001220902,0.46724830592883143,0.12494470755664495,0.6188132020657454,0.11670078209993912,0.5999160632746888,0.12571000279868697,0.5421976410337914,0.12898306047594812,0.4894159036044967,0.13071120240174922,0.6625825466965694,0.11659501530548097,0.603200206777538,0.12492264492928512,0.5334675140958998,0.12782043206932361,0.47524309072993365,0.1293776486791172,0.6780019788303844,0.11622638414367685,0.6099280927044048,0.12322097472511404,0.5479811234271316,0.12579904248453255,0.49319665036205684,0.12698733628037184,0.6746995342115749,0.11606950959890391,0.6206100089282413,0.12186486085086601,0.565345255225393,0.12430502861128133,0.5154842769784356,0.1253980379340597,,,,,,,,,,,,,,,,,,,,,,,,,,,,,,,,,,,,,,,,,,
-0.0032582856379951095,-1.2323668182467051,0.06364709581896971,-1.3488335539270508,0.10109029842794658,-1.339000880574434,0.12518120294926263,-1.326941804788166,-0.07284437648368453,-1.3545069968728023,-0.11611746497652223,-1.3515324196678427,-0.16062537165745647,-1.3464968669077328,0.17498638520811752,-1.2008743558227095,-0.2088176932859264,-1.2053789374907944,0.07191820124542982,-1.0064646364322887,-0.09744226688295986,-1.0048926927605293,0.4984134801802553,0.039799532341553326,-0.4984134801802551,-0.03979953234155275,0.5601189096078792,1.6129646188312814,-0.6569414677686385,1.4671544168434214,0.6178729208335938,3.039899075710794,-0.776867856131217,2.8835207109152003,0.6587826486226959,3.474549267472349,-0.8513278035213231,3.327613437835476,0.5939351058435459,3.5175659513305284,-0.7574632242007687,3.384737228834878,0.5651923820888551,3.3753066023403373,-0.7229898270910649,3.246239464421542,0.6198065795911958,3.13203433939938,0.5256512615685556,3.23912170761796,0.48412999695015063,3.419352091230067,0.4667273966500407,3.6157870601830986,0.46289178115150503,3.7851909147515657,0.6127569052318041,3.522598138598587,0.5946328787285521,3.8061491281723407,0.5359102312733454,3.9000499807676126,0.48270488453246846,3.9432282082442334,0.6633247427413851,3.5206104272165435,0.5999466623514218,3.780830272589657,0.5301698666282626,3.8662153947602174,0.47376967934751507,3.9059748000811636,0.6826513105090274,3.510119929609984,0.6097402858737205,3.7250324854582972,0.5492270493838027,3.798623370178592,0.4962951941338712,3.8285425945108087,0.6808167000211194,3.5059161711544458,0.6249196385282186,3.679119407364341,0.5702177266377911,3.7501861730464845,0.5207900119141868,3.7799909706489716,,,,,,,,,,,,,,,,,,,,,,,,,,,,,,,,,,,,,,,,,,
-0.002218904324730015,-0.3317299020315465,0.06530755843454243,-0.36315851136673133,0.10313865099620173,-0.3605001423564227,0.1272564654389263,-0.3572626187377228,-0.07184132528725348,-0.3649037612099269,-0.11495092657260673,-0.3642972165024232,-0.15948075478880044,-0.36301113316846106,0.17702117766080186,-0.3234510012617334,-0.20765172707712062,-0.3249795634426608,0.07283795702775316,-0.27107570935324515,-0.09708582406673669,-0.27068077749269176,0.49989009818638097,0.010482830496115978,-0.49989009818638114,-0.010482830496115782,0.5624697972527183,0.43204551436887767,-0.6555318367122223,0.39231930391702374,0.6187864327541985,0.8164871059982663,-0.7883985148277131,0.7817339364857807,0.6617295864337277,0.9346559186236045,-0.8595126793256525,0.8979406725696194,0.5960899132674261,0.9449089920700587,-0.7653586252676223,0.9111934484950173,0.5660866232146157,0.9064988967359653,-0.7303760789117572,0.8761943242346633,0.6128345752756501,0.8387784755947499,0.5180483325074436,0.8705890864391305,0.4815667307519384,0.9201203962291113,0.464938894259747,0.9725222440204953,0.46097915008130935,1.0167593396277077,0.6162994130486165,0.9489240747206705,0.593300231676426,1.0215339761435556,0.5373171486328164,1.047649949021188,0.4864957487968686,1.0616084718658498,0.6603299806031154,0.946629563016846,0.5958127196731265,1.011947441454184,0.5274704500402931,1.0350058728618536,0.47101924337477546,1.0478265247870402,0.675572834993143,0.9415347265098506,0.6024868907500985,0.9957281926624711,0.5423629921937788,1.0142789367436122,0.4903583848459453,1.0224699667386077,0.6710872938367816,0.9378025821927107,0.6149392419913482,0.9810768532499029,0.5608656235353825,0.9987103766008658,0.5128815556415588,1.0061528365774774,,,,,,,,,,,,,,,,,,,,,,,,,,,,,,,,,,,,,,,,,,
-0.0014170207375780257,-0.08151187363839245,0.06681509775878262,-0.08926171297059296,0.10545087676132124,-0.08860645540589446,0.12957980538054384,-0.08780946287375696,-0.07054518439034092,-0.08970941115251078,-0.11350050371982918,-0.08959307072228422,-0.15791020294992697,-0.08929517983045421,0.17930591878015345,-0.0795101765485765,-0.20561834678947996,-0.07999868006549089,0.07378574282410978,-0.06661168012766161,-0.09646029154272337,-0.0665385684358484,0.4999927046240774,0.0027009855053263428,-0.4999927046240776,-0.0027009855053263428,0.5537245413811718,0.10584448230008113,-0.6520885901855409,0.0959188362889241,0.5953439627270932,0.2001881234343209,-0.7853568123619539,0.1916834792689003,0.6505977543104564,0.22922210059211595,-0.8536264542374472,0.22020461647828582,0.5882089373444277,0.23179899760277056,-0.7718034827704733,0.22382217752801276,0.5542339397272101,0.22222068332638997,-0.7358635573938992,0.21509065501736233,0.6031613060104007,0.20590725310058908,0.512013815882962,0.21332310648302655,0.4763764586729179,0.2253018871748318,0.4595200043130968,0.23810930117296258,0.4553883272059626,0.24929777929135827,0.6054156646481884,0.2323196880129529,0.5871691209913923,0.2510699015729877,0.5292770335255483,0.25751932897876817,0.47816000974845785,0.26065139016651984,0.6523906657037668,0.23213540695595028,0.593554499871909,0.24920002397606736,0.5231097336274748,0.25479945116652375,0.466136763680257,0.2575749648600266,0.6703486816706887,0.23148337490706714,0.6005003483059491,0.24519226084379678,0.539867822542655,0.24979570336239992,0.4879527085135502,0.25180095022623483,0.6683376912949351,0.23119301021880617,0.6116452024486309,0.24213942105506406,0.5566715635339791,0.2466604337250542,0.5084568951301588,0.24847228616974176,,,,,,,,,,,,,,,,,,,,,,,,,,,,,,,,,,,,,,,,,,
-0.0010344004330464119,-0.35885384060073533,0.06934745596859564,-0.39252653005145044,0.108802145291899,-0.3895097513921425,0.13304081531170261,-0.38600072079297826,-0.06768451289415878,-0.39500692746145943,-0.11047918805128079,-0.3944855561813587,-0.1546748144625744,-0.3932695235267633,0.18196180357761657,-0.3498784794189565,-0.20174382550588793,-0.35277960626559207,0.07324700255495838,-0.29328729314898827,-0.09594233089762402,-0.2930595168664051,0.49984887371213954,0.01229241427489773,-0.4998488737121394,-0.01229241427489773,0.5512527181270496,0.46482767543321735,-0.6464862529439719,0.4218044506206131,0.5950907699701342,0.8794202861531527,-0.7634845778846175,0.8341469168580408,0.6533926393198612,1.006555625860388,-0.8297386695435706,0.9562293005343807,0.5907416729637669,1.0181682386302973,-0.7458271817378332,0.9701481950715996,0.5559900483188912,0.9758782508130273,-0.712087086525424,0.9330316933378864,0.6087104098281254,0.9034441921540098,0.5129901079809357,0.9385910857295303,0.4717416436228881,0.9913874515867995,0.45343074347386547,1.049406236027212,0.4477644735738744,1.098676309820739,0.6050433440935373,1.0237629044495569,0.583475580671944,1.104063087566603,0.5268458355868504,1.1320703391932891,0.4764474954483396,1.1464668509503957,0.6531324509476705,1.022987489440776,0.5926397200871775,1.0956683119934123,0.5253188069172948,1.121288978517578,0.4681454042126772,1.135068880740021,0.6714520404374152,1.019354626595726,0.6017330331780341,1.080654440203182,0.5412998161039967,1.1042466594898979,0.4869337262519453,1.115605453680665,0.6702499603209046,1.017351095907145,0.6152502043954334,1.068423867001381,0.560509817093028,1.0904910734175557,0.5101263963885875,1.100374837935212,,,,,,,,,,,,,,,,,,,,,,,,,,,,,,,,,,,,,,,,,,
0.00011193838818517809,-0.03807336583079733,0.07106335141367608,-0.04162434750405885,0.11116502186418323,-0.04130023425422869,0.13549888886846573,-0.040931838622245593,-0.06614151798387913,-0.04191923135354045,-0.10888281163891231,-0.04186346599267916,-0.1533080766213887,-0.04173942432260671,0.18375276760869447,-0.03712709188516186,-0.20025390942602894,-0.03746234545715322,0.07414562697280433,-0.031113126825931637,-0.09470172764594136,-0.031090272431111655,0.49999825511185814,0.0013209409893072933,-0.49999825511185814,-0.0013209409893073139,0.5529106796360238,0.049279039767423975,-0.6466559737696839,0.04464761418842101,0.597443152056799,0.09296598046647184,-0.7690602104326035,0.08780170005036211,0.6557506695541953,0.10671493895245662,-0.8387547540586697,0.10163040985550952,0.5918899219412737,0.10808851358115931,-0.7538020331358968,0.10308399080359593,0.555910677805821,0.10341251077599771,-0.7205293859998857,0.09890919093309168,0.6060256710927232,0.09624730737463112,0.5082735503760193,0.09930171596100046,0.46620446299182283,0.1051553735374575,0.4475594192406832,0.1113744145557854,0.44799565395891777,0.11661266097354049,0.6006995265717523,0.10839539040979157,0.5852188712142938,0.11717240239646404,0.5280072885427902,0.1203408917067674,0.47389575334651046,0.12175526637085304,0.6520950851462065,0.10856343555552507,0.5894727767974995,0.11626230660720328,0.5196658422576066,0.11864112398268087,0.46378188754035266,0.1197023392779967,0.6736863176545204,0.10851270644903133,0.6012744809683992,0.11476406874538916,0.5422317327199387,0.11661943441691462,0.49259246729814987,0.11732288440196631,0.6740567304612898,0.10854588835280764,0.6182167118699385,0.11362802682268155,0.5641382521841699,0.11558124882907077,0.5179074098928187,0.1162749291181499,,,,,,,,,,,,,,,,,,,,,,,,,,,,,,,,,,,,,,,,,,
0.0007638790705395887,-0.12618794822363066,0.07251164153610883,-0.13790018726790146,0.11349634821752044,-0.13682960534298153,0.13807150206798427,-0.13561651123158341,-0.06458249201361965,-0.13900339087577357,-0.10727676030180208,-0.13893516751781296,-0.15139442874351366,-0.13860721016195762,0.18553743234525671,-0.12303553857388487,-0.19777785065308628,-0.12447171014372463,0.07493277976776654,-0.1031651888872396,-0.09355747079658802,-0.10339878861851708,0.4999823692508365,0.004198861550493352,-0.49998236925083633,-0.004198861550493352,0.5545446426814993,0.16372733010212268,-0.6454463755275724,0.1475924927586389,0.6008547341755299,0.31043128416738475,-0.7720674278551539,0.2947326332717819,0.6591979271235752,0.3546574253891808,-0.8379014750081037,0.3389395759606846,0.5915003738719674,0.358491963132088,-0.7560092190690411,0.3446207594004731,0.5551882384722246,0.3440704893628984,-0.7225638008793429,0.33138769591467576,0.5973600584126421,0.3207763397764987,0.5032163146473541,0.33289035031614234,0.46161731142093304,0.3514744246705389,0.4427217669717431,0.37119986235409436,0.43910857740595916,0.38755384778596336,0.5995405477834195,0.3603452544749709,0.5766963538652492,0.38890576205828314,0.518900299640573,0.3991935912712725,0.4663469997714972,0.4046318921726701,0.6464897908005671,0.3600738905965733,0.5817621605290262,0.3848151032282042,0.5142474806593871,0.39089950860197703,0.46265480100378253,0.3933490620722232,0.6643201924462315,0.35926291081149264,0.5918727047360652,0.3795123524079498,0.5332225281180193,0.38406847017424983,0.4868368840746425,0.3849215917938962,0.6641002835008581,0.35897440538586883,0.6097200604396436,0.37560545096413656,0.5565664552383998,0.38096062854729246,0.514029217739054,0.38216865930935595,,,,,,,,,,,,,,,,,,,,,,,,,,,,,,,,,,,,,,,,,,
0.0006997541817809991,-0.4128568591045593,0.07357393646345972,-0.45127493100962257,0.11556313776146558,-0.44776326227139646,0.14021933950445475,-0.44377424750127953,-0.06423603479063,-0.45533729070510226,-0.10725842797314969,-0.45555154417530924,-0.15067956376204747,-0.45465457888219535,0.18778567010355693,-0.4027419898799892,-0.1959936776085923,-0.40850836791201683,0.07511096781881885,-0.337589261239428,-0.09323009521204464,-0.33876968309703254,0.4998106068245079,0.013760716032136288,-0.4998106068245081,-0.013760716032136288,0.5562314099798529,0.5375601446983193,-0.6460004275985181,0.483126302314728,0.6018976024373542,1.02764455065,-0.7801116393918971,0.9663306091147834,0.658137839797365,1.1688393995675244,-0.8465356559290415,1.1099895023719095,0.5848047537441355,1.1791069988131442,-0.7608438534729298,1.1266455309047814,0.5501372732374218,1.1333157772817222,-0.7273592682152299,1.084303764357248,0.6064751181786844,1.0481326358127125,0.5115896856264158,1.081290927399637,0.47119710075023324,1.1443516861925545,0.4516005270681121,1.2106339266837036,0.4391666709336256,1.2667788630319365,0.5941215866641822,1.182381634010227,0.5691268034799879,1.2733124289832596,0.5121517933666765,1.3056225080803994,0.46111734853996444,1.3211067435704151,0.6316891480715249,1.183202061716521,0.5811422473521781,1.2666924023081558,0.5159840019783141,1.297175933899318,0.45768363563525805,1.3137049462790908,0.643528470338421,1.182670181575419,0.582808489417963,1.2529304782419548,0.5261615263694654,1.2816062731432911,0.4726901840040844,1.2980736757857594,0.6376884754264329,1.182145377062411,0.5882228296838858,1.2407481450036268,0.5368761393569474,1.2682127994668542,0.487802240736456,1.2819676479049615,,,,,,,,,,,,,,,,,,,,,,,,,,,,,,,,,,,,,,,,,,
0.0027253584251606534,-0.5975085808961467,0.07662601829089984,-0.6530469033015616,0.11988027543506864,-0.6479693575361144,0.14463313917172146,-0.6421463829763702,-0.06182200768022479,-0.6593811719739039,-0.10542732878498622,-0.6602576761669293,-0.14868075853353735,-0.6593575333762323,0.19171658323463212,-0.5826819271344167,-0.19349871065560822,-0.593006866367099,0.07690964950864923,-0.48831652015787763,-0.09265167853111687,-0.4910253283503071,0.49962524319884793,0.01935500861513723,-0.49962524319884793,-0.01935500861513762,0.5617024196875734,0.7799657860703773,-0.6465341340170687,0.6999790251473182,0.598345785846274,1.4889373590165453,-0.7727094835303272,1.3845067872378194,0.6619855816985984,1.6973159750088294,-0.8422659027053028,1.5907551778568718,0.5844351142840362,1.7144398251908362,-0.7578856567946083,1.6132796346391693,0.5480935820466744,1.6453235673260833,-0.7238974445429059,1.5507974428997675,0.5983555491145631,1.524093331847703,0.5047729677739655,1.5654508720171851,0.46251042701717854,1.6494629484294467,0.44523721966458485,1.7403854999662862,0.445995610487774,1.8203057226144188,0.5962364234584954,1.7025737494475282,0.5750024732839446,1.8495265313508522,0.513810444627041,1.896439016901189,0.46049753895842416,1.913330483408732,0.6498370973229497,1.7042024363198995,0.5850844543648115,1.8402396892645896,0.5119021393743644,1.8831238575990359,0.4545566729441742,1.9005246170680508,0.6713444190095905,1.7022110408060085,0.5983178198743957,1.8177462503247395,0.5335855308484531,1.8553316206224104,0.4793838368072971,1.870167904923933,0.6698148954706998,1.7014423486298764,0.6168753107047923,1.7964797671687904,0.5562996917830789,1.8367391756580833,0.5031966136431126,1.8528116710674627,,,,,,,,,,,,,,,,,,,,,,,,,,,,,,,,,,,,,,,,,,
0.0033825493615804313,-0.2133125343791217,0.07843623596548785,-0.23309362704679246,0.12231960627978752,-0.23126855585940792,0.1471605010448635,-0.22918147812211334,-0.06024190522151071,-0.23548356613855875,-0.10379006271403385,-0.23594256875155725,-0.1470078979773832,-0.2357401253811939,0.1942492817988504,-0.20795626857582286,-0.1912612126100777,-0.21220936535583831,0.07746458297417647,-0.17425815417195442,-0.09242714381325268,-0.17547942260295973,0.4999519362457687,0.006932636158543185,-0.4999519362457689,-0.0069326361585430925,0.5620375948784498,0.2799820388163175,-0.6566208268982374,0.24963732249091572,0.5949950497529983,0.5351186412515275,-0.7677744642437474,0.4943910893598377,0.6582471561670936,0.6098131009060597,-0.8352137468396466,0.5683036371701258,0.5801959507548081,0.6151497653331808,-0.7518884517624852,0.5758683395727939,0.5446463160180954,0.5906079493575589,-0.7191621810026584,0.5534349887130295,0.5895686471405417,0.5416577317844901,0.49930355971462737,0.5575414546972193,0.4616204661235915,0.5914208483431864,0.44379848354861,0.6259983010214121,0.43940208947309595,0.6548130384035251,0.5959395143650954,0.6089879678040936,0.568282467174937,0.6591592752079292,0.5093496658343157,0.6768059610750974,0.4589523577389868,0.6852692012777638,0.6404538540165272,0.6095553807618742,0.5842604476645479,0.6558337387666716,0.5140353508959822,0.6724668682802342,0.4563397865924118,0.6814492100761614,0.6552421771327116,0.6100583190335488,0.5894366840316726,0.6488994059058625,0.5282575257498686,0.6643064447819798,0.47456495293720535,0.6725822440343187,0.650396677451761,0.6114101442389129,0.5977377603976419,0.6441933789209584,0.5439977737041539,0.6596747154963002,0.4944820985396893,0.6675796513533506,,,,,,,,,,,,,,,,,,,,,,,,,,,,,,,,,,,,,,,,,,
0.0023105933929040245,-0.20463089998893455,0.07830264933563531,-0.22359159902688483,0.12291796379299275,-0.22184018731026348,0.14778194978952156,-0.2198305461240886,-0.06068061229400146,-0.22593155463820422,-0.10441793862678535,-0.2264513544130426,-0.1474633531908846,-0.2263301420397077,0.19478810877676053,-0.19946965143359696,-0.19077056996387187,-0.20378198506331682,0.07624161082342006,-0.16714466718267468,-0.09392094045120511,-0.16842660581656663,0.4999553252201695,0.006683770193124443,-0.49995532522016967,-0.006683770193124443,0.5633033225631456,0.2701996411481669,-0.6565622845461119,0.23983786903299714,0.5945883959106787,0.5180552161181555,-0.7632915223440365,0.47702649816214804,0.6572018856926587,0.5879016404442003,-0.8303663193833715,0.5482168807392542,0.5785235547540694,0.5935357457492261,-0.7489967730012779,0.5554120129554336,0.5427666705083869,0.5707690638510138,-0.7148703610279794,0.5338693618717674,0.5889014839897366,0.5172782576544467,0.4925559462024612,0.5355777282049253,0.4582154343257002,0.5687044273689513,0.4444549175906119,0.6018745573974865,0.43414623765472654,0.6294045857491702,0.5884821686853018,0.5876089318366486,0.5671248210921199,0.6339493216183655,0.5079116878145408,0.6494900328167231,0.45667766810032656,0.6568161429260679,0.6360013039004222,0.5870984692693675,0.5803687081590507,0.629773448278909,0.5089721818874606,0.6437127855499709,0.4504869135521939,0.6508566059558129,0.6540434865738268,0.5852758292217017,0.5883800384230332,0.6209060136229808,0.5260360728941615,0.6339841862374096,0.47189756816031586,0.6405544108468906,0.6528572809423102,0.5840661040370827,0.6012109206732791,0.6138983108575835,0.5450153629984286,0.6261256839723922,0.49423088250366193,0.631121175677975,,,,,,,,,,,,,,,,,,,,,,,,,,,,,,,,,,,,,,,,,,
0.0004207321581274605,-0.22214644233083464,0.07887084121803796,-0.24250224151038274,0.12448742434766163,-0.24052351824750773,0.1497380208795099,-0.2383464480774272,-0.0610410815724843,-0.24534693536601154,-0.10568285950182747,-0.24595570171221776,-0.14793566881774461,-0.24583817314369766,0.19703319906291275,-0.21645663587170838,-0.1897842885789587,-0.22140363013905984,0.07441575560663305,-0.1812787905992854,-0.09685094271033054,-0.18291669962446855,0.4999473521784835,0.007255690850869623,-0.4999473521784835,-0.007255690850869623,0.5663869477858812,0.2951419659683664,-0.6558050945993807,0.2607073981631281,0.5955707670442784,0.5682898049841326,-0.7628396556439929,0.5223972718816283,0.6571109185442554,0.6420758780704865,-0.8318890240349578,0.5999724548504599,0.5762040036961705,0.6485501853981073,-0.7501113932141852,0.6071559349577259,0.5412450240745137,0.6250959311544158,-0.7162298496044824,0.583712102883214,0.5913033587271399,0.5614877576578358,0.49222341479518805,0.5843758647828607,0.45881418959812004,0.6200091681539547,0.4414797079986696,0.6556679686175068,0.4317021543252725,0.6853888312458765,0.5933856433073067,0.6395403131971411,0.5664262833466687,0.6887745473480419,0.5078944688664172,0.7051567084175784,0.45747494709418657,0.7127731738212211,0.6402342962053282,0.6380365430726085,0.5767260332571313,0.6821523754951808,0.5064440534004274,0.6960385201012064,0.44988935087806764,0.7030826036956905,0.6573384314276244,0.6343126648025872,0.5875308117658417,0.670156644879247,0.5266978669795163,0.6835565766820122,0.47424339664094767,0.6900855073427458,0.6548669581422074,0.6310617855141871,0.6043982669189922,0.6618360316703853,0.5489409598721641,0.6741273982817176,0.4987384503886852,0.6782338259936915,,,,,,,,,,,,,,,,,,,,,,,,,,,,,,,,,,,,,,,,,,
0.0013484845186068543,-0.45715132012906734,0.08076338394006806,-0.4989065422152306,0.12670084216261848,-0.49474312358064004,0.1520574359461379,-0.49022378512077913,-0.05985811045565899,-0.5050252199222472,-0.10460013096368671,-0.5063135845240067,-0.14710724997142063,-0.5061541201757972,0.19966134805840347,-0.4452793719023674,-0.18858243208538833,-0.4559327211796495,0.07524918285784095,-0.3728843786221462,-0.09653305901005829,-0.37644463102618997,0.49977960756075224,0.014843984182841465,-0.49977960756075235,-0.014843984182841208,0.5696860352097938,0.6106737047288966,-0.6539928290090071,0.5370019425116598,0.6003398883215546,1.1723634883032488,-0.762418753730194,1.072608380312607,0.6603417624144922,1.3257448082873542,-0.8304294499958613,1.2351370506364272,0.577673238476045,1.3392170540806103,-0.7567390446560094,1.2511496094959913,0.5430717814045172,1.29072935071154,-0.7236396206999729,1.2014827899367955,0.5959774689802263,1.1551007059540581,0.4946330533368605,1.2057262282413108,0.4588878432092382,1.2783014814007276,0.44439339090901475,1.3525560934772252,0.4379021992446515,1.4146592155579558,0.596197254226747,1.3115045653267001,0.572746971291474,1.4167297604542375,0.5124640932303819,1.4520445970107043,0.45913388894564,1.4685853815237115,0.6473650660708353,1.3075674059025193,0.577309605960112,1.3993832209894603,0.5041254677396712,1.427441088055238,0.4463567388722259,1.4408061937395409,0.6669754632341337,1.2992858013090323,0.5887864436237455,1.3737299689629086,0.5256231076248056,1.3989592604867689,0.47368320392535995,1.4083753235863279,0.6659717103693161,1.2923882015934542,0.6072166241207962,1.3525135440958518,0.5492923394852655,1.3756004167684082,0.5004968367366127,1.3818329428201803,,,,,,,,,,,,,,,,,,,,,,,,,,,,,,,,,,,,,,,,,,
0.0005166824981029476,-0.012749572358753753,0.08071101014007401,-0.013913314375916076,0.12716264730872406,-0.013796603701370817,0.15293747736177943,-0.01366902442036407,-0.059457266615492596,-0.01409073436232753,-0.10395500914318452,-0.014134179413561414,-0.14579757656400832,-0.01413237421012948,0.2002314183365533,-0.012415695177263195,-0.18697697568123833,-0.012726326358938712,0.07434736318660018,-0.01039797710876799,-0.09732732913523687,-0.010502633510692326,0.49999983725854696,0.0004034122290705665,-0.49999983725854696,-0.0004034122290705588,0.5703959199320536,0.01724931963644966,-0.6577298147861298,0.015148912035010993,0.6011104865241512,0.032826291870467206,-0.7758125104612553,0.030333647744636445,0.6579608228596907,0.037063590341520666,-0.8319735754148527,0.03474742354409621,0.5760528656525479,0.037400089874742234,-0.7529537195057175,0.035100725355414995,0.5423195155778693,0.036056356257403735,-0.7232003800095985,0.03375596095623518,0.5824520394794286,0.03218747951162113,0.48765600007442694,0.03346099712446373,0.4565758235926217,0.035491215425599285,0.4441467552708917,0.03755370841412881,0.43812870306717816,0.03928485043780478,0.5916638408474314,0.03656767211824069,0.566074818010222,0.03956310278573448,0.5012396083854614,0.04051592440664276,0.4448085892318224,0.040937124298524113,0.64277450221736,0.036526275278593034,0.5767305449326037,0.03925536900897559,0.5005242339251715,0.040100759662329684,0.4392657298090289,0.040497744192198086,0.6638943110971262,0.036387098366661916,0.588473927918299,0.0385766605861161,0.5245750932574157,0.03936824229101837,0.4700296670796634,0.03974582355441277,0.665436144044415,0.03628522187120597,0.6061634753967297,0.038094687292305876,0.549000235706678,0.038825516958633496,0.49852488823724933,0.03911728696894846,-0.7991616306472985,0.03177735117806638,-0.7215246124174944,0.03214155898171653,-0.6715074865582388,0.0336385853472897,-0.649655623934893,0.03556921303187128,-0.629281545811004,0.03725611688978781,-0.8024747617817327,0.03475987837960883,-0.7557128899438965,0.0374225801459016,-0.6840817480410045,0.03797273458471788,-0.633785536074106,0.037755458590582186,-0.829874862896733,0.03511658230508779,-0.7648991720084661,0.037535715129033614,-0.68363107380652,0.0378590601768917,-0.6302902254679414,0.03760428615525425,-0.828125039286823,0.035384991487558755,-0.7612622959853811,0.03756336465023808,-0.6827319770407951,0.03773253571149978,-0.6272611842261371,0.03747988734360762,-0.8088043412990876,0.03565622063278729,-0.7538469368240828,0.037355755573888774,-0.6916733238302573,0.037608590871130394,-0.642606958816716,0.03743040981522472
